3.358598947525024414e-01 8.371496200561523438e-01 7.305470705032348633e-01 8.799985647201538086e-01 4.381781220436096191e-01 7.732198238372802734e-01
9.741189479827880859e-01 1.231089234352111816e-01 2.483499050140380859e-01 1.637904047966003418e-01 4.670967459678649902e-01 4.238201379776000977e-01
3.217068910598754883e-01 8.736866116523742676e-01 4.574366211891174316e-01 1.174324750900268555e-01 6.111265420913696289e-01 4.991519451141357422e-01
7.813208699226379395e-01 2.031670212745666504e-01 7.133640050888061523e-01 8.137847185134887695e-01 8.283450007438659668e-01 9.294374585151672363e-01
6.640703678131103516e-01 5.987405180931091309e-01 6.502878665924072266e-02 1.962557435035705566e-01 3.157752752304077148e-02 2.495497465133666992e-01
9.921172261238098145e-01 5.872487425804138184e-01 3.520048260688781738e-01 8.119334578514099121e-01 3.862822651863098145e-01 3.997685313224792480e-01
8.407636284828186035e-01 9.861049652099609375e-01 9.893291592597961426e-01 2.248604893684387207e-01 1.205756664276123047e-01 1.503288745880126953e-03
1.039153933525085449e-01 8.523845672607421875e-02 2.628294825553894043e-01 7.582312226295471191e-01 1.127814650535583496e-01 7.954112887382507324e-01
9.027203917503356934e-01 5.634892582893371582e-01 4.361212253570556641e-03 2.789594531059265137e-01 5.397757887840270996e-01 9.089000821113586426e-01
4.296898841857910156e-01 2.220033407211303711e-01 6.235172748565673828e-01 7.849010229110717773e-01 1.014088392257690430e-01 2.172636389732360840e-01
8.866860270500183105e-01 1.443549990653991699e-01 3.811130523681640625e-01 5.763508677482604980e-01 4.463327527046203613e-01 5.879694223403930664e-01
7.338036298751831055e-01 2.253129482269287109e-01 4.380021691322326660e-01 7.194226980209350586e-02 2.789251804351806641e-01 9.020364880561828613e-01
4.820404052734375000e-01 8.573870658874511719e-01 1.376418471336364746e-01 4.892054200172424316e-01 7.057161331176757812e-01 3.132879734039306641e-02
8.579903244972229004e-01 1.877125501632690430e-01 9.683085083961486816e-01 7.695307135581970215e-01 1.694623827934265137e-01 1.502282023429870605e-01
7.638094425201416016e-01 8.369379043579101562e-01 8.905703425407409668e-01 1.320592761039733887e-01 8.339983224868774414e-01 5.931500792503356934e-01
8.612927794456481934e-01 3.670039176940917969e-01 9.694287180900573730e-01 3.675244450569152832e-01 4.709826707839965820e-01 4.827314615249633789e-02
7.886369228363037109e-01 9.751659631729125977e-02 2.763167023658752441e-01 7.237553596496582031e-03 4.946073889732360840e-01 6.236933469772338867e-01
9.990533590316772461e-01 2.937450408935546875e-01 1.070952415466308594e-02 9.269157648086547852e-01 1.978800296783447266e-01 8.995586037635803223e-01
5.604388713836669922e-01 9.842252731323242188e-02 4.979270100593566895e-01 4.889109730720520020e-01 7.715511918067932129e-01 2.344291806221008301e-01
7.801847457885742188e-01 9.243077039718627930e-02 4.780914187431335449e-01 3.924488425254821777e-01 3.749240636825561523e-01 1.886268854141235352e-01
7.283494472503662109e-01 1.152307987213134766e-01 7.400172948837280273e-01 6.853179931640625000e-01 5.670271515846252441e-01 3.972913026809692383e-01
3.992519974708557129e-01 7.943168282508850098e-01 2.632678151130676270e-01 9.580461978912353516e-01 9.215295314788818359e-02 6.945261359214782715e-01
9.293612241744995117e-01 3.733162283897399902e-01 3.945999741554260254e-01 9.413108229637145996e-01 2.859374284744262695e-01 8.008664846420288086e-02
9.424778223037719727e-01 8.477901220321655273e-01 6.904405355453491211e-02 9.502255916595458984e-02 7.190252542495727539e-01 7.018432021141052246e-01
2.661434412002563477e-01 5.407858490943908691e-01 1.772481799125671387e-01 2.942714095115661621e-01 4.389258623123168945e-01 1.026338934898376465e-01
5.213704109191894531e-01 9.939503073692321777e-01 4.837432503700256348e-01 6.285852193832397461e-01 1.592983603477478027e-01 9.247957468032836914e-01
8.430957794189453125e-02 9.907278418540954590e-01 7.326937317848205566e-01 4.465482831001281738e-01 5.146537423133850098e-01 1.882162094116210938e-01
4.956156015396118164e-01 8.021619915962219238e-01 9.930856823921203613e-01 5.296416282653808594e-01 7.486712336540222168e-01 6.414198875427246094e-01
9.016004800796508789e-01 2.844929695129394531e-02 2.579399943351745605e-01 2.873190045356750488e-01 9.734371900558471680e-01 9.329442381858825684e-01
7.050014138221740723e-01 2.281583547592163086e-01 8.625060915946960449e-01 5.481675863265991211e-01 1.731057167053222656e-01 8.801434040069580078e-01
6.723459959030151367e-01 4.536778330802917480e-01 7.221516370773315430e-01 2.644016146659851074e-01 2.467526793479919434e-01 5.832254886627197266e-01
1.715344190597534180e-02 6.955568790435791016e-01 4.853408336639404297e-01 2.732990384101867676e-01 3.756203055381774902e-01 9.995012283325195312e-01
6.926374435424804688e-01 1.003390550613403320e-02 5.673398971557617188e-01 7.110028266906738281e-01 3.783487677574157715e-01 2.292759418487548828e-01
1.595900058746337891e-01 2.446935176849365234e-01 3.638531565666198730e-01 1.688649058341979980e-01 4.894298315048217773e-01 1.212165951728820801e-01
9.272116422653198242e-01 4.151144027709960938e-01 2.258008122444152832e-01 3.388357758522033691e-01 3.729040622711181641e-01 4.557738304138183594e-01
4.881214499473571777e-01 1.978528499603271484e-02 7.305671572685241699e-01 9.909642934799194336e-01 2.542293071746826172e-01 4.474702477455139160e-01
4.385025501251220703e-01 5.989412665367126465e-01 8.422573208808898926e-01 4.848586320877075195e-01 6.222127079963684082e-01 6.517184972763061523e-01
2.610349059104919434e-01 2.512322664260864258e-01 5.026714801788330078e-01 9.485004544258117676e-01 9.939986467361450195e-01 9.257338643074035645e-01
6.121786832809448242e-01 2.459667921066284180e-01 2.304250597953796387e-01 1.959637999534606934e-01 9.776759147644042969e-02 3.890943527221679688e-02
3.707436323165893555e-01 5.925123691558837891e-01 1.839101314544677734e-03 6.016049385070800781e-01 8.571171760559082031e-02 8.721354603767395020e-01
1.425062417984008789e-01 2.348909974098205566e-01 9.402979016304016113e-01 4.190832376480102539e-01 5.676337480545043945e-01 3.119349479675292969e-01
6.433842182159423828e-01 8.800336122512817383e-01 8.075239658355712891e-01 8.432748317718505859e-01 3.114420175552368164e-02 6.191549301147460938e-01
2.953984737396240234e-01 9.273244738578796387e-01 4.101225137710571289e-01 7.277084589004516602e-01 2.811160683631896973e-01 4.030695557594299316e-01
1.225697994232177734e-01 1.133247017860412598e-01 3.931304812431335449e-01 1.748693585395812988e-01 9.604385495185852051e-01 5.012417435646057129e-01
5.427549481391906738e-01 1.456357240676879883e-01 9.181535243988037109e-02 2.484480738639831543e-01 9.331564307212829590e-01 4.724242687225341797e-01
8.371497392654418945e-01 9.394861459732055664e-01 6.765245795249938965e-01 6.657616496086120605e-01 5.075950622558593750e-01 5.818718671798706055e-01
9.199150204658508301e-01 7.538682818412780762e-01 9.844905138015747070e-01 6.676418185234069824e-01 4.801420569419860840e-01 9.001994132995605469e-01
7.006376385688781738e-01 2.768884897232055664e-01 1.742022037506103516e-01 3.099745512008666992e-02 8.909237384796142578e-01 7.081447243690490723e-01
4.177740216255187988e-01 5.161989331245422363e-01 9.451062083244323730e-01 9.887951612472534180e-01 9.902822971343994141e-02 4.601342678070068359e-01
8.480464816093444824e-01 2.082425355911254883e-01 8.182498216629028320e-01 4.902290105819702148e-01 6.613971590995788574e-01 3.119074702262878418e-01
8.975562453269958496e-01 5.099856853485107422e-01 9.846302270889282227e-01 9.712809920310974121e-01 4.320347309112548828e-01 3.575335741043090820e-01
1.846281886100769043e-01 1.420356631278991699e-01 3.582653403282165527e-01 1.829340457916259766e-01 8.152830600738525391e-02 2.541183829307556152e-01
6.229394078254699707e-01 9.786103963851928711e-01 8.694329261779785156e-01 9.020190834999084473e-01 1.508583426475524902e-01 5.483075976371765137e-01
6.695863008499145508e-01 2.578148245811462402e-01 6.741585731506347656e-01 7.249529957771301270e-01 3.836864233016967773e-01 1.123845577239990234e-03
2.839442491531372070e-01 8.366269469261169434e-01 1.988334655761718750e-01 9.138823151588439941e-01 3.727113008499145508e-01 8.728891611099243164e-01
8.541026711463928223e-01 9.488220810890197754e-01 4.208796620368957520e-01 8.351842164993286133e-01 7.354432940483093262e-01 3.365647792816162109e-01
1.386061906814575195e-01 4.301677346229553223e-01 2.582956552505493164e-01 5.448609590530395508e-02 2.693204879760742188e-01 6.838536262512207031e-02
7.199766039848327637e-01 7.979127168655395508e-01 1.573427319526672363e-01 5.287070274353027344e-01 2.710819244384765625e-04 9.768943786621093750e-01
3.552004694938659668e-01 2.325044870376586914e-01 5.692461729049682617e-01 5.292385816574096680e-02 8.502138257026672363e-01 1.348398923873901367e-01
9.507855176925659180e-01 5.325807929039001465e-01 5.404159426689147949e-01 8.899420499801635742e-01 1.914467215538024902e-01 8.388947844505310059e-01
6.735580563545227051e-01 3.376908898353576660e-01 6.571089029312133789e-01 3.926714658737182617e-01 2.090312838554382324e-01 8.461304306983947754e-01
8.324335217475891113e-01 8.923388123512268066e-01 5.379974842071533203e-01 9.759771227836608887e-01 3.613487482070922852e-01 8.673682212829589844e-01
9.163633584976196289e-01 9.639123678207397461e-01 8.441015481948852539e-01 9.134856462478637695e-01 9.658840894699096680e-01 5.181907415390014648e-01
8.137682080268859863e-01 9.725574851036071777e-01 9.945998787879943848e-01 3.794696331024169922e-01 1.411936879158020020e-01 8.268148303031921387e-01
7.828414440155029297e-01 8.297954797744750977e-01 7.055812478065490723e-01 3.330204486846923828e-01 5.764707922935485840e-01 6.770612001419067383e-01
3.991752862930297852e-01 5.800415873527526855e-01 7.877585887908935547e-01 3.428119421005249023e-01 9.053291082382202148e-01 5.726550817489624023e-01
9.703690409660339355e-01 9.113907217979431152e-01 3.538541197776794434e-01 1.186475753784179688e-01 1.250994205474853516e-02 5.157820582389831543e-01
8.452183604240417480e-01 4.102079868316650391e-01 2.213472127914428711e-02 3.653454184532165527e-01 8.389720916748046875e-01 4.636844992637634277e-01
2.295410633087158203e-02 6.982835531234741211e-01 1.577057242393493652e-01 7.715412378311157227e-01 3.145352602005004883e-01 5.157673954963684082e-01
6.593050956726074219e-01 5.562679767608642578e-01 2.986598014831542969e-01 9.709036946296691895e-01 6.071610450744628906e-01 1.026588678359985352e-01
9.536591172218322754e-01 4.662027359008789062e-01 8.421906232833862305e-01 5.995125174522399902e-01 7.790984511375427246e-01 7.610191702842712402e-01
9.317947030067443848e-01 3.329039216041564941e-01 5.639808773994445801e-01 8.532297015190124512e-01 3.264717459678649902e-01 5.648204088211059570e-01
7.872395515441894531e-01 2.215744853019714355e-01 3.391230106353759766e-01 6.691925525665283203e-01 4.332540035247802734e-01 3.803077936172485352e-01
9.541589021682739258e-01 6.661745309829711914e-01 2.525728344917297363e-01 7.473409771919250488e-01 8.090592026710510254e-01 9.023672938346862793e-01
3.162274360656738281e-01 2.619440555572509766e-01 4.762139916419982910e-01 2.169241905212402344e-01 1.761716008186340332e-01 4.503992795944213867e-01
1.473001241683959961e-01 9.699583649635314941e-01 2.706055641174316406e-01 3.681542277336120605e-01 7.268392443656921387e-01 3.370475769042968750e-02
3.310704231262207031e-01 3.912302255630493164e-01 4.862427711486816406e-02 6.311701536178588867e-01 5.579878687858581543e-01 1.524571776390075684e-01
6.143647432327270508e-01 1.605280041694641113e-01 1.810709238052368164e-01 9.986726045608520508e-01 5.308126807212829590e-01 6.728521585464477539e-01
6.560820937156677246e-01 8.348135352134704590e-01 2.658328413963317871e-01 7.463399767875671387e-01 3.542664051055908203e-01 2.577714920043945312e-01
9.217588901519775391e-01 8.796558380126953125e-01 9.808182716369628906e-02 1.503286361694335938e-01 8.422051072120666504e-01 9.305452108383178711e-01
4.713994264602661133e-02 3.118066787719726562e-01 3.029961585998535156e-01 3.271116018295288086e-01 1.790773868560791016e-01 9.544870257377624512e-01
6.519556045532226562e-03 3.348261117935180664e-01 4.893771409988403320e-01 8.326321840286254883e-02 3.427819013595581055e-01 9.738344550132751465e-01
5.725906491279602051e-01 2.685869336128234863e-01 5.237668752670288086e-02 3.128377199172973633e-01 3.921102285385131836e-01 3.125099539756774902e-01
8.955510854721069336e-01 7.992279529571533203e-02 5.464404821395874023e-02 2.260249257087707520e-01 4.766555428504943848e-01 1.209155321121215820e-01
8.944776654243469238e-01 8.635311722755432129e-01 7.117419242858886719e-01 6.609022617340087891e-01 3.787919878959655762e-01 9.119762778282165527e-01
4.566995501518249512e-01 5.374204516410827637e-01 3.569099307060241699e-01 7.913013100624084473e-01 5.765306353569030762e-01 3.653151988983154297e-01
5.791395902633666992e-02 2.857859134674072266e-01 2.127200365066528320e-02 9.160053133964538574e-01 8.431107401847839355e-01 9.439151883125305176e-01
8.602583408355712891e-01 3.534466028213500977e-01 3.983616232872009277e-01 9.352997541427612305e-01 4.696083664894104004e-01 2.739173173904418945e-02
5.304400920867919922e-01 5.010857582092285156e-01 2.421837449073791504e-01 9.438852667808532715e-01 1.739743947982788086e-01 4.926981925964355469e-01
1.595756411552429199e-01 1.981053352355957031e-01 6.518343687057495117e-01 1.151104569435119629e-01 9.704481959342956543e-01 1.405835151672363281e-01
2.788789272308349609e-01 9.361563920974731445e-01 1.564566493034362793e-01 2.147668600082397461e-02 7.291560769081115723e-01 2.789244651794433594e-01
8.183492422103881836e-01 6.399450302124023438e-01 3.178368806838989258e-01 8.196782469749450684e-01 1.971377730369567871e-01 1.378831267356872559e-01
2.810066938400268555e-02 2.547321319580078125e-01 8.707511425018310547e-02 7.029478549957275391e-01 3.224194049835205078e-03 8.282535672187805176e-01
7.930755615234375000e-01 4.564124941825866699e-01 8.668851852416992188e-02 2.025180459022521973e-01 3.610890507698059082e-01 7.308644652366638184e-01
8.498454689979553223e-01 5.181230902671813965e-01 4.567955136299133301e-01 4.114605784416198730e-01 6.563045978546142578e-01 5.286355614662170410e-01
5.055584311485290527e-01 3.515344262123107910e-01 3.188185691833496094e-01 1.903001666069030762e-01 9.290081262588500977e-01 9.102289676666259766e-01
5.698143839836120605e-01 6.858214139938354492e-01 3.852531909942626953e-01 4.096456766128540039e-01 3.613297343254089355e-01 6.898081302642822266e-01
4.894086122512817383e-01 4.468691349029541016e-01 9.339451789855957031e-04 3.361308574676513672e-02 3.136359453201293945e-01 3.803797960281372070e-01
4.531047344207763672e-01 7.678231000900268555e-01 6.504075527191162109e-01 7.217163443565368652e-01 8.310699462890625000e-01 2.445880770683288574e-01
5.264070034027099609e-01 7.405551671981811523e-01 5.304657220840454102e-01 1.422919631004333496e-01 5.695756673812866211e-01 5.698908567428588867e-01
3.483211994171142578e-01 6.099863648414611816e-01 9.850649237632751465e-01 5.138036608695983887e-01 2.042621374130249023e-01 9.944149255752563477e-01
1.485310196876525879e-01 1.561219692230224609e-01 5.461691617965698242e-01 7.947523593902587891e-01 7.410035133361816406e-01 3.505071401596069336e-01
7.221474647521972656e-01 2.594026923179626465e-01 6.360161304473876953e-02 5.519379377365112305e-01 5.274403691291809082e-01 5.561134815216064453e-01
1.719416379928588867e-01 1.078775525093078613e-01 2.282922267913818359e-01 9.895056486129760742e-02 4.986259341239929199e-01 7.858276963233947754e-01
5.069666504859924316e-01 1.215636730194091797e-01 4.372258186340332031e-01 7.098127603530883789e-01 5.217183828353881836e-01 7.120550274848937988e-01
6.299186944961547852e-01 6.649093031883239746e-01 1.539828181266784668e-01 9.468620419502258301e-01 7.449401021003723145e-01 7.673318386077880859e-01
5.874425768852233887e-01 2.149522304534912109e-02 3.180350065231323242e-01 7.368392944335937500e-01 3.583733439445495605e-01 1.239719986915588379e-01
7.248474955558776855e-01 5.723309516906738281e-02 8.661863207817077637e-01 8.052623271942138672e-02 7.613004446029663086e-01 3.660559058189392090e-01
5.208432078361511230e-01 1.205719113349914551e-01 6.780017018318176270e-01 9.384205341339111328e-01 4.603876471519470215e-01 4.574413299560546875e-01
9.116439223289489746e-01 5.319462418556213379e-01 6.220955848693847656e-01 7.384204864501953125e-02 7.783622741699218750e-01 6.119231581687927246e-01
