9.837470792829288158e-01
4.960573320581616041e-01
6.203367236984456135e-01
-3.868936145500061485e-01
8.467636957559062649e-01
8.573896566948235876e-01
8.602045092937711246e-01
1.127109884178667976e+00
1.226377347686586461e+00
1.227179839118362370e+00
1.171944669645556436e+00
1.174738538614197081e+00
1.237340628760970063e+00
1.243411462533444922e+00
1.238509938054373816e+00
1.205898891476342438e+00
1.269645462306896011e+00
1.269563964885888296e+00
1.202511761820161285e+00
1.267021378380797092e+00
1.270012357442205531e+00
1.257168705461419345e+00
1.259894203277984071e+00
1.269737995528967600e+00
1.365435854567235596e+00
1.368102355943923598e+00
1.368074098354844281e+00
1.367044695745496252e+00
1.365984669169906685e+00
1.108357220182163427e+00
1.269717298542255346e+00
1.368863720526708017e+00
1.369875526678749011e+00
1.370754540901808261e+00
1.370689549520719641e+00
1.372405958118287694e+00
1.372283323703488822e+00
1.372458478389525727e+00
1.372639446388534523e+00
1.372694275269249475e+00
1.269830148275890247e+00
1.372745993482837656e+00
1.372726427335102750e+00
1.372816181779113576e+00
1.372653176468532132e+00
1.372464969623611308e+00
1.269993773422837258e+00
1.270000771775338322e+00
1.372427136420419247e+00
1.372429850170342025e+00
1.372090081308568799e+00
1.372076241826920340e+00
1.371848904489638699e+00
1.371897842835164250e+00
1.371521453424815906e+00
1.371508311869015895e+00
1.270014703036519865e+00
1.371466068762464463e+00
1.371443887358804181e+00
1.371387443677321905e+00
1.270015070985826000e+00
1.270015612143738482e+00
1.372392405634926149e+00
1.270000880847401703e+00
1.372221933250095116e+00
1.372051482399364364e+00
1.372427058027654301e+00
1.372304253923076534e+00
1.372291848259453939e+00
1.372717142181850036e+00
1.372379578487931573e+00
1.372208542969429290e+00
1.372171537739111713e+00
1.270015679956745025e+00
1.372412056075368314e+00
1.372381160723481486e+00
1.372395808635218373e+00
1.372418212407200633e+00
1.372376737324695117e+00
1.372364605234519086e+00
1.366650275968261052e+00
1.371210025404322908e+00
1.372831415680601630e+00
1.371086838395912055e+00
1.373962474846379456e+00
1.374067378890881930e+00
1.374070762535691159e+00
1.374143375077769624e+00
1.372204146088369603e+00
1.371908584808967380e+00
1.371886137601312727e+00
1.269532577182938438e+00
1.372070020329951401e+00
1.372029507561041584e+00
1.371948696749737850e+00
1.371726666995976451e+00
1.371751764468601920e+00
1.371611492478646888e+00
1.371483149218480690e+00
1.371409596021045951e+00
