0.000000000000000000e+00 1.000000000000000000e+00 1.333327318011968132e-01 0.000000000000000000e+00 0.000000000000000000e+00 1.000000000000000000e+00
0.000000000000000000e+00 1.000000000000000000e+00 0.000000000000000000e+00 0.000000000000000000e+00 0.000000000000000000e+00 3.923935095269465712e-01
0.000000000000000000e+00 1.000000000000000000e+00 1.520955144435639783e-01 0.000000000000000000e+00 3.355877833758670326e-01 1.000000000000000000e+00
0.000000000000000000e+00 1.000000000000000000e+00 1.000000000000000000e+00 2.414226428873340602e-01 3.680238060160666014e-01 1.000000000000000000e+00
0.000000000000000000e+00 1.000000000000000000e+00 3.897743343433003882e-01 1.000000000000000000e+00 7.010184625848962792e-02 1.000000000000000000e+00
0.000000000000000000e+00 1.000000000000000000e+00 4.327493288850184916e-01 1.000000000000000000e+00 4.959324665710007629e-02 1.000000000000000000e+00
0.000000000000000000e+00 1.000000000000000000e+00 4.318045491548794801e-01 1.000000000000000000e+00 4.764304792632365754e-02 1.000000000000000000e+00
0.000000000000000000e+00 1.000000000000000000e+00 0.000000000000000000e+00 6.899282688579373435e-01 8.117678699715061286e-02 1.000000000000000000e+00
0.000000000000000000e+00 1.000000000000000000e+00 0.000000000000000000e+00 6.454978519455325525e-01 0.000000000000000000e+00 1.000000000000000000e+00
2.380985029228872493e-02 1.000000000000000000e+00 0.000000000000000000e+00 6.040098716360562392e-01 0.000000000000000000e+00 1.000000000000000000e+00
0.000000000000000000e+00 1.000000000000000000e+00 0.000000000000000000e+00 6.122506973592415358e-01 7.156228315617560454e-02 1.000000000000000000e+00
0.000000000000000000e+00 1.000000000000000000e+00 0.000000000000000000e+00 6.072296879235324907e-01 0.000000000000000000e+00 8.212949906995292704e-01
0.000000000000000000e+00 1.000000000000000000e+00 9.459998577529252217e-02 5.400297032513855511e-01 0.000000000000000000e+00 1.000000000000000000e+00
0.000000000000000000e+00 1.000000000000000000e+00 6.317138052231910383e-02 5.560255275700288768e-01 0.000000000000000000e+00 1.000000000000000000e+00
0.000000000000000000e+00 1.000000000000000000e+00 7.148947259394451692e-02 5.660686394435098245e-01 0.000000000000000000e+00 1.000000000000000000e+00
0.000000000000000000e+00 1.000000000000000000e+00 1.236237791454627422e-01 6.149067024278358495e-01 0.000000000000000000e+00 1.000000000000000000e+00
0.000000000000000000e+00 1.000000000000000000e+00 0.000000000000000000e+00 4.322499714349553046e-01 0.000000000000000000e+00 1.000000000000000000e+00
0.000000000000000000e+00 1.000000000000000000e+00 0.000000000000000000e+00 4.304341411454056798e-01 0.000000000000000000e+00 1.000000000000000000e+00
0.000000000000000000e+00 9.352940779169232055e-01 0.000000000000000000e+00 3.795658401936204962e-01 0.000000000000000000e+00 1.000000000000000000e+00
0.000000000000000000e+00 1.000000000000000000e+00 0.000000000000000000e+00 4.003177070661722570e-01 0.000000000000000000e+00 1.000000000000000000e+00
0.000000000000000000e+00 1.000000000000000000e+00 0.000000000000000000e+00 4.479859242494422800e-01 0.000000000000000000e+00 1.000000000000000000e+00
0.000000000000000000e+00 0.000000000000000000e+00 1.000000000000000000e+00 1.000000000000000000e+00 0.000000000000000000e+00 8.894540721668761085e-01
0.000000000000000000e+00 0.000000000000000000e+00 1.000000000000000000e+00 1.000000000000000000e+00 0.000000000000000000e+00 8.962456220253113282e-01
0.000000000000000000e+00 1.000000000000000000e+00 0.000000000000000000e+00 4.345761185046544406e-01 0.000000000000000000e+00 1.000000000000000000e+00
0.000000000000000000e+00 0.000000000000000000e+00 7.883739069564168478e-01 1.000000000000000000e+00 0.000000000000000000e+00 1.000000000000000000e+00
0.000000000000000000e+00 0.000000000000000000e+00 7.723819314891975374e-01 1.000000000000000000e+00 0.000000000000000000e+00 1.000000000000000000e+00
0.000000000000000000e+00 0.000000000000000000e+00 7.725701683657094643e-01 1.000000000000000000e+00 0.000000000000000000e+00 1.000000000000000000e+00
0.000000000000000000e+00 0.000000000000000000e+00 7.791177728447287176e-01 1.000000000000000000e+00 0.000000000000000000e+00 1.000000000000000000e+00
0.000000000000000000e+00 0.000000000000000000e+00 7.853302863335719364e-01 1.000000000000000000e+00 0.000000000000000000e+00 1.000000000000000000e+00
0.000000000000000000e+00 1.000000000000000000e+00 6.400284530871387378e-01 4.564896756553501467e-01 0.000000000000000000e+00 0.000000000000000000e+00
0.000000000000000000e+00 1.000000000000000000e+00 0.000000000000000000e+00 4.340255765870585369e-01 0.000000000000000000e+00 1.000000000000000000e+00
0.000000000000000000e+00 0.000000000000000000e+00 7.671071905154989157e-01 1.000000000000000000e+00 0.000000000000000000e+00 1.000000000000000000e+00
0.000000000000000000e+00 0.000000000000000000e+00 7.593555507289549977e-01 1.000000000000000000e+00 0.000000000000000000e+00 1.000000000000000000e+00
0.000000000000000000e+00 0.000000000000000000e+00 7.516489719041350437e-01 1.000000000000000000e+00 0.000000000000000000e+00 1.000000000000000000e+00
0.000000000000000000e+00 0.000000000000000000e+00 7.522593536785437962e-01 1.000000000000000000e+00 0.000000000000000000e+00 1.000000000000000000e+00
0.000000000000000000e+00 0.000000000000000000e+00 7.322037396133881382e-01 1.000000000000000000e+00 0.000000000000000000e+00 1.000000000000000000e+00
0.000000000000000000e+00 0.000000000000000000e+00 7.340628366782342429e-01 1.000000000000000000e+00 0.000000000000000000e+00 1.000000000000000000e+00
0.000000000000000000e+00 0.000000000000000000e+00 7.313707595239736792e-01 1.000000000000000000e+00 0.000000000000000000e+00 1.000000000000000000e+00
0.000000000000000000e+00 0.000000000000000000e+00 7.282938805764173074e-01 1.000000000000000000e+00 0.000000000000000000e+00 1.000000000000000000e+00
0.000000000000000000e+00 0.000000000000000000e+00 7.272857440465390066e-01 1.000000000000000000e+00 0.000000000000000000e+00 1.000000000000000000e+00
0.000000000000000000e+00 1.000000000000000000e+00 0.000000000000000000e+00 4.373238797434912395e-01 0.000000000000000000e+00 1.000000000000000000e+00
0.000000000000000000e+00 0.000000000000000000e+00 7.262953077143581293e-01 1.000000000000000000e+00 0.000000000000000000e+00 1.000000000000000000e+00
0.000000000000000000e+00 0.000000000000000000e+00 7.266748313396278469e-01 1.000000000000000000e+00 0.000000000000000000e+00 1.000000000000000000e+00
0.000000000000000000e+00 0.000000000000000000e+00 7.248803907241422317e-01 1.000000000000000000e+00 0.000000000000000000e+00 1.000000000000000000e+00
0.000000000000000000e+00 0.000000000000000000e+00 7.280451933876764814e-01 1.000000000000000000e+00 0.000000000000000000e+00 1.000000000000000000e+00
0.000000000000000000e+00 0.000000000000000000e+00 7.312661226837522399e-01 1.000000000000000000e+00 0.000000000000000000e+00 1.000000000000000000e+00
0.000000000000000000e+00 1.000000000000000000e+00 0.000000000000000000e+00 4.454046348623229012e-01 0.000000000000000000e+00 1.000000000000000000e+00
0.000000000000000000e+00 1.000000000000000000e+00 0.000000000000000000e+00 4.531472157856248906e-01 0.000000000000000000e+00 1.000000000000000000e+00
0.000000000000000000e+00 0.000000000000000000e+00 7.318707072206377395e-01 1.000000000000000000e+00 0.000000000000000000e+00 1.000000000000000000e+00
0.000000000000000000e+00 0.000000000000000000e+00 7.318277581473546789e-01 1.000000000000000000e+00 0.000000000000000000e+00 1.000000000000000000e+00
0.000000000000000000e+00 0.000000000000000000e+00 7.367876089496390168e-01 1.000000000000000000e+00 0.000000000000000000e+00 1.000000000000000000e+00
0.000000000000000000e+00 0.000000000000000000e+00 7.369744625143374028e-01 1.000000000000000000e+00 0.000000000000000000e+00 1.000000000000000000e+00
0.000000000000000000e+00 0.000000000000000000e+00 7.399102838391264925e-01 1.000000000000000000e+00 0.000000000000000000e+00 1.000000000000000000e+00
0.000000000000000000e+00 0.000000000000000000e+00 7.392981110105391052e-01 1.000000000000000000e+00 0.000000000000000000e+00 1.000000000000000000e+00
0.000000000000000000e+00 0.000000000000000000e+00 7.437734150863923865e-01 1.000000000000000000e+00 0.000000000000000000e+00 1.000000000000000000e+00
0.000000000000000000e+00 0.000000000000000000e+00 7.439209406081901399e-01 1.000000000000000000e+00 0.000000000000000000e+00 1.000000000000000000e+00
0.000000000000000000e+00 1.000000000000000000e+00 0.000000000000000000e+00 4.505556745560003185e-01 0.000000000000000000e+00 1.000000000000000000e+00
0.000000000000000000e+00 0.000000000000000000e+00 7.443916435626866113e-01 1.000000000000000000e+00 0.000000000000000000e+00 1.000000000000000000e+00
0.000000000000000000e+00 0.000000000000000000e+00 7.446367031500792377e-01 1.000000000000000000e+00 0.000000000000000000e+00 1.000000000000000000e+00
0.000000000000000000e+00 0.000000000000000000e+00 7.452539701129128336e-01 1.000000000000000000e+00 0.000000000000000000e+00 1.000000000000000000e+00
0.000000000000000000e+00 1.000000000000000000e+00 0.000000000000000000e+00 4.503712676148503014e-01 0.000000000000000000e+00 1.000000000000000000e+00
0.000000000000000000e+00 1.000000000000000000e+00 0.000000000000000000e+00 4.493557710707188346e-01 0.000000000000000000e+00 1.000000000000000000e+00
0.000000000000000000e+00 0.000000000000000000e+00 7.324148987318551685e-01 1.000000000000000000e+00 0.000000000000000000e+00 1.000000000000000000e+00
0.000000000000000000e+00 1.000000000000000000e+00 0.000000000000000000e+00 4.531344046956921612e-01 0.000000000000000000e+00 1.000000000000000000e+00
0.000000000000000000e+00 0.000000000000000000e+00 7.349533491436113231e-01 1.000000000000000000e+00 0.000000000000000000e+00 1.000000000000000000e+00
0.000000000000000000e+00 0.000000000000000000e+00 7.373062433074116795e-01 1.000000000000000000e+00 0.000000000000000000e+00 1.000000000000000000e+00
0.000000000000000000e+00 0.000000000000000000e+00 7.318719469624871410e-01 1.000000000000000000e+00 0.000000000000000000e+00 1.000000000000000000e+00
0.000000000000000000e+00 0.000000000000000000e+00 7.337534052579908206e-01 1.000000000000000000e+00 0.000000000000000000e+00 1.000000000000000000e+00
0.000000000000000000e+00 0.000000000000000000e+00 7.339371792340685374e-01 1.000000000000000000e+00 0.000000000000000000e+00 1.000000000000000000e+00
0.000000000000000000e+00 0.000000000000000000e+00 7.268528452264223505e-01 1.000000000000000000e+00 0.000000000000000000e+00 1.000000000000000000e+00
0.000000000000000000e+00 0.000000000000000000e+00 7.326133853576005661e-01 1.000000000000000000e+00 0.000000000000000000e+00 1.000000000000000000e+00
0.000000000000000000e+00 0.000000000000000000e+00 7.351443457200864673e-01 1.000000000000000000e+00 0.000000000000000000e+00 1.000000000000000000e+00
0.000000000000000000e+00 0.000000000000000000e+00 7.356664428221914021e-01 1.000000000000000000e+00 0.000000000000000000e+00 1.000000000000000000e+00
0.000000000000000000e+00 1.000000000000000000e+00 0.000000000000000000e+00 4.494776246705990963e-01 0.000000000000000000e+00 1.000000000000000000e+00
0.000000000000000000e+00 0.000000000000000000e+00 7.321082343636051704e-01 1.000000000000000000e+00 0.000000000000000000e+00 1.000000000000000000e+00
0.000000000000000000e+00 0.000000000000000000e+00 7.325889730894467045e-01 1.000000000000000000e+00 0.000000000000000000e+00 1.000000000000000000e+00
0.000000000000000000e+00 0.000000000000000000e+00 7.323620182672226919e-01 1.000000000000000000e+00 0.000000000000000000e+00 1.000000000000000000e+00
0.000000000000000000e+00 0.000000000000000000e+00 7.320114995825646176e-01 1.000000000000000000e+00 0.000000000000000000e+00 1.000000000000000000e+00
0.000000000000000000e+00 0.000000000000000000e+00 7.326571717255770944e-01 1.000000000000000000e+00 0.000000000000000000e+00 1.000000000000000000e+00
0.000000000000000000e+00 0.000000000000000000e+00 7.328434299113799621e-01 1.000000000000000000e+00 0.000000000000000000e+00 1.000000000000000000e+00
0.000000000000000000e+00 0.000000000000000000e+00 6.823275385817724192e-01 1.000000000000000000e+00 0.000000000000000000e+00 9.074338939556351180e-01
0.000000000000000000e+00 0.000000000000000000e+00 6.975976078826250371e-01 1.000000000000000000e+00 0.000000000000000000e+00 9.291044859887128693e-01
0.000000000000000000e+00 0.000000000000000000e+00 7.034077066906077036e-01 1.000000000000000000e+00 0.000000000000000000e+00 9.408213870730907091e-01
0.000000000000000000e+00 0.000000000000000000e+00 6.977582186085721228e-01 1.000000000000000000e+00 0.000000000000000000e+00 9.283803217588736389e-01
0.000000000000000000e+00 0.000000000000000000e+00 7.136401198809100288e-01 1.000000000000000000e+00 0.000000000000000000e+00 9.555102006875646481e-01
0.000000000000000000e+00 0.000000000000000000e+00 7.131996021760048654e-01 1.000000000000000000e+00 0.000000000000000000e+00 9.568267886932093624e-01
0.000000000000000000e+00 0.000000000000000000e+00 7.130935426355855533e-01 1.000000000000000000e+00 0.000000000000000000e+00 9.568196643087217845e-01
0.000000000000000000e+00 0.000000000000000000e+00 7.141005244905426208e-01 1.000000000000000000e+00 0.000000000000000000e+00 9.586104735503753194e-01
0.000000000000000000e+00 0.000000000000000000e+00 7.352068179416826332e-01 1.000000000000000000e+00 0.000000000000000000e+00 1.000000000000000000e+00
0.000000000000000000e+00 0.000000000000000000e+00 7.391623697298601581e-01 1.000000000000000000e+00 0.000000000000000000e+00 1.000000000000000000e+00
0.000000000000000000e+00 0.000000000000000000e+00 7.394454562045642554e-01 1.000000000000000000e+00 0.000000000000000000e+00 1.000000000000000000e+00
0.000000000000000000e+00 1.000000000000000000e+00 0.000000000000000000e+00 4.297792426527827225e-01 0.000000000000000000e+00 1.000000000000000000e+00
0.000000000000000000e+00 0.000000000000000000e+00 7.370581320141675885e-01 1.000000000000000000e+00 0.000000000000000000e+00 1.000000000000000000e+00
0.000000000000000000e+00 0.000000000000000000e+00 7.375980775391711708e-01 1.000000000000000000e+00 0.000000000000000000e+00 1.000000000000000000e+00
0.000000000000000000e+00 0.000000000000000000e+00 7.386509840935057136e-01 1.000000000000000000e+00 0.000000000000000000e+00 1.000000000000000000e+00
0.000000000000000000e+00 0.000000000000000000e+00 7.413972782360831459e-01 1.000000000000000000e+00 0.000000000000000000e+00 1.000000000000000000e+00
0.000000000000000000e+00 0.000000000000000000e+00 7.410966469620587915e-01 1.000000000000000000e+00 0.000000000000000000e+00 1.000000000000000000e+00
0.000000000000000000e+00 0.000000000000000000e+00 7.427481262897204228e-01 1.000000000000000000e+00 0.000000000000000000e+00 1.000000000000000000e+00
0.000000000000000000e+00 0.000000000000000000e+00 7.442019595786099062e-01 1.000000000000000000e+00 0.000000000000000000e+00 1.000000000000000000e+00
0.000000000000000000e+00 0.000000000000000000e+00 7.450127787034539484e-01 1.000000000000000000e+00 0.000000000000000000e+00 1.000000000000000000e+00
