2.652020454406738281e-01 1.293900609016418457e-01 9.241650104522705078e-01 7.012009620666503906e-02
8.944666385650634766e-02 6.801799535751342773e-01 5.257101655006408691e-01 5.720437169075012207e-01
7.419093251228332520e-01 1.714009046554565430e-01 3.725475668907165527e-01 3.552281856536865234e-01
1.250424981117248535e-01 5.195362567901611328e-01 5.017449259757995605e-01 2.416160702705383301e-01
3.563847541809082031e-01 7.198262214660644531e-02 3.597730994224548340e-01 7.983326911926269531e-02
5.428471565246582031e-01 9.418491721153259277e-01 7.642300724983215332e-01 1.066288352012634277e-01
7.880083918571472168e-01 9.576570987701416016e-02 7.786601781845092773e-01 5.676633119583129883e-02
6.949154138565063477e-01 9.721093773841857910e-01 4.603174924850463867e-01 8.883531689643859863e-01
4.234538078308105469e-01 3.497070074081420898e-01 1.205087304115295410e-01 2.535948157310485840e-01
7.962785363197326660e-01 2.104991674423217773e-01 8.626160025596618652e-01 2.315359711647033691e-01
1.000000000000000000e+00 1.429125517606735229e-01 8.143899440765380859e-01 0.000000000000000000e+00
1.000000000000000000e+00 3.307539224624633789e-01 7.718527317047119141e-01 0.000000000000000000e+00
0.000000000000000000e+00 1.000000000000000000e+00 2.703445591032505035e-02 0.000000000000000000e+00
1.000000000000000000e+00 2.306711375713348389e-01 9.862130880355834961e-01 0.000000000000000000e+00
1.000000000000000000e+00 1.000000000000000000e+00 1.000000000000000000e+00 1.000000000000000000e+00
1.000000000000000000e+00 0.000000000000000000e+00 1.000000000000000000e+00 1.000000000000000000e+00
1.000000000000000000e+00 2.715640068054199219e-01 6.707041859626770020e-01 0.000000000000000000e+00
1.000000000000000000e+00 1.333501487970352173e-01 8.545123338699340820e-01 0.000000000000000000e+00
0.000000000000000000e+00 3.819655776023864746e-01 6.947479844093322754e-01 0.000000000000000000e+00
0.000000000000000000e+00 4.635904133319854736e-01 7.958655953407287598e-01 0.000000000000000000e+00
0.000000000000000000e+00 0.000000000000000000e+00 0.000000000000000000e+00 1.000000000000000000e+00
1.000000000000000000e+00 1.000000000000000000e+00 0.000000000000000000e+00 1.000000000000000000e+00
0.000000000000000000e+00 5.309271812438964844e-01 5.991138815879821777e-01 0.000000000000000000e+00
1.000000000000000000e+00 1.000000000000000000e+00 1.000000000000000000e+00 3.091812431812286377e-01
1.000000000000000000e+00 1.000000000000000000e+00 1.000000000000000000e+00 4.082255065441131592e-01
0.000000000000000000e+00 1.000000000000000000e+00 0.000000000000000000e+00 4.708201885223388672e-01
1.000000000000000000e+00 7.402155995368957520e-01 1.000000000000000000e+00 2.933025360107421875e-01
1.000000000000000000e+00 1.000000000000000000e+00 1.000000000000000000e+00 7.929072529077529907e-02
0.000000000000000000e+00 5.400713086128234863e-01 0.000000000000000000e+00 1.000000000000000000e+00
0.000000000000000000e+00 4.235477149486541748e-01 2.302869260311126709e-01 0.000000000000000000e+00
9.309817105531692505e-02 4.749296605587005615e-02 3.593078255653381348e-01 9.733126163482666016e-01
1.000000000000000000e+00 1.000000000000000000e+00 0.000000000000000000e+00 0.000000000000000000e+00
0.000000000000000000e+00 0.000000000000000000e+00 1.000000000000000000e+00 7.240601181983947754e-01
1.000000000000000000e+00 1.000000000000000000e+00 9.193840622901916504e-01 0.000000000000000000e+00
1.000000000000000000e+00 1.000000000000000000e+00 1.000000000000000000e+00 0.000000000000000000e+00
0.000000000000000000e+00 0.000000000000000000e+00 7.698872089385986328e-01 0.000000000000000000e+00
1.000000000000000000e+00 1.000000000000000000e+00 1.000000000000000000e+00 0.000000000000000000e+00
0.000000000000000000e+00 3.410683274269104004e-01 1.000000000000000000e+00 1.000000000000000000e+00
1.000000000000000000e+00 1.000000000000000000e+00 7.904552817344665527e-01 0.000000000000000000e+00
1.000000000000000000e+00 1.000000000000000000e+00 8.835231661796569824e-01 0.000000000000000000e+00
7.570471763610839844e-01 6.399464607238769531e-01 3.136699795722961426e-01 3.736269474029541016e-02
1.000000000000000000e+00 6.310424208641052246e-01 0.000000000000000000e+00 0.000000000000000000e+00
9.344460964202880859e-01 3.054868802428245544e-02 3.543015941977500916e-02 9.932567477226257324e-01
1.000000000000000000e+00 1.000000000000000000e+00 6.716020107269287109e-01 0.000000000000000000e+00
9.697415828704833984e-01 7.776240110397338867e-01 4.525879770517349243e-02 2.297519296407699585e-01
7.137389481067657471e-02 8.954793810844421387e-01 9.542129635810852051e-01 3.923111259937286377e-01
1.548478379845619202e-02 5.162198096513748169e-03 7.543116211891174316e-01 4.869325757026672363e-01
3.563738465309143066e-01 4.491849243640899658e-01 7.141937613487243652e-01 3.301467746496200562e-03
1.000000000000000000e+00 0.000000000000000000e+00 0.000000000000000000e+00 0.000000000000000000e+00
7.087702155113220215e-01 9.873521924018859863e-01 4.882139861583709717e-01 2.781376242637634277e-02
2.170948833227157593e-01 9.198963046073913574e-01 9.773855805397033691e-01 9.896044135093688965e-01
1.000000000000000000e+00 8.783788681030273438e-01 6.974785327911376953e-01 0.000000000000000000e+00
1.915002465248107910e-01 9.924128055572509766e-01 9.899873733520507812e-01 1.374473050236701965e-02
7.162198424339294434e-01 8.374406695365905762e-01 9.868324398994445801e-01 1.425641030073165894e-01
4.546110928058624268e-01 1.589599996805191040e-02 9.201228022575378418e-01 6.112437844276428223e-01
9.932931065559387207e-01 9.086802005767822266e-01 4.168483614921569824e-01 1.500676423311233521e-01
7.511797547340393066e-01 9.870436191558837891e-01 3.403769806027412415e-04 3.389219194650650024e-02
1.044641509652137756e-01 6.032942980527877808e-02 8.996544778347015381e-02 1.579044014215469360e-02
9.129208922386169434e-01 4.083218574523925781e-01 4.921882450580596924e-01 9.510505199432373047e-01
6.444381475448608398e-01 3.765881657600402832e-01 1.675377041101455688e-02 9.982755184173583984e-01
1.189666092395782471e-01 3.148677945137023926e-01 9.226427078247070312e-01 3.000646233558654785e-01
9.603654742240905762e-01 9.815945029258728027e-01 9.203112721443176270e-01 2.364949882030487061e-02
8.317309021949768066e-01 2.632154226303100586e-01 5.721991881728172302e-03 2.681761048734188080e-02
8.944625258445739746e-01 1.216738950461149216e-02 6.010045409202575684e-01 1.707519404590129852e-03
2.788863182067871094e-01 7.276234626770019531e-01 2.602626383304595947e-02 5.980198457837104797e-02
9.851834774017333984e-01 4.982787966728210449e-01 4.705915153026580811e-01 3.077096678316593170e-02
6.449295282363891602e-01 3.322037458419799805e-01 9.190736413002014160e-01 1.176585350185632706e-02
3.575587645173072815e-02 2.498000860214233398e-01 9.665113091468811035e-01 6.305610388517379761e-02
5.515745878219604492e-01 4.981058239936828613e-01 9.085851907730102539e-01 9.350460171699523926e-01
4.112888872623443604e-01 1.269178278744220734e-02 4.634422250092029572e-03 7.275152802467346191e-01
8.842201232910156250e-01 2.954117655754089355e-01 7.447482943534851074e-01 1.057184636592864990e-01
9.597836136817932129e-01 5.854869261384010315e-03 9.888120293617248535e-01 2.499548643827438354e-01
9.378781542181968689e-04 1.215280741453170776e-01 9.926284849643707275e-02 6.726477146148681641e-01
7.746354937553405762e-01 9.741919636726379395e-01 6.071190834045410156e-01 4.268331229686737061e-01
1.515005435794591904e-02 5.411625839769840240e-03 3.344957828521728516e-01 2.366337552666664124e-02
3.251112699508666992e-01 9.871087074279785156e-01 3.297637775540351868e-02 7.039126753807067871e-01
9.738770127296447754e-01 4.443336725234985352e-01 5.253711715340614319e-04 7.174338698387145996e-01
9.932379722595214844e-01 9.038774967193603516e-01 2.432858198881149292e-01 1.741972193121910095e-02
2.715447172522544861e-02 2.986137196421623230e-02 8.129267692565917969e-01 9.676435589790344238e-01
9.691033959388732910e-01 9.889121055603027344e-01 1.165633797645568848e-01 6.201971173286437988e-01
7.944694906473159790e-02 9.985626339912414551e-01 6.301488876342773438e-01 9.164274930953979492e-01
4.614517092704772949e-01 9.753549695014953613e-01 9.498824477195739746e-01 6.429237127304077148e-01
8.022097349166870117e-01 5.262358784675598145e-01 3.951140940189361572e-01 9.438595175743103027e-02
2.484794259071350098e-01 5.541080236434936523e-01 9.979454278945922852e-01 2.899155765771865845e-02
3.263214826583862305e-01 6.937289237976074219e-01 9.441931247711181641e-01 2.967561483383178711e-01
7.994037866592407227e-01 2.896268665790557861e-01 7.109431624412536621e-01 9.028863310813903809e-01
4.206433892250061035e-01 8.564738631248474121e-01 2.338493466377258301e-01 8.314553499221801758e-01
3.251537084579467773e-01 6.637912988662719727e-01 4.339993596076965332e-01 3.041983842849731445e-01
6.591619253158569336e-01 2.035582624375820160e-02 5.452203750610351562e-02 2.688516862690448761e-02
9.870478510856628418e-01 9.924294948577880859e-01 5.797513723373413086e-01 2.971608191728591919e-03
9.865581989288330078e-01 7.471163272857666016e-01 9.852944016456604004e-01 9.977003559470176697e-03
4.386092722415924072e-02 2.173332273960113525e-01 7.807854413986206055e-01 4.650103300809860229e-02
3.341679573059082031e-01 7.162241935729980469e-01 4.162766039371490479e-01 4.627181589603424072e-01
6.448715925216674805e-01 1.269115135073661804e-02 8.841630220413208008e-01 7.616337388753890991e-04
5.669698119163513184e-01 7.746317386627197266e-01 9.008588790893554688e-01 1.830431073904037476e-01
9.885933399200439453e-01 9.821330308914184570e-01 5.557860732078552246e-01 3.038133084774017334e-01
4.681448638439178467e-01 9.455110430717468262e-01 7.101647257804870605e-01 4.527878165245056152e-01
9.562772512435913086e-01 8.135074749588966370e-04 6.808140277862548828e-01 3.399083614349365234e-01
7.140362858772277832e-01 8.768866956233978271e-02 4.852025806903839111e-01 9.444119930267333984e-01
7.214886546134948730e-01 9.456021189689636230e-01 4.357259571552276611e-01 2.799108624458312988e-01
9.224179983139038086e-01 9.783400297164916992e-01 8.438869118690490723e-01 9.440612792968750000e-01
4.994959533214569092e-01 9.667305350303649902e-01 5.804063081741333008e-01 3.621068298816680908e-01
9.866357594728469849e-02 2.984441816806793213e-04 1.610223501920700073e-01 3.454025685787200928e-01
7.895203679800033569e-02 5.232465863227844238e-01 5.122551321983337402e-01 7.235155701637268066e-01
5.572382807731628418e-01 6.962872743606567383e-01 6.828165650367736816e-01 5.335730314254760742e-01
1.037217862904071808e-02 9.372227787971496582e-01 1.440115571022033691e-01 9.838436841964721680e-01
9.876038432121276855e-01 1.352670788764953613e-02 1.038395985960960388e-01 3.606108427047729492e-01
1.341187506914138794e-01 2.470799721777439117e-03 9.921313524246215820e-01 2.675525546073913574e-01
5.091163516044616699e-02 3.170680701732635498e-01 5.340726971626281738e-01 8.537462949752807617e-01
9.811036288738250732e-04 6.443205475807189941e-01 9.977793097496032715e-01 7.868469357490539551e-01
