-1.201678107890413218e-02
-1.201678107890413218e-02
-1.201678107890413218e-02
-1.201678107890413218e-02
-1.201678107890413218e-02
-1.201678107890413218e-02
1.058618770641262842e-02
3.935152071024332621e-01
6.424866559136124256e-01
-6.207737165561271198e-01
-1.860626364805784139e-01
-1.860626364805784139e-01
-1.860626364805784139e-01
4.497897656261642951e-01
-1.860626364805784139e-01
-1.860626364805784139e-01
4.497897656261642951e-01
4.497897656261642951e-01
4.497897656261642951e-01
4.497897656261642951e-01
4.497897656261642951e-01
4.497897656261642951e-01
4.497897656261642951e-01
4.497897656261642951e-01
-4.439609221179242060e-01
-5.494023131171202889e-01
-1.860626364805784139e-01
-2.974883539694128110e-01
-1.860626364805784139e-01
-1.860626364805784139e-01
-1.860626364805784139e-01
-1.860626364805784139e-01
-1.860626364805784139e-01
-1.548926260555173184e-01
-1.860626364805784139e-01
-1.860626364805784139e-01
-1.860626364805784139e-01
-1.860626364805784139e-01
-1.470782195577002571e-01
-1.465286960750888379e-01
-1.860626364805784139e-01
-2.093944825791921094e+00
-2.152645236672261930e+00
-5.411014839027937784e-01
-2.987786656532623875e-01
-2.255435397109326612e+00
-2.274708641758155014e+00
-4.986969560968539938e-01
-2.330248186618549600e+00
-2.321631761265917415e+00
