4.406296531235479041e-01
4.406296531235479041e-01
4.406296531235479041e-01
5.595747413432267114e-01
5.595747413432267114e-01
5.595747413432267114e-01
5.595747413432267114e-01
5.595747413432267114e-01
5.595747413432267114e-01
5.595747413432267114e-01
5.595747413432267114e-01
5.595747413432267114e-01
5.595747413432267114e-01
5.595747413432267114e-01
5.595747413432267114e-01
5.595747413432267114e-01
5.595747413432267114e-01
5.595747413432267114e-01
7.236198719481146124e-01
7.236198719481146124e-01
7.236198719481146124e-01
7.236198719481146124e-01
7.236198719481146124e-01
8.343524775341359945e-01
8.343524775341359945e-01
8.343524775341359945e-01
8.343524775341359945e-01
8.343524775341359945e-01
8.343524775341359945e-01
8.343524775341359945e-01
8.343524775341359945e-01
8.343524775341359945e-01
8.343524775341359945e-01
8.343524775341359945e-01
8.343524775341359945e-01
8.343524775341359945e-01
8.343524775341359945e-01
8.343524775341359945e-01
8.343524775341359945e-01
8.343524775341359945e-01
8.343524775341359945e-01
8.343524775341359945e-01
8.343524775341359945e-01
8.343524775341359945e-01
8.343524775341359945e-01
8.343524775341359945e-01
8.343524775341359945e-01
8.343524775341359945e-01
8.343524775341359945e-01
8.343524775341359945e-01
