8.566545248031616211e-01 2.426262497901916504e-01 7.217769026756286621e-01 4.877696633338928223e-01
9.166854023933410645e-01 8.822719454765319824e-01 9.787786006927490234e-02 6.410079002380371094e-01
1.544272303581237793e-01 3.408619761466979980e-01 5.993180871009826660e-01 4.696667790412902832e-01
3.311812877655029297e-03 1.347274780273437500e-01 6.658512949943542480e-01 4.625645875930786133e-01
7.059850692749023438e-01 7.966251969337463379e-01 6.259956359863281250e-01 6.781607866287231445e-02
3.865026235580444336e-01 3.312260508537292480e-01 6.408377885818481445e-01 9.301163554191589355e-01
8.030998706817626953e-01 1.062101125717163086e-02 8.634814023971557617e-01 8.018884062767028809e-01
8.101620674133300781e-01 4.754383563995361328e-01 9.161311388015747070e-01 3.234411478042602539e-01
6.459093093872070312e-01 1.357697248458862305e-01 2.621107697486877441e-01 5.054494738578796387e-01
3.058027625083923340e-01 5.328079462051391602e-01 6.212955117225646973e-01 3.822228312492370605e-01
1.756392717361450195e-01 9.657526016235351562e-02 5.591805577278137207e-01 8.144372105598449707e-01
8.942593932151794434e-01 1.825461983680725098e-01 8.530650734901428223e-01 5.211209058761596680e-01
2.184206843376159668e-01 9.445881247520446777e-01 2.837072610855102539e-01 4.858337640762329102e-01
1.202838420867919922e-01 5.326268672943115234e-01 7.598578333854675293e-01 7.784053683280944824e-01
5.783702731132507324e-01 1.976746320724487305e-01 7.839174866676330566e-01 8.274110555648803711e-01
8.204716444015502930e-01 5.677764415740966797e-01 6.390087008476257324e-01 1.443023681640625000e-01
8.309276103973388672e-01 9.767107963562011719e-01 2.384855151176452637e-01 8.887559771537780762e-01
4.183020591735839844e-01 4.852499961853027344e-01 3.222512602806091309e-01 9.668422341346740723e-01
1.287477612495422363e-01 8.263133764266967773e-01 8.838969469070434570e-02 2.316151857376098633e-01
7.175862789154052734e-03 1.908447742462158203e-01 5.727938413619995117e-01 4.391342997550964355e-01
6.649116873741149902e-01 4.255730509757995605e-01 9.113440513610839844e-01 4.675381779670715332e-01
7.262752056121826172e-01 5.014027357101440430e-01 5.205382704734802246e-01 1.729947328567504883e-02
7.635671496391296387e-01 5.150911808013916016e-01 2.833603620529174805e-01 1.351640224456787109e-01
1.632911562919616699e-01 5.523777604103088379e-01 6.831985116004943848e-01 1.222034096717834473e-01
9.218928217887878418e-01 6.232978105545043945e-01 2.110197544097900391e-01 5.932883024215698242e-01
6.163505315780639648e-01 4.917438030242919922e-01 1.213620305061340332e-01 1.851497292518615723e-01
1.497035026550292969e-01 6.941762566566467285e-01 6.225632429122924805e-01 8.448903560638427734e-01
7.087820768356323242e-02 9.373118877410888672e-01 5.971474647521972656e-01 4.117547869682312012e-01
9.684045314788818359e-01 2.044796943664550781e-03 3.386726975440979004e-01 5.893629789352416992e-02
3.822562098503112793e-01 3.507827520370483398e-01 7.720595598220825195e-02 4.029538631439208984e-01
5.602627992630004883e-02 9.229707717895507812e-01 2.467602491378784180e-02 9.976319074630737305e-01
9.561165571212768555e-01 3.693590164184570312e-01 4.727417230606079102e-02 2.765797376632690430e-01
3.424449563026428223e-01 9.244972467422485352e-01 6.886691451072692871e-01 8.633267879486083984e-02
4.161540269851684570e-01 5.047478079795837402e-01 2.570343017578125000e-01 5.038283467292785645e-01
3.275435566902160645e-01 6.331554651260375977e-01 4.021257758140563965e-01 1.064974069595336914e-02
8.182345032691955566e-01 5.889528393745422363e-01 5.059005618095397949e-01 5.905560255050659180e-01
7.433873414993286133e-02 5.687220692634582520e-01 2.407903671264648438e-01 7.001534104347229004e-01
9.033604860305786133e-01 4.374121427536010742e-01 4.322736263275146484e-01 3.767657279968261719e-01
5.575243234634399414e-01 3.464208841323852539e-01 4.484084844589233398e-01 4.209922552108764648e-01
6.893153190612792969e-01 9.386273026466369629e-01 6.762466430664062500e-01 6.485316753387451172e-01
1.551027297973632812e-01 3.726943135261535645e-01 1.406440734863281250e-01 7.403782010078430176e-01
1.915122866630554199e-01 2.088719010353088379e-01 6.279763579368591309e-01 9.328227639198303223e-01
7.510837912559509277e-01 6.050384640693664551e-01 3.666681647300720215e-01 4.624221324920654297e-01
4.494698643684387207e-01 9.512543678283691406e-03 3.277483582496643066e-01 5.508419275283813477e-01
8.118202090263366699e-01 8.280792236328125000e-01 7.901787161827087402e-01 3.870831727981567383e-01
2.721313834190368652e-01 7.817674279212951660e-01 3.348900675773620605e-01 9.266527891159057617e-01
7.507142424583435059e-01 1.704549789428710938e-01 8.174809217453002930e-01 3.440631628036499023e-01
7.960361242294311523e-02 2.103294730186462402e-01 9.625617861747741699e-01 3.214770555496215820e-02
4.507160186767578125e-01 6.203911900520324707e-01 2.699750661849975586e-01 6.954709887504577637e-01
8.414213061332702637e-01 8.272209763526916504e-01 2.279046177864074707e-01 4.029737710952758789e-01
4.962495565414428711e-01 1.435514688491821289e-01 9.262338280677795410e-01 8.799716830253601074e-01
7.737466096878051758e-01 9.142237901687622070e-02 8.951600790023803711e-01 2.093428969383239746e-01
1.790301799774169922e-01 2.896555066108703613e-01 6.766695976257324219e-01 1.360493898391723633e-02
7.214867472648620605e-01 2.587152719497680664e-01 8.029329776763916016e-02 7.537288069725036621e-01
9.955145120620727539e-01 9.238772988319396973e-01 5.233508944511413574e-01 2.114719152450561523e-02
2.970069050788879395e-01 5.174882411956787109e-01 5.721824765205383301e-01 5.372664928436279297e-01
2.022648453712463379e-01 8.302092552185058594e-02 4.822483062744140625e-01 1.990584731101989746e-01
1.883262395858764648e-02 4.012444019317626953e-01 5.251068472862243652e-01 8.618972897529602051e-01
3.372336626052856445e-01 9.681537151336669922e-01 8.217876553535461426e-01 7.863456010818481445e-02
7.422621846199035645e-01 2.843481302261352539e-02 6.309205293655395508e-01 9.276754856109619141e-01
