5.422988417057504895e-01 1.000000000000000000e+00 8.077708130503581385e-01 0.000000000000000000e+00
0.000000000000000000e+00 0.000000000000000000e+00 6.157513338413774795e-01 7.209111817566161706e-01
0.000000000000000000e+00 0.000000000000000000e+00 6.179215847778529724e-01 5.666093634298703385e-01
1.617797702352271605e-01 1.000000000000000000e+00 5.814818419940442906e-01 0.000000000000000000e+00
2.616475735290745355e-02 1.000000000000000000e+00 6.449891857173327692e-01 3.154798134994427627e-01
0.000000000000000000e+00 1.000000000000000000e+00 6.203590198099905306e-01 0.000000000000000000e+00
0.000000000000000000e+00 1.000000000000000000e+00 6.392203729157741598e-01 2.120548092344282098e-01
1.616633987431479250e-02 1.000000000000000000e+00 7.078901738827725332e-01 0.000000000000000000e+00
6.175884867655585114e-02 1.000000000000000000e+00 7.933640157382026992e-01 0.000000000000000000e+00
0.000000000000000000e+00 1.000000000000000000e+00 7.437631538623431515e-01 0.000000000000000000e+00
0.000000000000000000e+00 9.812827068611861270e-01 7.505830743962044194e-01 1.866481878365523206e-01
0.000000000000000000e+00 1.000000000000000000e+00 7.800223392689736857e-01 2.891496585223914464e-02
0.000000000000000000e+00 1.000000000000000000e+00 8.265302907179835623e-01 0.000000000000000000e+00
0.000000000000000000e+00 1.000000000000000000e+00 8.385867023326228908e-01 2.843895936608628050e-01
0.000000000000000000e+00 1.000000000000000000e+00 8.509970946410974069e-01 0.000000000000000000e+00
0.000000000000000000e+00 1.000000000000000000e+00 8.636113209898660381e-01 0.000000000000000000e+00
0.000000000000000000e+00 1.000000000000000000e+00 8.746170266888285694e-01 0.000000000000000000e+00
0.000000000000000000e+00 7.865544193304685461e-01 1.000000000000000000e+00 0.000000000000000000e+00
0.000000000000000000e+00 9.272176826575001529e-01 1.000000000000000000e+00 0.000000000000000000e+00
0.000000000000000000e+00 9.460732115941208331e-01 1.000000000000000000e+00 0.000000000000000000e+00
0.000000000000000000e+00 0.000000000000000000e+00 0.000000000000000000e+00 1.000000000000000000e+00
0.000000000000000000e+00 0.000000000000000000e+00 0.000000000000000000e+00 1.000000000000000000e+00
3.491770758958878673e-02 1.000000000000000000e+00 1.000000000000000000e+00 0.000000000000000000e+00
0.000000000000000000e+00 0.000000000000000000e+00 0.000000000000000000e+00 1.000000000000000000e+00
0.000000000000000000e+00 9.399923874107628530e-01 1.000000000000000000e+00 0.000000000000000000e+00
0.000000000000000000e+00 9.336208776474729243e-01 1.000000000000000000e+00 0.000000000000000000e+00
0.000000000000000000e+00 1.000000000000000000e+00 6.573317609930424688e-01 0.000000000000000000e+00
0.000000000000000000e+00 1.000000000000000000e+00 7.192016444825469756e-01 0.000000000000000000e+00
3.157331359385020381e-02 9.499379641974015076e-01 8.374923505523873546e-01 0.000000000000000000e+00
0.000000000000000000e+00 0.000000000000000000e+00 1.000000000000000000e+00 1.000000000000000000e+00
0.000000000000000000e+00 8.547323052598799764e-01 9.862666109214308641e-01 0.000000000000000000e+00
0.000000000000000000e+00 8.728525358353218522e-01 9.703774517553575008e-01 0.000000000000000000e+00
0.000000000000000000e+00 0.000000000000000000e+00 1.000000000000000000e+00 1.000000000000000000e+00
0.000000000000000000e+00 0.000000000000000000e+00 9.801876154180644285e-01 1.000000000000000000e+00
0.000000000000000000e+00 0.000000000000000000e+00 9.576462440428281653e-01 1.000000000000000000e+00
0.000000000000000000e+00 0.000000000000000000e+00 9.444835174187085070e-01 1.000000000000000000e+00
0.000000000000000000e+00 0.000000000000000000e+00 9.427203945061760626e-01 1.000000000000000000e+00
0.000000000000000000e+00 0.000000000000000000e+00 9.542386060380494417e-01 1.000000000000000000e+00
0.000000000000000000e+00 0.000000000000000000e+00 9.851984802100669514e-01 1.000000000000000000e+00
0.000000000000000000e+00 0.000000000000000000e+00 1.000000000000000000e+00 1.000000000000000000e+00
0.000000000000000000e+00 0.000000000000000000e+00 9.759138793111782340e-01 1.000000000000000000e+00
0.000000000000000000e+00 0.000000000000000000e+00 1.000000000000000000e+00 1.000000000000000000e+00
0.000000000000000000e+00 0.000000000000000000e+00 1.000000000000000000e+00 1.000000000000000000e+00
0.000000000000000000e+00 0.000000000000000000e+00 1.000000000000000000e+00 1.000000000000000000e+00
0.000000000000000000e+00 0.000000000000000000e+00 1.000000000000000000e+00 1.000000000000000000e+00
0.000000000000000000e+00 0.000000000000000000e+00 1.000000000000000000e+00 1.000000000000000000e+00
0.000000000000000000e+00 0.000000000000000000e+00 1.000000000000000000e+00 1.000000000000000000e+00
0.000000000000000000e+00 0.000000000000000000e+00 1.000000000000000000e+00 1.000000000000000000e+00
0.000000000000000000e+00 0.000000000000000000e+00 9.632322487836898484e-01 1.000000000000000000e+00
0.000000000000000000e+00 0.000000000000000000e+00 8.603806444206454351e-01 1.000000000000000000e+00
0.000000000000000000e+00 0.000000000000000000e+00 8.442836977267763610e-01 1.000000000000000000e+00
0.000000000000000000e+00 0.000000000000000000e+00 8.500032862856848892e-01 1.000000000000000000e+00
0.000000000000000000e+00 0.000000000000000000e+00 8.511810398471738592e-01 1.000000000000000000e+00
0.000000000000000000e+00 0.000000000000000000e+00 9.104778998815840074e-01 1.000000000000000000e+00
0.000000000000000000e+00 0.000000000000000000e+00 9.089949993614747648e-01 1.000000000000000000e+00
0.000000000000000000e+00 0.000000000000000000e+00 9.378617763647374428e-01 1.000000000000000000e+00
0.000000000000000000e+00 0.000000000000000000e+00 1.000000000000000000e+00 1.000000000000000000e+00
0.000000000000000000e+00 0.000000000000000000e+00 1.000000000000000000e+00 1.000000000000000000e+00
0.000000000000000000e+00 0.000000000000000000e+00 8.882088266219039241e-01 1.000000000000000000e+00
0.000000000000000000e+00 0.000000000000000000e+00 9.139894241683054199e-01 1.000000000000000000e+00
0.000000000000000000e+00 0.000000000000000000e+00 9.364577287656856708e-01 1.000000000000000000e+00
0.000000000000000000e+00 0.000000000000000000e+00 9.424513806563241669e-01 1.000000000000000000e+00
0.000000000000000000e+00 0.000000000000000000e+00 9.859780465542199446e-01 9.683503425565622713e-01
0.000000000000000000e+00 0.000000000000000000e+00 9.844638951013329198e-01 9.694091055868501172e-01
0.000000000000000000e+00 0.000000000000000000e+00 9.672707630389734135e-01 1.000000000000000000e+00
0.000000000000000000e+00 0.000000000000000000e+00 9.734243439649340468e-01 1.000000000000000000e+00
0.000000000000000000e+00 0.000000000000000000e+00 9.731122461178125516e-01 1.000000000000000000e+00
2.634474070062793327e-01 1.000000000000000000e+00 5.028322068035303571e-01 1.536760183373919730e-01
2.464343339697675772e-01 1.000000000000000000e+00 5.204583237274776897e-01 1.529499592907740124e-01
2.356666870304362504e-01 1.000000000000000000e+00 5.322796906684639229e-01 1.477435615807851099e-01
2.659476766798203884e-01 1.000000000000000000e+00 5.049632771338740111e-01 1.446433857649784827e-01
0.000000000000000000e+00 0.000000000000000000e+00 8.417929747278902752e-01 1.000000000000000000e+00
0.000000000000000000e+00 0.000000000000000000e+00 8.609550969274437637e-01 1.000000000000000000e+00
0.000000000000000000e+00 4.261619025184242709e-02 4.481016144072239027e-01 1.000000000000000000e+00
0.000000000000000000e+00 9.304716943359235548e-02 3.037906371900190305e-01 1.000000000000000000e+00
0.000000000000000000e+00 1.002499766968172334e-01 2.395753332627032217e-01 1.000000000000000000e+00
0.000000000000000000e+00 6.210654219457148462e-02 3.533179450773288321e-01 1.000000000000000000e+00
0.000000000000000000e+00 1.658222781463806472e-01 1.400519524508425373e-01 1.000000000000000000e+00
0.000000000000000000e+00 1.587226498126446672e-01 1.282145831288185878e-01 1.000000000000000000e+00
0.000000000000000000e+00 1.952622373608276785e-01 1.152094379162956622e-01 1.000000000000000000e+00
0.000000000000000000e+00 1.481818589518237861e-01 1.794265602012040661e-01 1.000000000000000000e+00
0.000000000000000000e+00 1.841194936816986649e-01 1.478184172434669763e-01 1.000000000000000000e+00
0.000000000000000000e+00 1.670058159874068249e-01 1.778554046543183720e-01 1.000000000000000000e+00
0.000000000000000000e+00 1.914972732957698487e-01 1.242734078753636728e-01 1.000000000000000000e+00
0.000000000000000000e+00 1.908175807216330178e-01 1.904976632618782528e-01 1.000000000000000000e+00
0.000000000000000000e+00 1.933598368969396131e-01 1.833813112549481927e-01 1.000000000000000000e+00
0.000000000000000000e+00 1.928438170421923337e-01 1.911331074082501247e-01 1.000000000000000000e+00
0.000000000000000000e+00 1.357053313799565786e-01 2.569236883946012795e-01 1.000000000000000000e+00
0.000000000000000000e+00 2.232284551467541567e-01 1.279239358738400167e-01 1.000000000000000000e+00
0.000000000000000000e+00 2.121264365148729514e-01 1.740477812569862781e-01 1.000000000000000000e+00
0.000000000000000000e+00 1.981599063875588707e-01 2.193553215144880553e-01 1.000000000000000000e+00
0.000000000000000000e+00 1.922875386727841696e-01 2.121013590064464993e-01 1.000000000000000000e+00
0.000000000000000000e+00 2.129000340575529782e-01 1.956986656530399216e-01 1.000000000000000000e+00
0.000000000000000000e+00 2.420287026503219197e-01 1.072253015311669805e-01 1.000000000000000000e+00
0.000000000000000000e+00 2.383591559032057494e-01 1.178703997596083491e-01 1.000000000000000000e+00
0.000000000000000000e+00 2.259070463097908044e-01 1.315873176392541311e-01 1.000000000000000000e+00
0.000000000000000000e+00 2.091489606283688518e-01 1.898317119931314800e-01 1.000000000000000000e+00
0.000000000000000000e+00 2.141637025289145069e-01 1.823762587947918568e-01 1.000000000000000000e+00
0.000000000000000000e+00 1.931004503515648396e-01 2.359101953585837075e-01 1.000000000000000000e+00
0.000000000000000000e+00 1.891374431597048211e-01 2.420156750482103103e-01 1.000000000000000000e+00
