5.482885837554931641e-01 4.269245862960815430e-01 2.005875110626220703e-01 9.745990037918090820e-01
2.829549908638000488e-01 6.003986001014709473e-01 7.038170099258422852e-02 5.822620987892150879e-01
2.952517271041870117e-01 5.760615468025207520e-01 5.910226106643676758e-01 2.502643465995788574e-01
7.277711629867553711e-01 4.929878115653991699e-01 8.294143676757812500e-01 8.269159197807312012e-01
5.330517888069152832e-01 6.751792430877685547e-01 2.406370043754577637e-01 8.662778735160827637e-01
2.224426865577697754e-01 3.796251416206359863e-01 6.778762936592102051e-01 7.846313714981079102e-01
9.529743194580078125e-01 1.309571862220764160e-01 2.647457122802734375e-01 6.539407372474670410e-01
8.692690134048461914e-01 7.905598878860473633e-01 3.706336021423339844e-03 4.594600200653076172e-02
9.808266758918762207e-01 6.611836552619934082e-01 5.562310814857482910e-01 8.002235889434814453e-01
2.263064384460449219e-01 1.672708392143249512e-01 1.500326395034790039e-02 2.844713330268859863e-01
0.000000000000000000e+00 9.865061379244965956e-01 1.000000000000000000e+00 1.000000000000000000e+00
2.338773367917696688e-01 9.027475385215630865e-01 9.935972420609140432e-01 6.532080096021464222e-01
4.092615090394722266e-01 1.000000000000000000e+00 1.000000000000000000e+00 6.651423682388727388e-01
4.632054855484955547e-01 9.316554719012700714e-01 9.955835562387099769e-01 7.362311612488352530e-01
7.597243836355155322e-02 9.803125335705806798e-01 9.923652757340278852e-01 2.527386601045973347e-01
9.373420883090923805e-01 0.000000000000000000e+00 1.000000000000000000e+00 2.329509728039127481e-01
6.461010301079932183e-02 1.000000000000000000e+00 8.751668512490663465e-01 6.362011289481066534e-01
1.808869350888648031e-01 9.692947311045729472e-03 9.887643645008951099e-01 9.771769321693438703e-01
8.246720149342405826e-01 9.989443968943171326e-01 9.875640050188769781e-01 4.952505243723474559e-01
9.980653738715661305e-01 9.557964072188794846e-01 1.000000000000000000e+00 4.805386149881994973e-01
9.785154615663922417e-01 6.451014446233751531e-01 1.000000000000000000e+00 4.039056821251682527e-01
9.839436239525645167e-01 9.030055544937779510e-01 9.989868372534206342e-01 3.971699478279805406e-01
1.000000000000000000e+00 8.897975202110463000e-01 1.000000000000000000e+00 4.074918930884394719e-01
1.000000000000000000e+00 9.175400845148595774e-01 1.000000000000000000e+00 2.507199160464906318e-01
9.978030613085352440e-01 9.552988119863677907e-01 1.000000000000000000e+00 3.226751128059033857e-01
1.000000000000000000e+00 1.000000000000000000e+00 4.155378914146704017e-01 9.342053859475524453e-05
9.917623347947061019e-01 1.000000000000000000e+00 9.995221211055819177e-01 2.749079120739430504e-01
8.998961884032469216e-01 1.000000000000000000e+00 8.350257999913714979e-01 0.000000000000000000e+00
8.371347787920225825e-01 9.790283183361958574e-01 8.275496065718835892e-01 2.539115806234833461e-01
2.303518665471448179e-01 9.373152677315362835e-01 9.906746737057970931e-01 1.000000000000000000e+00
9.586024262760459713e-01 1.000000000000000000e+00 7.057287293894168867e-01 9.855283776827197251e-01
7.542830500328944199e-01 9.295042110824567327e-01 7.519878194571029129e-01 2.170688763719656189e-01
8.846629980576518060e-01 1.000000000000000000e+00 8.613169404561622500e-01 8.343615532454091988e-02
9.668400254332725208e-01 9.949603130344863988e-01 7.614621268368725326e-01 9.097938347641884027e-01
6.882990456228005316e-01 8.894493603011445204e-01 7.209205036501528108e-01 1.463040293601786390e-01
1.000000000000000000e+00 8.943978315201183138e-01 9.955764979917998136e-01 7.275337402405820386e-01
8.361766923428191056e-01 9.181706721663607240e-01 7.500120455390764107e-01 5.314984471902016727e-01
6.042620274422582094e-01 9.530185200227681008e-01 9.459005831151906518e-01 2.615335442449131520e-01
9.881134317185016336e-01 8.294652482122730763e-01 9.519645474896148984e-01 1.000000000000000000e+00
1.119035936549212795e-01 9.249109390767181749e-01 1.417056760778501734e-01 8.853884161515261919e-01
3.979977858847913441e-01 9.465772206535876254e-01 9.649811140586174174e-01 4.010893329685359943e-01
9.978084744385760096e-01 5.617141278546382566e-01 1.000000000000000000e+00 8.129919908720993627e-02
8.492045944109426481e-01 1.000000000000000000e+00 1.000000000000000000e+00 3.370815976724561014e-01
7.577305768076398884e-01 1.000000000000000000e+00 9.418119105210132069e-01 3.341739313199658390e-02
9.646915303804541875e-01 0.000000000000000000e+00 9.961555784616350495e-01 0.000000000000000000e+00
6.261200875444173919e-01 9.269738045674923432e-01 8.797037629973935013e-01 2.207072221371034204e-01
5.536941973568795250e-01 9.783342865240978181e-01 1.000000000000000000e+00 4.147100345946679312e-01
9.270128001996725819e-01 9.580505522397571028e-01 8.346095438388021481e-01 6.622344033721874190e-01
4.211138822185791497e-01 6.317945231783185234e-01 5.404958645551608543e-01 8.859754683243169573e-03
4.557013593777937133e-01 5.137373841248789041e-01 9.941435117717036807e-01 7.089790505254353059e-01
8.806608667727828799e-01 9.426864972991906289e-01 9.988229111379094416e-01 2.706655281860240736e-01
5.786990502637491263e-01 6.488556506285330094e-01 9.877750386135082383e-01 5.599496836070639860e-01
7.077531946541503194e-01 3.819391469167695563e-01 9.900766172192398962e-01 5.026982914065166730e-01
1.876989153552059419e-01 9.804427589337201265e-01 9.930772007362734799e-01 2.800264340802555152e-01
4.773114797863624581e-01 3.874033199663029503e-01 9.872659147892588472e-01 6.559857374666867580e-01
1.820901011231116362e-01 8.902906883039155561e-01 9.171839934456247345e-01 4.976093996233377781e-01
8.508738513695796035e-01 7.325752630876427585e-01 9.174382852735917249e-01 8.005888917809294014e-01
8.261830939702003995e-01 8.649839972335667815e-01 1.235904663192880226e-01 7.797970614179987603e-01
5.732571605192511299e-01 3.649812225513367897e-02 9.798261688990308471e-01 5.431006911816772531e-01
5.994066593877485083e-01 8.937319459478012540e-01 9.749557637814155742e-01 3.105722015652949142e-01
2.809702305318071414e-01 7.397688351720875799e-01 8.722738049977647457e-01 3.448945640634271115e-01
1.860429307337939930e-01 5.387276175815171042e-01 9.659338636710413928e-01 6.084176971463817196e-01
1.319924504528030007e-01 3.514170749562953167e-01 9.642997146305023470e-01 6.385214876463828348e-01
7.058249135810240604e-01 7.227130456358817900e-01 9.818463745148564570e-01 2.313429783133678641e-01
8.627620306705036102e-01 1.679024108726417386e-01 9.921533236308514025e-01 1.850558135549385530e-01
2.204821750498371924e-01 1.138177086039202923e-01 1.088991137938899109e-02 2.510911295190523806e-01
7.015375119238966006e-02 0.000000000000000000e+00 9.587137226165681758e-01 6.748210027687590040e-01
6.258558174645708627e-01 0.000000000000000000e+00 9.705389994303371681e-01 2.599332874091735412e-01
5.712302565465173787e-01 5.095107428918956849e-01 9.583506166036420693e-01 1.725914298668061453e-01
8.437591451135337817e-01 4.074809636788176426e-01 9.213888856559110385e-01 8.330535437553527878e-01
8.062744537279898926e-01 0.000000000000000000e+00 8.805864507910650119e-01 8.872439025684083491e-01
5.291251113032939823e-01 3.557435432132106251e-02 9.504569914940452779e-01 1.789427073908571864e-01
6.110673374968632610e-01 8.113794247536492144e-01 6.528341747209422952e-01 0.000000000000000000e+00
9.463415697525718873e-01 8.299451130963604317e-01 8.925310787340666741e-01 1.000000000000000000e+00
2.026075052651145070e-01 6.380664199060023245e-01 8.125071082262972366e-01 3.549505366400721451e-01
6.458452825279069609e-01 8.988830058323604710e-01 9.336020236103156344e-01 5.594481578987006015e-02
7.425900953792566872e-01 8.942745606980672113e-01 5.861231291250617037e-01 1.687468937843260575e-01
6.835124354627448717e-01 9.070660005308699425e-01 9.533081549408661814e-01 6.581961352142936539e-01
5.200685407444594066e-01 8.304556676233982859e-01 9.970238600462258960e-01 6.069032327597735366e-01
3.937710280100429339e-01 8.911658268435404540e-02 9.775916558964578007e-01 6.578785615094457917e-01
2.131969851121314971e-02 8.260729484935404043e-01 8.777175302309019322e-01 5.527670353063107722e-01
0.000000000000000000e+00 7.919259039061432581e-01 9.797951169665541915e-01 7.298128790962902235e-01
0.000000000000000000e+00 9.568680450241059399e-01 1.249595137337652651e-01 8.943177331258391760e-01
1.581460857417384125e-01 5.823182272560754186e-02 9.656718700781687925e-01 6.705597594671911521e-01
8.186586995761063745e-01 9.325264332630326392e-01 3.313905108158713975e-01 1.215462071313751086e-01
7.251449652776342791e-01 4.992103032310052368e-01 6.958242644396707144e-01 8.275886023650895762e-01
8.165588199853344165e-01 8.393604048402986129e-01 9.873595083724696631e-01 5.963146894731370384e-01
9.314124253493674122e-01 2.032991027484602753e-01 6.137908867307770855e-01 2.885595326453400944e-02
6.214662564848617565e-01 6.189177144551009091e-01 9.525331892226427399e-01 7.418403413711022187e-01
2.778881830751259163e-01 8.677010498380932635e-01 1.696609917938470546e-01 8.738064824311441159e-01
1.342636866098985693e-01 3.671427300754063205e-01 6.754128818342406415e-01 7.825280993498145987e-01
4.064152676534670827e-01 7.197507735896746528e-01 9.658795516464210307e-01 4.693362918290126529e-01
5.446569655700760348e-01 8.324445692296267296e-01 1.000000000000000000e+00 1.000000000000000000e+00
3.291732314053768538e-01 7.487125867262076628e-01 7.801434287755992791e-01 2.458629509656718448e-01
7.520874293162636004e-01 9.537004104876725119e-01 8.703034236350262187e-01 5.694429658676432998e-02
6.029977768985680386e-01 9.166519885386006372e-01 8.817435331864945658e-01 4.278971971784766848e-01
4.980589321751616727e-01 4.371774428203901164e-01 6.989025862973500258e-01 8.024371770658456082e-01
1.000000000000000000e+00 6.020703682835900628e-01 6.793788464565182483e-01 8.537580734550980210e-01
5.988487384428562432e-01 8.358234702346268863e-01 6.568782917874281813e-01 1.823407643321303950e-01
4.127289345098798523e-01 8.429843898585389628e-01 8.416326272056425806e-01 4.346862043460398839e-01
7.045371508974977992e-01 8.672767041510823782e-01 8.765739673834492818e-01 7.046077754991185715e-01
4.652737833233293596e-01 8.920046109230526099e-01 8.788888357737131285e-01 8.585901631167494608e-02
3.465360721677121503e-01 7.357507834062756436e-01 7.130070875654483942e-01 3.864325874165603913e-01
3.239250008840873774e-01 5.488071522411526182e-01 4.970128102163585693e-01 2.993104207921015170e-01
1.299243145620281592e-01 8.623647177947438847e-01 9.300399530581764385e-01 1.012760005698006560e-01
3.831592749868781289e-01 7.617271006047571236e-01 7.084094613937786944e-01 1.056916797802714691e-01
5.535983625592508783e-01 7.828169253044223730e-01 7.722177342110075893e-01 6.966817565796581402e-01
6.367024804111498515e-01 6.185172316872996623e-01 3.303687007340416759e-01 4.044220149331686359e-02
3.437071587933172578e-01 7.749761190466786243e-01 9.477222548094471621e-01 6.710064549849353854e-01
1.115159242983019966e-01 7.721761349939859631e-01 9.620399623032291903e-01 7.243374708746936896e-01
