1.090425183441016688e-01 8.637637994759533866e-01 1.000000000000000000e+00 1.000000000000000000e+00
2.425921181445184760e-01 6.945799761416949769e-01 1.000000000000000000e+00 1.000000000000000000e+00
4.553592324524712853e-01 1.000000000000000000e+00 1.000000000000000000e+00 6.684797521006176080e-01
3.697095654714420698e-01 9.640671416611140687e-01 1.000000000000000000e+00 6.468848165879284018e-01
0.000000000000000000e+00 1.000000000000000000e+00 1.000000000000000000e+00 1.765949527740324487e-01
0.000000000000000000e+00 1.000000000000000000e+00 1.000000000000000000e+00 5.034267057512372689e-01
0.000000000000000000e+00 1.000000000000000000e+00 9.392431394046907300e-01 5.120180983080968584e-01
0.000000000000000000e+00 1.000000000000000000e+00 1.000000000000000000e+00 4.770118927905819817e-01
0.000000000000000000e+00 1.000000000000000000e+00 1.000000000000000000e+00 4.832006336083428111e-01
0.000000000000000000e+00 1.000000000000000000e+00 1.000000000000000000e+00 4.746573346683187200e-01
1.000000000000000000e+00 7.088448829027529374e-01 1.000000000000000000e+00 4.016752632180944360e-01
1.000000000000000000e+00 9.138496678870653422e-01 1.000000000000000000e+00 4.394602591687897797e-01
1.000000000000000000e+00 9.069829473641999318e-01 1.000000000000000000e+00 4.096118267530708401e-01
1.000000000000000000e+00 9.401836295503043228e-01 1.000000000000000000e+00 3.678165232216875080e-01
1.000000000000000000e+00 9.511146231053563271e-01 1.000000000000000000e+00 3.422897357078101277e-01
1.000000000000000000e+00 1.000000000000000000e+00 1.000000000000000000e+00 3.264014068936931801e-01
1.000000000000000000e+00 1.000000000000000000e+00 1.000000000000000000e+00 3.261678146042805704e-01
1.000000000000000000e+00 1.000000000000000000e+00 1.000000000000000000e+00 3.225494710630824047e-01
1.000000000000000000e+00 1.000000000000000000e+00 1.000000000000000000e+00 3.227438395830760642e-01
1.000000000000000000e+00 1.000000000000000000e+00 1.000000000000000000e+00 3.224994100123041996e-01
1.000000000000000000e+00 1.000000000000000000e+00 1.000000000000000000e+00 3.251104756343725644e-01
1.000000000000000000e+00 1.000000000000000000e+00 1.000000000000000000e+00 3.256715590542096916e-01
1.000000000000000000e+00 1.000000000000000000e+00 1.000000000000000000e+00 3.247730772827622236e-01
1.000000000000000000e+00 1.000000000000000000e+00 1.000000000000000000e+00 3.242178948494195412e-01
1.000000000000000000e+00 1.000000000000000000e+00 1.000000000000000000e+00 3.243058350220562325e-01
1.000000000000000000e+00 1.000000000000000000e+00 1.000000000000000000e+00 3.256594752433853435e-01
1.000000000000000000e+00 1.000000000000000000e+00 1.000000000000000000e+00 3.243406683568863524e-01
1.000000000000000000e+00 1.000000000000000000e+00 1.000000000000000000e+00 3.243626672073661177e-01
1.000000000000000000e+00 1.000000000000000000e+00 1.000000000000000000e+00 3.243650949619117929e-01
1.000000000000000000e+00 1.000000000000000000e+00 1.000000000000000000e+00 3.246405076795036981e-01
1.000000000000000000e+00 1.000000000000000000e+00 1.000000000000000000e+00 3.246217206784530185e-01
9.992531314723207547e-01 1.000000000000000000e+00 1.000000000000000000e+00 3.304502371299315455e-01
9.613061531592075326e-01 1.000000000000000000e+00 1.000000000000000000e+00 3.190619906395237293e-01
9.076444975721816855e-01 1.000000000000000000e+00 1.000000000000000000e+00 3.028783649011160262e-01
9.093527885551356826e-01 1.000000000000000000e+00 1.000000000000000000e+00 3.035518054522181042e-01
9.128660556307195417e-01 1.000000000000000000e+00 1.000000000000000000e+00 3.048338521174029925e-01
9.112183502278028424e-01 1.000000000000000000e+00 1.000000000000000000e+00 3.044929279319582016e-01
9.053324111326945811e-01 1.000000000000000000e+00 1.000000000000000000e+00 3.003279612782375207e-01
9.022379619110185711e-01 1.000000000000000000e+00 1.000000000000000000e+00 2.989413365118996913e-01
8.981678860442606771e-01 1.000000000000000000e+00 1.000000000000000000e+00 2.974768740152339275e-01
9.058459960153000257e-01 1.000000000000000000e+00 1.000000000000000000e+00 3.007477587371893413e-01
9.482314549723328545e-01 1.000000000000000000e+00 1.000000000000000000e+00 3.171781481869148100e-01
9.419704961816692812e-01 1.000000000000000000e+00 1.000000000000000000e+00 3.155613245771028419e-01
9.454204104865521208e-01 1.000000000000000000e+00 1.000000000000000000e+00 3.171884428022385682e-01
9.450929441700799405e-01 1.000000000000000000e+00 1.000000000000000000e+00 3.169887153757985909e-01
9.435246360139167843e-01 1.000000000000000000e+00 1.000000000000000000e+00 3.163588668693965711e-01
9.451012170657141498e-01 1.000000000000000000e+00 1.000000000000000000e+00 3.169131764206105650e-01
9.544030580659429441e-01 1.000000000000000000e+00 1.000000000000000000e+00 3.203101517945228238e-01
9.549426589144547339e-01 1.000000000000000000e+00 1.000000000000000000e+00 3.205027655973597400e-01
9.553501392638868994e-01 1.000000000000000000e+00 1.000000000000000000e+00 3.207471613123873411e-01
9.478427764068447781e-01 1.000000000000000000e+00 1.000000000000000000e+00 3.179502999652727424e-01
9.491295981827471140e-01 1.000000000000000000e+00 1.000000000000000000e+00 3.183632720291809104e-01
9.434506612533583025e-01 1.000000000000000000e+00 1.000000000000000000e+00 3.166858754676355470e-01
9.435745783736433356e-01 1.000000000000000000e+00 1.000000000000000000e+00 3.166425812697818976e-01
9.439750281688920053e-01 1.000000000000000000e+00 1.000000000000000000e+00 3.167075720397340421e-01
9.428860894656027059e-01 1.000000000000000000e+00 1.000000000000000000e+00 3.162838528725032683e-01
9.428011416780552878e-01 1.000000000000000000e+00 1.000000000000000000e+00 3.162524302502349727e-01
9.456210543952835446e-01 1.000000000000000000e+00 1.000000000000000000e+00 3.175674411567682154e-01
9.454076010359215854e-01 1.000000000000000000e+00 1.000000000000000000e+00 3.174948208081911361e-01
9.488221790314033122e-01 1.000000000000000000e+00 1.000000000000000000e+00 3.187834902135719961e-01
9.508866258384762737e-01 1.000000000000000000e+00 1.000000000000000000e+00 3.195914704337527446e-01
9.536100268165005334e-01 1.000000000000000000e+00 1.000000000000000000e+00 3.206518588266695224e-01
9.545812759907733591e-01 1.000000000000000000e+00 1.000000000000000000e+00 3.209911119115594347e-01
9.552823632358716788e-01 1.000000000000000000e+00 1.000000000000000000e+00 3.213660714823305953e-01
9.547555406062444572e-01 1.000000000000000000e+00 1.000000000000000000e+00 3.211663899753162688e-01
9.543654813527052694e-01 1.000000000000000000e+00 1.000000000000000000e+00 3.207037918660103348e-01
9.534170489042604890e-01 1.000000000000000000e+00 1.000000000000000000e+00 3.203234749200538634e-01
9.516517095735503862e-01 1.000000000000000000e+00 1.000000000000000000e+00 3.194823377474063641e-01
9.511247439783063751e-01 1.000000000000000000e+00 1.000000000000000000e+00 3.200524536140668674e-01
9.509116533935390025e-01 1.000000000000000000e+00 1.000000000000000000e+00 3.199801089435824752e-01
9.459625227863492913e-01 1.000000000000000000e+00 1.000000000000000000e+00 3.195974922836798959e-01
9.446708961046316189e-01 1.000000000000000000e+00 1.000000000000000000e+00 3.190667754533170752e-01
9.445195375604540367e-01 1.000000000000000000e+00 1.000000000000000000e+00 3.191060235541785528e-01
9.443789507011799422e-01 1.000000000000000000e+00 1.000000000000000000e+00 3.190069607820418818e-01
9.440132452153645604e-01 1.000000000000000000e+00 1.000000000000000000e+00 3.186696777141170833e-01
9.422133943480350826e-01 1.000000000000000000e+00 1.000000000000000000e+00 3.175121441402093958e-01
9.417919948190063284e-01 1.000000000000000000e+00 1.000000000000000000e+00 3.173673809139670454e-01
9.415717644262380226e-01 1.000000000000000000e+00 1.000000000000000000e+00 3.172223376799980787e-01
9.420419088950299225e-01 1.000000000000000000e+00 1.000000000000000000e+00 3.174241497195275929e-01
9.423444350110294909e-01 1.000000000000000000e+00 1.000000000000000000e+00 3.177596921231929938e-01
9.423090430994267575e-01 1.000000000000000000e+00 1.000000000000000000e+00 3.177202293474454264e-01
9.410342166977857525e-01 1.000000000000000000e+00 1.000000000000000000e+00 3.171985566955653479e-01
9.473389584143883102e-01 1.000000000000000000e+00 1.000000000000000000e+00 3.192826894749475897e-01
9.471082401741205414e-01 1.000000000000000000e+00 1.000000000000000000e+00 3.192079090166546340e-01
9.456650703305604644e-01 1.000000000000000000e+00 1.000000000000000000e+00 3.186243846911637201e-01
9.409170265658156618e-01 1.000000000000000000e+00 1.000000000000000000e+00 3.166450494613844979e-01
9.408194239178927498e-01 1.000000000000000000e+00 1.000000000000000000e+00 3.165741971882971573e-01
9.406278765956556098e-01 1.000000000000000000e+00 1.000000000000000000e+00 3.164579985830815456e-01
9.412056261095834708e-01 1.000000000000000000e+00 1.000000000000000000e+00 3.167463713940896763e-01
9.406617024232823976e-01 1.000000000000000000e+00 1.000000000000000000e+00 3.165441592558196349e-01
9.393715319023847599e-01 1.000000000000000000e+00 1.000000000000000000e+00 3.159381585578962537e-01
9.393766994692986927e-01 1.000000000000000000e+00 1.000000000000000000e+00 3.161109311880744288e-01
9.420372109837225061e-01 1.000000000000000000e+00 1.000000000000000000e+00 3.173822167397408744e-01
9.419952137634192146e-01 1.000000000000000000e+00 1.000000000000000000e+00 3.173371143183205678e-01
9.421445252093048062e-01 1.000000000000000000e+00 1.000000000000000000e+00 3.174153631568001899e-01
9.424053137998325003e-01 1.000000000000000000e+00 1.000000000000000000e+00 3.175099957978839704e-01
9.426308952238595662e-01 1.000000000000000000e+00 1.000000000000000000e+00 3.176764796975365401e-01
9.421499766753985705e-01 1.000000000000000000e+00 1.000000000000000000e+00 3.171983432395974467e-01
9.425459138711920204e-01 1.000000000000000000e+00 1.000000000000000000e+00 3.173718796246560725e-01
9.456678642801903401e-01 1.000000000000000000e+00 1.000000000000000000e+00 3.183475922499529598e-01
