-7.612194776338170321e-01
-5.744570484962526757e-01
-8.250236340828970283e-01
-1.300171260946589413e+00
-5.116835058400807101e-01
-7.482707998474131816e-01
-5.540435530818321741e-01
-7.980616778017339819e-01
-6.014061515518386303e-01
-1.123371297168368255e+00
1.009123290518632032e-01
3.857203769990397157e-01
-2.857417598696934125e-01
-2.442801665508514963e-02
4.226402616924022082e-01
-3.567663945256679958e-01
-2.346585700801123719e-02
-8.077553702569539862e-01
-1.812797635239410399e-02
-5.530877007816022983e-01
-2.130907610084571968e-01
6.087613894684096305e-01
-1.465336487783053809e-01
-8.842352175877064013e-01
-8.605472664179872888e-01
3.319482555370173449e-01
-9.349740503902628230e-01
7.564962788320175324e-01
4.501872733634965096e-01
-4.569007266256782662e-01
-6.455724990729070356e-01
-6.444535229207217775e-01
-8.572912355038303511e-01
-4.583879405235639082e-01
-5.307373306726060891e-01
-1.995256895176144574e-01
1.730011114203330591e-01
-6.914078015056079884e-01
-4.938568847760175240e-01
-1.168527747524393590e+00
7.672164576080755527e-01
2.726605764758369688e-01
-4.814502128298101535e-01
-4.318286324170900192e-01
7.596272938429168287e-01
-5.912154579311525993e-01
-8.503873516468205551e-01
1.959929616846868283e-01
2.490710094951899545e-01
-3.265217419491322492e-01
-1.570471588939355012e-01
-1.107614536665024074e+00
-4.048239447024432058e-01
4.474341670662032033e-01
1.986243600786984920e-01
3.099775061019545142e-01
-1.185444892159312369e+00
1.210467718434085765e-01
6.980998494178642932e-01
2.444198130273535496e-01
-4.849000702021866172e-01
2.892071526632339351e-01
4.155349717519067898e-01
-2.910579004502200640e-01
-1.045916695282589626e-01
-1.723887274020602656e-01
8.731929398497799699e-01
4.312236242021735277e-01
-8.762096201133282580e-01
1.119182834770540425e-01
3.587512101691289201e-01
-1.548115825675885349e-01
-2.785530751479533551e-01
-1.244869055217832088e-01
-3.018038159813694055e-01
2.111001039811123692e-01
-4.850782466838196028e-01
-1.958722842373520900e-01
1.013204234488466193e-01
8.969208318739594343e-01
2.091949753766160214e-01
-7.251200944791815761e-01
-4.703338577603862758e-01
-1.075321166039485465e+00
-1.045997822193028615e+00
-6.645857965197525807e-01
-3.683068453805363185e-01
-4.271413373790860502e-01
-9.004103523494362271e-01
9.002965830403756309e-01
-5.432814197459236993e-01
-3.227050940578368721e-01
-5.484419171203983590e-01
-4.648397589190278456e-02
-6.259361091357583673e-01
-1.086653361789738259e+00
-1.067264693709102819e+00
-1.371908467620993388e+00
8.406390983391792693e-01
5.969904817538763675e-01
-3.558933622333188551e-01
4.437043752201119684e-02
-1.243330155960117978e+00
-4.179347340281368561e-01
-4.152042233810351313e-01
-5.996913159398564730e-01
-6.687190698745574258e-01
-9.704316609097846102e-02
-9.715248271721208528e-01
8.928979776100591792e-01
