3.544745445251464844e-01 6.663662791252136230e-01 2.775145769119262695e-01 9.306490421295166016e-01
4.431850314140319824e-01 5.428581833839416504e-01 6.088438630104064941e-01 6.530401110649108887e-01
6.225149035453796387e-01 3.330730795860290527e-01 1.240350008010864258e-01 4.571402072906494141e-01
5.837614536285400391e-01 9.497371315956115723e-01 7.399127483367919922e-01 3.014677166938781738e-01
2.834234237670898438e-01 4.147362709045410156e-02 7.416994571685791016e-01 5.861061811447143555e-02
5.513251423835754395e-01 5.770992040634155273e-01 3.727474212646484375e-01 9.136013984680175781e-01
3.096076250076293945e-01 9.157561659812927246e-01 9.985735416412353516e-01 9.598793983459472656e-01
2.197270989418029785e-01 9.019261002540588379e-01 2.395474910736083984e-02 1.285636425018310547e-02
7.021638751029968262e-01 6.365293264389038086e-02 9.596544504165649414e-02 8.749362826347351074e-01
6.535983681678771973e-01 9.907965660095214844e-01 2.062320709228515625e-01 7.940832972526550293e-01
1.000000000000000000e+00 7.415670933982944080e-01 0.000000000000000000e+00 0.000000000000000000e+00
1.000000000000000000e+00 8.407038111859129748e-01 0.000000000000000000e+00 0.000000000000000000e+00
1.000000000000000000e+00 7.053217173514368943e-01 0.000000000000000000e+00 0.000000000000000000e+00
1.000000000000000000e+00 6.441241872187691841e-01 0.000000000000000000e+00 0.000000000000000000e+00
1.000000000000000000e+00 6.339134705554507754e-01 2.306063645896391096e-02 0.000000000000000000e+00
1.000000000000000000e+00 4.870318619257215098e-01 1.000000000000000000e+00 0.000000000000000000e+00
1.000000000000000000e+00 1.147346507164293921e-04 1.000000000000000000e+00 0.000000000000000000e+00
1.000000000000000000e+00 0.000000000000000000e+00 1.000000000000000000e+00 3.174254959894466377e-01
1.000000000000000000e+00 2.336460354368268336e-02 1.000000000000000000e+00 0.000000000000000000e+00
1.000000000000000000e+00 8.478778490539132934e-03 9.874533223121702008e-01 0.000000000000000000e+00
1.000000000000000000e+00 2.706195815478413397e-02 9.372405497937362773e-01 0.000000000000000000e+00
1.000000000000000000e+00 9.297504042215208597e-02 8.965684864423920652e-01 0.000000000000000000e+00
1.000000000000000000e+00 0.000000000000000000e+00 9.216693479465041250e-01 0.000000000000000000e+00
1.000000000000000000e+00 0.000000000000000000e+00 9.023593427039435788e-01 0.000000000000000000e+00
8.599791914236860624e-01 6.365786608434486071e-01 0.000000000000000000e+00 0.000000000000000000e+00
1.000000000000000000e+00 0.000000000000000000e+00 9.213022522465976749e-01 0.000000000000000000e+00
0.000000000000000000e+00 0.000000000000000000e+00 0.000000000000000000e+00 0.000000000000000000e+00
1.000000000000000000e+00 0.000000000000000000e+00 9.010594771047875096e-01 0.000000000000000000e+00
0.000000000000000000e+00 1.000000000000000000e+00 1.000000000000000000e+00 0.000000000000000000e+00
1.000000000000000000e+00 6.929523931077938848e-01 0.000000000000000000e+00 8.209845922614138203e-02
1.000000000000000000e+00 0.000000000000000000e+00 1.000000000000000000e+00 1.000000000000000000e+00
1.000000000000000000e+00 0.000000000000000000e+00 9.233468167280932670e-01 0.000000000000000000e+00
1.000000000000000000e+00 0.000000000000000000e+00 9.290298394384112202e-01 0.000000000000000000e+00
1.000000000000000000e+00 0.000000000000000000e+00 9.022348051770640032e-01 0.000000000000000000e+00
0.000000000000000000e+00 0.000000000000000000e+00 1.000000000000000000e+00 1.000000000000000000e+00
1.000000000000000000e+00 0.000000000000000000e+00 9.002856384051625138e-01 0.000000000000000000e+00
7.880276247711375248e-01 1.978991588889976727e-01 9.950690857479247420e-01 6.460347819635048339e-02
9.382283566519618034e-01 9.887492330744862556e-01 9.647200079634785652e-01 5.063498234376311302e-01
9.688805444166064262e-01 7.554753283038735390e-01 6.348949074745178223e-01 1.950054243206977844e-02
9.658369952812790871e-01 1.288735400885343552e-01 7.672388572245836258e-02 5.147651117295026779e-02
2.675163261592388153e-01 6.383093791082501411e-01 4.528100378811359406e-01 2.326469868421554565e-03
9.644524268805980682e-01 2.531708404421806335e-01 7.450882559642195702e-01 1.567311398684978485e-01
9.293367117643356323e-01 8.527870355173945427e-01 7.646012119948863983e-03 9.340832382440567017e-01
9.716618806123733521e-04 9.225415093824267387e-01 2.377703599631786346e-02 4.707252923399209976e-01
7.574517065659165382e-01 6.459513474255800247e-01 3.516513016074895859e-01 5.385349551215767860e-01
5.214175758883357048e-01 9.420075695961713791e-01 9.202885916456580162e-01 1.597054712474346161e-01
4.549981746822595596e-02 1.062212139368057251e-02 3.313231430947780609e-01 9.654936045408248901e-01
4.881245242431759834e-01 6.704692840576171875e-01 2.737092627212405205e-01 7.314042868092656136e-01
8.871369231492280960e-01 3.001982159912586212e-02 8.838470261543989182e-01 1.701411791145801544e-02
6.784252170473337173e-01 2.818748112767934799e-01 4.224111977964639664e-02 1.645165868103504181e-02
7.109418930485844612e-01 8.490245221182703972e-01 2.071873936802148819e-01 3.035817295312881470e-03
8.576526436954736710e-01 1.724781999364495277e-01 8.184572057798504829e-01 7.745685987174510956e-03
8.302586255595088005e-01 8.439420564100146294e-01 4.721712321043014526e-05 6.429580040276050568e-03
1.539325341582298279e-02 7.706629857420921326e-02 9.344559907913208008e-01 2.718344330787658691e-05
1.636614566668868065e-01 2.307200608775019646e-01 9.048338141292333603e-01 7.154184672981500626e-02
1.732245925813913345e-02 9.387541534379124641e-01 5.507082082331180573e-01 9.743608385324478149e-01
6.150685139000415802e-01 7.595600150525569916e-01 9.879548233002424240e-01 5.397957656532526016e-01
1.195955062285065651e-01 1.903833309188485146e-01 6.934537123888731003e-01 6.390505982562899590e-01
2.343796566128730774e-02 5.835120314732193947e-01 2.105922065675258636e-02 3.009427338838577271e-03
3.018329860642552376e-01 2.382202073931694031e-03 3.611990399658679962e-01 3.076223945245146751e-01
1.701130298897624016e-01 7.556389998644590378e-01 3.457137485966086388e-01 3.207241203635931015e-01
2.341930847615003586e-02 9.906177818775177002e-01 6.919693863019347191e-01 9.499275982379913330e-01
7.715952349826693535e-01 1.859927363693714142e-02 9.697534423321485519e-01 1.352611929178237915e-03
5.769536579027771950e-01 7.518834555521607399e-01 1.516886707395315170e-02 1.685513835400342941e-02
9.753133077174425125e-01 9.862185586243867874e-01 9.481526538729667664e-01 5.575167946517467499e-03
9.438704938668860400e-01 0.000000000000000000e+00 9.205462085666846761e-01 0.000000000000000000e+00
8.041862873360514641e-01 5.750741623342037201e-02 6.606158334761857986e-02 9.024610053747892380e-01
5.304185990244150162e-01 2.659888938069343567e-03 9.390034498646855354e-01 5.746296923607587814e-01
6.758335893973708153e-01 5.098244203254580498e-01 4.608758585527539253e-01 1.419297894462943077e-01
2.918492164462804794e-02 2.790793776512145996e-03 4.324204484000802040e-01 9.539960958063602448e-01
8.416540222242474556e-01 6.300192000344395638e-01 8.091454152017831802e-01 1.029160404577851295e-01
8.128511719405651093e-03 6.956865284591913223e-01 3.911153823137283325e-01 5.795839475467801094e-01
3.404978672042489052e-01 1.517330734059214592e-01 4.224098166450858116e-01 6.935153696686029434e-01
8.863399820402264595e-01 1.530817570164799690e-01 9.642168506979942322e-02 8.684818707406520844e-01
9.597175363451242447e-01 7.025660611689090729e-01 4.396122880280017853e-03 6.962108518928289413e-01
2.670737402513623238e-01 3.073084075003862381e-02 8.284170059487223625e-01 4.558911742642521858e-01
3.498566783964633942e-01 2.064609713852405548e-01 9.024147279560565948e-01 8.169518476352095604e-01
3.135361149907112122e-02 7.628249004483222961e-04 7.437529675662517548e-01 2.109240479767322540e-01
5.226923609152436256e-01 2.113805152475833893e-01 2.971952063962817192e-01 3.449730807915329933e-01
1.060261894017457962e-01 3.829657305032014847e-01 6.237080497667193413e-01 3.200611360371112823e-01
2.625007545575499535e-01 7.294061854481697083e-01 1.703517073765397072e-01 3.013740507885813713e-01
9.521617712453007698e-01 4.177251085638999939e-02 7.194607444107532501e-01 8.419862864539027214e-01
7.260002009570598602e-02 7.102957712486386299e-01 1.586375357583165169e-01 4.452357990667223930e-01
2.512630280107259750e-01 4.304340882226824760e-01 4.254335463047027588e-01 3.727155746892094612e-01
4.826215989887714386e-01 7.611968191340565681e-01 9.770498545840382576e-01 1.550336927175521851e-02
3.804327817633748055e-01 3.615967342630028725e-01 9.061913024634122849e-01 1.949303969740867615e-01
4.118963414803147316e-01 9.876030404120683670e-02 5.035246061161160469e-01 8.852345393970608711e-01
3.449613712728023529e-01 7.059366675093770027e-01 4.194482630118727684e-01 8.173926873132586479e-01
1.462082201614975929e-01 8.619787199422717094e-01 1.674569984897971153e-01 2.475973470136523247e-01
7.118283379822969437e-01 5.680424459278583527e-01 2.928052330389618874e-01 7.486250931397080421e-01
1.259420588612556458e-01 3.098311508074402809e-01 8.962891250848770142e-01 8.138148244470357895e-01
1.129156909883022308e-03 2.075864076614379883e-01 7.660435782745480537e-01 3.206265792250633240e-01
1.708110189065337181e-01 1.189148835837841034e-01 9.713324159383773804e-01 6.508334176614880562e-01
2.969355266541242599e-01 9.337116172537207603e-01 4.510938655585050583e-01 7.325012143701314926e-02
4.249348910525441170e-01 6.942757302895188332e-01 4.158178968355059624e-01 6.553036058321595192e-01
1.685829395428299904e-01 4.486885285004973412e-01 4.241445893421769142e-01 7.773350439965724945e-01
8.024074723944067955e-01 1.933148279786109924e-01 8.821888379752635956e-01 1.734712077304720879e-01
6.961607523262500763e-01 4.821798643097281456e-01 2.975027458742260933e-01 5.892358571290969849e-01
4.411570457741618156e-01 5.307986121624708176e-01 1.389163443818688393e-01 5.627972437068820000e-01
5.828827973455190659e-01 6.971534369513392448e-01 2.387033151462674141e-01 9.432367822155356407e-01
7.399829374626278877e-01 4.664679057896137238e-01 5.106821181252598763e-01 6.599514344707131386e-01
5.258215023204684258e-01 4.189249845221638680e-01 3.774879584088921547e-01 3.586718766018748283e-01
5.171143449842929840e-01 5.656417841091752052e-01 2.418899685144424438e-01 4.369237581267952919e-01
8.180260648950934410e-01 3.466207170858979225e-01 1.959117641672492027e-01 6.445155907422304153e-01
2.905492447316646576e-01 8.008856652304530144e-01 9.057038119062781334e-01 2.534893769770860672e-01
9.313535671681165695e-01 1.496502645313739777e-01 4.470850694924592972e-01 5.659204730764031410e-01
5.335501385852694511e-01 9.153933040797710419e-01 7.274680538102984428e-01 7.147792531177401543e-01
7.138136047869920731e-01 4.652747074142098427e-01 3.133851252496242523e-01 3.631166331470012665e-01
2.182312943041324615e-01 8.524382403120398521e-01 5.071290964260697365e-01 9.343060571700334549e-01
4.111658483743667603e-01 1.966167856007814407e-01 7.747387709096074104e-01 2.152263289317488670e-01
