2.197270989418029785e-01 9.019261002540588379e-01 2.395474910736083984e-02 1.285636425018310547e-02
1.000000000000000000e+00 7.415670933982944080e-01 0.000000000000000000e+00 0.000000000000000000e+00
1.000000000000000000e+00 7.415670933982944080e-01 0.000000000000000000e+00 0.000000000000000000e+00
1.000000000000000000e+00 7.053217173514368943e-01 0.000000000000000000e+00 0.000000000000000000e+00
1.000000000000000000e+00 6.441241872187691841e-01 0.000000000000000000e+00 0.000000000000000000e+00
1.000000000000000000e+00 6.441241872187691841e-01 0.000000000000000000e+00 0.000000000000000000e+00
1.000000000000000000e+00 6.441241872187691841e-01 0.000000000000000000e+00 0.000000000000000000e+00
1.000000000000000000e+00 1.147346507164293921e-04 1.000000000000000000e+00 0.000000000000000000e+00
1.000000000000000000e+00 1.147346507164293921e-04 1.000000000000000000e+00 0.000000000000000000e+00
1.000000000000000000e+00 1.147346507164293921e-04 1.000000000000000000e+00 0.000000000000000000e+00
1.000000000000000000e+00 8.478778490539132934e-03 9.874533223121702008e-01 0.000000000000000000e+00
1.000000000000000000e+00 2.706195815478413397e-02 9.372405497937362773e-01 0.000000000000000000e+00
1.000000000000000000e+00 2.706195815478413397e-02 9.372405497937362773e-01 0.000000000000000000e+00
1.000000000000000000e+00 0.000000000000000000e+00 9.216693479465041250e-01 0.000000000000000000e+00
1.000000000000000000e+00 0.000000000000000000e+00 9.216693479465041250e-01 0.000000000000000000e+00
1.000000000000000000e+00 0.000000000000000000e+00 9.216693479465041250e-01 0.000000000000000000e+00
1.000000000000000000e+00 0.000000000000000000e+00 9.213022522465976749e-01 0.000000000000000000e+00
1.000000000000000000e+00 0.000000000000000000e+00 9.213022522465976749e-01 0.000000000000000000e+00
1.000000000000000000e+00 0.000000000000000000e+00 9.213022522465976749e-01 0.000000000000000000e+00
1.000000000000000000e+00 0.000000000000000000e+00 9.213022522465976749e-01 0.000000000000000000e+00
1.000000000000000000e+00 0.000000000000000000e+00 9.213022522465976749e-01 0.000000000000000000e+00
1.000000000000000000e+00 0.000000000000000000e+00 9.213022522465976749e-01 0.000000000000000000e+00
1.000000000000000000e+00 0.000000000000000000e+00 9.213022522465976749e-01 0.000000000000000000e+00
1.000000000000000000e+00 0.000000000000000000e+00 9.213022522465976749e-01 0.000000000000000000e+00
1.000000000000000000e+00 0.000000000000000000e+00 9.213022522465976749e-01 0.000000000000000000e+00
1.000000000000000000e+00 0.000000000000000000e+00 9.213022522465976749e-01 0.000000000000000000e+00
1.000000000000000000e+00 0.000000000000000000e+00 9.213022522465976749e-01 0.000000000000000000e+00
1.000000000000000000e+00 0.000000000000000000e+00 9.213022522465976749e-01 0.000000000000000000e+00
1.000000000000000000e+00 0.000000000000000000e+00 9.213022522465976749e-01 0.000000000000000000e+00
1.000000000000000000e+00 0.000000000000000000e+00 9.213022522465976749e-01 0.000000000000000000e+00
1.000000000000000000e+00 0.000000000000000000e+00 9.213022522465976749e-01 0.000000000000000000e+00
1.000000000000000000e+00 0.000000000000000000e+00 9.213022522465976749e-01 0.000000000000000000e+00
1.000000000000000000e+00 0.000000000000000000e+00 9.213022522465976749e-01 0.000000000000000000e+00
1.000000000000000000e+00 0.000000000000000000e+00 9.213022522465976749e-01 0.000000000000000000e+00
1.000000000000000000e+00 0.000000000000000000e+00 9.213022522465976749e-01 0.000000000000000000e+00
1.000000000000000000e+00 0.000000000000000000e+00 9.213022522465976749e-01 0.000000000000000000e+00
1.000000000000000000e+00 0.000000000000000000e+00 9.213022522465976749e-01 0.000000000000000000e+00
1.000000000000000000e+00 0.000000000000000000e+00 9.213022522465976749e-01 0.000000000000000000e+00
1.000000000000000000e+00 0.000000000000000000e+00 9.213022522465976749e-01 0.000000000000000000e+00
1.000000000000000000e+00 0.000000000000000000e+00 9.213022522465976749e-01 0.000000000000000000e+00
1.000000000000000000e+00 0.000000000000000000e+00 9.213022522465976749e-01 0.000000000000000000e+00
1.000000000000000000e+00 0.000000000000000000e+00 9.213022522465976749e-01 0.000000000000000000e+00
1.000000000000000000e+00 0.000000000000000000e+00 9.213022522465976749e-01 0.000000000000000000e+00
1.000000000000000000e+00 0.000000000000000000e+00 9.213022522465976749e-01 0.000000000000000000e+00
1.000000000000000000e+00 0.000000000000000000e+00 9.213022522465976749e-01 0.000000000000000000e+00
1.000000000000000000e+00 0.000000000000000000e+00 9.213022522465976749e-01 0.000000000000000000e+00
1.000000000000000000e+00 0.000000000000000000e+00 9.213022522465976749e-01 0.000000000000000000e+00
1.000000000000000000e+00 0.000000000000000000e+00 9.213022522465976749e-01 0.000000000000000000e+00
1.000000000000000000e+00 0.000000000000000000e+00 9.213022522465976749e-01 0.000000000000000000e+00
1.000000000000000000e+00 0.000000000000000000e+00 9.213022522465976749e-01 0.000000000000000000e+00
1.000000000000000000e+00 0.000000000000000000e+00 9.213022522465976749e-01 0.000000000000000000e+00
1.000000000000000000e+00 0.000000000000000000e+00 9.213022522465976749e-01 0.000000000000000000e+00
1.000000000000000000e+00 0.000000000000000000e+00 9.213022522465976749e-01 0.000000000000000000e+00
1.000000000000000000e+00 0.000000000000000000e+00 9.213022522465976749e-01 0.000000000000000000e+00
1.000000000000000000e+00 0.000000000000000000e+00 9.213022522465976749e-01 0.000000000000000000e+00
1.000000000000000000e+00 0.000000000000000000e+00 9.213022522465976749e-01 0.000000000000000000e+00
9.438704938668860400e-01 0.000000000000000000e+00 9.205462085666846761e-01 0.000000000000000000e+00
9.438704938668860400e-01 0.000000000000000000e+00 9.205462085666846761e-01 0.000000000000000000e+00
9.438704938668860400e-01 0.000000000000000000e+00 9.205462085666846761e-01 0.000000000000000000e+00
9.438704938668860400e-01 0.000000000000000000e+00 9.205462085666846761e-01 0.000000000000000000e+00
9.438704938668860400e-01 0.000000000000000000e+00 9.205462085666846761e-01 0.000000000000000000e+00
9.438704938668860400e-01 0.000000000000000000e+00 9.205462085666846761e-01 0.000000000000000000e+00
9.438704938668860400e-01 0.000000000000000000e+00 9.205462085666846761e-01 0.000000000000000000e+00
9.438704938668860400e-01 0.000000000000000000e+00 9.205462085666846761e-01 0.000000000000000000e+00
9.438704938668860400e-01 0.000000000000000000e+00 9.205462085666846761e-01 0.000000000000000000e+00
9.438704938668860400e-01 0.000000000000000000e+00 9.205462085666846761e-01 0.000000000000000000e+00
9.438704938668860400e-01 0.000000000000000000e+00 9.205462085666846761e-01 0.000000000000000000e+00
9.438704938668860400e-01 0.000000000000000000e+00 9.205462085666846761e-01 0.000000000000000000e+00
9.438704938668860400e-01 0.000000000000000000e+00 9.205462085666846761e-01 0.000000000000000000e+00
9.438704938668860400e-01 0.000000000000000000e+00 9.205462085666846761e-01 0.000000000000000000e+00
9.438704938668860400e-01 0.000000000000000000e+00 9.205462085666846761e-01 0.000000000000000000e+00
9.438704938668860400e-01 0.000000000000000000e+00 9.205462085666846761e-01 0.000000000000000000e+00
9.438704938668860400e-01 0.000000000000000000e+00 9.205462085666846761e-01 0.000000000000000000e+00
9.438704938668860400e-01 0.000000000000000000e+00 9.205462085666846761e-01 0.000000000000000000e+00
9.438704938668860400e-01 0.000000000000000000e+00 9.205462085666846761e-01 0.000000000000000000e+00
9.438704938668860400e-01 0.000000000000000000e+00 9.205462085666846761e-01 0.000000000000000000e+00
9.438704938668860400e-01 0.000000000000000000e+00 9.205462085666846761e-01 0.000000000000000000e+00
9.438704938668860400e-01 0.000000000000000000e+00 9.205462085666846761e-01 0.000000000000000000e+00
9.438704938668860400e-01 0.000000000000000000e+00 9.205462085666846761e-01 0.000000000000000000e+00
9.438704938668860400e-01 0.000000000000000000e+00 9.205462085666846761e-01 0.000000000000000000e+00
9.438704938668860400e-01 0.000000000000000000e+00 9.205462085666846761e-01 0.000000000000000000e+00
9.438704938668860400e-01 0.000000000000000000e+00 9.205462085666846761e-01 0.000000000000000000e+00
9.438704938668860400e-01 0.000000000000000000e+00 9.205462085666846761e-01 0.000000000000000000e+00
9.438704938668860400e-01 0.000000000000000000e+00 9.205462085666846761e-01 0.000000000000000000e+00
9.438704938668860400e-01 0.000000000000000000e+00 9.205462085666846761e-01 0.000000000000000000e+00
9.438704938668860400e-01 0.000000000000000000e+00 9.205462085666846761e-01 0.000000000000000000e+00
9.438704938668860400e-01 0.000000000000000000e+00 9.205462085666846761e-01 0.000000000000000000e+00
9.438704938668860400e-01 0.000000000000000000e+00 9.205462085666846761e-01 0.000000000000000000e+00
9.438704938668860400e-01 0.000000000000000000e+00 9.205462085666846761e-01 0.000000000000000000e+00
9.438704938668860400e-01 0.000000000000000000e+00 9.205462085666846761e-01 0.000000000000000000e+00
9.438704938668860400e-01 0.000000000000000000e+00 9.205462085666846761e-01 0.000000000000000000e+00
9.438704938668860400e-01 0.000000000000000000e+00 9.205462085666846761e-01 0.000000000000000000e+00
9.438704938668860400e-01 0.000000000000000000e+00 9.205462085666846761e-01 0.000000000000000000e+00
9.438704938668860400e-01 0.000000000000000000e+00 9.205462085666846761e-01 0.000000000000000000e+00
9.438704938668860400e-01 0.000000000000000000e+00 9.205462085666846761e-01 0.000000000000000000e+00
9.438704938668860400e-01 0.000000000000000000e+00 9.205462085666846761e-01 0.000000000000000000e+00
9.438704938668860400e-01 0.000000000000000000e+00 9.205462085666846761e-01 0.000000000000000000e+00
9.438704938668860400e-01 0.000000000000000000e+00 9.205462085666846761e-01 0.000000000000000000e+00
9.438704938668860400e-01 0.000000000000000000e+00 9.205462085666846761e-01 0.000000000000000000e+00
9.438704938668860400e-01 0.000000000000000000e+00 9.205462085666846761e-01 0.000000000000000000e+00
