5.472717753827734954e-01
2.550889143870327946e-01
2.560475644231650638e-01
-2.670112471095992257e-01
-3.524452307446438448e-01
-3.762519137015982174e-01
7.372441610544878954e-02
-4.882192834960477623e-01
-9.523347434036804060e-01
-1.062562119162587360e+00
-1.068323396395091551e+00
-1.189689126267013064e+00
-1.264150426210843170e+00
-1.275025175942095634e+00
-1.632625975705593646e+00
-1.641168233323995418e+00
-1.633246227523607486e+00
-1.633955151656776961e+00
-1.612623220659997081e+00
-1.641354919113522604e+00
-1.642001212642851371e+00
-2.346887605282123257e+00
-1.495720262852726190e+00
-1.864964005450591156e+00
-1.515713430342463530e+00
-3.798642649739647492e+00
-3.563493507113822734e+00
-3.458509077280757182e+00
-3.826273414170333176e+00
-3.791837780883455356e+00
-4.557742014487357274e+00
-6.318996188564430128e+00
-6.821181150919947811e+00
-7.141593511130654548e+00
-7.500793494767620473e+00
-8.462932908240730967e+00
-8.393502366442495699e+00
-8.840886361234744584e+00
-9.240523629209992151e+00
-9.231011542178585216e+00
-9.204702572082180012e+00
-9.215882728361570742e+00
-9.232422332236602358e+00
-9.220412558992780561e+00
-9.321766185898242796e+00
-9.341935715833319165e+00
-9.367697530563646069e+00
-9.331331913351201379e+00
-9.064539282269031162e+00
-8.759922931799072998e+00
