8.075507283210754395e-01 1.624789237976074219e-01 4.372727870941162109e-01 1.300091147422790527e-01
8.075507283210754395e-01 1.624789237976074219e-01 4.372727870941162109e-01 1.300091147422790527e-01
0.000000000000000000e+00 3.542845691696146493e-01 1.000000000000000000e+00 0.000000000000000000e+00
0.000000000000000000e+00 3.542845691696146493e-01 1.000000000000000000e+00 0.000000000000000000e+00
0.000000000000000000e+00 2.965320922812856308e-01 1.000000000000000000e+00 0.000000000000000000e+00
0.000000000000000000e+00 2.965320922812856308e-01 1.000000000000000000e+00 0.000000000000000000e+00
0.000000000000000000e+00 0.000000000000000000e+00 1.000000000000000000e+00 0.000000000000000000e+00
0.000000000000000000e+00 0.000000000000000000e+00 1.000000000000000000e+00 0.000000000000000000e+00
0.000000000000000000e+00 0.000000000000000000e+00 1.000000000000000000e+00 0.000000000000000000e+00
0.000000000000000000e+00 0.000000000000000000e+00 4.575748009781700487e-01 0.000000000000000000e+00
0.000000000000000000e+00 0.000000000000000000e+00 4.575748009781700487e-01 0.000000000000000000e+00
0.000000000000000000e+00 0.000000000000000000e+00 5.516196842260042699e-01 0.000000000000000000e+00
0.000000000000000000e+00 0.000000000000000000e+00 6.762141362439256786e-01 0.000000000000000000e+00
0.000000000000000000e+00 0.000000000000000000e+00 6.762141362439256786e-01 0.000000000000000000e+00
0.000000000000000000e+00 1.116222210415747894e-02 7.347941778330733253e-01 0.000000000000000000e+00
0.000000000000000000e+00 1.112279750402438427e-01 7.308011085491757930e-01 0.000000000000000000e+00
0.000000000000000000e+00 1.112279750402438427e-01 7.308011085491757930e-01 0.000000000000000000e+00
0.000000000000000000e+00 1.112279750402438427e-01 7.308011085491757930e-01 0.000000000000000000e+00
0.000000000000000000e+00 1.112279750402438427e-01 7.308011085491757930e-01 0.000000000000000000e+00
0.000000000000000000e+00 1.112279750402438427e-01 7.308011085491757930e-01 0.000000000000000000e+00
0.000000000000000000e+00 1.457659498421407240e-01 7.289610081120555529e-01 0.000000000000000000e+00
1.996738999915880289e-02 1.425881816551985981e-01 7.263699684048574579e-01 0.000000000000000000e+00
1.162477282223663838e-01 1.697171095448258837e-01 6.972928862778426939e-01 0.000000000000000000e+00
1.162477282223663838e-01 1.697171095448258837e-01 6.972928862778426939e-01 0.000000000000000000e+00
1.162477282223663838e-01 1.697171095448258837e-01 6.972928862778426939e-01 0.000000000000000000e+00
1.162477282223663838e-01 1.697171095448258837e-01 6.972928862778426939e-01 0.000000000000000000e+00
1.162477282223663838e-01 1.697171095448258837e-01 6.972928862778426939e-01 0.000000000000000000e+00
1.162477282223663838e-01 1.697171095448258837e-01 6.972928862778426939e-01 0.000000000000000000e+00
1.162477282223663838e-01 1.697171095448258837e-01 6.972928862778426939e-01 0.000000000000000000e+00
1.753705436467149492e-01 2.709910001664330714e-01 7.986253388758777216e-01 0.000000000000000000e+00
1.948403031458261769e-01 2.634314683805931145e-01 7.758057890572760407e-01 0.000000000000000000e+00
1.948403031458261769e-01 2.634314683805931145e-01 7.758057890572760407e-01 0.000000000000000000e+00
1.948403031458261769e-01 2.634314683805931145e-01 7.758057890572760407e-01 0.000000000000000000e+00
1.948403031458261769e-01 2.634314683805931145e-01 7.758057890572760407e-01 0.000000000000000000e+00
1.948403031458261769e-01 2.634314683805931145e-01 7.758057890572760407e-01 0.000000000000000000e+00
1.948403031458261769e-01 2.634314683805931145e-01 7.758057890572760407e-01 0.000000000000000000e+00
1.981429073161488363e-01 2.738062590808568730e-01 7.593827754317613588e-01 0.000000000000000000e+00
1.948403031458261769e-01 2.634314683805931145e-01 7.758057890572760407e-01 0.000000000000000000e+00
1.948403031458261769e-01 2.634314683805931145e-01 7.758057890572760407e-01 0.000000000000000000e+00
1.948403031458261769e-01 2.634314683805931145e-01 7.758057890572760407e-01 0.000000000000000000e+00
1.948403031458261769e-01 2.634314683805931145e-01 7.758057890572760407e-01 0.000000000000000000e+00
1.948403031458261769e-01 2.634314683805931145e-01 7.758057890572760407e-01 0.000000000000000000e+00
1.948403031458261769e-01 2.634314683805931145e-01 7.758057890572760407e-01 0.000000000000000000e+00
1.948403031458261769e-01 2.634314683805931145e-01 7.758057890572760407e-01 0.000000000000000000e+00
1.948403031458261769e-01 2.634314683805931145e-01 7.758057890572760407e-01 0.000000000000000000e+00
1.948403031458261769e-01 2.634314683805931145e-01 7.758057890572760407e-01 0.000000000000000000e+00
1.948403031458261769e-01 2.634314683805931145e-01 7.758057890572760407e-01 0.000000000000000000e+00
1.948403031458261769e-01 2.634314683805931145e-01 7.758057890572760407e-01 0.000000000000000000e+00
1.948403031458261769e-01 2.634314683805931145e-01 7.758057890572760407e-01 0.000000000000000000e+00
1.948403031458261769e-01 2.634314683805931145e-01 7.758057890572760407e-01 0.000000000000000000e+00
