0.000000000000000000e+00 0.000000000000000000e+00 1.000000000000000000e+00 3.109725757979089344e-01
1.000000000000000000e+00 3.619583255531066968e-01 1.000000000000000000e+00 0.000000000000000000e+00
1.000000000000000000e+00 3.585150381229647576e-01 1.000000000000000000e+00 0.000000000000000000e+00
0.000000000000000000e+00 3.223246745960519632e-01 1.000000000000000000e+00 0.000000000000000000e+00
0.000000000000000000e+00 2.650138606942969988e-01 1.000000000000000000e+00 0.000000000000000000e+00
0.000000000000000000e+00 2.476658037022059777e-01 1.000000000000000000e+00 0.000000000000000000e+00
0.000000000000000000e+00 9.103516328794820922e-02 1.000000000000000000e+00 1.105510380634535245e-01
0.000000000000000000e+00 8.639617225967524683e-02 1.000000000000000000e+00 0.000000000000000000e+00
0.000000000000000000e+00 0.000000000000000000e+00 5.437195662739465751e-01 0.000000000000000000e+00
0.000000000000000000e+00 0.000000000000000000e+00 5.957228605864381965e-01 0.000000000000000000e+00
0.000000000000000000e+00 0.000000000000000000e+00 5.984689808882651674e-01 0.000000000000000000e+00
0.000000000000000000e+00 0.000000000000000000e+00 6.613512045490788083e-01 0.000000000000000000e+00
0.000000000000000000e+00 0.000000000000000000e+00 7.302070987099357202e-01 0.000000000000000000e+00
0.000000000000000000e+00 2.245093034242494345e-03 7.319787068629309834e-01 0.000000000000000000e+00
0.000000000000000000e+00 1.509506983068802100e-01 7.069498019477844508e-01 0.000000000000000000e+00
0.000000000000000000e+00 1.304220960090739512e-01 7.197603185544310112e-01 0.000000000000000000e+00
0.000000000000000000e+00 1.177907514245947335e-01 7.323663003324648590e-01 0.000000000000000000e+00
0.000000000000000000e+00 1.210350366868516991e-01 7.370932730896623264e-01 0.000000000000000000e+00
0.000000000000000000e+00 1.014291628827154595e-01 7.268361222069292804e-01 0.000000000000000000e+00
0.000000000000000000e+00 1.335834702755068770e-01 7.318554691056117223e-01 0.000000000000000000e+00
0.000000000000000000e+00 1.366864995562399598e-01 7.303371534906728524e-01 0.000000000000000000e+00
9.754812090140294045e-02 1.583984376584998133e-01 7.091987998556122941e-01 0.000000000000000000e+00
2.213065692723453215e-01 2.256483314169010768e-01 6.332629196257514304e-01 0.000000000000000000e+00
2.431211716489618258e-01 2.122870053565978909e-01 8.661704749203650300e-01 0.000000000000000000e+00
2.244146443083461784e-01 1.117928511340573750e-01 8.251490106778800460e-01 0.000000000000000000e+00
1.630551815381747482e-01 2.434757808740781737e-01 7.809712023458794672e-01 0.000000000000000000e+00
1.749830010609700059e-01 2.753072120723185079e-01 8.056643374518231981e-01 0.000000000000000000e+00
1.736405575377187871e-01 2.795289711852489978e-01 8.078996966385344480e-01 0.000000000000000000e+00
1.762706995428258150e-01 2.744014152836058984e-01 7.996549417102811752e-01 0.000000000000000000e+00
1.696781306962828750e-01 2.466111073916108787e-01 7.889963879274149994e-01 0.000000000000000000e+00
2.266211434184620677e-01 2.496708989741342477e-01 7.727468659509926230e-01 0.000000000000000000e+00
2.110510592227786419e-01 2.631327039516014321e-01 7.735114737788764128e-01 0.000000000000000000e+00
2.097236442647938126e-01 2.666540820404673107e-01 7.730597561309112686e-01 0.000000000000000000e+00
2.089831962746872829e-01 2.684843855289411052e-01 7.737702083773222439e-01 0.000000000000000000e+00
2.089914886152620666e-01 2.712404838773151416e-01 7.733207463537877802e-01 0.000000000000000000e+00
2.063575491888980928e-01 2.730495448627279220e-01 7.721890982129734349e-01 0.000000000000000000e+00
2.056666999041604216e-01 2.728342837259497000e-01 7.708174612562507244e-01 0.000000000000000000e+00
2.054519243625074487e-01 2.733704094656791983e-01 7.719571701510227202e-01 0.000000000000000000e+00
2.054741113291225774e-01 2.743497650286590983e-01 7.727419314315540078e-01 0.000000000000000000e+00
2.055067492104452609e-01 2.742993945420548196e-01 7.729643309523362982e-01 0.000000000000000000e+00
2.055102184548260325e-01 2.742211935213161311e-01 7.729782149026926952e-01 0.000000000000000000e+00
2.055318697467991007e-01 2.742748717118056456e-01 7.730486953903971115e-01 0.000000000000000000e+00
2.055925884433088824e-01 2.743953526231246443e-01 7.732484041353842041e-01 0.000000000000000000e+00
2.056406245550681522e-01 2.744297144335161032e-01 7.733560238301888656e-01 0.000000000000000000e+00
2.058046010110193280e-01 2.751759803304859586e-01 7.741013473867820460e-01 0.000000000000000000e+00
2.056595421434293247e-01 2.748343261224392986e-01 7.735332149393003842e-01 0.000000000000000000e+00
2.057526159409634181e-01 2.752194808429319073e-01 7.740680821341056062e-01 0.000000000000000000e+00
2.058026591405461014e-01 2.752867082346531213e-01 7.742477110951907493e-01 0.000000000000000000e+00
2.060209295318265188e-01 2.745385125021346240e-01 7.736648895850869456e-01 0.000000000000000000e+00
2.061848643107892232e-01 2.738090519628305630e-01 7.727175678497901767e-01 0.000000000000000000e+00
2.062905004670748665e-01 2.738739999983510476e-01 7.729677209763524681e-01 0.000000000000000000e+00
2.066253130653366021e-01 2.732520430510385623e-01 7.724217120938086101e-01 0.000000000000000000e+00
2.065875872537180080e-01 2.731828788288495624e-01 7.724674464982691502e-01 0.000000000000000000e+00
2.066329758651757886e-01 2.731612533460668901e-01 7.725079788030758676e-01 0.000000000000000000e+00
2.066075989807023838e-01 2.729436250945747600e-01 7.724036914072550664e-01 0.000000000000000000e+00
2.066098547318694356e-01 2.729068140778068696e-01 7.725177610345105306e-01 0.000000000000000000e+00
2.066541478596145287e-01 2.730098771091928889e-01 7.726587418374557537e-01 0.000000000000000000e+00
2.069497881820097640e-01 2.735308486801827921e-01 7.730332405579040111e-01 0.000000000000000000e+00
2.071533526049463558e-01 2.738222309506973540e-01 7.730301983339796790e-01 0.000000000000000000e+00
2.063225116641129731e-01 2.734004140554391338e-01 7.727482880413707456e-01 0.000000000000000000e+00
2.063923521390825799e-01 2.734648962214723533e-01 7.726139088157962798e-01 0.000000000000000000e+00
2.063495518460969624e-01 2.732396899100045240e-01 7.722654458784593556e-01 0.000000000000000000e+00
2.063504229305942461e-01 2.733614561957578570e-01 7.724531954393674127e-01 0.000000000000000000e+00
2.065345750044985107e-01 2.732798355758103148e-01 7.725490229152642829e-01 0.000000000000000000e+00
2.065126399280198533e-01 2.735409978647634910e-01 7.727044960353205427e-01 0.000000000000000000e+00
2.066578875466303089e-01 2.737111028818067227e-01 7.727154241582834260e-01 0.000000000000000000e+00
2.059738056288265839e-01 2.726150737552785475e-01 7.713798478305701201e-01 0.000000000000000000e+00
2.047383669814543394e-01 2.718528617831577066e-01 7.703191013920054342e-01 0.000000000000000000e+00
2.047944658886316494e-01 2.719720859754665709e-01 7.704060364435985075e-01 0.000000000000000000e+00
2.048623094307672476e-01 2.715081585813426956e-01 7.704952822991778527e-01 0.000000000000000000e+00
2.048054979205567450e-01 2.709742946038723455e-01 7.699521229263639466e-01 0.000000000000000000e+00
2.047890467377273815e-01 2.709258169497446023e-01 7.698248686079922631e-01 0.000000000000000000e+00
2.047974264280423562e-01 2.709797161910645347e-01 7.698909867700545195e-01 0.000000000000000000e+00
2.049833314062185496e-01 2.700705882970578786e-01 7.693271158786075814e-01 0.000000000000000000e+00
2.054238418876475902e-01 2.703091685959744250e-01 7.695297259708255844e-01 0.000000000000000000e+00
2.050652295929548397e-01 2.731147743762585844e-01 7.708025974127222790e-01 0.000000000000000000e+00
2.048912099237872042e-01 2.741725777134414455e-01 7.715223594872245849e-01 0.000000000000000000e+00
2.046418825712179312e-01 2.729904849194935701e-01 7.702747690518915169e-01 0.000000000000000000e+00
2.043572229823624464e-01 2.726764039921018568e-01 7.698055306486876193e-01 0.000000000000000000e+00
2.042634333772285760e-01 2.734426271967759781e-01 7.706970581856524838e-01 0.000000000000000000e+00
2.039334391462167551e-01 2.746610111097533835e-01 7.717844548240924141e-01 0.000000000000000000e+00
2.040538906470368563e-01 2.743817056987286618e-01 7.715340579877998373e-01 0.000000000000000000e+00
2.042242195763301071e-01 2.739008863512341074e-01 7.715093586662266079e-01 0.000000000000000000e+00
2.042186149173051413e-01 2.740923731825086196e-01 7.716257458685056303e-01 0.000000000000000000e+00
2.042854556101163233e-01 2.738374557792349062e-01 7.714582595982218960e-01 0.000000000000000000e+00
2.042810553129757734e-01 2.739563887979883927e-01 7.715299171023934921e-01 0.000000000000000000e+00
2.040533868125707084e-01 2.737056452937072781e-01 7.710306565365930842e-01 0.000000000000000000e+00
2.042481238358878903e-01 2.731713042925706381e-01 7.709973254027062683e-01 0.000000000000000000e+00
2.006609403832995964e-01 2.763820157225064245e-01 7.679878072079521223e-01 0.000000000000000000e+00
2.001358072209468431e-01 2.770900729887060820e-01 7.682641217597915295e-01 0.000000000000000000e+00
1.997476090154609862e-01 2.774822013705214307e-01 7.679806048807149566e-01 0.000000000000000000e+00
1.995799578088522375e-01 2.773916927216001915e-01 7.678526118664317224e-01 0.000000000000000000e+00
1.995220268331992508e-01 2.774320012155184201e-01 7.678292366420369497e-01 0.000000000000000000e+00
1.994393709304081719e-01 2.773646786269918230e-01 7.675739318295964342e-01 0.000000000000000000e+00
1.994873219854351176e-01 2.776523364491997881e-01 7.680245223073245420e-01 0.000000000000000000e+00
1.998083547196265186e-01 2.777733191183447969e-01 7.681350092715037992e-01 0.000000000000000000e+00
1.997706526730442522e-01 2.777393604549118766e-01 7.681451397910450396e-01 0.000000000000000000e+00
1.997489103026620638e-01 2.778715160925452898e-01 7.682075510039422239e-01 0.000000000000000000e+00
1.999130639893705319e-01 2.763066331474910986e-01 7.677419496007887867e-01 0.000000000000000000e+00
2.002454712320714814e-01 2.774908088002424611e-01 7.684817774620663622e-01 0.000000000000000000e+00
