-6.846689308452746925e-01
-4.406118470982193225e-01
3.356959703835340481e-01
-3.895688063430079451e-01
3.508569555305468546e-01
-8.981072021106764613e-02
4.488689531992297310e-02
7.303078372572589794e-02
3.605503394644189452e-01
4.264873757787389086e-01
4.048083776236236497e-01
-6.418592129776351518e-02
4.469959812253084808e-01
3.218656497585581922e-01
6.014551382342752106e-01
9.180345218302693455e-02
5.975247142998539873e-01
1.890864586091059729e-01
6.794901494054935709e-01
6.495668727952639276e-01
5.510254105376706235e-01
6.122121564224926038e-01
2.147332878952026292e-01
4.869626921874957159e-01
1.216625489259700155e+00
1.044675032737515163e+00
1.206475607230761415e+00
1.278197871729478852e+00
3.637764305392083841e-01
9.045361959687095998e-01
5.763180173316082566e-01
4.643910185641469401e-01
2.516780271295937510e-01
-2.609935731452767693e-01
4.041149678795548095e-01
2.718243016938442502e-01
-7.612549770340668043e-02
2.814747208407812340e-01
2.531780090219986068e-01
3.205707133093118610e-01
8.474056944148889992e-01
1.357419531289712489e-01
1.282491150251776180e+00
2.090987202275967072e-01
1.172695447711187278e+00
-1.418683509484658378e-02
7.032035211753878690e-01
4.359963442482985840e-01
3.448323632580077014e-01
2.303070570399449457e-01
-1.617038065813318493e-02
3.721258639827560444e-01
2.614518380999640290e-01
5.974862665420566099e-01
6.767414819120246561e-01
3.518811498243220592e-01
2.858352879943431013e-01
2.716969583018502554e-01
9.253243948225686744e-01
3.784396996262542334e-01
3.444119285955224430e-01
1.544206411514681965e-01
3.588099831804748563e-01
1.287325032099420508e+00
1.257944228360088346e+00
1.040780373093635358e+00
2.442266171639471684e-01
7.696176118226272234e-02
-3.362432463974929231e-02
5.836261411306855607e-01
2.297324888523999409e-02
3.930134529303391799e-01
8.219244541919545899e-02
-5.317323851064863494e-01
-1.455364759076305248e-01
7.838223857191367605e-01
-5.227090630543977934e-01
-4.908080788767243963e-01
-1.746287015147302002e-01
1.956143755944259044e-01
-7.930463286138755841e-02
-4.172220728337269202e-01
-2.241434269482058816e-01
8.751534750674173635e-01
1.340400630572219365e-02
2.096916163806983591e-01
9.081882680691081289e-01
1.583776744692666494e-02
-5.282427015407864523e-02
7.844386989521887621e-01
3.334643175675449100e-01
8.674588991217663247e-01
-6.827403606069060160e-02
6.975544488936838983e-01
5.390676589384286732e-01
8.885915114836955286e-01
2.954545702444751898e-01
8.993845727121446698e-01
1.754965303068534710e-01
2.106386430510830687e-01
-6.245639784259527927e-01
-2.583778632065254488e-01
4.127485066809736258e-01
-2.317667272191650252e-01
1.210275117388598387e-02
5.815250986218749585e-01
-1.483133825013367435e-01
4.680912986765302097e-01
-2.270671996204113863e-01
1.715486301697093097e-01
