2.469734990299135013e-01
2.469734990299135013e-01
2.469734990299135013e-01
2.469734990299135013e-01
2.469734990299135013e-01
2.469734990299135013e-01
2.469734990299135013e-01
1.029000392903641314e+00
1.029000392903641314e+00
6.612883209048044941e-01
9.085929036625879363e-01
6.743698590198905496e-01
1.029000392903641314e+00
2.717944938777816510e-02
1.019205776421112208e+00
9.334713311581293027e-01
7.402682715343147368e-01
1.027358541272259895e+00
9.826587029098852177e-01
2.018120920724812972e-01
2.018120920724812972e-01
1.620434916211446752e-02
-3.086502287381134857e-02
-4.224830443369783084e-01
1.785680783117625237e-01
2.449680386124790110e-01
2.748348949678193764e-01
4.567951743056044012e-01
3.220355917112481814e-01
2.762116516222304918e-01
5.193944249369794042e-01
4.139130870355889891e-01
2.060081448818730232e-01
2.748746663185512862e-01
3.371668137173537971e-01
2.106627382285339856e-01
2.133248534097483828e-01
2.085896474799856515e-01
1.946604631506200223e-01
1.915439623291010918e-01
1.850020790662518511e-01
1.869219499708122678e-01
1.737514522004902084e-01
9.591584108022555011e-01
2.900856657531392449e-02
1.596277533473769439e-01
1.454436123449594498e-01
1.107310555839075561e-01
5.729220617765756751e-02
1.964156955449684605e-01
3.106004153437664367e-02
7.874987407648295634e-02
2.284772088479966046e-01
2.196705802123511408e-01
1.343782893922690624e-01
1.620487423426874851e-01
5.030272070740232637e-02
1.618603373027470427e-02
1.718606622500075676e-01
5.799568956231063721e-01
5.863101455694346154e-01
4.782296492211086658e-01
1.560799029400621318e-01
3.855357431125671502e-02
1.227901380533779133e-02
1.682746818792586474e-01
1.406874504717640639e-01
-7.502099245166388153e-02
1.565759690816196925e-01
1.355973657458304782e-01
1.211383894852489096e-01
1.039135909006128067e-01
9.001478439854471159e-02
8.778683102464768240e-02
9.920735122101220771e-02
9.469444646772151586e-02
1.047119672523795786e-01
1.039796257151264225e-01
2.934148953617082833e-02
2.912325162198381445e-02
1.382882350931846638e-02
3.024678703806560343e-02
-1.111213594547070527e-01
-1.123344129411890102e-01
-9.404474106075842721e-02
6.039649766916875828e-01
6.319677416646942714e-01
7.564968984980097177e-02
7.567146443154931790e-02
7.545949769149296049e-02
7.142814909934325218e-02
7.229427897822393589e-02
7.189920142425221261e-02
7.972714989504864347e-02
8.208051475113248285e-02
8.164556086401747459e-02
8.228441501073785469e-02
9.211835022349879054e-02
8.607135698231238585e-02
8.650171880602558483e-02
