-1.744133151652395686e+00
-1.628262827573755178e+00
-1.593940778866935082e+00
-2.199986035227945003e+00
-1.802890953986190370e+00
-2.333613074070906457e+00
-2.614331589788223109e+00
-2.139799194138982674e+00
-2.370753235920704860e+00
-2.378962079559365783e+00
-3.484797376865311325e+00
-3.470446554483389789e+00
-3.037432399148668694e+00
-5.132871104845714072e+00
-5.119889312094497491e+00
-4.914867672899194240e+00
-6.330771106171847684e+00
-5.414673728625756688e+00
-5.821782862170115536e+00
-4.804928459121210693e+00
-4.333870630409713876e+00
-4.767452752236249758e+00
-2.660290487216740996e+00
-5.630306962313122554e+00
-5.891967198701967057e+00
-7.360410212023543508e+00
-8.749992893472223088e+00
-7.039742215995665298e+00
-5.765223863763976553e+00
-8.597985498767686252e+00
-8.914196471290930290e+00
-8.514323809829482670e+00
-9.027700220510334717e+00
-8.347784542315993761e+00
-7.701615191196221843e+00
-7.727064729938045495e+00
-7.449321122693258523e+00
-7.556223190931650180e+00
-7.461712053809125500e+00
-7.403034304313513836e+00
-7.677968963938718083e+00
-6.827836553778928952e+00
-6.795848054574133101e+00
-6.885326972891335551e+00
-6.906876968474486844e+00
-6.938284181793800798e+00
-6.716031663038225297e+00
-6.702270165892938891e+00
-6.618070280496206159e+00
-6.728382513028679845e+00
