6.322925686836242676e-01 4.703605771064758301e-01 8.867007493972778320e-02 8.942885994911193848e-01 6.488813757896423340e-01 5.540074706077575684e-01
3.539861440658569336e-01 9.681016802787780762e-01 4.289964437484741211e-01 8.658278584480285645e-01 5.134826898574829102e-02 7.660372853279113770e-01
3.239440917968750000e-01 3.593615889549255371e-01 2.150033712387084961e-01 3.145720958709716797e-01 1.676470637321472168e-01 1.810775399208068848e-01
2.784383893013000488e-01 1.635199189186096191e-01 2.576512098312377930e-01 3.429249525070190430e-01 8.707384467124938965e-01 7.407010197639465332e-01
9.676682949066162109e-02 2.000778317451477051e-01 7.883365750312805176e-01 4.113759398460388184e-01 4.790738224983215332e-01 1.539768576622009277e-01
4.772796630859375000e-01 2.078998684883117676e-01 6.100769639015197754e-01 2.374680042266845703e-01 3.888732790946960449e-01 2.428281903266906738e-01
1.663329601287841797e-01 1.038655042648315430e-01 1.111415624618530273e-01 2.258430123329162598e-01 9.521706104278564453e-01 3.992220759391784668e-01
5.525603890419006348e-01 4.890936613082885742e-01 9.136436581611633301e-01 3.581420183181762695e-01 5.040961503982543945e-01 5.805842280387878418e-01
8.023993968963623047e-01 2.542507648468017578e-01 3.553698062896728516e-01 1.982769370079040527e-01 2.609827518463134766e-01 7.433355450630187988e-01
5.719161033630371094e-01 2.856993675231933594e-02 2.410110831260681152e-01 2.317427992820739746e-01 3.843352794647216797e-01 3.048797845840454102e-01
1.000000000000000000e+00 9.981350570452521831e-01 1.656195605512979577e-02 1.000000000000000000e+00 9.977489370848302563e-01 9.987377241176089715e-01
1.000000000000000000e+00 2.023542794692470004e-01 3.606190561670023498e-01 1.000000000000000000e+00 5.028404223233986503e-01 9.785637785740474159e-01
2.173571161372689006e-02 9.782371779488194807e-01 1.073847535150912642e-02 9.779201891101242383e-01 9.642673228278836328e-01 3.738048650503098674e-02
9.653794937065154347e-01 8.844917364295350470e-01 2.816997723727752544e-03 9.904628879463356350e-01 7.151478771697217240e-01 1.024549627625059300e-01
7.116533507300115691e-01 9.429279220724040567e-01 6.599240150413664303e-03 9.868034517318010623e-01 9.415460996791613635e-01 8.330890231483341068e-01
8.059529590366714125e-01 1.740574546894244345e-01 4.050814239531238398e-02 9.336571212818992604e-01 8.389810332846389107e-01 7.786374198887211495e-01
9.478649936596016401e-01 7.206952843577064671e-01 7.689954942541384932e-03 9.883981138549563505e-01 4.026063339621228088e-01 9.228713233153241768e-01
9.803974116454002852e-01 9.987408377465089027e-01 4.773462970323048490e-03 6.697677654638302114e-01 9.552232597184544538e-01 9.204296209493298964e-01
1.000000000000000000e+00 9.984636475445490822e-01 1.000000000000000000e+00 9.197504951554741348e-01 8.633419660242587224e-01 1.000000000000000000e+00
9.500618149893510500e-01 9.875161280658718566e-01 1.894888195976930922e-01 9.830722417385220346e-01 9.631989703345047449e-01 9.695831788184349209e-01
8.548269262044598804e-01 7.616381211214880986e-01 8.047366793961523504e-03 9.659624233623855805e-01 9.774139739663727511e-01 6.003191287001344856e-01
9.879208558800932627e-01 9.808023767875168053e-01 1.505829359899517883e-01 9.917035133743624664e-01 9.905265029552950962e-01 5.622159046138266447e-01
9.657191723621482149e-01 4.330116155502193864e-01 1.486207068072334251e-03 9.399777172039519568e-01 9.515581915911004440e-01 2.855958096695948578e-02
9.989538796712562618e-01 6.757486226416454800e-01 3.260986843135640304e-03 9.118466150838703266e-01 9.744832330175120516e-01 4.808015820473793278e-01
9.470561792377532040e-01 7.156166967038005700e-01 4.131928081863778766e-03 8.309488939781310979e-01 9.777794541445825605e-01 4.556339172686524885e-01
1.000000000000000000e+00 9.387437628359437403e-01 5.462968065625312813e-03 7.903671374794452031e-01 9.572562268052946521e-01 8.813208761537314473e-01
9.596699164102466817e-01 5.686423671948677150e-01 1.376226296896920498e-01 9.872878986616040464e-01 9.857203961513687496e-01 6.538910585454046354e-01
1.000000000000000000e+00 4.621038887282281626e-01 0.000000000000000000e+00 1.000000000000000000e+00 9.709909580450828415e-01 8.636506055030378215e-02
1.000000000000000000e+00 6.910175808592058377e-01 6.523566090481104120e-03 1.000000000000000000e+00 9.885852932648806490e-01 7.132267238524613306e-01
7.722407661665686707e-01 6.096346338625645567e-01 2.162675112895358701e-02 1.332837506447244191e-01 9.432189075927503996e-01 1.273840840953040232e-01
9.109996404511526702e-01 5.372176533088888206e-01 0.000000000000000000e+00 9.448924247879567639e-01 9.932041269058272670e-01 8.864396254295492383e-01
2.644314901624618686e-01 3.516740644331871612e-01 2.424062858619666916e-01 2.070687833049731363e-01 5.717330247484852385e-02 1.359951656436876877e-01
9.494266431318592048e-01 6.473976810475636778e-01 1.937145421590511993e-02 9.791643397764291379e-01 8.347929631213530932e-01 8.740567976246453874e-01
8.690873869937841834e-01 5.659497570206130090e-01 1.575970818667828122e-02 3.093460339390085023e-01 9.303255756435107049e-01 1.713351806246918574e-01
9.043209990005225407e-01 2.656241605343173107e-01 3.578614579330801626e-01 2.003473032274180887e-01 2.466513627612304527e-01 1.000000000000000000e+00
7.451918870906251158e-01 1.501704607496869015e-01 8.218378070281769088e-02 9.074362472437373928e-01 7.890217101093149887e-01 8.032793771507863445e-01
9.806994995261861803e-01 1.000000000000000000e+00 1.660480024495173124e-01 9.759290091284431590e-01 9.521235745083073132e-01 5.782897131545152725e-01
5.917790253758333785e-01 1.912690403291798791e-01 1.834457582336878889e-01 8.278926585626603663e-01 6.492495446842325713e-01 8.290852742904161188e-01
9.725878843072102153e-01 7.033418616107421917e-01 0.000000000000000000e+00 9.950838269590881469e-01 8.202184038309529024e-01 5.968485318731805434e-01
9.343055129127894043e-01 6.911721973014265386e-01 1.452086591450073294e-02 9.582621305537945000e-01 6.730612189388556210e-01 5.400655165853156525e-01
4.074762884535654828e-01 9.391620409714942497e-01 7.947115863332096172e-03 9.817595234919213043e-01 9.417857177038329031e-01 6.436289959446978015e-01
8.598039111181358107e-01 5.694556068685708849e-01 4.911909710711417909e-02 8.387546652983516315e-01 4.468102818483219441e-01 4.580545410051410915e-01
8.480140539905115515e-01 5.777955784608276302e-01 1.209735883292363534e-01 6.062093311859064748e-01 3.411741174144564126e-02 1.637847089269208467e-01
3.676454336602313910e-01 3.721859631641910582e-01 1.887143713154819380e-01 4.201777444077425816e-01 2.777029223514839718e-01 2.246604335724500523e-01
8.206511483440427357e-01 1.306743888268923626e-01 4.893303130341080526e-02 9.326316845899643715e-01 2.552848557579275868e-01 4.827444999710811535e-01
9.423726435689975256e-01 7.356403001737261693e-01 1.151044387455379438e-02 9.932588081269944080e-01 3.484262787577543929e-01 9.393538569959090090e-01
7.406850499509719521e-01 2.461858136375244255e-01 3.637610408927455241e-01 2.031601869984857311e-01 2.739103244448721775e-01 6.226508070627967406e-01
9.470228801396568530e-01 8.423350660073355423e-01 9.069601910274134315e-01 8.420697101559383446e-01 2.997240181405737558e-01 1.706867941532813626e-01
8.496984125828855872e-01 5.779650715103780145e-01 1.052212689123800393e-01 6.176965139931628324e-01 4.749904270697597602e-02 2.096633315009917287e-01
9.910461135193139315e-01 8.296235258553310565e-01 9.347414641856841566e-01 8.343031892880148348e-01 2.786525119386966676e-01 0.000000000000000000e+00
8.942569487763041280e-01 6.023310107017040282e-01 2.327220294037316700e-02 9.470478324157953764e-01 7.004681674643525868e-01 5.352835621015943346e-01
9.047076709978915110e-01 8.529654154827042145e-01 8.744985900435640058e-01 8.489849528983255400e-01 3.126453370442101587e-01 3.162610344992544675e-01
7.805632284308461344e-01 8.792400206524775275e-01 7.589831014437674606e-01 8.702592637079031856e-01 3.071253947756099612e-01 6.500314570939418335e-01
9.910693097407889951e-01 8.276878059468626425e-01 8.483375261396889355e-01 8.500583682709332844e-01 2.963931658519587953e-01 0.000000000000000000e+00
8.516714211260844047e-01 5.564932885941625829e-01 6.585626232978621097e-02 7.539954166927995693e-01 2.792725252851346318e-01 3.985986041214012454e-01
8.948673838099288624e-02 2.480519341390000632e-01 6.545498351545607774e-01 4.831452397197051329e-01 5.105254530475065167e-01 2.960973226799526459e-01
8.258026522233913314e-01 5.289188101601408620e-01 4.559295910159082976e-01 9.470967132258709675e-01 9.799951078903195167e-01 6.233062110150870971e-01
8.374107277312139996e-02 9.281926364665344931e-01 6.728074662741684309e-02 8.541691355723985968e-01 5.473029896019857010e-02 1.313066423483926770e-01
8.133572001382877170e-01 2.542275752536263811e-01 3.562793688318105501e-01 0.000000000000000000e+00 2.461084106261449134e-01 8.217705072074255046e-01
7.043590184984754865e-01 5.443060496078353516e-01 8.217914978240643820e-02 9.025763009715425111e-01 7.295659370679915545e-01 4.500248030776398123e-01
