-7.614856227736926941e-01
-7.614856227736926941e-01
-7.614856227736926941e-01
-4.556164593745438141e-01
-4.556164593745438141e-01
-4.556164593745438141e-01
-4.556164593745438141e-01
-4.556164593745438141e-01
-4.556164593745438141e-01
-4.556164593745438141e-01
-4.556164593745438141e-01
-4.556164593745438141e-01
-4.556164593745438141e-01
-4.556164593745438141e-01
-4.556164593745438141e-01
-4.556164593745438141e-01
-4.556164593745438141e-01
-4.556164593745438141e-01
-4.556164593745438141e-01
-4.556164593745438141e-01
-4.556164593745438141e-01
-4.556164593745438141e-01
-4.556164593745438141e-01
-4.556164593745438141e-01
-4.556164593745438141e-01
-4.556164593745438141e-01
-4.556164593745438141e-01
-4.556164593745438141e-01
-4.058447310508219719e-01
-4.058447310508219719e-01
-4.058447310508219719e-01
-4.058447310508219719e-01
-4.058447310508219719e-01
-4.058447310508219719e-01
-4.058447310508219719e-01
-4.058447310508219719e-01
-4.058447310508219719e-01
-4.058447310508219719e-01
-4.058447310508219719e-01
-4.058447310508219719e-01
-4.058447310508219719e-01
-4.058447310508219719e-01
-4.058447310508219719e-01
-4.058447310508219719e-01
-4.058447310508219719e-01
-4.058447310508219719e-01
-4.058447310508219719e-01
-4.058447310508219719e-01
-4.058447310508219719e-01
-4.058447310508219719e-01
