4.650917649269104004e-01 6.824106574058532715e-01 8.316817879676818848e-01 6.070774793624877930e-02
4.650917649269104004e-01 6.824106574058532715e-01 8.316817879676818848e-01 6.070774793624877930e-02
4.650917649269104004e-01 6.824106574058532715e-01 8.316817879676818848e-01 6.070774793624877930e-02
6.845960021018981934e-01 2.148579359054565430e-01 1.038694977760314941e-01 9.467386007308959961e-01
6.845960021018981934e-01 2.148579359054565430e-01 1.038694977760314941e-01 9.467386007308959961e-01
6.845960021018981934e-01 2.148579359054565430e-01 1.038694977760314941e-01 9.467386007308959961e-01
6.845960021018981934e-01 2.148579359054565430e-01 1.038694977760314941e-01 9.467386007308959961e-01
6.845960021018981934e-01 2.148579359054565430e-01 1.038694977760314941e-01 9.467386007308959961e-01
6.845960021018981934e-01 2.148579359054565430e-01 1.038694977760314941e-01 9.467386007308959961e-01
6.845960021018981934e-01 2.148579359054565430e-01 1.038694977760314941e-01 9.467386007308959961e-01
6.845960021018981934e-01 2.148579359054565430e-01 1.038694977760314941e-01 9.467386007308959961e-01
6.845960021018981934e-01 2.148579359054565430e-01 1.038694977760314941e-01 9.467386007308959961e-01
6.845960021018981934e-01 2.148579359054565430e-01 1.038694977760314941e-01 9.467386007308959961e-01
6.845960021018981934e-01 2.148579359054565430e-01 1.038694977760314941e-01 9.467386007308959961e-01
6.845960021018981934e-01 2.148579359054565430e-01 1.038694977760314941e-01 9.467386007308959961e-01
6.845960021018981934e-01 2.148579359054565430e-01 1.038694977760314941e-01 9.467386007308959961e-01
6.845960021018981934e-01 2.148579359054565430e-01 1.038694977760314941e-01 9.467386007308959961e-01
6.845960021018981934e-01 2.148579359054565430e-01 1.038694977760314941e-01 9.467386007308959961e-01
6.845960021018981934e-01 2.148579359054565430e-01 1.038694977760314941e-01 9.467386007308959961e-01
6.845960021018981934e-01 2.148579359054565430e-01 1.038694977760314941e-01 9.467386007308959961e-01
6.845960021018981934e-01 2.148579359054565430e-01 1.038694977760314941e-01 9.467386007308959961e-01
6.845960021018981934e-01 2.148579359054565430e-01 1.038694977760314941e-01 9.467386007308959961e-01
6.845960021018981934e-01 2.148579359054565430e-01 1.038694977760314941e-01 9.467386007308959961e-01
6.845960021018981934e-01 2.148579359054565430e-01 1.038694977760314941e-01 9.467386007308959961e-01
6.845960021018981934e-01 2.148579359054565430e-01 1.038694977760314941e-01 9.467386007308959961e-01
6.845960021018981934e-01 2.148579359054565430e-01 1.038694977760314941e-01 9.467386007308959961e-01
6.845960021018981934e-01 2.148579359054565430e-01 1.038694977760314941e-01 9.467386007308959961e-01
6.845960021018981934e-01 2.148579359054565430e-01 1.038694977760314941e-01 9.467386007308959961e-01
8.682280778884887695e-01 8.487867116928100586e-01 6.985524296760559082e-01 9.253733158111572266e-01
8.682280778884887695e-01 8.487867116928100586e-01 6.985524296760559082e-01 9.253733158111572266e-01
8.682280778884887695e-01 8.487867116928100586e-01 6.985524296760559082e-01 9.253733158111572266e-01
8.682280778884887695e-01 8.487867116928100586e-01 6.985524296760559082e-01 9.253733158111572266e-01
8.682280778884887695e-01 8.487867116928100586e-01 6.985524296760559082e-01 9.253733158111572266e-01
8.682280778884887695e-01 8.487867116928100586e-01 6.985524296760559082e-01 9.253733158111572266e-01
8.682280778884887695e-01 8.487867116928100586e-01 6.985524296760559082e-01 9.253733158111572266e-01
8.682280778884887695e-01 8.487867116928100586e-01 6.985524296760559082e-01 9.253733158111572266e-01
8.682280778884887695e-01 8.487867116928100586e-01 6.985524296760559082e-01 9.253733158111572266e-01
8.682280778884887695e-01 8.487867116928100586e-01 6.985524296760559082e-01 9.253733158111572266e-01
8.682280778884887695e-01 8.487867116928100586e-01 6.985524296760559082e-01 9.253733158111572266e-01
8.682280778884887695e-01 8.487867116928100586e-01 6.985524296760559082e-01 9.253733158111572266e-01
8.682280778884887695e-01 8.487867116928100586e-01 6.985524296760559082e-01 9.253733158111572266e-01
8.682280778884887695e-01 8.487867116928100586e-01 6.985524296760559082e-01 9.253733158111572266e-01
8.682280778884887695e-01 8.487867116928100586e-01 6.985524296760559082e-01 9.253733158111572266e-01
8.682280778884887695e-01 8.487867116928100586e-01 6.985524296760559082e-01 9.253733158111572266e-01
8.682280778884887695e-01 8.487867116928100586e-01 6.985524296760559082e-01 9.253733158111572266e-01
8.682280778884887695e-01 8.487867116928100586e-01 6.985524296760559082e-01 9.253733158111572266e-01
8.682280778884887695e-01 8.487867116928100586e-01 6.985524296760559082e-01 9.253733158111572266e-01
8.682280778884887695e-01 8.487867116928100586e-01 6.985524296760559082e-01 9.253733158111572266e-01
8.682280778884887695e-01 8.487867116928100586e-01 6.985524296760559082e-01 9.253733158111572266e-01
8.682280778884887695e-01 8.487867116928100586e-01 6.985524296760559082e-01 9.253733158111572266e-01
8.682280778884887695e-01 8.487867116928100586e-01 6.985524296760559082e-01 9.253733158111572266e-01
8.682280778884887695e-01 8.487867116928100586e-01 6.985524296760559082e-01 9.253733158111572266e-01
8.682280778884887695e-01 8.487867116928100586e-01 6.985524296760559082e-01 9.253733158111572266e-01
8.682280778884887695e-01 8.487867116928100586e-01 6.985524296760559082e-01 9.253733158111572266e-01
8.682280778884887695e-01 8.487867116928100586e-01 6.985524296760559082e-01 9.253733158111572266e-01
8.682280778884887695e-01 8.487867116928100586e-01 6.985524296760559082e-01 9.253733158111572266e-01
8.682280778884887695e-01 8.487867116928100586e-01 6.985524296760559082e-01 9.253733158111572266e-01
8.682280778884887695e-01 8.487867116928100586e-01 6.985524296760559082e-01 9.253733158111572266e-01
8.682280778884887695e-01 8.487867116928100586e-01 6.985524296760559082e-01 9.253733158111572266e-01
8.682280778884887695e-01 8.487867116928100586e-01 6.985524296760559082e-01 9.253733158111572266e-01
8.682280778884887695e-01 8.487867116928100586e-01 6.985524296760559082e-01 9.253733158111572266e-01
8.682280778884887695e-01 8.487867116928100586e-01 6.985524296760559082e-01 9.253733158111572266e-01
8.682280778884887695e-01 8.487867116928100586e-01 6.985524296760559082e-01 9.253733158111572266e-01
8.682280778884887695e-01 8.487867116928100586e-01 6.985524296760559082e-01 9.253733158111572266e-01
8.682280778884887695e-01 8.487867116928100586e-01 6.985524296760559082e-01 9.253733158111572266e-01
2.241458892822265625e-01 9.952587485313415527e-01 8.840162754058837891e-01 9.428862333297729492e-01
2.241458892822265625e-01 9.952587485313415527e-01 8.840162754058837891e-01 9.428862333297729492e-01
2.241458892822265625e-01 9.952587485313415527e-01 8.840162754058837891e-01 9.428862333297729492e-01
2.241458892822265625e-01 9.952587485313415527e-01 8.840162754058837891e-01 9.428862333297729492e-01
2.241458892822265625e-01 9.952587485313415527e-01 8.840162754058837891e-01 9.428862333297729492e-01
2.241458892822265625e-01 9.952587485313415527e-01 8.840162754058837891e-01 9.428862333297729492e-01
2.241458892822265625e-01 9.952587485313415527e-01 8.840162754058837891e-01 9.428862333297729492e-01
2.241458892822265625e-01 9.952587485313415527e-01 8.840162754058837891e-01 9.428862333297729492e-01
2.241458892822265625e-01 9.952587485313415527e-01 8.840162754058837891e-01 9.428862333297729492e-01
2.241458892822265625e-01 9.952587485313415527e-01 8.840162754058837891e-01 9.428862333297729492e-01
2.241458892822265625e-01 9.952587485313415527e-01 8.840162754058837891e-01 9.428862333297729492e-01
2.241458892822265625e-01 9.952587485313415527e-01 8.840162754058837891e-01 9.428862333297729492e-01
2.241458892822265625e-01 9.952587485313415527e-01 8.840162754058837891e-01 9.428862333297729492e-01
2.241458892822265625e-01 9.952587485313415527e-01 8.840162754058837891e-01 9.428862333297729492e-01
2.241458892822265625e-01 9.952587485313415527e-01 8.840162754058837891e-01 9.428862333297729492e-01
2.241458892822265625e-01 9.952587485313415527e-01 8.840162754058837891e-01 9.428862333297729492e-01
2.241458892822265625e-01 9.952587485313415527e-01 8.840162754058837891e-01 9.428862333297729492e-01
2.241458892822265625e-01 9.952587485313415527e-01 8.840162754058837891e-01 9.428862333297729492e-01
2.241458892822265625e-01 9.952587485313415527e-01 8.840162754058837891e-01 9.428862333297729492e-01
2.241458892822265625e-01 9.952587485313415527e-01 8.840162754058837891e-01 9.428862333297729492e-01
2.241458892822265625e-01 9.952587485313415527e-01 8.840162754058837891e-01 9.428862333297729492e-01
2.241458892822265625e-01 9.952587485313415527e-01 8.840162754058837891e-01 9.428862333297729492e-01
2.241458892822265625e-01 9.952587485313415527e-01 8.840162754058837891e-01 9.428862333297729492e-01
2.241458892822265625e-01 9.952587485313415527e-01 8.840162754058837891e-01 9.428862333297729492e-01
2.241458892822265625e-01 9.952587485313415527e-01 8.840162754058837891e-01 9.428862333297729492e-01
2.241458892822265625e-01 9.952587485313415527e-01 8.840162754058837891e-01 9.428862333297729492e-01
2.241458892822265625e-01 9.952587485313415527e-01 8.840162754058837891e-01 9.428862333297729492e-01
2.241458892822265625e-01 9.952587485313415527e-01 8.840162754058837891e-01 9.428862333297729492e-01
5.665432214736938477e-01 9.560292363166809082e-01 9.405534267425537109e-01 8.160006999969482422e-01
5.665432214736938477e-01 9.560292363166809082e-01 9.405534267425537109e-01 8.160006999969482422e-01
5.665432214736938477e-01 9.560292363166809082e-01 9.405534267425537109e-01 8.160006999969482422e-01
5.665432214736938477e-01 9.560292363166809082e-01 9.405534267425537109e-01 8.160006999969482422e-01
5.665432214736938477e-01 9.560292363166809082e-01 9.405534267425537109e-01 8.160006999969482422e-01
5.665432214736938477e-01 9.560292363166809082e-01 9.405534267425537109e-01 8.160006999969482422e-01
5.665432214736938477e-01 9.560292363166809082e-01 9.405534267425537109e-01 8.160006999969482422e-01
