-3.901500272335088892e-01
-4.041650439951039453e-01
-3.524694706871160377e-01
-4.661864381912845245e-01
-3.445580961033936074e-01
-1.547312124609651340e-01
-4.082739068166807428e-01
1.012711703214715792e-01
-1.401521585259930258e-01
-2.252894482813543320e-01
-5.343237466022785487e-01
-3.612327870771399607e-01
-7.440509128766291669e-01
-4.369565176872877155e-01
-3.643453981363579119e-01
1.972216459427015289e-01
-3.693465719516040302e-01
-4.016154101114397523e-01
-2.221195684575931750e-01
-2.643179441796693063e-01
4.864252510947051356e-01
-3.402980717568408475e-01
5.925466300027864008e-01
-3.454994927894492474e-01
-8.160500831890034057e-01
-1.415593266543842266e-01
-4.023558938566104137e-01
-5.939657756401504063e-01
-7.019975096635111544e-01
-4.268407055498960045e-01
-4.337426173105332072e-01
5.682493463823725666e-01
-5.955064721983003295e-01
2.140342688526001291e-01
-4.236507556898109761e-01
-6.151242701168635474e-01
-6.499779210760837644e-01
-7.195712700396996730e-01
-4.310332899789622862e-01
-5.558018280736888306e-01
-8.204806935480546404e-02
-6.267327237585864630e-01
-4.246827313564748851e-01
-5.521460351548003187e-01
-5.262469192063456980e-01
-4.787302390697635301e-01
-1.594757524151223516e-01
-2.433653305227210795e-01
-1.166476350583501020e-01
-8.026740198178753394e-01
-4.499878087465622456e-01
-4.412538349714831831e-01
4.512048368903248119e-01
5.559817596954075292e-01
-7.904122817236567400e-01
-4.710242017573826878e-01
-4.839550875805611052e-01
8.671722468941929218e-01
-2.953411525930765835e-01
-1.706540583722811477e-01
-5.964629330906792148e-01
-5.403952587296256826e-03
-8.053413869904854083e-01
-1.768857930995084704e-01
-4.140612396915946403e-01
-1.174376980673184301e+00
-4.419159848046720351e-01
-3.042588371670150726e-01
-4.482511464762108377e-01
-4.129946114602883744e-01
-8.262518871886505023e-01
-3.554004034164917059e-01
-3.712990503661857122e-01
-4.974909135530489745e-01
3.535560309269067947e-01
-3.996817598367273239e-01
-6.363780673811820776e-01
-9.048517947227813218e-01
-5.449826776965863706e-01
-2.693328830560108855e-01
5.299455745707135623e-01
-8.853754501195028048e-01
-1.571808419747963703e-01
-5.922916776999772592e-01
-1.546037046363319400e-01
-6.869640984192270095e-01
-7.437775309457723694e-01
-5.104123209862438948e-01
-2.075256717826365338e-01
-2.200446438397748727e-01
-6.486359992683161657e-01
-2.026457772761103282e-01
3.020128522826171502e-01
-3.147876729303854537e-01
-6.729272424278234244e-01
-3.161679816402085397e-01
-4.474484394197590365e-01
-5.557177485555802043e-01
-8.493864307216203446e-01
-1.879737520046984300e-01
-6.265700552696449321e-01
3.896756952262224183e-01
2.518510850717719518e-01
-3.187949250249282329e-01
-7.997592945843713386e-01
6.752614295183637649e-01
-3.038622789126830259e-01
1.785047608728511093e-01
-7.077268585791762767e-02
5.536706077913493562e-01
