4.552131891250610352e-02 5.957141518592834473e-01 9.032221436500549316e-01 8.150358796119689941e-01
7.403705077033968796e-02 6.514297561329914776e-01 9.567485917970633968e-01 6.638851033549058034e-01
3.595898936331947456e-03 9.892998731789435229e-01 1.000000000000000000e+00 0.000000000000000000e+00
3.595898936331947456e-03 9.892998731789435229e-01 1.000000000000000000e+00 0.000000000000000000e+00
3.595898936331947456e-03 9.892998731789435229e-01 1.000000000000000000e+00 0.000000000000000000e+00
3.595898936331947456e-03 9.892998731789435229e-01 1.000000000000000000e+00 0.000000000000000000e+00
3.595898936331947456e-03 9.892998731789435229e-01 1.000000000000000000e+00 0.000000000000000000e+00
3.595898936331947456e-03 9.892998731789435229e-01 1.000000000000000000e+00 0.000000000000000000e+00
3.595898936331947456e-03 9.892998731789435229e-01 1.000000000000000000e+00 0.000000000000000000e+00
3.595898936331947456e-03 9.892998731789435229e-01 1.000000000000000000e+00 0.000000000000000000e+00
3.595898936331947456e-03 9.892998731789435229e-01 1.000000000000000000e+00 0.000000000000000000e+00
3.595898936331947456e-03 9.892998731789435229e-01 1.000000000000000000e+00 0.000000000000000000e+00
5.115501811643753671e-03 6.891326326841027416e-01 9.852211326620432530e-01 6.912246402322012040e-01
5.115501811643753671e-03 6.891326326841027416e-01 9.852211326620432530e-01 6.912246402322012040e-01
5.115501811643753671e-03 6.891326326841027416e-01 9.852211326620432530e-01 6.912246402322012040e-01
5.115501811643753671e-03 6.891326326841027416e-01 9.852211326620432530e-01 6.912246402322012040e-01
5.115501811643753671e-03 6.891326326841027416e-01 9.852211326620432530e-01 6.912246402322012040e-01
5.115501811643753671e-03 6.891326326841027416e-01 9.852211326620432530e-01 6.912246402322012040e-01
5.115501811643753671e-03 6.891326326841027416e-01 9.852211326620432530e-01 6.912246402322012040e-01
5.115501811643753671e-03 6.891326326841027416e-01 9.852211326620432530e-01 6.912246402322012040e-01
2.174713186061733722e-03 7.895249754988301616e-01 8.484264604814648614e-01 6.153448337705177407e-01
2.174713186061733722e-03 7.895249754988301616e-01 8.484264604814648614e-01 6.153448337705177407e-01
2.174713186061733722e-03 7.895249754988301616e-01 8.484264604814648614e-01 6.153448337705177407e-01
2.174713186061733722e-03 7.895249754988301616e-01 8.484264604814648614e-01 6.153448337705177407e-01
2.174713186061733722e-03 7.895249754988301616e-01 8.484264604814648614e-01 6.153448337705177407e-01
2.174713186061733722e-03 7.895249754988301616e-01 8.484264604814648614e-01 6.153448337705177407e-01
2.174713186061733722e-03 7.895249754988301616e-01 8.484264604814648614e-01 6.153448337705177407e-01
2.174713186061733722e-03 7.895249754988301616e-01 8.484264604814648614e-01 6.153448337705177407e-01
2.174713186061733722e-03 7.895249754988301616e-01 8.484264604814648614e-01 6.153448337705177407e-01
2.174713186061733722e-03 7.895249754988301616e-01 8.484264604814648614e-01 6.153448337705177407e-01
2.174713186061733722e-03 7.895249754988301616e-01 8.484264604814648614e-01 6.153448337705177407e-01
2.174713186061733722e-03 7.895249754988301616e-01 8.484264604814648614e-01 6.153448337705177407e-01
0.000000000000000000e+00 7.922996286816788025e-01 8.287156087522613568e-01 5.316098426031640178e-01
0.000000000000000000e+00 7.922996286816788025e-01 8.287156087522613568e-01 5.316098426031640178e-01
0.000000000000000000e+00 7.922996286816788025e-01 8.287156087522613568e-01 5.316098426031640178e-01
0.000000000000000000e+00 7.922996286816788025e-01 8.287156087522613568e-01 5.316098426031640178e-01
0.000000000000000000e+00 7.922996286816788025e-01 8.287156087522613568e-01 5.316098426031640178e-01
0.000000000000000000e+00 7.922996286816788025e-01 8.287156087522613568e-01 5.316098426031640178e-01
0.000000000000000000e+00 7.922996286816788025e-01 8.287156087522613568e-01 5.316098426031640178e-01
0.000000000000000000e+00 7.922996286816788025e-01 8.287156087522613568e-01 5.316098426031640178e-01
0.000000000000000000e+00 7.922996286816788025e-01 8.287156087522613568e-01 5.316098426031640178e-01
0.000000000000000000e+00 7.922996286816788025e-01 8.287156087522613568e-01 5.316098426031640178e-01
0.000000000000000000e+00 7.922996286816788025e-01 8.287156087522613568e-01 5.316098426031640178e-01
0.000000000000000000e+00 7.922996286816788025e-01 8.287156087522613568e-01 5.316098426031640178e-01
0.000000000000000000e+00 7.922996286816788025e-01 8.287156087522613568e-01 5.316098426031640178e-01
0.000000000000000000e+00 7.922996286816788025e-01 8.287156087522613568e-01 5.316098426031640178e-01
0.000000000000000000e+00 7.922996286816788025e-01 8.287156087522613568e-01 5.316098426031640178e-01
0.000000000000000000e+00 7.922996286816788025e-01 8.287156087522613568e-01 5.316098426031640178e-01
0.000000000000000000e+00 7.922996286816788025e-01 8.287156087522613568e-01 5.316098426031640178e-01
0.000000000000000000e+00 7.922996286816788025e-01 8.287156087522613568e-01 5.316098426031640178e-01
0.000000000000000000e+00 7.922996286816788025e-01 8.287156087522613568e-01 5.316098426031640178e-01
0.000000000000000000e+00 7.922996286816788025e-01 8.287156087522613568e-01 5.316098426031640178e-01
0.000000000000000000e+00 7.922996286816788025e-01 8.287156087522613568e-01 5.316098426031640178e-01
0.000000000000000000e+00 7.922996286816788025e-01 8.287156087522613568e-01 5.316098426031640178e-01
0.000000000000000000e+00 7.922996286816788025e-01 8.287156087522613568e-01 5.316098426031640178e-01
0.000000000000000000e+00 7.922996286816788025e-01 8.287156087522613568e-01 5.316098426031640178e-01
0.000000000000000000e+00 7.922996286816788025e-01 8.287156087522613568e-01 5.316098426031640178e-01
0.000000000000000000e+00 7.922996286816788025e-01 8.287156087522613568e-01 5.316098426031640178e-01
0.000000000000000000e+00 7.922996286816788025e-01 8.287156087522613568e-01 5.316098426031640178e-01
0.000000000000000000e+00 7.922996286816788025e-01 8.287156087522613568e-01 5.316098426031640178e-01
0.000000000000000000e+00 7.922996286816788025e-01 8.287156087522613568e-01 5.316098426031640178e-01
0.000000000000000000e+00 7.922996286816788025e-01 8.287156087522613568e-01 5.316098426031640178e-01
0.000000000000000000e+00 7.922996286816788025e-01 8.287156087522613568e-01 5.316098426031640178e-01
0.000000000000000000e+00 7.922996286816788025e-01 8.287156087522613568e-01 5.316098426031640178e-01
0.000000000000000000e+00 7.922996286816788025e-01 8.287156087522613568e-01 5.316098426031640178e-01
0.000000000000000000e+00 7.922996286816788025e-01 8.287156087522613568e-01 5.316098426031640178e-01
0.000000000000000000e+00 7.922996286816788025e-01 8.287156087522613568e-01 5.316098426031640178e-01
0.000000000000000000e+00 7.922996286816788025e-01 8.287156087522613568e-01 5.316098426031640178e-01
0.000000000000000000e+00 7.922996286816788025e-01 8.287156087522613568e-01 5.316098426031640178e-01
0.000000000000000000e+00 7.922996286816788025e-01 8.287156087522613568e-01 5.316098426031640178e-01
0.000000000000000000e+00 7.922996286816788025e-01 8.287156087522613568e-01 5.316098426031640178e-01
0.000000000000000000e+00 7.922996286816788025e-01 8.287156087522613568e-01 5.316098426031640178e-01
0.000000000000000000e+00 7.922996286816788025e-01 8.287156087522613568e-01 5.316098426031640178e-01
0.000000000000000000e+00 7.922996286816788025e-01 8.287156087522613568e-01 5.316098426031640178e-01
0.000000000000000000e+00 7.922996286816788025e-01 8.287156087522613568e-01 5.316098426031640178e-01
0.000000000000000000e+00 7.922996286816788025e-01 8.287156087522613568e-01 5.316098426031640178e-01
0.000000000000000000e+00 7.922996286816788025e-01 8.287156087522613568e-01 5.316098426031640178e-01
0.000000000000000000e+00 7.922996286816788025e-01 8.287156087522613568e-01 5.316098426031640178e-01
0.000000000000000000e+00 7.922996286816788025e-01 8.287156087522613568e-01 5.316098426031640178e-01
0.000000000000000000e+00 7.922996286816788025e-01 8.287156087522613568e-01 5.316098426031640178e-01
0.000000000000000000e+00 7.922996286816788025e-01 8.287156087522613568e-01 5.316098426031640178e-01
0.000000000000000000e+00 7.922996286816788025e-01 8.287156087522613568e-01 5.316098426031640178e-01
0.000000000000000000e+00 7.922996286816788025e-01 8.287156087522613568e-01 5.316098426031640178e-01
0.000000000000000000e+00 7.922996286816788025e-01 8.287156087522613568e-01 5.316098426031640178e-01
0.000000000000000000e+00 7.922996286816788025e-01 8.287156087522613568e-01 5.316098426031640178e-01
0.000000000000000000e+00 7.922996286816788025e-01 8.287156087522613568e-01 5.316098426031640178e-01
0.000000000000000000e+00 7.922996286816788025e-01 8.287156087522613568e-01 5.316098426031640178e-01
0.000000000000000000e+00 7.922996286816788025e-01 8.287156087522613568e-01 5.316098426031640178e-01
0.000000000000000000e+00 7.922996286816788025e-01 8.287156087522613568e-01 5.316098426031640178e-01
0.000000000000000000e+00 7.922996286816788025e-01 8.287156087522613568e-01 5.316098426031640178e-01
0.000000000000000000e+00 7.922996286816788025e-01 8.287156087522613568e-01 5.316098426031640178e-01
0.000000000000000000e+00 7.922996286816788025e-01 8.287156087522613568e-01 5.316098426031640178e-01
0.000000000000000000e+00 7.922996286816788025e-01 8.287156087522613568e-01 5.316098426031640178e-01
0.000000000000000000e+00 7.922996286816788025e-01 8.287156087522613568e-01 5.316098426031640178e-01
0.000000000000000000e+00 7.922996286816788025e-01 8.287156087522613568e-01 5.316098426031640178e-01
0.000000000000000000e+00 7.922996286816788025e-01 8.287156087522613568e-01 5.316098426031640178e-01
0.000000000000000000e+00 7.922996286816788025e-01 8.287156087522613568e-01 5.316098426031640178e-01
0.000000000000000000e+00 7.922996286816788025e-01 8.287156087522613568e-01 5.316098426031640178e-01
0.000000000000000000e+00 7.922996286816788025e-01 8.287156087522613568e-01 5.316098426031640178e-01
0.000000000000000000e+00 7.922996286816788025e-01 8.287156087522613568e-01 5.316098426031640178e-01
