8.530430524979315532e-02
8.530430524979315532e-02
8.530430524979315532e-02
8.530430524979315532e-02
1.127397027936134777e-01
1.127397027936134777e-01
1.127397027936134777e-01
1.127397027936134777e-01
1.127397027936134777e-01
1.191745144718008298e-01
2.808728790353412497e-01
2.808728790353412497e-01
2.808728790353412497e-01
2.817659196372241937e-01
2.817659196372241937e-01
3.592388816572277821e-01
3.592388816572277821e-01
3.592388816572277821e-01
3.592388816572277821e-01
3.592388816572277821e-01
3.592388816572277821e-01
3.592388816572277821e-01
5.706530726471445991e-01
5.706530726471445991e-01
5.706530726471445991e-01
5.706530726471445991e-01
5.706530726471445991e-01
5.706530726471445991e-01
5.706530726471445991e-01
5.706530726471445991e-01
5.706530726471445991e-01
5.706530726471445991e-01
5.706530726471445991e-01
5.706530726471445991e-01
5.706530726471445991e-01
5.706530726471445991e-01
5.706530726471445991e-01
5.706530726471445991e-01
5.706530726471445991e-01
5.706530726471445991e-01
5.706530726471445991e-01
5.706530726471445991e-01
5.706530726471445991e-01
5.706530726471445991e-01
5.706530726471445991e-01
5.706530726471445991e-01
5.706530726471445991e-01
5.706530726471445991e-01
5.706530726471445991e-01
5.706530726471445991e-01
5.706530726471445991e-01
5.706530726471445991e-01
5.706530726471445991e-01
5.725758379765875095e-01
5.725758379765875095e-01
5.725758379765875095e-01
5.725758379765875095e-01
5.725758379765875095e-01
5.824127635290338167e-01
5.824127635290338167e-01
5.824127635290338167e-01
6.623356639053619155e-01
6.623356639053619155e-01
6.623356639053619155e-01
6.623356639053619155e-01
6.623356639053619155e-01
6.623356639053619155e-01
6.623356639053619155e-01
6.623356639053619155e-01
6.623356639053619155e-01
6.623356639053619155e-01
6.623356639053619155e-01
6.623356639053619155e-01
6.623356639053619155e-01
6.623356639053619155e-01
6.623356639053619155e-01
6.623356639053619155e-01
6.623356639053619155e-01
6.623356639053619155e-01
6.623356639053619155e-01
6.623356639053619155e-01
6.623356639053619155e-01
6.623356639053619155e-01
6.623356639053619155e-01
6.623356639053619155e-01
6.623356639053619155e-01
6.623356639053619155e-01
6.623356639053619155e-01
6.623356639053619155e-01
6.623356639053619155e-01
6.623356639053619155e-01
6.623356639053619155e-01
6.623356639053619155e-01
6.623356639053619155e-01
6.623356639053619155e-01
6.623356639053619155e-01
6.623356639053619155e-01
6.623356639053619155e-01
6.623356639053619155e-01
6.623356639053619155e-01
