3.058153986930847168e-01 9.304172396659851074e-01 1.472591757774353027e-01 4.844014048576354980e-01 1.393241882324218750e-01 1.774637699127197266e-01
4.854568243026733398e-01 9.670683741569519043e-01 6.483408808708190918e-01 3.060762286186218262e-01 6.983748674392700195e-01 9.289938211441040039e-01
6.381958723068237305e-01 4.720630049705505371e-01 1.380038261413574219e-02 3.180002570152282715e-01 4.988868832588195801e-01 3.451011180877685547e-01
9.216693043708801270e-01 1.601958870887756348e-01 8.866873979568481445e-01 2.372647523880004883e-01 4.357331991195678711e-02 4.107438325881958008e-01
5.602855682373046875e-01 4.570124745368957520e-01 1.851536631584167480e-01 4.424378275871276855e-01 5.554981231689453125e-01 2.427930831909179688e-01
2.489027380943298340e-01 3.855957388877868652e-01 7.672148346900939941e-01 3.372898697853088379e-01 7.326234579086303711e-01 4.186355471611022949e-01
8.398040533065795898e-01 7.184134125709533691e-01 5.237020850181579590e-01 8.200378417968750000e-01 1.751028299331665039e-01 6.955053210258483887e-01
4.698282480239868164e-02 2.572973966598510742e-01 9.028714895248413086e-01 9.120585918426513672e-01 1.812564730644226074e-01 3.391621708869934082e-01
4.946730732917785645e-01 7.586890459060668945e-01 9.676811099052429199e-01 3.440197110176086426e-01 9.569746851921081543e-01 9.873186349868774414e-01
3.662586212158203125e-01 8.019738793373107910e-01 1.463586091995239258e-01 5.827860236167907715e-01 5.776834487915039062e-02 4.544682502746582031e-01
7.927657365798950195e-01 7.724374532699584961e-02 4.183691143989562988e-01 7.292736768722534180e-01 7.259288430213928223e-01 4.035128951072692871e-01
4.123924970626831055e-01 5.265539288520812988e-01 4.376747608184814453e-01 2.152339220046997070e-01 1.085399985313415527e-01 6.937134861946105957e-01
6.817864179611206055e-01 7.010595798492431641e-01 1.013510227203369141e-01 6.807543635368347168e-01 5.584366917610168457e-01 8.672316670417785645e-01
7.559481859207153320e-01 3.483773469924926758e-01 1.778805255889892578e-02 3.681465387344360352e-01 2.292264699935913086e-01 1.032786369323730469e-01
4.439193010330200195e-01 9.688692092895507812e-01 5.184221863746643066e-01 1.362666487693786621e-01 9.663105010986328125e-02 3.623080849647521973e-01
4.065551161766052246e-01 3.345952630043029785e-01 7.185845971107482910e-01 1.566780209541320801e-01 1.081540584564208984e-01 8.972721099853515625e-01
9.101392626762390137e-01 9.283477663993835449e-01 2.337367534637451172e-01 5.829128026962280273e-01 8.822600245475769043e-01 3.986346125602722168e-01
6.926885247230529785e-01 7.537649273872375488e-01 5.462580919265747070e-02 4.609983563423156738e-01 5.062215924263000488e-01 8.112490177154541016e-03
8.390365242958068848e-01 1.668017506599426270e-01 9.328304529190063477e-01 1.661610603332519531e-01 1.397313475608825684e-01 3.955798745155334473e-01
3.861418366432189941e-01 6.553487181663513184e-01 9.175683259963989258e-01 1.149582862854003906e-01 9.097708463668823242e-01 9.372293949127197266e-03
9.882813096046447754e-01 8.757436871528625488e-01 1.390476822853088379e-01 4.651579260826110840e-01 1.993629336357116699e-01 2.834624052047729492e-02
7.273551821708679199e-01 9.602332115173339844e-01 6.920079588890075684e-01 5.226928591728210449e-01 8.992880582809448242e-02 6.578269600868225098e-01
4.601570367813110352e-01 6.400761008262634277e-01 1.719864010810852051e-01 9.805869460105895996e-01 9.345554709434509277e-01 1.785483956336975098e-01
1.237571239471435547e-02 5.782057046890258789e-01 9.237052798271179199e-01 2.643239498138427734e-01 3.651490211486816406e-01 4.597643017768859863e-01
5.168830752372741699e-01 8.427130579948425293e-01 8.240728378295898438e-01 1.274228692054748535e-01 5.033489465713500977e-01 7.422881722450256348e-01
6.075716018676757812e-02 9.155816435813903809e-01 5.630689859390258789e-02 2.645199298858642578e-01 2.686191797256469727e-01 8.182484507560729980e-01
6.600410342216491699e-01 9.828920960426330566e-01 8.677244186401367188e-04 8.072672486305236816e-01 8.218470215797424316e-01 6.869887709617614746e-01
6.799638271331787109e-02 8.711581826210021973e-01 8.801274895668029785e-01 5.110884904861450195e-01 6.737849712371826172e-01 5.105960369110107422e-02
6.955384612083435059e-01 8.481701016426086426e-01 8.485495448112487793e-01 5.222390294075012207e-01 6.732770800590515137e-01 6.273529529571533203e-01
2.305107116699218750e-01 2.184340953826904297e-01 1.538539528846740723e-01 9.831711649894714355e-01 9.056010246276855469e-01 1.266384124755859375e-02
2.251893877983093262e-01 2.478420138359069824e-01 5.351281166076660156e-02 5.597233176231384277e-01 1.551127433776855469e-02 7.046427130699157715e-01
4.433690905570983887e-01 9.607701897621154785e-01 9.866892099380493164e-01 3.984895944595336914e-01 7.240513563156127930e-01 9.729327559471130371e-01
7.670751810073852539e-01 7.100124359130859375e-01 4.829147458076477051e-01 1.179736852645874023e-02 9.845829606056213379e-01 4.531563520431518555e-01
6.664921641349792480e-01 2.179712057113647461e-02 6.663233637809753418e-01 3.174440264701843262e-01 9.726206064224243164e-01 4.668514728546142578e-01
8.246719837188720703e-02 7.362443804740905762e-01 1.772673726081848145e-01 4.978836774826049805e-01 8.495516180992126465e-01 9.234578609466552734e-01
6.528344154357910156e-01 9.748885631561279297e-01 2.601517438888549805e-01 4.960974454879760742e-01 5.848941206932067871e-01 1.819060444831848145e-01
9.882907271385192871e-01 1.230311393737792969e-02 9.471188783645629883e-01 5.147050619125366211e-01 2.823256850242614746e-01 6.398705840110778809e-01
2.938698530197143555e-01 6.841343641281127930e-02 3.243966102600097656e-01 4.905162453651428223e-01 6.434096097946166992e-01 8.173495531082153320e-02
6.349869966506958008e-01 3.729789853096008301e-01 5.989609956741333008e-01 6.694465875625610352e-02 2.048369050025939941e-01 8.635139465332031250e-01
5.274195075035095215e-01 1.507421731948852539e-01 1.067048907279968262e-01 5.601245164871215820e-01 5.770561695098876953e-01 4.286197423934936523e-01
9.954909682273864746e-01 6.882101297378540039e-02 2.437731027603149414e-01 3.350018262863159180e-01 3.018739819526672363e-01 2.622488141059875488e-01
5.446755290031433105e-01 1.476717591285705566e-01 3.350509405136108398e-01 9.922502636909484863e-01 9.308924078941345215e-01 6.425427794456481934e-01
4.961914420127868652e-01 1.365780830383300781e-02 8.353046774864196777e-01 3.402091860771179199e-01 6.986749172210693359e-02 3.925269842147827148e-02
8.981515169143676758e-01 2.345502972602844238e-01 3.359224796295166016e-01 2.187553048133850098e-01 9.584789276123046875e-01 1.360210180282592773e-01
4.439780712127685547e-01 3.858725428581237793e-01 2.060377001762390137e-01 5.069577693939208984e-01 2.148731350898742676e-01 1.938195228576660156e-01
5.151239633560180664e-01 5.914587378501892090e-01 3.017622232437133789e-01 4.056884646415710449e-01 1.116850376129150391e-01 2.287250757217407227e-02
9.317243099212646484e-01 4.057908654212951660e-01 1.135576963424682617e-01 9.339295029640197754e-01 6.058470010757446289e-01 2.735549807548522949e-01
7.337098717689514160e-01 8.172948956489562988e-01 1.093587279319763184e-01 9.721755981445312500e-01 9.056048393249511719e-01 9.841281771659851074e-01
9.354751110076904297e-01 4.679177403450012207e-01 8.546729683876037598e-01 3.117339611053466797e-01 6.813543438911437988e-01 4.025774598121643066e-01
7.170423865318298340e-01 9.029080867767333984e-01 2.766814231872558594e-01 1.407730579376220703e-01 5.321897864341735840e-01 5.648155808448791504e-01
5.140423774719238281e-03 3.913410902023315430e-01 8.895868062973022461e-01 3.679617047309875488e-01 4.711216688156127930e-02 5.795810818672180176e-01
9.780521392822265625e-01 6.675437688827514648e-01 3.150891065597534180e-01 7.965674400329589844e-01 3.247168660163879395e-01 7.118421792984008789e-01
5.189840793609619141e-01 4.901515841484069824e-01 3.532181978225708008e-01 6.812557578086853027e-01 7.859110236167907715e-01 1.805773377418518066e-01
5.671380162239074707e-01 6.191264986991882324e-01 4.093942642211914062e-01 2.823204398155212402e-01 8.096650838851928711e-01 7.662599682807922363e-01
4.924860596656799316e-01 1.164019107818603516e-03 7.072821855545043945e-01 6.146649718284606934e-01 5.501356124877929688e-01 1.180806756019592285e-01
1.961828470230102539e-01 9.450080990791320801e-01 3.864051103591918945e-01 7.235221862792968750e-01 7.685399055480957031e-01 2.263693213462829590e-01
8.365397453308105469e-01 1.340917944908142090e-01 6.863609552383422852e-01 1.333981752395629883e-01 5.355715751647949219e-03 2.878732085227966309e-01
1.848070025444030762e-01 5.244964361190795898e-02 7.109366059303283691e-01 4.143771529197692871e-01 4.874973297119140625e-01 2.565076947212219238e-01
5.840924382209777832e-01 7.306130528450012207e-01 5.255767107009887695e-01 1.610736846923828125e-01 2.069526910781860352e-01 8.630538582801818848e-01
7.777059674263000488e-01 6.038215160369873047e-01 9.649782776832580566e-01 2.665036916732788086e-02 8.478498458862304688e-01 9.814175367355346680e-01
1.968894600868225098e-01 7.567118406295776367e-01 1.520521044731140137e-01 5.276706814765930176e-01 4.242389202117919922e-01 5.116601586341857910e-01
2.322689890861511230e-01 5.373709797859191895e-01 7.183509469032287598e-01 1.332189440727233887e-01 3.992310166358947754e-01 7.364434599876403809e-01
7.959583997726440430e-01 7.714057564735412598e-01 3.488838672637939453e-03 8.272613286972045898e-01 6.861828565597534180e-01 3.830899596214294434e-01
6.981368660926818848e-01 9.738326668739318848e-01 9.761971235275268555e-02 5.102249383926391602e-01 3.893393278121948242e-02 9.464427828788757324e-01
4.971834421157836914e-01 4.274033904075622559e-01 9.897934794425964355e-01 3.209321498870849609e-01 8.358127474784851074e-01 5.501568317413330078e-03
9.477862715721130371e-01 4.756356477737426758e-01 9.478271007537841797e-03 9.061927199363708496e-01 2.338187694549560547e-01 6.571621894836425781e-01
4.879344701766967773e-01 8.856773972511291504e-01 4.226810932159423828e-01 7.304058670997619629e-01 2.096797227859497070e-01 1.949599981307983398e-01
5.760310292243957520e-01 8.379324078559875488e-01 9.315991997718811035e-01 2.918046712875366211e-02 5.693017840385437012e-01 8.811081051826477051e-01
8.879030942916870117e-01 9.139913916587829590e-01 1.541829705238342285e-01 7.266554832458496094e-01 1.262926459312438965e-01 3.767043352127075195e-01
6.102631092071533203e-01 2.037735581398010254e-01 2.428255081176757812e-01 3.045821189880371094e-01 1.499609351158142090e-01 7.651102542877197266e-02
5.568780899047851562e-01 4.963718056678771973e-01 2.803651690483093262e-01 2.797125577926635742e-01 6.682721972465515137e-01 8.018057942390441895e-01
2.609103322029113770e-01 4.491323232650756836e-02 2.560446858406066895e-01 8.186421394348144531e-01 1.965564489364624023e-01 6.948397755622863770e-01
4.997542500495910645e-01 6.219856739044189453e-01 7.886487841606140137e-01 9.084520339965820312e-01 9.131399393081665039e-01 9.071428775787353516e-01
7.994314432144165039e-01 6.030198931694030762e-01 9.909730553627014160e-01 9.737635850906372070e-01 4.315595030784606934e-01 6.798641681671142578e-01
4.611176252365112305e-01 7.813602685928344727e-01 1.514533758163452148e-01 5.917392969131469727e-01 9.566594958305358887e-01 6.684972643852233887e-01
5.974878668785095215e-01 1.054625511169433594e-01 1.678062677383422852e-01 2.588663101196289062e-01 3.840291500091552734e-01 6.402118802070617676e-01
8.531730175018310547e-01 5.928817987442016602e-01 2.076758146286010742e-01 6.258413791656494141e-01 8.485978245735168457e-01 8.688396215438842773e-01
4.639256000518798828e-02 7.809208631515502930e-01 6.895244121551513672e-01 8.223851919174194336e-01 2.419506311416625977e-01 3.197268843650817871e-01
7.792207598686218262e-01 6.989281773567199707e-01 1.428323984146118164e-02 9.785425066947937012e-01 8.387169837951660156e-01 3.400304913520812988e-01
4.246057271957397461e-01 4.153754115104675293e-01 9.398508071899414062e-01 7.431769371032714844e-01 9.874810576438903809e-01 6.810817122459411621e-01
9.284269809722900391e-02 3.546519279479980469e-01 7.718884944915771484e-02 1.942662596702575684e-01 7.054644823074340820e-01 4.053272604942321777e-01
2.393458485603332520e-01 3.220695853233337402e-01 6.505430340766906738e-01 3.225267529487609863e-01 8.980649709701538086e-01 5.131679773330688477e-02
9.716094732284545898e-01 4.246815443038940430e-01 4.265683889389038086e-02 8.242384195327758789e-01 6.042448878288269043e-01 9.065051078796386719e-01
8.760699033737182617e-01 9.399552941322326660e-01 2.497552037239074707e-01 6.497692465782165527e-01 3.461527228355407715e-01 8.550744652748107910e-01
5.465497374534606934e-01 4.110885262489318848e-01 6.377735137939453125e-01 7.557177543640136719e-01 5.372993946075439453e-01 3.827219009399414062e-01
5.135803222656250000e-01 6.147013902664184570e-01 7.415586113929748535e-01 6.103155612945556641e-01 3.129852414131164551e-01 3.396998047828674316e-01
1.167863011360168457e-01 8.456382751464843750e-01 4.698204398155212402e-01 8.477080464363098145e-01 9.074831604957580566e-01 2.126622200012207031e-01
8.959628343582153320e-01 8.879853487014770508e-01 8.832998871803283691e-01 8.537011146545410156e-01 3.750059008598327637e-01 2.268964052200317383e-01
9.433947801589965820e-01 4.499332308769226074e-01 1.837137341499328613e-01 3.832674026489257812e-01 5.159999728202819824e-01 8.229498267173767090e-01
2.688921689987182617e-01 8.412340283393859863e-01 5.690759420394897461e-01 5.606643557548522949e-01 1.476790904998779297e-01 6.541054844856262207e-01
1.341553926467895508e-01 4.281400442123413086e-01 8.305095434188842773e-01 9.275090098381042480e-01 6.685956120491027832e-01 4.321448206901550293e-01
3.654564619064331055e-01 4.061430096626281738e-01 1.073957681655883789e-01 6.429148912429809570e-01 9.910064935684204102e-01 6.365160346031188965e-01
7.288771867752075195e-02 1.089321374893188477e-01 3.399480581283569336e-01 7.332615256309509277e-01 4.490771889686584473e-01 9.947969913482666016e-01
2.806715369224548340e-01 1.188119053840637207e-01 8.985379338264465332e-01 6.002040505409240723e-01 8.349909782409667969e-01 3.341572284698486328e-01
2.859696745872497559e-01 4.638869166374206543e-01 8.513749241828918457e-01 9.257000684738159180e-02 2.167711257934570312e-01 9.676262140274047852e-01
9.154775738716125488e-01 9.437628984451293945e-01 8.608257174491882324e-01 6.490403413772583008e-02 3.307778835296630859e-01 2.049052119255065918e-01
3.229594826698303223e-01 5.007590055465698242e-01 9.317899346351623535e-01 6.146683096885681152e-01 4.261309504508972168e-01 1.701921224594116211e-02
5.634133219718933105e-01 1.278233528137207031e-02 3.990299105644226074e-01 9.523597359657287598e-01 8.150996565818786621e-01 3.950169682502746582e-01
4.044447541236877441e-01 8.272572755813598633e-01 6.388351917266845703e-01 2.357206344604492188e-01 2.038851976394653320e-01 9.790171980857849121e-01
3.823444843292236328e-01 2.332944273948669434e-01 9.754125475883483887e-01 9.581112861633300781e-01 6.489437818527221680e-01 3.871240615844726562e-01
2.337083220481872559e-01 2.769132852554321289e-01 4.463024139404296875e-01 5.570650100708007812e-03 4.713900685310363770e-01 5.695126056671142578e-01
4.658898115158081055e-01 5.934481024742126465e-01 4.211971759796142578e-01 7.387818098068237305e-01 6.280693411827087402e-01 7.403958439826965332e-01
9.658211469650268555e-02 5.766981840133666992e-01 9.969483017921447754e-01 9.172456264495849609e-01 5.839428901672363281e-01 5.952000021934509277e-01
9.610028266906738281e-01 5.515538454055786133e-01 8.016955256462097168e-01 5.854163169860839844e-01 8.005332946777343750e-02 1.947143673896789551e-01
1.238245368003845215e-01 5.988388657569885254e-01 6.895970702171325684e-01 7.516990303993225098e-01 1.005576848983764648e-01 4.258362054824829102e-01
2.109901905059814453e-01 1.740192174911499023e-01 5.453647375106811523e-01 5.434282422065734863e-01 9.415712952613830566e-01 8.089173436164855957e-01
4.397034645080566406e-01 2.988933920860290527e-01 3.863444924354553223e-01 7.788608670234680176e-01 1.455992460250854492e-01 4.155248403549194336e-02
8.478943109512329102e-01 6.980467438697814941e-01 5.871569514274597168e-01 3.304942846298217773e-01 6.853839755058288574e-01 2.345227003097534180e-01
9.575083255767822266e-01 8.020613193511962891e-01 6.104601621627807617e-01 7.422602772712707520e-01 4.357890486717224121e-01 9.794570207595825195e-01
3.515098094940185547e-01 1.120251417160034180e-01 8.043718338012695312e-02 7.692572474479675293e-01 7.304794788360595703e-01 3.566100597381591797e-01
