3.946662776742768663e-01
1.580966268799442465e-01
3.463155282720519201e-01
9.677891454726683662e-02
3.562902114270651843e-01
1.230545201312406300e-01
4.455816021128744531e-01
3.285608021264266876e-01
1.202697284619110851e-01
3.787061621121812216e-01
1.746176983786438264e-01
3.137996112842321716e-01
3.838344121212917681e-01
3.589008834991009866e-01
1.530958528513847172e-01
2.834927520768011355e-01
2.110066032902958577e-01
3.860197845862176624e-01
2.903416951175874505e-02
2.060148810037922829e-01
9.717567177571417858e-02
2.764648094140021994e-01
6.944663984018859537e-01
8.140213805676754788e-02
-7.209645334509517944e-02
2.248305787618770646e-01
3.415552408626247871e-01
7.232418432050551349e-01
3.728138886769873928e-01
4.451833821154860260e-01
3.185529843869040478e-01
7.599598863872447652e-02
8.174168916674903751e-02
-1.626508837323973333e-01
5.515243863554561976e-01
3.573742356649077800e-01
-3.009091807286489173e-01
1.160731366864384828e-01
1.799918757336288477e-01
2.544393178189353621e-01
2.381135619768872669e-01
3.972250045391985118e-01
1.527296625642204919e-01
-4.209140701463498502e-03
3.806994802706499259e-01
3.443134085821268897e-01
3.411218758043301769e-01
3.370726557157327496e-01
-1.151244206127233216e-01
6.435765772366958126e-02
2.683856717380760371e-01
4.267720686892220172e-01
5.012876995025279392e-01
2.978075451794499617e-01
-5.278413071825371894e-02
8.773504134867511350e-01
2.546179472068471616e-01
-4.763058498049976830e-02
1.242612268955011201e-01
-4.817034944110207273e-01
5.217537560932253848e-01
8.433357107237160477e-02
5.045847948515987946e-01
-1.665952838085149601e-01
-7.499694579240184789e-02
5.271750547928220065e-01
6.277191342180791223e-01
-3.626924187993202375e-01
3.298726762806694079e-01
2.118623359992892752e-01
2.621386440709259080e-01
2.718835816003971617e-01
6.629888115899394974e-01
9.570095784434284880e-02
5.056330118966474441e-01
1.344387570756780392e-01
4.317365803476759245e-01
7.912949508303979140e-01
5.608051725326432813e-01
4.643494918305405283e-01
4.062147887814080982e-01
2.088402017839592339e-01
3.988372616257717107e-01
1.590002338670775117e-01
4.504862237596165553e-01
4.721874134757704233e-01
8.986449983376507689e-01
1.040725965356475990e-01
3.527507776767099257e-01
5.231882122364985843e-01
4.180898853224670475e-01
4.533574952774708788e-01
-4.145718909136275609e-02
-1.470319498478966924e-02
1.092740300836902989e-01
-1.753008107300151330e-01
2.648871762383566697e-01
2.115283535555733119e-01
1.921167431978954010e-01
1.093242281174160446e-01
8.191425042351019314e-02
5.923857977869447788e-01
4.726286737468453625e-01
3.870249526302549370e-02
6.213053497249441115e-01
1.584508866569092067e-01
4.553145289076981905e-01
1.642454816222189695e-01
2.374831947973610191e-01
3.261589151762891436e-01
