7.635890162499845424e-01
6.044482707178436831e-01
9.170959726553031821e-01
9.170959726553031821e-01
1.083045922150994267e+00
1.104699511774746234e+00
1.107366895306925558e+00
1.107929786838715458e+00
1.107857547520194608e+00
1.108331304261011896e+00
1.108384812387562146e+00
1.108580471515260069e+00
1.108054352305491985e+00
1.107931653482769896e+00
1.107798490366217470e+00
1.108831805599595821e+00
1.108519623690419342e+00
1.140420678459914239e+00
1.141222286335965341e+00
1.144289828977284706e+00
1.162887514810980072e+00
1.164060530474013033e+00
1.156415915064467281e+00
1.163984160438106930e+00
1.164059528958869549e+00
1.164079385209985551e+00
1.164124689010214819e+00
1.164097817634069054e+00
1.163315316659215171e+00
1.163405132528268604e+00
1.163428767039851097e+00
1.163793297082267753e+00
1.163816933399120623e+00
1.163932865037480502e+00
1.164141004248363087e+00
1.164207273727813963e+00
1.164195287624625541e+00
1.164217506930891766e+00
1.164228523748036093e+00
1.164224550622651844e+00
1.164205032546953067e+00
1.164241644889157046e+00
1.164240956591582998e+00
1.164235908215025317e+00
1.164235345204376770e+00
1.164237831995767136e+00
1.164240664074899900e+00
1.164241276567000716e+00
1.164241523115929322e+00
1.164241694499993152e+00
1.164236847649529061e+00
1.164234022675002089e+00
1.164233565267221771e+00
1.164234420653109225e+00
1.164131892509104871e+00
1.164151821322646496e+00
1.164145415844355158e+00
1.164232517506983644e+00
1.164232786178897916e+00
1.164203238894260473e+00
1.164206157110589057e+00
1.150543224203021797e+00
1.150318710567634017e+00
1.164105666108192771e+00
1.164113756207745043e+00
1.164149049457118501e+00
1.164193334257427548e+00
1.150278015438602752e+00
1.164188278768678142e+00
1.164166494122627515e+00
1.151460215016828936e+00
1.164022140961733953e+00
1.164012980333907210e+00
1.163890020267428049e+00
1.163882607112111778e+00
1.163893250021755144e+00
1.164054025278359994e+00
1.164041370446905477e+00
1.164049433924172927e+00
1.164195490327836868e+00
1.164140087202638840e+00
1.164141347741382448e+00
1.164148403555926858e+00
1.164225896743469546e+00
1.164219972064480357e+00
1.164218772324603801e+00
1.164223010567533967e+00
1.164221672136988017e+00
1.164215714356360731e+00
1.164216911741396521e+00
1.164218174240608583e+00
1.164219391649434776e+00
1.164235437514390625e+00
1.164230978082121393e+00
1.164235133125412158e+00
1.164241166995759302e+00
1.164238982378707821e+00
1.155544770781137709e+00
1.164236723810232244e+00
1.164233354139221799e+00
