4.799418197890021887e-01
2.698869111704427226e-01
3.211590699588667275e-01
6.256170004786548722e-02
4.410149121630272395e-01
4.404313474538000817e-01
3.219916261998106988e-01
4.124076966913164943e-01
2.775640331631907820e-01
4.005632316606191345e-01
4.607741136488112677e-01
4.988303987293910002e-01
4.044146320684303131e-01
3.732396445868814139e-01
4.441847827483055289e-01
4.456127402513476721e-01
4.141817940128619258e-01
4.126001912741470434e-01
4.799418197890021887e-01
4.592292144246836738e-01
4.688749013614488259e-01
4.799418197890021887e-01
4.799418197890021887e-01
4.799418197890021887e-01
3.931462806981767533e-01
4.676682887354014495e-01
3.611705170077925686e-01
6.164034722408112676e-02
7.085922563872493196e-02
6.933051995933161571e-01
6.933051995933161571e-01
4.498253941992154115e-01
4.548298835385751193e-01
5.313396865958548432e-01
6.933051995933161571e-01
6.933051995933161571e-01
5.478381292583747175e-01
4.571404000673954249e-01
4.539872680211649580e-01
6.933051995933161571e-01
5.461111257098711924e-01
6.933051995933161571e-01
5.173059983394299177e-01
6.933051995933161571e-01
6.933051995933161571e-01
6.933051995933161571e-01
6.933051995933161571e-01
5.132756678402825568e-01
6.933051995933161571e-01
6.933051995933161571e-01
6.933051995933161571e-01
6.933051995933161571e-01
6.933051995933161571e-01
6.242120120249797788e-01
6.933051995933161571e-01
3.946781764476823828e-01
6.933051995933161571e-01
6.933051995933161571e-01
4.709960094372530603e-01
5.160701444139592642e-01
6.085419357011461194e-01
5.132655696266903433e-01
6.933051995933161571e-01
6.067869388132013375e-01
5.796149836348445383e-01
6.933051995933161571e-01
5.818332095061050646e-01
6.241252431780205390e-01
6.933051995933161571e-01
5.815378086405977864e-01
5.762664112372161140e-01
6.105748410093969625e-01
6.022132476225323661e-01
6.024701391989043531e-01
6.933051995933161571e-01
6.027427910395352084e-01
6.037333155917672389e-01
6.228450932770471793e-01
5.733256329128992856e-01
6.019248455561893030e-01
6.933051995933161571e-01
5.955169988536835879e-01
5.926999671628497834e-01
6.933051995933161571e-01
5.596595837405595741e-01
7.061635647017198147e-01
7.074120644426252769e-01
7.064657655685910864e-01
7.220462487136645180e-01
6.117208642301900090e-01
6.112872984184750669e-01
5.676853803566068724e-01
7.468893279978420230e-01
7.467784094315399468e-01
7.467506385638474908e-01
7.468302851318379121e-01
7.469171127286465817e-01
6.113975125516357689e-01
7.471803178245072230e-01
7.472490539081555472e-01
