0.000000000000000000e+00 0.000000000000000000e+00 0.000000000000000000e+00 0.000000000000000000e+00 0.000000000000000000e+00 1.000000000000000000e+00
0.000000000000000000e+00 0.000000000000000000e+00 5.335176254045660427e-01 3.262427476104400315e-01 0.000000000000000000e+00 1.000000000000000000e+00
0.000000000000000000e+00 0.000000000000000000e+00 0.000000000000000000e+00 1.197021833551518422e-01 1.000000000000000000e+00 1.000000000000000000e+00
6.841082105729406893e-02 1.068930206160831065e-01 1.987743860924034989e-01 1.634062441119723819e-01 8.507810851350208203e-01 1.000000000000000000e+00
1.000000000000000000e+00 1.049870215030197645e-01 1.000000000000000000e+00 1.000000000000000000e+00 0.000000000000000000e+00 1.000000000000000000e+00
1.000000000000000000e+00 1.052251205641436121e-01 1.000000000000000000e+00 1.000000000000000000e+00 0.000000000000000000e+00 1.000000000000000000e+00
2.458010818220706384e-01 1.007131888913508216e-01 0.000000000000000000e+00 0.000000000000000000e+00 0.000000000000000000e+00 0.000000000000000000e+00
2.120903640343855812e-01 9.784950260807764866e-02 5.725118643295937781e-01 0.000000000000000000e+00 0.000000000000000000e+00 7.221955132596429294e-01
2.331493398254197991e-01 1.031655825302641855e-01 3.033589219224213096e-01 0.000000000000000000e+00 0.000000000000000000e+00 1.578817419124581012e-01
1.934763607264160523e-01 1.013983895401614349e-01 6.173731840781866431e-01 0.000000000000000000e+00 0.000000000000000000e+00 6.749472627627953747e-01
5.010431558835413135e-01 0.000000000000000000e+00 1.000000000000000000e+00 0.000000000000000000e+00 0.000000000000000000e+00 1.000000000000000000e+00
4.181123375910930640e-01 0.000000000000000000e+00 1.000000000000000000e+00 0.000000000000000000e+00 1.834299265546380509e-01 1.000000000000000000e+00
4.369597961689135057e-01 3.291272382437145094e-02 8.222049102908516316e-01 0.000000000000000000e+00 2.409006415278155608e-02 1.000000000000000000e+00
2.982684101470362559e-01 0.000000000000000000e+00 0.000000000000000000e+00 0.000000000000000000e+00 0.000000000000000000e+00 5.416884660634099236e-01
3.330206426499677241e-01 0.000000000000000000e+00 0.000000000000000000e+00 0.000000000000000000e+00 0.000000000000000000e+00 1.000000000000000000e+00
2.856303918529505270e-01 0.000000000000000000e+00 0.000000000000000000e+00 0.000000000000000000e+00 0.000000000000000000e+00 8.902684434923274770e-01
3.785666261753444783e-01 0.000000000000000000e+00 4.926228969960116943e-01 0.000000000000000000e+00 0.000000000000000000e+00 1.000000000000000000e+00
3.873316750502894812e-01 0.000000000000000000e+00 5.008985514683386153e-01 0.000000000000000000e+00 0.000000000000000000e+00 1.000000000000000000e+00
0.000000000000000000e+00 0.000000000000000000e+00 0.000000000000000000e+00 0.000000000000000000e+00 0.000000000000000000e+00 1.000000000000000000e+00
6.258225420444765708e-02 0.000000000000000000e+00 0.000000000000000000e+00 0.000000000000000000e+00 0.000000000000000000e+00 9.305635520688060325e-01
4.149559650872858274e-02 0.000000000000000000e+00 0.000000000000000000e+00 0.000000000000000000e+00 0.000000000000000000e+00 9.620183508520061544e-01
0.000000000000000000e+00 0.000000000000000000e+00 0.000000000000000000e+00 0.000000000000000000e+00 0.000000000000000000e+00 1.000000000000000000e+00
0.000000000000000000e+00 0.000000000000000000e+00 0.000000000000000000e+00 0.000000000000000000e+00 0.000000000000000000e+00 1.000000000000000000e+00
0.000000000000000000e+00 0.000000000000000000e+00 0.000000000000000000e+00 0.000000000000000000e+00 0.000000000000000000e+00 1.000000000000000000e+00
1.000000000000000000e+00 0.000000000000000000e+00 1.000000000000000000e+00 4.014565211453119953e-01 3.406472191478638889e-01 1.000000000000000000e+00
0.000000000000000000e+00 0.000000000000000000e+00 0.000000000000000000e+00 8.086636737053169710e-02 0.000000000000000000e+00 1.000000000000000000e+00
0.000000000000000000e+00 0.000000000000000000e+00 0.000000000000000000e+00 0.000000000000000000e+00 2.454156878099998107e-01 7.657362544084428402e-01
1.000000000000000000e+00 0.000000000000000000e+00 1.000000000000000000e+00 1.000000000000000000e+00 3.577234134447522251e-01 0.000000000000000000e+00
1.000000000000000000e+00 0.000000000000000000e+00 1.000000000000000000e+00 1.000000000000000000e+00 3.738092040360800339e-01 0.000000000000000000e+00
1.000000000000000000e+00 0.000000000000000000e+00 1.000000000000000000e+00 1.000000000000000000e+00 0.000000000000000000e+00 1.000000000000000000e+00
1.000000000000000000e+00 0.000000000000000000e+00 1.000000000000000000e+00 1.000000000000000000e+00 0.000000000000000000e+00 1.000000000000000000e+00
0.000000000000000000e+00 0.000000000000000000e+00 0.000000000000000000e+00 0.000000000000000000e+00 1.227169945983872523e-01 1.000000000000000000e+00
7.402257659908315635e-01 0.000000000000000000e+00 1.000000000000000000e+00 0.000000000000000000e+00 1.895656161365189551e-01 7.157678151768156471e-01
0.000000000000000000e+00 1.583601549729979907e-01 0.000000000000000000e+00 0.000000000000000000e+00 0.000000000000000000e+00 1.000000000000000000e+00
1.000000000000000000e+00 0.000000000000000000e+00 1.000000000000000000e+00 1.000000000000000000e+00 0.000000000000000000e+00 1.000000000000000000e+00
1.000000000000000000e+00 0.000000000000000000e+00 1.000000000000000000e+00 1.000000000000000000e+00 0.000000000000000000e+00 1.000000000000000000e+00
0.000000000000000000e+00 2.185064835741227784e-01 0.000000000000000000e+00 0.000000000000000000e+00 0.000000000000000000e+00 1.000000000000000000e+00
0.000000000000000000e+00 0.000000000000000000e+00 0.000000000000000000e+00 0.000000000000000000e+00 8.466551834732255477e-02 1.000000000000000000e+00
0.000000000000000000e+00 0.000000000000000000e+00 0.000000000000000000e+00 0.000000000000000000e+00 9.993922067772220696e-02 1.000000000000000000e+00
1.000000000000000000e+00 0.000000000000000000e+00 1.000000000000000000e+00 1.000000000000000000e+00 0.000000000000000000e+00 1.000000000000000000e+00
9.360790511113641355e-01 0.000000000000000000e+00 1.000000000000000000e+00 0.000000000000000000e+00 3.398620407003751787e-01 1.000000000000000000e+00
1.000000000000000000e+00 0.000000000000000000e+00 1.000000000000000000e+00 1.000000000000000000e+00 0.000000000000000000e+00 1.000000000000000000e+00
2.180141820649862117e-01 0.000000000000000000e+00 0.000000000000000000e+00 0.000000000000000000e+00 4.040144074214969683e-01 7.621526867210917100e-01
1.000000000000000000e+00 0.000000000000000000e+00 1.000000000000000000e+00 1.000000000000000000e+00 0.000000000000000000e+00 1.000000000000000000e+00
1.000000000000000000e+00 0.000000000000000000e+00 1.000000000000000000e+00 1.000000000000000000e+00 0.000000000000000000e+00 1.000000000000000000e+00
1.000000000000000000e+00 0.000000000000000000e+00 1.000000000000000000e+00 1.000000000000000000e+00 0.000000000000000000e+00 1.000000000000000000e+00
1.000000000000000000e+00 0.000000000000000000e+00 1.000000000000000000e+00 1.000000000000000000e+00 0.000000000000000000e+00 1.000000000000000000e+00
2.751280983160367954e-01 0.000000000000000000e+00 0.000000000000000000e+00 0.000000000000000000e+00 4.439599001097690456e-01 6.955652711521246312e-01
1.000000000000000000e+00 0.000000000000000000e+00 1.000000000000000000e+00 1.000000000000000000e+00 0.000000000000000000e+00 1.000000000000000000e+00
1.000000000000000000e+00 0.000000000000000000e+00 1.000000000000000000e+00 1.000000000000000000e+00 0.000000000000000000e+00 1.000000000000000000e+00
1.000000000000000000e+00 0.000000000000000000e+00 1.000000000000000000e+00 1.000000000000000000e+00 0.000000000000000000e+00 1.000000000000000000e+00
1.000000000000000000e+00 0.000000000000000000e+00 1.000000000000000000e+00 1.000000000000000000e+00 0.000000000000000000e+00 1.000000000000000000e+00
1.000000000000000000e+00 0.000000000000000000e+00 1.000000000000000000e+00 1.000000000000000000e+00 0.000000000000000000e+00 1.000000000000000000e+00
0.000000000000000000e+00 7.910474712148178877e-01 0.000000000000000000e+00 0.000000000000000000e+00 0.000000000000000000e+00 1.000000000000000000e+00
1.000000000000000000e+00 0.000000000000000000e+00 1.000000000000000000e+00 1.000000000000000000e+00 0.000000000000000000e+00 1.000000000000000000e+00
2.628390867278119769e-01 0.000000000000000000e+00 1.000000000000000000e+00 1.000000000000000000e+00 1.000000000000000000e+00 0.000000000000000000e+00
1.000000000000000000e+00 0.000000000000000000e+00 1.000000000000000000e+00 1.000000000000000000e+00 0.000000000000000000e+00 1.000000000000000000e+00
1.000000000000000000e+00 0.000000000000000000e+00 1.000000000000000000e+00 1.000000000000000000e+00 0.000000000000000000e+00 1.000000000000000000e+00
4.076450261578992151e-01 0.000000000000000000e+00 0.000000000000000000e+00 0.000000000000000000e+00 5.921312614290192844e-01 6.433743565184204538e-01
4.493382460741052742e-01 0.000000000000000000e+00 0.000000000000000000e+00 0.000000000000000000e+00 5.722609898688451047e-01 7.660257245405832638e-01
7.965487070518437740e-01 0.000000000000000000e+00 1.000000000000000000e+00 0.000000000000000000e+00 2.655372761831128470e-01 1.000000000000000000e+00
4.471014493406389456e-01 0.000000000000000000e+00 0.000000000000000000e+00 0.000000000000000000e+00 5.706065177148623713e-01 7.550550978894101650e-01
1.000000000000000000e+00 0.000000000000000000e+00 1.000000000000000000e+00 1.000000000000000000e+00 0.000000000000000000e+00 1.000000000000000000e+00
7.982990756334804594e-01 0.000000000000000000e+00 1.000000000000000000e+00 0.000000000000000000e+00 2.798678646212586218e-01 1.000000000000000000e+00
4.244929454825991377e-01 0.000000000000000000e+00 0.000000000000000000e+00 0.000000000000000000e+00 5.266914577899104444e-01 1.000000000000000000e+00
1.000000000000000000e+00 0.000000000000000000e+00 1.000000000000000000e+00 1.000000000000000000e+00 0.000000000000000000e+00 1.000000000000000000e+00
4.091601610417791024e-01 0.000000000000000000e+00 0.000000000000000000e+00 0.000000000000000000e+00 5.016188919641807464e-01 1.000000000000000000e+00
0.000000000000000000e+00 7.886670216144614498e-01 0.000000000000000000e+00 0.000000000000000000e+00 0.000000000000000000e+00 1.000000000000000000e+00
1.000000000000000000e+00 0.000000000000000000e+00 1.000000000000000000e+00 1.000000000000000000e+00 0.000000000000000000e+00 1.000000000000000000e+00
4.035044267910943283e-01 0.000000000000000000e+00 0.000000000000000000e+00 0.000000000000000000e+00 4.876539457939988442e-01 1.000000000000000000e+00
4.280672867749478194e-01 0.000000000000000000e+00 0.000000000000000000e+00 0.000000000000000000e+00 4.959826446134390499e-01 1.000000000000000000e+00
7.909960639240490865e-01 0.000000000000000000e+00 1.000000000000000000e+00 0.000000000000000000e+00 2.451230532311521049e-01 1.000000000000000000e+00
8.365563966272839824e-01 0.000000000000000000e+00 1.000000000000000000e+00 0.000000000000000000e+00 2.268181775326224836e-01 1.000000000000000000e+00
8.357519696118316244e-01 0.000000000000000000e+00 1.000000000000000000e+00 0.000000000000000000e+00 2.203456552661840484e-01 1.000000000000000000e+00
1.000000000000000000e+00 0.000000000000000000e+00 1.000000000000000000e+00 1.000000000000000000e+00 0.000000000000000000e+00 1.000000000000000000e+00
8.340885025537733144e-01 0.000000000000000000e+00 1.000000000000000000e+00 0.000000000000000000e+00 2.288653771800429337e-01 1.000000000000000000e+00
8.285214256960150569e-01 0.000000000000000000e+00 1.000000000000000000e+00 0.000000000000000000e+00 2.380285266594506233e-01 1.000000000000000000e+00
0.000000000000000000e+00 7.563140454526359191e-01 0.000000000000000000e+00 0.000000000000000000e+00 0.000000000000000000e+00 1.000000000000000000e+00
4.451863850715838677e-01 0.000000000000000000e+00 0.000000000000000000e+00 0.000000000000000000e+00 5.409669319504253338e-01 1.000000000000000000e+00
8.381064872243819686e-01 0.000000000000000000e+00 1.000000000000000000e+00 0.000000000000000000e+00 2.214071457035086121e-01 1.000000000000000000e+00
1.000000000000000000e+00 0.000000000000000000e+00 1.000000000000000000e+00 1.000000000000000000e+00 0.000000000000000000e+00 1.000000000000000000e+00
8.637247363738065342e-01 0.000000000000000000e+00 1.000000000000000000e+00 0.000000000000000000e+00 2.096092582585045994e-01 1.000000000000000000e+00
8.736572478845859857e-01 0.000000000000000000e+00 1.000000000000000000e+00 0.000000000000000000e+00 1.980769096783071004e-01 1.000000000000000000e+00
1.000000000000000000e+00 0.000000000000000000e+00 1.000000000000000000e+00 1.000000000000000000e+00 0.000000000000000000e+00 1.000000000000000000e+00
4.795907834469264608e-01 0.000000000000000000e+00 0.000000000000000000e+00 0.000000000000000000e+00 5.226319474543154042e-01 1.000000000000000000e+00
1.000000000000000000e+00 0.000000000000000000e+00 9.468529490135429993e-01 1.000000000000000000e+00 0.000000000000000000e+00 1.000000000000000000e+00
1.000000000000000000e+00 0.000000000000000000e+00 9.414275354169029386e-01 1.000000000000000000e+00 0.000000000000000000e+00 1.000000000000000000e+00
1.000000000000000000e+00 0.000000000000000000e+00 9.455448917131810127e-01 1.000000000000000000e+00 0.000000000000000000e+00 1.000000000000000000e+00
1.000000000000000000e+00 0.000000000000000000e+00 8.723240199505151171e-01 1.000000000000000000e+00 0.000000000000000000e+00 1.000000000000000000e+00
7.821412539704067912e-01 0.000000000000000000e+00 1.000000000000000000e+00 0.000000000000000000e+00 2.490409913337008896e-01 1.000000000000000000e+00
7.810522475219811023e-01 0.000000000000000000e+00 1.000000000000000000e+00 0.000000000000000000e+00 2.615806427889171837e-01 1.000000000000000000e+00
4.584251739363146561e-01 0.000000000000000000e+00 0.000000000000000000e+00 0.000000000000000000e+00 5.136170570661493517e-01 1.000000000000000000e+00
1.000000000000000000e+00 0.000000000000000000e+00 6.008201201326536234e-01 1.000000000000000000e+00 0.000000000000000000e+00 1.000000000000000000e+00
1.000000000000000000e+00 0.000000000000000000e+00 5.971363892498865455e-01 1.000000000000000000e+00 0.000000000000000000e+00 1.000000000000000000e+00
1.000000000000000000e+00 0.000000000000000000e+00 5.962782778452327959e-01 1.000000000000000000e+00 0.000000000000000000e+00 1.000000000000000000e+00
1.000000000000000000e+00 0.000000000000000000e+00 5.988039055043038461e-01 1.000000000000000000e+00 0.000000000000000000e+00 1.000000000000000000e+00
1.000000000000000000e+00 0.000000000000000000e+00 6.018198812251199792e-01 1.000000000000000000e+00 0.000000000000000000e+00 1.000000000000000000e+00
7.707053275354149857e-01 0.000000000000000000e+00 1.000000000000000000e+00 0.000000000000000000e+00 2.778128832139031279e-01 1.000000000000000000e+00
1.000000000000000000e+00 0.000000000000000000e+00 6.142501841972320964e-01 1.000000000000000000e+00 0.000000000000000000e+00 1.000000000000000000e+00
1.000000000000000000e+00 0.000000000000000000e+00 6.198108289421000450e-01 1.000000000000000000e+00 0.000000000000000000e+00 1.000000000000000000e+00
