-1.048091898643136677e+00
-1.196251391403885478e+00
-1.495173132471299793e+00
-1.830141015930240922e+00
-1.258398411971084707e+00
-1.401590981644303957e+00
-1.383816921521542564e+00
-1.334069465356403583e+00
-8.557703737174585656e-01
-1.449952559380416117e+00
-2.759900480278744683e-01
-7.781355382890234873e-01
5.208125921014077064e-02
2.754464584580094688e-01
2.684344253648437428e-01
2.754464584580094688e-01
2.528307950872843435e-01
3.103776811615134301e-01
-9.410368446364603123e-01
2.402530489037160433e-01
-1.000272099559523120e+00
-1.271182005950016958e+00
-9.615333165176669361e-01
-7.161431010229601934e-01
3.110695119634914185e-01
-1.523207648016600801e+00
2.785248314452951623e-01
3.485091905320702454e-01
-8.107230173725689104e-01
3.201407495517066826e-01
-3.722697598661108276e-01
-2.038539295567988185e-01
-1.239973326050549662e-01
-8.118732875306073904e-01
-2.154756347415271556e+00
-8.491929663035920894e-01
-3.247689107232148431e-01
-1.281011354008726677e+00
-6.194078487995640092e-01
-5.471144751684009488e-01
-8.018229515197640156e-01
-1.336238778374389646e+00
-1.402625138425955598e+00
-1.395884698674157764e+00
-6.932497885957145112e-01
-8.063703766558056873e-01
3.513332686398991100e-01
-1.756870307311469148e-01
-1.189640488242307725e+00
-9.111049637767112408e-01
-6.308027985565478613e-01
-3.103294387100574703e-01
-4.476236470038668647e-01
-3.283821446841519998e-01
-8.027974168675431343e-01
-9.601139671139873322e-01
-8.285526264669548224e-01
-7.670674255272649233e-01
-7.585645252195993837e-01
-1.096526509044915221e+00
