4.769103527069091797e-01 7.824241518974304199e-01 4.084823727607727051e-01 6.602315902709960938e-01 2.487083077430725098e-01 7.975853681564331055e-01
2.627275586128234863e-01 7.013153433799743652e-01 5.216590762138366699e-01 9.195122718811035156e-01 5.268716812133789062e-02 6.796170473098754883e-01
9.268304705619812012e-01 3.359270691871643066e-01 9.288281202316284180e-02 1.356385350227355957e-01 3.788654208183288574e-01 6.269159317016601562e-01
5.657780170440673828e-02 8.468368053436279297e-01 8.938959836959838867e-01 3.889281749725341797e-01 1.140497326850891113e-01 3.734080791473388672e-01
6.737369894981384277e-01 8.791778683662414551e-01 8.010288476943969727e-01 1.376545429229736328e-01 5.667639374732971191e-01 1.227430701255798340e-01
6.449858546257019043e-01 8.065942525863647461e-01 1.129254698753356934e-01 8.508670926094055176e-01 2.178163528442382812e-01 4.795142412185668945e-01
7.700620889663696289e-01 5.952723622322082520e-01 8.342118859291076660e-01 4.433949589729309082e-01 5.986536145210266113e-01 7.719289064407348633e-01
7.640351653099060059e-01 4.129228591918945312e-01 7.705162763595581055e-01 4.218510985374450684e-01 5.755572319030761719e-01 2.640585899353027344e-01
3.994666337966918945e-01 1.462308764457702637e-01 9.400196671485900879e-01 8.634119629859924316e-01 2.291970849037170410e-01 9.858102202415466309e-01
3.378328084945678711e-01 4.374527931213378906e-01 6.550313234329223633e-01 6.445930600166320801e-01 8.241468667984008789e-01 5.229324102401733398e-01
0.000000000000000000e+00 0.000000000000000000e+00 1.000000000000000000e+00 8.609100580215454102e-01 1.000000000000000000e+00 2.162745594978332520e-01
0.000000000000000000e+00 1.000000000000000000e+00 1.000000000000000000e+00 1.000000000000000000e+00 1.000000000000000000e+00 1.401505470275878906e-01
0.000000000000000000e+00 0.000000000000000000e+00 1.000000000000000000e+00 1.000000000000000000e+00 3.091753721237182617e-01 0.000000000000000000e+00
0.000000000000000000e+00 0.000000000000000000e+00 1.000000000000000000e+00 6.694602370262145996e-01 1.000000000000000000e+00 3.062323927879333496e-01
0.000000000000000000e+00 0.000000000000000000e+00 3.071930706501007080e-01 7.326095104217529297e-01 1.000000000000000000e+00 1.652618050575256348e-01
0.000000000000000000e+00 0.000000000000000000e+00 5.050077438354492188e-01 3.762941360473632812e-01 1.000000000000000000e+00 2.550058253109455109e-02
0.000000000000000000e+00 0.000000000000000000e+00 0.000000000000000000e+00 1.000000000000000000e+00 6.789352893829345703e-01 0.000000000000000000e+00
0.000000000000000000e+00 4.701310992240905762e-01 0.000000000000000000e+00 0.000000000000000000e+00 1.000000000000000000e+00 7.901506125926971436e-02
3.499639332294464111e-01 0.000000000000000000e+00 1.342638134956359863e-01 8.306421041488647461e-01 1.000000000000000000e+00 0.000000000000000000e+00
0.000000000000000000e+00 1.189731955528259277e-01 1.000000000000000000e+00 0.000000000000000000e+00 0.000000000000000000e+00 0.000000000000000000e+00
0.000000000000000000e+00 0.000000000000000000e+00 2.713126838207244873e-01 1.000000000000000000e+00 1.000000000000000000e+00 4.122895002365112305e-01
0.000000000000000000e+00 0.000000000000000000e+00 5.751294493675231934e-01 6.720954179763793945e-01 1.000000000000000000e+00 1.115018799901008606e-01
0.000000000000000000e+00 0.000000000000000000e+00 4.234440922737121582e-01 6.508443355560302734e-01 1.000000000000000000e+00 2.648797258734703064e-02
0.000000000000000000e+00 6.190440654754638672e-01 0.000000000000000000e+00 4.920752644538879395e-01 0.000000000000000000e+00 0.000000000000000000e+00
0.000000000000000000e+00 0.000000000000000000e+00 6.627507805824279785e-01 6.316202282905578613e-01 1.000000000000000000e+00 7.140860427170991898e-03
0.000000000000000000e+00 9.237960726022720337e-02 4.700509011745452881e-01 6.596060395240783691e-01 1.000000000000000000e+00 3.310495987534523010e-02
0.000000000000000000e+00 0.000000000000000000e+00 1.000000000000000000e+00 0.000000000000000000e+00 1.000000000000000000e+00 6.094436049461364746e-01
5.831220000982284546e-02 3.423721194267272949e-01 1.388871371746063232e-01 7.351056933403015137e-01 7.820226550102233887e-01 1.431723833084106445e-01
0.000000000000000000e+00 1.350758373737335205e-01 7.117322087287902832e-01 6.176959276199340820e-01 1.000000000000000000e+00 5.304315686225891113e-02
4.682205989956855774e-02 9.827369451522827148e-02 8.171471357345581055e-01 6.006836295127868652e-01 8.732110857963562012e-01 4.931933805346488953e-02
3.300462290644645691e-02 9.959937334060668945e-01 9.798191189765930176e-01 1.377917379140853882e-01 6.198791265487670898e-01 3.975284844636917114e-02
8.978106379508972168e-01 2.004407942295074463e-01 3.815973103046417236e-01 9.544809460639953613e-01 8.962019085884094238e-01 2.122753709554672241e-01
7.858812808990478516e-02 7.125415205955505371e-01 8.123638033866882324e-01 9.932354688644409180e-01 8.252272754907608032e-02 2.446072921156883240e-02
9.544604420661926270e-01 8.667831420898437500e-01 7.732793092727661133e-01 9.641293287277221680e-01 1.777821034193038940e-02 9.430176764726638794e-02
3.284151852130889893e-01 1.226830482482910156e-01 9.254305362701416016e-01 3.923839926719665527e-01 9.752885103225708008e-01 5.404034256935119629e-02
9.902004599571228027e-01 9.400932788848876953e-01 4.708440229296684265e-02 9.621713757514953613e-01 7.560257315635681152e-01 9.164408594369888306e-02
8.265794515609741211e-01 4.003802686929702759e-02 7.900819778442382812e-01 2.768850624561309814e-01 9.509171843528747559e-01 8.829573392868041992e-01
6.011730805039405823e-02 1.006057485938072205e-01 1.000000000000000000e+00 5.232873558998107910e-01 1.000000000000000000e+00 4.842042177915573120e-02
1.590187847614288330e-01 4.435972124338150024e-02 9.846511483192443848e-01 3.243070095777511597e-04 1.355860829353332520e-01 6.043292284011840820e-01
5.927925929427146912e-02 7.964922785758972168e-01 8.035163283348083496e-01 9.923651069402694702e-02 8.533411622047424316e-01 6.882843375205993652e-01
0.000000000000000000e+00 4.830230772495269775e-02 4.172327816486358643e-01 7.588201761245727539e-01 1.000000000000000000e+00 0.000000000000000000e+00
5.691866874694824219e-01 3.896672278642654419e-02 9.128512144088745117e-01 8.642297387123107910e-01 9.811246395111083984e-01 2.655402123928070068e-01
2.907195091247558594e-01 5.368682146072387695e-01 9.684181213378906250e-01 7.132605910301208496e-01 8.821007013320922852e-01 1.105277091264724731e-01
1.168591827154159546e-01 8.451474905014038086e-01 1.071689575910568237e-01 6.002657413482666016e-01 8.155916333198547363e-01 2.425532788038253784e-02
3.354776501655578613e-01 8.135406672954559326e-02 3.834778964519500732e-01 5.476624369621276855e-01 9.523476660251617432e-02 4.331275820732116699e-02
9.385786056518554688e-01 6.589283347129821777e-01 1.240289583802223206e-02 1.090898737311363220e-02 9.913879632949829102e-01 8.332602381706237793e-01
2.695603854954242706e-02 3.615137934684753418e-01 1.509356498718261719e-01 1.916084811091423035e-02 9.121377021074295044e-03 9.452506899833679199e-01
7.939042150974273682e-02 9.911539554595947266e-01 7.905817627906799316e-01 6.985717453062534332e-03 6.352925300598144531e-02 1.348218321800231934e-01
2.371108084917068481e-01 2.232073694467544556e-01 8.395674638450145721e-03 9.336393475532531738e-01 8.934190869331359863e-01 9.583517313003540039e-01
1.022638157010078430e-01 7.471560239791870117e-01 4.583349078893661499e-02 9.729554653167724609e-01 9.722757339477539062e-01 1.212020367383956909e-01
6.471144966781139374e-03 2.341554462909698486e-01 9.628648757934570312e-01 7.017577067017555237e-03 6.678323745727539062e-01 2.060200423002243042e-01
2.149109989404678345e-01 9.940000176429748535e-01 4.249816760420799255e-02 8.609974384307861328e-01 6.375994533300399780e-02 8.862177729606628418e-01
5.088988691568374634e-04 2.417023479938507080e-01 8.564891219139099121e-01 6.752499341964721680e-01 7.563994526863098145e-01 1.607555150985717773e-01
1.057771369814872742e-01 2.298547700047492981e-02 6.231602281332015991e-02 2.359126806259155273e-01 9.539074897766113281e-01 9.476040601730346680e-01
7.687133550643920898e-02 2.701678872108459473e-01 9.890654683113098145e-01 3.749703466892242432e-01 9.139642715454101562e-01 1.949744373559951782e-01
9.451692700386047363e-01 4.187581241130828857e-01 9.760631918907165527e-01 9.930866360664367676e-01 9.737266898155212402e-01 6.001604795455932617e-01
3.670976683497428894e-02 2.404114603996276855e-01 6.938539147377014160e-01 4.917642772197723389e-01 9.919592738151550293e-01 9.816239029169082642e-02
1.213900968432426453e-01 1.930426806211471558e-02 9.656071066856384277e-01 8.196154981851577759e-02 9.174500107765197754e-01 1.524377614259719849e-01
2.607533335685729980e-01 9.410503506660461426e-02 9.277908205986022949e-01 9.197286367416381836e-01 9.310003519058227539e-01 1.596986055374145508e-01
1.265883147716522217e-01 1.519812829792499542e-02 5.774587392807006836e-01 9.976772665977478027e-01 7.931916117668151855e-01 8.796206861734390259e-02
5.147530138492584229e-02 6.158983111381530762e-01 3.939809501171112061e-01 9.487219452857971191e-01 9.307728409767150879e-01 1.010600198060274124e-02
0.000000000000000000e+00 8.608845621347427368e-02 0.000000000000000000e+00 1.000000000000000000e+00 1.000000000000000000e+00 0.000000000000000000e+00
7.816299796104431152e-02 2.991205453872680664e-02 6.627424359321594238e-01 4.340161979198455811e-01 9.955308437347412109e-01 6.053107231855392456e-02
1.491734758019447327e-02 7.736711204051971436e-02 3.396886587142944336e-02 5.120779275894165039e-01 9.376474022865295410e-01 1.187138166278600693e-02
5.830692872405052185e-02 1.800004988908767700e-01 4.875411093235015869e-01 7.878459692001342773e-01 9.912686944007873535e-01 3.711195290088653564e-02
6.756020188331604004e-01 1.531646400690078735e-01 4.195387065410614014e-01 8.624695539474487305e-01 4.912091195583343506e-01 4.292484521865844727e-01
5.012717843055725098e-01 3.522968292236328125e-02 9.913628101348876953e-01 5.763248801231384277e-01 9.732220768928527832e-01 2.317867241799831390e-02
8.326113224029541016e-01 1.581460535526275635e-01 3.532265722751617432e-01 8.744462132453918457e-01 5.386227369308471680e-01 6.424281597137451172e-01
2.725747823715209961e-01 9.695078134536743164e-01 7.195858359336853027e-01 2.292712777853012085e-02 4.099367260932922363e-01 2.270395308732986450e-01
8.486202955245971680e-01 5.930519700050354004e-01 5.421728491783142090e-01 9.516714140772819519e-03 8.961189389228820801e-01 7.745300531387329102e-01
1.570873707532882690e-01 1.963548362255096436e-01 8.107239753007888794e-02 7.003620862960815430e-01 5.297617912292480469e-01 1.402331441640853882e-01
9.118476510047912598e-01 3.072975277900695801e-01 5.598767399787902832e-01 9.416159987449645996e-01 6.324763298034667969e-01 9.784513115882873535e-01
9.223683476448059082e-01 9.290335178375244141e-01 6.113489270210266113e-01 6.820161938667297363e-01 8.796690106391906738e-01 4.489376768469810486e-02
8.085342049598693848e-01 2.562276422977447510e-01 4.507641308009624481e-03 3.063846230506896973e-01 9.437621831893920898e-01 1.360242906957864761e-02
3.757964372634887695e-01 3.698456585407257080e-01 7.872883677482604980e-01 8.909451961517333984e-01 9.509328007698059082e-01 9.837927818298339844e-01
4.528320729732513428e-01 1.281520724296569824e-01 1.047099605202674866e-01 7.137147337198257446e-02 8.061840385198593140e-02 7.043711841106414795e-02
9.522749483585357666e-02 2.669012844562530518e-01 9.196243286132812500e-01 5.489954724907875061e-03 9.693387150764465332e-01 7.240562885999679565e-02
4.541581273078918457e-01 1.997190415859222412e-01 9.432967305183410645e-01 9.930986166000366211e-01 9.636862874031066895e-01 3.662985563278198242e-02
2.677967250347137451e-01 2.064339071512222290e-02 7.419459819793701172e-01 6.290194988250732422e-01 9.928114414215087891e-01 7.038259506225585938e-02
5.938172936439514160e-01 7.459275722503662109e-01 1.936920434236526489e-01 1.100888326764106750e-01 3.221174776554107666e-01 1.987113803625106812e-01
5.512603521347045898e-01 5.220056772232055664e-01 4.772041738033294678e-01 8.454866409301757812e-01 8.788350224494934082e-01 9.125466942787170410e-01
1.632214933633804321e-01 9.884257316589355469e-01 2.224873378872871399e-02 9.372846484184265137e-01 4.335342347621917725e-01 4.858494549989700317e-02
3.721363544464111328e-01 1.521419584751129150e-01 7.092930674552917480e-01 5.329326391220092773e-01 9.014651179313659668e-01 4.241188466548919678e-01
6.433884501457214355e-01 4.983825981616973877e-01 6.400054693222045898e-01 8.461872935295104980e-01 2.492667436599731445e-01 6.774282455444335938e-02
3.971572220325469971e-01 5.552151799201965332e-01 5.092694163322448730e-01 6.733332872390747070e-01 8.208515644073486328e-01 8.258440494537353516e-01
7.692028284072875977e-01 7.180342823266983032e-02 6.930617988109588623e-02 5.643813610076904297e-01 7.109597325325012207e-01 3.902015089988708496e-01
4.540548026561737061e-01 5.029611587524414062e-01 6.603968739509582520e-01 7.638612985610961914e-01 9.154812246561050415e-02 9.377136826515197754e-01
7.661322355270385742e-01 9.182628989219665527e-01 1.729431152343750000e-01 7.708428502082824707e-01 2.388276308774948120e-01 7.403292059898376465e-01
3.184817135334014893e-01 7.845401167869567871e-01 6.357194185256958008e-01 2.986697554588317871e-01 2.499638050794601440e-01 1.187531463801860809e-02
6.137331724166870117e-01 8.382553458213806152e-01 7.521315813064575195e-01 7.805578112602233887e-01 6.854313611984252930e-01 2.421536147594451904e-01
4.412918090820312500e-01 7.718547582626342773e-01 4.694303125143051147e-02 9.166278243064880371e-01 3.381389379501342773e-01 6.812720298767089844e-01
6.133920550346374512e-01 4.854741096496582031e-01 4.664041399955749512e-01 1.573022007942199707e-01 1.415089815855026245e-01 8.110296726226806641e-01
1.221168488264083862e-01 5.458872914314270020e-01 5.202562361955642700e-02 6.437588334083557129e-01 4.265146553516387939e-01 3.521296381950378418e-01
3.367490172386169434e-01 7.963031530380249023e-02 8.104420900344848633e-01 7.012824416160583496e-01 7.733200192451477051e-01 2.264000028371810913e-01
2.591468691825866699e-01 7.502182126045227051e-01 3.272313475608825684e-01 1.695200800895690918e-01 9.195955991744995117e-01 4.478632286190986633e-02
7.311500906944274902e-01 5.159398913383483887e-01 1.749257743358612061e-01 8.601918816566467285e-02 2.857770621776580811e-01 5.212846994400024414e-01
7.294810414314270020e-01 2.540393546223640442e-02 2.896374464035034180e-01 3.557408750057220459e-01 9.609769582748413086e-01 7.363082766532897949e-01
7.468562126159667969e-01 4.104546457529067993e-02 1.717466264963150024e-01 3.363574743270874023e-01 9.217675924301147461e-01 2.061761766672134399e-01
9.600152969360351562e-01 2.488776147365570068e-01 3.736865818500518799e-01 8.011624217033386230e-01 5.746429562568664551e-01 7.637749910354614258e-01
1.727396249771118164e-01 4.528646767139434814e-01 8.272098898887634277e-01 9.904490709304809570e-01 7.033805251121520996e-01 6.390053629875183105e-01
9.638473987579345703e-01 4.159318804740905762e-01 2.789136767387390137e-01 7.945823669433593750e-01 7.719890475273132324e-01 9.224175810813903809e-01
9.241105914115905762e-01 8.324139714241027832e-01 2.243939787149429321e-01 7.497987747192382812e-01 5.930824279785156250e-01 3.076340258121490479e-01
5.521427392959594727e-01 8.329558372497558594e-01 3.253445029258728027e-01 9.231219291687011719e-01 5.580757856369018555e-01 1.209268942475318909e-01
8.882221579551696777e-01 2.688545584678649902e-01 1.004262864589691162e-01 8.707143068313598633e-01 3.029752969741821289e-01 6.062713265419006348e-01
8.197821974754333496e-01 7.114297747611999512e-01 1.303475350141525269e-01 7.857576012611389160e-01 1.486712396144866943e-01 4.014542996883392334e-01
1.849814504384994507e-01 5.448449254035949707e-01 1.693514361977577209e-02 3.306153416633605957e-01 6.885938048362731934e-01 7.353844046592712402e-01
5.434964299201965332e-01 4.835582673549652100e-01 6.172882318496704102e-01 3.166301548480987549e-01 4.416549801826477051e-01 6.070412322878837585e-02
8.069298267364501953e-01 8.224158883094787598e-01 9.741707444190979004e-01 9.909721612930297852e-01 5.231380835175514221e-02 4.265338182449340820e-01
1.833707094192504883e-02 8.999596536159515381e-02 8.556064367294311523e-01 9.429963231086730957e-01 5.194135755300521851e-02 5.748098492622375488e-01
2.412499338388442993e-01 1.155140027403831482e-01 5.001761317253112793e-01 3.285393118858337402e-01 4.230827987194061279e-01 3.498764038085937500e-01
