7.677131891250610352e-01 7.622258663177490234e-01 3.456771373748779297e-01 1.235341429710388184e-01
8.605074882507324219e-01 7.031877636909484863e-01 4.941597580909729004e-01 9.596817493438720703e-01
3.563320636749267578e-02 3.076475858688354492e-01 5.099797248840332031e-02 8.551020622253417969e-01
2.069011926651000977e-01 6.388251781463623047e-01 4.817799925804138184e-01 3.533238768577575684e-01
7.087017893791198730e-01 7.387797236442565918e-01 7.896344661712646484e-01 3.193835616111755371e-01
7.200305461883544922e-01 7.986039519309997559e-01 1.088958382606506348e-01 3.937144279479980469e-01
4.303131699562072754e-01 2.709438800811767578e-01 1.093173027038574219e-01 3.064435720443725586e-02
4.063376784324645996e-01 2.570069432258605957e-01 9.832834601402282715e-01 7.873715162277221680e-01
4.967920184135437012e-01 7.266417145729064941e-01 7.238034605979919434e-01 8.120019435882568359e-01
3.398163914680480957e-01 5.443975329399108887e-01 3.680250048637390137e-01 2.038714289665222168e-01
6.822447180747985840e-01 1.193464398384094238e-01 9.427483081817626953e-01 9.592846632003784180e-01
9.033412337303161621e-01 9.648592472076416016e-01 8.964385390281677246e-01 9.542482495307922363e-01
3.755263686180114746e-01 2.271961569786071777e-01 8.697845339775085449e-01 4.013295769691467285e-01
5.704687833786010742e-01 8.098904490470886230e-01 6.565059423446655273e-01 1.037135720252990723e-01
7.841617465019226074e-01 1.487799286842346191e-01 5.584007501602172852e-02 1.113950014114379883e-01
1.603251695632934570e-01 2.965909242630004883e-01 3.806855678558349609e-01 5.139464735984802246e-01
8.276048302650451660e-01 3.347268104553222656e-01 1.117265224456787109e-02 5.515485405921936035e-01
2.941634058952331543e-01 9.770078659057617188e-01 2.399100065231323242e-01 2.722981572151184082e-01
7.943069338798522949e-01 1.090661883354187012e-01 1.096463203430175781e-02 8.689695596694946289e-01
5.687260627746582031e-02 2.605373859405517578e-01 6.681569218635559082e-01 9.375674724578857422e-01
5.118262767791748047e-02 3.040868043899536133e-02 6.899740695953369141e-01 7.211933732032775879e-01
5.769308805465698242e-01 4.181780219078063965e-01 1.197627186775207520e-01 4.772539734840393066e-01
5.858793258666992188e-01 9.544845819473266602e-01 3.833448290824890137e-01 8.563392758369445801e-01
2.835577726364135742e-01 4.094387292861938477e-01 9.171641469001770020e-01 6.638813614845275879e-01
4.275070428848266602e-01 4.240242242813110352e-01 5.491596460342407227e-02 4.348382949829101562e-01
5.438392162322998047e-01 5.260322093963623047e-01 5.453975200653076172e-01 5.048589706420898438e-01
4.958306550979614258e-01 4.849875569343566895e-01 5.493147373199462891e-01 3.807473182678222656e-02
7.410285472869873047e-01 7.750675082206726074e-01 3.635262250900268555e-01 4.148576259613037109e-01
3.296790719032287598e-01 5.180864334106445312e-01 9.564180374145507812e-01 2.847519516944885254e-01
3.851664662361145020e-01 9.074875116348266602e-01 6.617186069488525391e-01 9.024643301963806152e-01
8.431146740913391113e-01 2.872937917709350586e-02 7.099119424819946289e-01 8.699809312820434570e-01
6.072320938110351562e-01 4.712968468666076660e-01 9.886875152587890625e-01 8.166512250900268555e-01
1.401851773262023926e-01 1.559852957725524902e-01 2.228006124496459961e-01 3.766857385635375977e-01
5.805643796920776367e-01 9.153184294700622559e-01 5.708761811256408691e-01 1.509199142456054688e-01
4.379550218582153320e-01 6.559580564498901367e-02 3.265696763992309570e-02 8.147562742233276367e-01
9.951760768890380859e-01 4.583009481430053711e-01 2.734107375144958496e-01 7.019023895263671875e-01
1.332122087478637695e-02 9.748833179473876953e-01 3.082373738288879395e-01 9.741862416267395020e-01
4.844965934753417969e-01 4.475150704383850098e-01 4.731031656265258789e-01 9.216895699501037598e-01
8.841348290443420410e-01 7.073640823364257812e-02 3.086857199668884277e-01 4.638349413871765137e-01
1.769278049468994141e-01 2.949171662330627441e-01 7.825179100036621094e-01 6.527284383773803711e-01
5.945575833320617676e-01 3.884724378585815430e-01 6.837303042411804199e-01 2.958711981773376465e-01
5.654627680778503418e-01 2.489510178565979004e-01 7.327798008918762207e-01 5.820925831794738770e-01
1.335117220878601074e-01 8.244276046752929688e-03 9.887249469757080078e-01 8.054088950157165527e-01
3.173776865005493164e-01 9.709190726280212402e-01 3.212850093841552734e-01 5.208739638328552246e-01
3.802368044853210449e-01 4.265391826629638672e-02 5.401324033737182617e-01 9.306988716125488281e-01
1.334533095359802246e-01 2.425129413604736328e-01 6.722282767295837402e-01 6.543260812759399414e-01
3.758355379104614258e-01 2.498016953468322754e-01 7.173467874526977539e-01 8.403843641281127930e-01
4.961070418357849121e-01 8.065790534019470215e-01 6.778311729431152344e-02 1.166447997093200684e-01
2.750241756439208984e-01 1.829827427864074707e-01 5.406842231750488281e-01 1.280223131179809570e-01
2.467975616455078125e-01 4.437909722328186035e-01 8.433578610420227051e-01 8.287646770477294922e-01
3.485643863677978516e-01 6.546141505241394043e-01 8.165114521980285645e-01 3.080912232398986816e-01
6.292365193367004395e-01 6.555485725402832031e-02 8.686854243278503418e-01 2.310169935226440430e-01
9.327871799468994141e-01 9.147972464561462402e-01 7.984104156494140625e-01 7.429956197738647461e-01
8.945686221122741699e-01 6.345636844635009766e-01 2.288008332252502441e-01 7.516607642173767090e-01
7.812996506690979004e-01 9.112092852592468262e-01 6.639705896377563477e-01 9.923247694969177246e-01
6.891446113586425781e-01 5.458122491836547852e-01 1.618919372558593750e-01 8.301190137863159180e-01
7.796322703361511230e-01 3.028404712677001953e-02 2.980987429618835449e-01 1.110795140266418457e-01
3.980509042739868164e-01 9.461075067520141602e-02 1.660565137863159180e-01 3.892638683319091797e-01
3.082346916198730469e-02 5.555459856986999512e-01 3.998365998268127441e-01 7.705739140510559082e-01
7.313610911369323730e-01 1.877647638320922852e-02 3.794836997985839844e-02 7.313306927680969238e-01
