2.022273540496826172e-01 2.077385783195495605e-01 6.392558217048645020e-01 1.582503318786621094e-02 7.859607934951782227e-01 4.769008159637451172e-01
6.345025300979614258e-01 7.770109772682189941e-01 9.324707388877868652e-01 5.691003799438476562e-02 4.854928851127624512e-01 7.271307110786437988e-01
6.697180867195129395e-01 6.085561513900756836e-01 5.755938291549682617e-01 3.198772668838500977e-01 8.799271583557128906e-01 3.334491252899169922e-01
3.356713652610778809e-01 3.749670982360839844e-01 9.560657143592834473e-01 6.122481822967529297e-02 1.388141512870788574e-01 9.575210213661193848e-01
2.546246647834777832e-01 1.786457300186157227e-01 6.249097585678100586e-01 9.557490944862365723e-01 3.945857286453247070e-02 4.929189085960388184e-01
8.480986952781677246e-01 5.316577553749084473e-01 6.866239309310913086e-01 9.405306577682495117e-01 3.850174546241760254e-01 4.311972856521606445e-02
9.458616375923156738e-01 5.161225795745849609e-02 5.412739515304565430e-02 1.709453463554382324e-01 7.711890935897827148e-01 9.927875399589538574e-01
8.305025696754455566e-01 1.391779780387878418e-01 2.235094308853149414e-01 1.040640473365783691e-01 2.570381760597229004e-01 3.838289380073547363e-01
1.176694631576538086e-01 4.365550875663757324e-01 3.299403190612792969e-01 7.811718583106994629e-01 5.186262130737304688e-01 4.931092262268066406e-03
8.901026248931884766e-01 5.218561887741088867e-01 9.969429373741149902e-01 4.595336318016052246e-01 4.600264430046081543e-01 5.075445175170898438e-01
6.429365873336791992e-01 7.060961127281188965e-01 6.803891658782958984e-01 2.313902974128723145e-01 1.231199502944946289e-01 5.452939867973327637e-01
1.023542284965515137e-01 8.401355743408203125e-01 5.412256717681884766e-02 9.930875897407531738e-01 6.596531867980957031e-01 9.747455120086669922e-01
4.304045438766479492e-01 8.680667281150817871e-01 8.731563687324523926e-01 6.111502647399902344e-03 7.225379347801208496e-01 9.763795733451843262e-01
8.542931675910949707e-01 8.228722214698791504e-01 4.505434632301330566e-01 6.620848774909973145e-01 9.953001141548156738e-01 2.553545832633972168e-01
4.645692706108093262e-01 2.162525653839111328e-01 2.696600556373596191e-01 4.646480083465576172e-01 7.783150672912597656e-02 8.665525317192077637e-01
3.567497134208679199e-01 8.821792006492614746e-01 1.477212905883789062e-01 4.791262149810791016e-01 2.560453414916992188e-01 9.166527986526489258e-01
3.352898359298706055e-02 5.062978267669677734e-01 8.611929416656494141e-02 7.343483567237854004e-01 8.544316887855529785e-01 6.660565137863159180e-01
8.752650022506713867e-01 8.823680281639099121e-01 1.707660555839538574e-01 8.721376061439514160e-01 6.374263763427734375e-02 6.892212033271789551e-01
8.922384381294250488e-01 8.593164682388305664e-01 3.301215171813964844e-02 8.074305057525634766e-01 8.303979039192199707e-01 3.367447853088378906e-02
1.858916282653808594e-01 7.809364199638366699e-01 7.346656918525695801e-01 8.845425844192504883e-01 5.159236192703247070e-01 4.246331453323364258e-01
4.202391505241394043e-01 9.550550580024719238e-01 5.677840113639831543e-01 6.150427460670471191e-01 1.700686216354370117e-01 7.750993967056274414e-01
5.365663170814514160e-01 7.520725727081298828e-01 4.977478981018066406e-01 9.774212837219238281e-01 1.536250114440917969e-02 8.375849723815917969e-01
2.801443934440612793e-01 4.650310277938842773e-01 3.096612691879272461e-01 2.562550306320190430e-01 4.184474349021911621e-01 4.606808423995971680e-01
3.900669217109680176e-01 1.657984852790832520e-01 1.824077367782592773e-01 4.512326717376708984e-01 9.629439115524291992e-01 3.424922227859497070e-01
2.658942341804504395e-01 9.975856542587280273e-01 9.082086682319641113e-01 4.593512415885925293e-01 1.386932730674743652e-01 5.369712114334106445e-01
7.971671819686889648e-01 3.736344575881958008e-01 5.847357511520385742e-01 6.569309234619140625e-01 3.667057752609252930e-01 7.953487038612365723e-01
1.286395192146301270e-01 7.071986794471740723e-01 8.621131777763366699e-01 6.080853939056396484e-02 4.818226099014282227e-01 6.257752776145935059e-01
5.112977623939514160e-01 9.606438875198364258e-01 4.709880352020263672e-01 9.698226451873779297e-01 4.008465409278869629e-01 9.613437056541442871e-01
4.534151554107666016e-01 4.638665914535522461e-01 2.097535133361816406e-02 2.617275714874267578e-01 3.017455935478210449e-01 7.972372770309448242e-01
3.429541587829589844e-01 5.943101644515991211e-02 7.595682740211486816e-01 6.312178969383239746e-01 1.555832028388977051e-01 3.688742518424987793e-01
9.305158257484436035e-01 1.396054029464721680e-02 3.407096862792968750e-02 9.183931350708007812e-02 7.123158574104309082e-01 4.081716537475585938e-01
2.965264320373535156e-01 6.401502490043640137e-01 7.114063501358032227e-01 8.163607716560363770e-01 8.722467422485351562e-01 3.932788968086242676e-01
6.987307071685791016e-01 8.860201835632324219e-01 6.454588770866394043e-01 3.384452462196350098e-01 6.781615018844604492e-01 8.790032267570495605e-01
4.396991729736328125e-01 7.650225758552551270e-01 1.579452753067016602e-01 9.229909777641296387e-01 9.315659999847412109e-01 2.652579545974731445e-01
8.134493231773376465e-01 8.065415620803833008e-01 4.539999961853027344e-01 6.711577773094177246e-01 6.359457373619079590e-01 6.546831130981445312e-02
2.300938963890075684e-01 5.978198647499084473e-01 7.612788677215576172e-02 9.064465761184692383e-02 2.516758441925048828e-01 6.752957701683044434e-01
3.791518211364746094e-01 1.912963390350341797e-02 2.184528112411499023e-02 5.352731347084045410e-01 1.661303043365478516e-01 1.050503253936767578e-01
4.063009023666381836e-01 7.505986690521240234e-01 8.179291486740112305e-01 5.146593451499938965e-01 7.884021401405334473e-01 8.738181591033935547e-01
9.057788848876953125e-01 4.113020896911621094e-01 6.879314184188842773e-01 9.502083659172058105e-01 8.610102534294128418e-01 6.855758428573608398e-01
9.834862351417541504e-01 9.774305224418640137e-01 7.310071587562561035e-01 8.303539752960205078e-01 7.165226936340332031e-01 6.355243325233459473e-01
7.524719834327697754e-01 1.797211170196533203e-02 4.769782423973083496e-01 7.391901612281799316e-01 1.185871362686157227e-01 7.281839847564697266e-03
9.997169971466064453e-01 7.822054624557495117e-02 3.582214713096618652e-01 9.478043317794799805e-01 7.014462947845458984e-01 1.393086910247802734e-01
7.081924080848693848e-01 4.606163501739501953e-01 3.290724158287048340e-01 8.848416805267333984e-01 4.769144654273986816e-01 1.560878157615661621e-01
3.544995188713073730e-01 9.469604492187500000e-01 7.712656855583190918e-01 9.564461708068847656e-01 4.933404326438903809e-01 4.404357671737670898e-01
8.291649222373962402e-01 9.771241545677185059e-01 1.833489537239074707e-01 9.675030708312988281e-01 8.822513818740844727e-01 2.802971005439758301e-01
8.895086050033569336e-01 8.741057515144348145e-01 9.946722984313964844e-01 4.136979579925537109e-02 4.937534928321838379e-01 6.579703092575073242e-01
6.251080036163330078e-01 4.699552059173583984e-01 3.829862475395202637e-01 9.188240170478820801e-01 2.489444017410278320e-01 2.094429731369018555e-02
4.463998675346374512e-01 6.775199174880981445e-01 7.343716025352478027e-01 3.801894187927246094e-01 4.349470734596252441e-01 7.721504569053649902e-01
2.021423578262329102e-01 2.129006385803222656e-02 9.863047003746032715e-01 1.658928394317626953e-01 7.163499593734741211e-01 5.776628851890563965e-01
3.723424077033996582e-01 9.505567550659179688e-01 6.557561159133911133e-01 6.139103770256042480e-01 3.840251564979553223e-01 5.716063380241394043e-01
2.696867585182189941e-01 4.241919517517089844e-01 3.591838479042053223e-01 5.240247845649719238e-01 4.645022749900817871e-01 4.684541821479797363e-01
2.531631588935852051e-01 3.669337630271911621e-01 6.350972056388854980e-01 2.882276177406311035e-01 9.673959612846374512e-01 6.041442751884460449e-01
9.521687030792236328e-01 4.521417021751403809e-01 4.446182250976562500e-01 8.409498929977416992e-01 9.234275817871093750e-01 5.419403314590454102e-01
9.792698025703430176e-01 2.349382638931274414e-01 4.812218546867370605e-01 3.699372410774230957e-01 5.770007967948913574e-01 4.795403480529785156e-01
1.571271419525146484e-01 4.583294987678527832e-01 9.982703924179077148e-01 2.871453762054443359e-01 2.586490511894226074e-01 1.842243671417236328e-01
8.235512375831604004e-01 3.738278150558471680e-02 8.139579296112060547e-01 3.302903175354003906e-01 5.646327137947082520e-01 8.197306394577026367e-01
9.639706611633300781e-01 9.508492350578308105e-01 2.818331718444824219e-01 7.295117378234863281e-01 8.124945759773254395e-01 4.552656412124633789e-02
4.420524835586547852e-02 7.915621399879455566e-01 6.956781148910522461e-01 6.907823085784912109e-01 5.182026624679565430e-01 1.311264634132385254e-01
1.740728020668029785e-01 6.367848515510559082e-01 9.934781789779663086e-01 4.919122457504272461e-01 9.228914976119995117e-01 3.202587366104125977e-02
3.031984567642211914e-01 6.251527667045593262e-01 7.594602704048156738e-01 9.243981242179870605e-01 3.147607445716857910e-01 9.395628571510314941e-01
