1.996177476131535622e+00
1.996177476131535622e+00
1.996177476131535622e+00
1.996177476131535622e+00
1.996177476131535622e+00
2.386430439374712886e+00
2.391801079964597232e+00
2.393839086185393761e+00
2.431787766209735580e+00
2.431787766209735580e+00
2.444877855940463807e+00
2.476617052310062572e+00
2.477339828602403760e+00
2.477339828602403760e+00
2.477339828602403760e+00
2.477339828602403760e+00
2.477339828602403760e+00
2.477339828602403760e+00
2.477339828602403760e+00
2.477339828602403760e+00
2.477339828602403760e+00
2.477339828602403760e+00
2.477339828602403760e+00
2.477339828602403760e+00
2.477339828602403760e+00
2.477339828602403760e+00
2.477339828602403760e+00
2.477339828602403760e+00
2.477339828602403760e+00
2.477339828602403760e+00
2.477339828602403760e+00
2.477339828602403760e+00
2.477339828602403760e+00
2.477339828602403760e+00
2.478039543025705616e+00
2.478039543025705616e+00
2.481417970543998042e+00
2.500481224084504461e+00
2.500481224084504461e+00
2.500481224084504461e+00
2.500481224084504461e+00
2.500481224084504461e+00
2.500481224084504461e+00
2.500481224084504461e+00
2.500481224084504461e+00
2.500481224084504461e+00
2.500481224084504461e+00
2.500481224084504461e+00
2.500481224084504461e+00
2.500481224084504461e+00
