1.147493991462971819e+00
1.095802362645868389e+00
6.528389308991564555e-01
1.000498946517489607e+00
1.093829894504657840e+00
9.999687862494892610e-01
1.411891758599455704e+00
1.041074383317711627e+00
1.002280573296909338e+00
1.296355167526214824e+00
9.233707529680574844e-01
1.830531706124636226e-01
1.626662724766684276e+00
1.446700657824552261e+00
8.053674743316590057e-01
1.766046496228077523e+00
1.602231996337656117e+00
1.421014546896827824e+00
1.988297667938390800e+00
1.995146499029458065e+00
1.072041566736837259e+00
1.957600434677100099e+00
1.882420601453603792e+00
1.956710905804757594e+00
1.976228681689008893e+00
1.878781579550162784e+00
1.120915515887825897e+00
1.533155415157642310e+00
1.495513708439592859e+00
1.795599825300732810e+00
1.053828116110758772e+00
3.532520060135781459e-01
1.547524578662856198e+00
1.735571610437506296e+00
2.032056957613119330e+00
2.049855474560757340e+00
1.761391204412851907e+00
1.539502547546639732e+00
1.652795627727957628e+00
1.779890387889045078e+00
1.799719035696388802e+00
1.726020028295216724e+00
1.015590079564918202e+00
1.321753670527519908e+00
1.205218292570721328e+00
1.324499255071119874e+00
1.436878164408930791e+00
1.146451020303494772e+00
1.228904285985928269e+00
1.820732189082283625e+00
1.463830479930526618e+00
1.700365051548419881e+00
6.343690025663242249e-01
1.132109085592160946e+00
7.155984738736897999e-01
8.545655321037417540e-01
9.822495015057357559e-01
6.512708465421052084e-01
1.358674712966884801e+00
7.941335121149148968e-01
7.812644420781215127e-01
1.766177936928088110e+00
1.457768896309592055e+00
1.843490842038223887e+00
5.573380382786403686e-01
1.054721501283398366e+00
1.043174778496303690e+00
8.795214155277402135e-01
1.084919642780420412e+00
1.348975977929564918e+00
5.258896601482794253e-01
1.615500216612306472e+00
1.271624629753732805e+00
1.455565540190432827e+00
1.306581715779368880e+00
1.763846672753992539e+00
1.384279530273172520e+00
9.848281080826485345e-01
5.071125300082612863e-01
1.243310364834676385e+00
7.868426644382453539e-01
9.456761882119825158e-01
1.307760874064177514e+00
1.577063829596739630e+00
1.129037751342056639e+00
7.318726558790061842e-01
1.093755407309905392e+00
1.490899589979764794e+00
1.394563264622356691e+00
1.339480718300034789e+00
1.389473333916892095e+00
1.785845277550988763e+00
1.476560136632652842e+00
1.053772962793943835e+00
1.399739373280977528e+00
1.579250767130554012e+00
6.474963722498749963e-01
1.005890553668448595e+00
8.987168080943361836e-01
1.797195766610265588e+00
4.799220106047922818e-01
7.302374096883769150e-01
7.240651130521938983e-01
1.151393081409335606e+00
1.461021068319511951e+00
3.112548858875325286e-01
1.147501359970909629e+00
4.876616957711307210e-01
3.487591746746976362e-01
1.092939631727171346e+00
