7.920718247659623845e-01
7.982076067998198354e-01
7.982076067998198354e-01
9.321651499518494033e-01
1.050266178841458231e+00
1.074610464427794509e+00
1.073693955332741590e+00
1.072394202743593983e+00
1.063012813458191097e+00
1.066494046328009038e+00
1.066797134885450138e+00
1.068860617238842847e+00
1.073772498431591504e+00
1.074283852177194687e+00
1.073950716768108382e+00
1.073072669255128009e+00
1.073517952039641843e+00
1.074030955670401966e+00
1.074076585866115874e+00
1.074033512695693027e+00
1.073971763805304347e+00
1.074097605357933194e+00
1.074499486131346160e+00
1.073927880575666460e+00
1.074853916399944875e+00
1.074950608889523540e+00
1.074949462225689434e+00
1.074949801515223902e+00
1.075597146964144546e+00
1.075289270941671926e+00
1.075307895980777140e+00
1.075448198829743962e+00
1.075789272797954332e+00
1.075780839415898749e+00
1.075931820883210932e+00
1.075919324530710375e+00
1.075903375697386366e+00
1.075976361097224387e+00
1.075964205309384969e+00
1.075952874862125208e+00
1.075884620677606929e+00
1.075893489551150495e+00
1.075789131701427426e+00
1.075794047433955347e+00
1.075749781882502365e+00
1.075771940604172361e+00
1.075818113453945735e+00
1.075832981430576041e+00
1.075831346884242201e+00
1.075825248817576352e+00
1.075824895210237830e+00
1.075822997462218655e+00
1.075869229076174216e+00
1.075887979729888588e+00
1.075860837190985464e+00
1.075901815359592728e+00
1.075873621413196091e+00
1.075881456288683813e+00
1.075892649159964520e+00
1.075894106324551514e+00
1.075893805916766865e+00
1.075883325579239269e+00
1.075882380497505730e+00
1.075882017088683140e+00
1.075889269071557131e+00
1.075870801061981963e+00
1.075916109752488969e+00
1.075909001764229878e+00
1.075908292891690543e+00
1.075908742772496041e+00
1.075908264851063834e+00
1.075896254636269589e+00
1.075857232721624257e+00
1.075859056003710679e+00
1.075860179105701420e+00
1.075860689498417955e+00
1.075967886111679483e+00
1.075984760727668466e+00
1.075958521992227634e+00
1.075949701272322923e+00
1.075961868136662503e+00
1.075966721821584926e+00
1.075979400257823126e+00
1.075984857482822576e+00
1.075985011480331988e+00
1.075981129884674425e+00
1.075983878376202352e+00
1.075983624222452084e+00
1.075988962672743021e+00
1.076002374411462181e+00
1.076002247523502042e+00
1.076002721692887576e+00
1.076015152152598242e+00
1.076014600923257625e+00
1.076000819823125454e+00
1.075999545096875565e+00
1.075998129427361061e+00
1.075998573656468116e+00
1.075998707315445113e+00
1.075997708917365792e+00
