0.000000000000000000e+00 7.205650172656007380e-01 0.000000000000000000e+00 0.000000000000000000e+00
0.000000000000000000e+00 1.000000000000000000e+00 0.000000000000000000e+00 0.000000000000000000e+00
0.000000000000000000e+00 1.000000000000000000e+00 0.000000000000000000e+00 0.000000000000000000e+00
0.000000000000000000e+00 1.000000000000000000e+00 0.000000000000000000e+00 7.900761040465632545e-01
0.000000000000000000e+00 9.590176322026894296e-01 0.000000000000000000e+00 4.509693500392500942e-01
0.000000000000000000e+00 8.588653829567219899e-01 0.000000000000000000e+00 4.202505997120010162e-01
0.000000000000000000e+00 8.726327248952424620e-01 0.000000000000000000e+00 4.199840446508479874e-01
0.000000000000000000e+00 8.801739570839572924e-01 0.000000000000000000e+00 4.286557544267932118e-01
0.000000000000000000e+00 8.154459485923643003e-01 0.000000000000000000e+00 2.953333942491877528e-01
0.000000000000000000e+00 9.016643247800155692e-01 0.000000000000000000e+00 3.790448877705165365e-01
0.000000000000000000e+00 9.001621228720695367e-01 0.000000000000000000e+00 3.777647896466677091e-01
0.000000000000000000e+00 8.816408498635101010e-01 0.000000000000000000e+00 3.556656080448920565e-01
0.000000000000000000e+00 8.745038368011385232e-01 0.000000000000000000e+00 3.982352811851542773e-01
0.000000000000000000e+00 8.703392824997683297e-01 0.000000000000000000e+00 3.950476122082743902e-01
0.000000000000000000e+00 8.727262200991480201e-01 0.000000000000000000e+00 3.946778390039888951e-01
0.000000000000000000e+00 8.790535893723405714e-01 0.000000000000000000e+00 3.986767500470513315e-01
0.000000000000000000e+00 8.755807328964563263e-01 0.000000000000000000e+00 3.944199744397959284e-01
0.000000000000000000e+00 8.714836771438585483e-01 0.000000000000000000e+00 3.914071027614128839e-01
0.000000000000000000e+00 8.709781625667161187e-01 0.000000000000000000e+00 3.906586506424699068e-01
0.000000000000000000e+00 8.724858129756434266e-01 0.000000000000000000e+00 3.969060864584263437e-01
0.000000000000000000e+00 8.720086012997544378e-01 0.000000000000000000e+00 3.918725217056779897e-01
0.000000000000000000e+00 8.709774475313891706e-01 0.000000000000000000e+00 3.912832977794414857e-01
0.000000000000000000e+00 8.681124461333689091e-01 0.000000000000000000e+00 4.100602982274087482e-01
0.000000000000000000e+00 8.722708273923903688e-01 0.000000000000000000e+00 4.150646785377712367e-01
0.000000000000000000e+00 8.654085318314124198e-01 0.000000000000000000e+00 4.051228738187664935e-01
0.000000000000000000e+00 8.641892999732069258e-01 0.000000000000000000e+00 4.056629001312856420e-01
0.000000000000000000e+00 8.646781065668793786e-01 0.000000000000000000e+00 4.028603501973085921e-01
0.000000000000000000e+00 8.646818995362081095e-01 0.000000000000000000e+00 4.027935452989158671e-01
0.000000000000000000e+00 8.551011174537141990e-01 0.000000000000000000e+00 4.024767194778618440e-01
0.000000000000000000e+00 8.585998574142854611e-01 0.000000000000000000e+00 4.073483444746325288e-01
0.000000000000000000e+00 8.584475822436302694e-01 0.000000000000000000e+00 4.070252143498709896e-01
0.000000000000000000e+00 8.572003017698528460e-01 0.000000000000000000e+00 4.044584059316309599e-01
0.000000000000000000e+00 8.532234854222681131e-01 0.000000000000000000e+00 3.942398302042477987e-01
0.000000000000000000e+00 8.534113311727394846e-01 0.000000000000000000e+00 3.940028892304107133e-01
0.000000000000000000e+00 8.495368795923810001e-01 0.000000000000000000e+00 3.932109267855204982e-01
0.000000000000000000e+00 8.499308001683968383e-01 0.000000000000000000e+00 3.933615990564523490e-01
0.000000000000000000e+00 8.504143457101359660e-01 0.000000000000000000e+00 3.934667717422103972e-01
0.000000000000000000e+00 8.480472823271772986e-01 0.000000000000000000e+00 3.915848466647389170e-01
0.000000000000000000e+00 8.483562442167830175e-01 0.000000000000000000e+00 3.929493801346166104e-01
0.000000000000000000e+00 8.487590516711962518e-01 0.000000000000000000e+00 3.932253437396182050e-01
0.000000000000000000e+00 8.505785708856428151e-01 0.000000000000000000e+00 3.954415755690812162e-01
0.000000000000000000e+00 8.502827062796277646e-01 0.000000000000000000e+00 3.954536791539639551e-01
0.000000000000000000e+00 8.532249672541371011e-01 0.000000000000000000e+00 3.927910495046824102e-01
0.000000000000000000e+00 8.531299714605066198e-01 0.000000000000000000e+00 3.929756177924428329e-01
0.000000000000000000e+00 8.540252893275310786e-01 0.000000000000000000e+00 3.931575892772033454e-01
0.000000000000000000e+00 8.535878886941090649e-01 0.000000000000000000e+00 3.931089345262602786e-01
0.000000000000000000e+00 8.525594170498166369e-01 0.000000000000000000e+00 3.919438987870340063e-01
0.000000000000000000e+00 8.521972671183339898e-01 0.000000000000000000e+00 3.915388772845810328e-01
0.000000000000000000e+00 8.522364448542860682e-01 0.000000000000000000e+00 3.915689247219953373e-01
0.000000000000000000e+00 8.524182159263691272e-01 0.000000000000000000e+00 3.921376891598559733e-01
0.000000000000000000e+00 8.524251498902287727e-01 0.000000000000000000e+00 3.921248880314112117e-01
0.000000000000000000e+00 8.524869269520300996e-01 0.000000000000000000e+00 3.924717523673189046e-01
0.000000000000000000e+00 8.511775776565393414e-01 0.000000000000000000e+00 3.901546316000970016e-01
0.000000000000000000e+00 8.507881455929793280e-01 0.000000000000000000e+00 3.906253202395721380e-01
0.000000000000000000e+00 8.514956571586578260e-01 0.000000000000000000e+00 3.909587080934516790e-01
0.000000000000000000e+00 8.503824491146091402e-01 0.000000000000000000e+00 3.902982767160300126e-01
0.000000000000000000e+00 8.508237526796342820e-01 0.000000000000000000e+00 3.889668108909101196e-01
0.000000000000000000e+00 8.507140273137059339e-01 0.000000000000000000e+00 3.893055377502259717e-01
0.000000000000000000e+00 8.504512998315599814e-01 0.000000000000000000e+00 3.893800960656104704e-01
0.000000000000000000e+00 8.504000046524171630e-01 0.000000000000000000e+00 3.893152143967928414e-01
0.000000000000000000e+00 8.504084033024670308e-01 0.000000000000000000e+00 3.893185636079530276e-01
0.000000000000000000e+00 8.507077116610333167e-01 0.000000000000000000e+00 3.894874321258726124e-01
0.000000000000000000e+00 8.506967789922162959e-01 0.000000000000000000e+00 3.893298658227348774e-01
0.000000000000000000e+00 8.507065964617789300e-01 0.000000000000000000e+00 3.893338762963905464e-01
0.000000000000000000e+00 8.505199388812055838e-01 0.000000000000000000e+00 3.893040703960035098e-01
0.000000000000000000e+00 8.510386080491120220e-01 0.000000000000000000e+00 3.896184484473929621e-01
0.000000000000000000e+00 8.499834501776527551e-01 0.000000000000000000e+00 3.902320123124162765e-01
0.000000000000000000e+00 8.501947803838699746e-01 0.000000000000000000e+00 3.903361203967133930e-01
0.000000000000000000e+00 8.502159824587887105e-01 0.000000000000000000e+00 3.903494356076254723e-01
0.000000000000000000e+00 8.502019781859753156e-01 0.000000000000000000e+00 3.903371120550987450e-01
0.000000000000000000e+00 8.501922961162348136e-01 0.000000000000000000e+00 3.901851643294676486e-01
0.000000000000000000e+00 8.506317348009788670e-01 0.000000000000000000e+00 3.911446589043134359e-01
0.000000000000000000e+00 8.516648453385164963e-01 0.000000000000000000e+00 3.918297431949711584e-01
0.000000000000000000e+00 8.516274717229878055e-01 0.000000000000000000e+00 3.919269059217702633e-01
0.000000000000000000e+00 8.515987866317727972e-01 0.000000000000000000e+00 3.918992557785594966e-01
0.000000000000000000e+00 8.515928959446733559e-01 0.000000000000000000e+00 3.920112957417766220e-01
0.000000000000000000e+00 8.474120332873413819e-01 0.000000000000000000e+00 3.868034331359982425e-01
0.000000000000000000e+00 8.469369583616387365e-01 0.000000000000000000e+00 3.872066466265253748e-01
0.000000000000000000e+00 8.478133610253691943e-01 0.000000000000000000e+00 3.869741141960048036e-01
0.000000000000000000e+00 8.481714669265860707e-01 0.000000000000000000e+00 3.871379553431794074e-01
0.000000000000000000e+00 8.479317478965302524e-01 0.000000000000000000e+00 3.875775460397899441e-01
0.000000000000000000e+00 8.477450400089056037e-01 0.000000000000000000e+00 3.875291452019372640e-01
0.000000000000000000e+00 8.471127865865971662e-01 0.000000000000000000e+00 3.871157051496251222e-01
0.000000000000000000e+00 8.468107978518583101e-01 0.000000000000000000e+00 3.869224204555910540e-01
0.000000000000000000e+00 8.467854086291375371e-01 0.000000000000000000e+00 3.868799855661414488e-01
0.000000000000000000e+00 8.468631486417660392e-01 0.000000000000000000e+00 3.867053652895452442e-01
0.000000000000000000e+00 8.466229628452605072e-01 0.000000000000000000e+00 3.864408762151277932e-01
0.000000000000000000e+00 8.466791763502697910e-01 0.000000000000000000e+00 3.865329273185503234e-01
0.000000000000000000e+00 8.465793322598584858e-01 0.000000000000000000e+00 3.867928611892327284e-01
0.000000000000000000e+00 8.462301318736199507e-01 0.000000000000000000e+00 3.873773891206891418e-01
0.000000000000000000e+00 8.464207697886423354e-01 0.000000000000000000e+00 3.878567646961513238e-01
0.000000000000000000e+00 8.464703015937882213e-01 0.000000000000000000e+00 3.880687980069591481e-01
0.000000000000000000e+00 8.455905035723555452e-01 0.000000000000000000e+00 3.874527145520280658e-01
0.000000000000000000e+00 8.456537815054218088e-01 0.000000000000000000e+00 3.875271560202104837e-01
0.000000000000000000e+00 8.465966636551492952e-01 0.000000000000000000e+00 3.881837803938763543e-01
0.000000000000000000e+00 8.466686837091050855e-01 0.000000000000000000e+00 3.882259331275600966e-01
0.000000000000000000e+00 8.467703853036473438e-01 0.000000000000000000e+00 3.883506141536926526e-01
0.000000000000000000e+00 8.467759111017717499e-01 0.000000000000000000e+00 3.884408311168425776e-01
0.000000000000000000e+00 8.467696191100275716e-01 0.000000000000000000e+00 3.884400777014091477e-01
0.000000000000000000e+00 8.468428948863797601e-01 0.000000000000000000e+00 3.885428171410135745e-01
