3.135014130655099929e-01
2.845420929051392100e-01
3.346620368088472630e-01
2.998541050194254987e-01
2.077664618097796456e-01
6.757323096348428759e-01
6.910423121723304751e-01
6.949185949194038869e-01
6.948317252858222659e-01
6.953934160602381898e-01
6.953918704379328242e-01
8.698028404149875659e-01
8.685995868382385687e-01
8.616207421376682607e-01
8.560097648870699238e-01
8.579012949060567106e-01
8.669007716640366734e-01
8.932461924232768524e-01
8.932078067138531363e-01
8.930744213661574449e-01
8.929237032022041554e-01
8.930377339572573847e-01
8.943202402459166089e-01
8.942035919342899986e-01
8.942543890118030969e-01
8.945725455818447358e-01
8.947716688155321618e-01
8.948209345684021709e-01
8.948642256719698818e-01
8.949368496193323974e-01
8.949592361525976481e-01
8.949188524430363723e-01
8.949200139968390699e-01
8.949208540839738157e-01
8.949226564033407882e-01
8.949236595076066614e-01
8.949244759417825934e-01
8.949247586449315950e-01
8.949237601445571011e-01
8.949290760988574123e-01
8.949545143462516172e-01
8.949552194717946829e-01
8.949584089873513504e-01
8.949694812409180189e-01
8.949693054979027673e-01
8.949644791971074209e-01
8.949482923472510398e-01
8.949449739200843190e-01
8.951237314525416489e-01
8.951329975704365172e-01
8.950463142034371655e-01
8.950171543600072832e-01
8.949991614588281852e-01
8.950107423905014903e-01
8.950106402429993668e-01
8.950047229438888863e-01
8.950494077465026566e-01
8.950509725423988483e-01
8.950467226556283462e-01
8.950802093093469525e-01
8.950861117970724257e-01
8.950680630485039480e-01
8.950545361667330280e-01
8.950757360121501804e-01
8.950610800723070026e-01
8.950665749140894745e-01
8.950623747727038948e-01
8.950562918018271086e-01
8.950570924971075204e-01
8.950665068571144189e-01
8.950674254088885062e-01
8.950967608696487332e-01
8.950973453455572937e-01
8.951560589310074700e-01
8.951743502447074841e-01
8.951624231673699361e-01
8.952013479915134075e-01
8.951207900404409834e-01
8.950891530470987956e-01
8.950873003197653555e-01
8.950833602307340930e-01
8.950885411947280268e-01
8.950494487904476770e-01
8.950488943968301081e-01
8.950746796563264773e-01
8.959206989729233683e-01
8.959779503150882007e-01
8.959520109665134457e-01
8.960116249171860003e-01
8.960107332161006966e-01
8.960052225049006669e-01
8.960052009299832587e-01
8.960049931372700005e-01
8.960044870997257993e-01
8.959847618083216503e-01
8.959913605579182816e-01
8.959889959385269886e-01
8.959891515080756763e-01
8.959908124187552225e-01
8.959905570948479836e-01
