6.555631756782531738e-01 1.155177950859069824e-01 7.650712728500366211e-01 7.171568274497985840e-01
1.000000000000000000e+00 1.000000000000000000e+00 1.000000000000000000e+00 1.000000000000000000e+00
1.000000000000000000e+00 1.000000000000000000e+00 1.000000000000000000e+00 1.000000000000000000e+00
1.000000000000000000e+00 1.000000000000000000e+00 1.000000000000000000e+00 1.000000000000000000e+00
1.000000000000000000e+00 1.000000000000000000e+00 1.000000000000000000e+00 1.000000000000000000e+00
1.000000000000000000e+00 1.000000000000000000e+00 1.000000000000000000e+00 1.000000000000000000e+00
1.000000000000000000e+00 1.000000000000000000e+00 1.000000000000000000e+00 7.132778617900259466e-01
1.000000000000000000e+00 1.000000000000000000e+00 1.000000000000000000e+00 6.032269697405525655e-01
1.000000000000000000e+00 1.000000000000000000e+00 1.000000000000000000e+00 6.032269697405525655e-01
1.000000000000000000e+00 1.000000000000000000e+00 1.000000000000000000e+00 6.032269697405525655e-01
1.000000000000000000e+00 1.000000000000000000e+00 1.000000000000000000e+00 6.032269697405525655e-01
1.000000000000000000e+00 9.786702079200942928e-01 1.000000000000000000e+00 6.069698617395449247e-01
1.000000000000000000e+00 6.431662720102376829e-01 1.000000000000000000e+00 6.795734570190555823e-01
1.000000000000000000e+00 6.431662720102376829e-01 1.000000000000000000e+00 6.795734570190555823e-01
1.000000000000000000e+00 6.431662720102376829e-01 1.000000000000000000e+00 6.795734570190555823e-01
1.000000000000000000e+00 6.431662720102376829e-01 1.000000000000000000e+00 6.795734570190555823e-01
1.000000000000000000e+00 6.431662720102376829e-01 1.000000000000000000e+00 6.795734570190555823e-01
1.000000000000000000e+00 6.431662720102376829e-01 1.000000000000000000e+00 6.795734570190555823e-01
1.000000000000000000e+00 6.431662720102376829e-01 1.000000000000000000e+00 6.795734570190555823e-01
1.000000000000000000e+00 6.431662720102376829e-01 1.000000000000000000e+00 6.795734570190555823e-01
1.000000000000000000e+00 6.431662720102376829e-01 1.000000000000000000e+00 6.795734570190555823e-01
1.000000000000000000e+00 6.431662720102376829e-01 1.000000000000000000e+00 6.795734570190555823e-01
1.000000000000000000e+00 7.158547700224998644e-01 1.000000000000000000e+00 6.952760699057445315e-01
1.000000000000000000e+00 7.158547700224998644e-01 1.000000000000000000e+00 6.952760699057445315e-01
1.000000000000000000e+00 7.158547700224998644e-01 1.000000000000000000e+00 6.952760699057445315e-01
1.000000000000000000e+00 7.362896548385104989e-01 1.000000000000000000e+00 6.950337963194792579e-01
1.000000000000000000e+00 7.435838113671984217e-01 1.000000000000000000e+00 6.961205864939409294e-01
1.000000000000000000e+00 7.435838113671984217e-01 1.000000000000000000e+00 6.961205864939409294e-01
1.000000000000000000e+00 7.435838113671984217e-01 1.000000000000000000e+00 6.961205864939409294e-01
1.000000000000000000e+00 7.431061312565528931e-01 1.000000000000000000e+00 6.980229485531146416e-01
1.000000000000000000e+00 7.431061312565528931e-01 1.000000000000000000e+00 6.980229485531146416e-01
1.000000000000000000e+00 7.431061312565528931e-01 1.000000000000000000e+00 6.980229485531146416e-01
1.000000000000000000e+00 7.431061312565528931e-01 1.000000000000000000e+00 6.980229485531146416e-01
1.000000000000000000e+00 7.431061312565528931e-01 1.000000000000000000e+00 6.980229485531146416e-01
1.000000000000000000e+00 7.431061312565528931e-01 1.000000000000000000e+00 6.980229485531146416e-01
1.000000000000000000e+00 7.431061312565528931e-01 1.000000000000000000e+00 6.980229485531146416e-01
1.000000000000000000e+00 7.431061312565528931e-01 1.000000000000000000e+00 6.980229485531146416e-01
1.000000000000000000e+00 7.431061312565528931e-01 1.000000000000000000e+00 6.980229485531146416e-01
1.000000000000000000e+00 7.431061312565528931e-01 1.000000000000000000e+00 6.980229485531146416e-01
1.000000000000000000e+00 7.431061312565528931e-01 1.000000000000000000e+00 6.980229485531146416e-01
1.000000000000000000e+00 7.431061312565528931e-01 1.000000000000000000e+00 6.980229485531146416e-01
1.000000000000000000e+00 7.431061312565528931e-01 1.000000000000000000e+00 6.980229485531146416e-01
1.000000000000000000e+00 7.431061312565528931e-01 1.000000000000000000e+00 6.980229485531146416e-01
1.000000000000000000e+00 7.431061312565528931e-01 1.000000000000000000e+00 6.980229485531146416e-01
1.000000000000000000e+00 7.431061312565528931e-01 1.000000000000000000e+00 6.980229485531146416e-01
1.000000000000000000e+00 7.431061312565528931e-01 1.000000000000000000e+00 6.980229485531146416e-01
1.000000000000000000e+00 7.431061312565528931e-01 1.000000000000000000e+00 6.980229485531146416e-01
1.000000000000000000e+00 7.431061312565528931e-01 1.000000000000000000e+00 6.980229485531146416e-01
1.000000000000000000e+00 7.431061312565528931e-01 1.000000000000000000e+00 6.980229485531146416e-01
1.000000000000000000e+00 7.431061312565528931e-01 1.000000000000000000e+00 6.980229485531146416e-01
