1.043896095130047996e-02
1.043896095130047996e-02
2.607045904778337864e-02
5.398259228593613734e-01
5.398259228593613734e-01
6.121592078783174573e-01
6.121592078783174573e-01
6.671810349297747633e-01
6.671810349297747633e-01
6.671810349297747633e-01
6.671810349297747633e-01
6.671810349297747633e-01
6.671810349297747633e-01
6.671810349297747633e-01
6.671810349297747633e-01
6.671810349297747633e-01
6.671810349297747633e-01
6.671810349297747633e-01
6.671810349297747633e-01
6.671810349297747633e-01
6.671810349297747633e-01
6.671810349297747633e-01
6.671810349297747633e-01
6.671810349297747633e-01
6.671810349297747633e-01
6.671810349297747633e-01
6.671810349297747633e-01
6.671810349297747633e-01
6.671810349297747633e-01
6.671810349297747633e-01
6.671810349297747633e-01
6.671810349297747633e-01
6.671810349297747633e-01
6.671810349297747633e-01
6.671810349297747633e-01
6.671810349297747633e-01
6.671810349297747633e-01
6.671810349297747633e-01
6.671810349297747633e-01
6.671810349297747633e-01
6.671810349297747633e-01
6.671810349297747633e-01
6.671810349297747633e-01
6.671810349297747633e-01
6.671810349297747633e-01
6.671810349297747633e-01
6.671810349297747633e-01
6.671810349297747633e-01
6.671810349297747633e-01
6.671810349297747633e-01
6.671810349297747633e-01
6.671810349297747633e-01
6.671810349297747633e-01
6.671810349297747633e-01
6.671810349297747633e-01
6.671810349297747633e-01
6.671810349297747633e-01
6.671810349297747633e-01
6.671810349297747633e-01
6.671810349297747633e-01
6.671810349297747633e-01
6.671810349297747633e-01
6.671810349297747633e-01
6.671810349297747633e-01
6.671810349297747633e-01
6.671810349297747633e-01
6.671810349297747633e-01
6.671810349297747633e-01
6.671810349297747633e-01
6.671810349297747633e-01
6.671810349297747633e-01
6.671810349297747633e-01
6.671810349297747633e-01
6.671810349297747633e-01
6.671810349297747633e-01
6.671810349297747633e-01
6.671810349297747633e-01
6.671810349297747633e-01
6.671810349297747633e-01
6.671810349297747633e-01
6.671810349297747633e-01
6.671810349297747633e-01
6.671810349297747633e-01
6.671810349297747633e-01
6.671810349297747633e-01
6.671810349297747633e-01
6.671810349297747633e-01
6.671810349297747633e-01
6.671810349297747633e-01
6.671810349297747633e-01
6.671810349297747633e-01
6.671810349297747633e-01
6.671810349297747633e-01
6.671810349297747633e-01
6.671810349297747633e-01
6.671810349297747633e-01
6.671810349297747633e-01
6.671810349297747633e-01
6.671810349297747633e-01
6.671810349297747633e-01
