2.260433109014647890e-02
2.260433109014647890e-02
6.824020874040626072e-01
6.457376957840622600e-01
5.852950297685026726e-01
5.565983531796008243e-01
5.485100498456199070e-01
6.994451917143447162e-01
7.022144341506342258e-01
7.014020269175804678e-01
4.653831162519957432e-01
6.913858185463088724e-01
6.922080991445368481e-01
7.027243507291588420e-01
7.046978988559469137e-01
7.047166005652012455e-01
7.053096062265201693e-01
7.050093101528506212e-01
7.049023389915982651e-01
7.074723256955049999e-01
7.078700859024078529e-01
7.079455518804306235e-01
7.096928977095161573e-01
7.105622060099856530e-01
7.105638702620769021e-01
7.104792973840921011e-01
7.105032897334526698e-01
7.105052867763119728e-01
7.103849322323247950e-01
7.103924706702104963e-01
7.103994568875844351e-01
7.105444297649879948e-01
7.105067672366689457e-01
7.104078075877066079e-01
7.104642561544537438e-01
7.104659138938291818e-01
7.104649274201274567e-01
7.104111589505935909e-01
7.104695835452903285e-01
7.103341646120480135e-01
7.103610145368965956e-01
7.102973323317021137e-01
7.101813326371788637e-01
7.101125660365638081e-01
7.102943024157886143e-01
7.102207759939401788e-01
7.102036690055826273e-01
7.103289390920538571e-01
7.103720002012208212e-01
7.103834247031945992e-01
7.103735903087460279e-01
7.103823356262124467e-01
7.098254655941480529e-01
7.102083150805579281e-01
7.102290381169659161e-01
7.102351852240995633e-01
7.101798900479492360e-01
7.098943977412959239e-01
7.098466154814714324e-01
7.098958622202000690e-01
7.099431057781691035e-01
7.098717051072778172e-01
7.100704438786902273e-01
7.101598516412468420e-01
7.099308051594870328e-01
7.100742770954915351e-01
7.087661585967537370e-01
7.084970341842991015e-01
7.088019473222082478e-01
7.084507777293883590e-01
7.082210637102630546e-01
7.062659292783468601e-01
7.062371222739955989e-01
7.062650516893979047e-01
7.067910658847781358e-01
7.065448310198459980e-01
7.066346339859916892e-01
7.066999112608294276e-01
7.092746714077884373e-01
7.092888930911436240e-01
7.092414072775476974e-01
7.092339883877375462e-01
7.092321128004013264e-01
7.094217804532692018e-01
7.093694359868885080e-01
7.093574365694677031e-01
7.092034689702064743e-01
7.093972650622570875e-01
7.095061640962702088e-01
7.092371679094706671e-01
7.089782996213831456e-01
7.099238339303579615e-01
7.098760316285621652e-01
7.098521557541915827e-01
7.097583651445503738e-01
7.098311210583376774e-01
7.097752583135188420e-01
7.097239316129375641e-01
7.096954240611497156e-01
7.099005892056198253e-01
