-1.069527063560980151e+00
-5.646399736555191007e-01
-9.511275270983841068e-01
-6.625359308052128915e-01
-2.428490651191896887e+00
-3.008469998328355377e+00
-3.017388407283547291e+00
-3.892913588592299856e+00
-4.000017038898260324e+00
-7.067919190078858271e+00
-6.907118684635186412e+00
-7.044842084193529530e+00
-7.176563831195122312e+00
-7.190944956649874875e+00
-7.374781890902744053e+00
-7.198088297955501424e+00
-7.046220391636571101e+00
-6.502209093666917461e+00
-7.164169056002429592e+00
-7.234109623840640602e+00
-7.259987805728263410e+00
-7.937914495853659602e+00
-7.933861764131307837e+00
-4.830190280731312846e+00
-5.029801258860948643e+00
-5.261141984810389083e+00
-5.713305533273561387e+00
-5.028946954676636771e+00
-5.290932735030491330e+00
-7.163002121105818354e+00
-8.243417498417649369e+00
-3.563180446426333692e+00
-7.779354555570990648e+00
-7.785203627186389141e+00
-7.726739335282927890e+00
-7.721004806236727802e+00
-8.018553099083373326e+00
-7.992654218671996880e+00
-7.920745808652431386e+00
-7.920464286124037301e+00
-7.921445048367732333e+00
-7.855364911637210845e+00
-7.936620177483627359e+00
-7.995434396618510853e+00
-8.117428942899437061e+00
-8.104145193673412351e+00
-8.147283867912060273e+00
-8.160045544388285776e+00
-8.218599102084821695e+00
-8.138383550169578484e+00
