4.771877527236938477e-01 9.649297595024108887e-01 1.798089742660522461e-01 1.724736094474792480e-01 1.266013979911804199e-01 6.957899928092956543e-01
9.390739798545837402e-01 5.901318788528442383e-01 6.799436807632446289e-01 9.528353214263916016e-01 4.244017601013183594e-02 4.009015560150146484e-01
7.700208425521850586e-01 4.675358533859252930e-02 8.354673981666564941e-01 9.882597327232360840e-01 3.154838681221008301e-01 5.224885344505310059e-01
3.430232405662536621e-01 8.941765427589416504e-01 2.532246708869934082e-01 5.234352946281433105e-01 5.083025693893432617e-01 5.870652198791503906e-01
3.248238563537597656e-02 4.851394891738891602e-02 5.003883242607116699e-01 5.764852762222290039e-01 9.117289781570434570e-01 4.420549273490905762e-01
8.561422824859619141e-01 3.390735387802124023e-02 6.194235682487487793e-01 9.253469705581665039e-01 8.009330034255981445e-01 9.694870710372924805e-01
7.325708270072937012e-01 8.379642367362976074e-01 5.121557116508483887e-01 8.616797327995300293e-01 7.831560969352722168e-01 4.107235670089721680e-01
5.441762804985046387e-01 9.296756982803344727e-01 6.808238625526428223e-01 2.651757597923278809e-01 2.665261030197143555e-01 4.035900235176086426e-01
2.464745044708251953e-01 6.916415691375732422e-02 4.880355000495910645e-01 8.349903821945190430e-01 7.846668958663940430e-01 5.060179829597473145e-01
8.163862228393554688e-01 2.196268439292907715e-01 5.523898005485534668e-01 8.793517947196960449e-01 6.968564987182617188e-01 6.774110198020935059e-01
8.867794275283813477e-01 7.671065330505371094e-01 9.264850020408630371e-01 9.475131034851074219e-01 9.721230864524841309e-01 5.918642878532409668e-02
9.689925909042358398e-01 6.528463214635848999e-02 4.543071612715721130e-02 9.710539579391479492e-01 9.535959362983703613e-01 3.792583569884300232e-02
6.488949060440063477e-01 1.248454898595809937e-01 4.168042540550231934e-01 8.458846807479858398e-01 5.817801952362060547e-01 7.313293814659118652e-01
1.000000000000000000e+00 5.839850902557373047e-01 1.000000000000000000e+00 0.000000000000000000e+00 1.000000000000000000e+00 0.000000000000000000e+00
9.002717733383178711e-01 4.981825947761535645e-01 9.893561601638793945e-01 1.000000000000000000e+00 9.918313026428222656e-01 0.000000000000000000e+00
7.016205787658691406e-01 4.645097628235816956e-02 9.520711302757263184e-01 1.550747305154800415e-01 9.658333659172058105e-01 5.902894139289855957e-01
9.967326521873474121e-01 9.693220257759094238e-01 1.328025013208389282e-01 8.683364987373352051e-01 9.817342758178710938e-01 1.417621672153472900e-01
7.845789194107055664e-01 5.526432394981384277e-01 3.011324405670166016e-01 6.377689242362976074e-01 9.550961256027221680e-01 4.089190959930419922e-01
3.651823699474334717e-01 9.775233268737792969e-01 9.543644785881042480e-01 7.297735214233398438e-01 9.586254358291625977e-01 5.998312234878540039e-01
7.760530114173889160e-01 0.000000000000000000e+00 6.411368250846862793e-01 2.439546436071395874e-01 7.558462023735046387e-01 1.088770255446434021e-01
9.976161122322082520e-01 5.843402445316314697e-02 2.534771859645843506e-01 1.105355694890022278e-01 2.738664746284484863e-01 2.491340786218643188e-02
6.028039455413818359e-01 1.016725134104490280e-02 6.007283926010131836e-01 5.060417056083679199e-01 7.235131263732910156e-01 1.748291999101638794e-01
9.554913043975830078e-01 2.938853017985820770e-02 4.902783036231994629e-01 9.283564686775207520e-01 9.300976991653442383e-01 7.944753766059875488e-02
8.813478946685791016e-01 6.389540433883666992e-01 1.000000000000000000e+00 9.237294644117355347e-02 9.194228053092956543e-01 1.069184988737106323e-01
9.551455378532409668e-01 0.000000000000000000e+00 8.032969832420349121e-01 1.043067798018455505e-01 9.438640475273132324e-01 2.797057665884494781e-02
9.057794809341430664e-01 8.480313420295715332e-02 2.570864260196685791e-01 8.212044835090637207e-02 8.882411718368530273e-01 9.065303802490234375e-01
6.422628164291381836e-01 1.738672144711017609e-02 9.883521795272827148e-01 2.366324141621589661e-02 8.302565664052963257e-02 3.083575330674648285e-02
7.195288538932800293e-01 0.000000000000000000e+00 8.761622309684753418e-01 1.000000000000000000e+00 0.000000000000000000e+00 5.431646704673767090e-01
9.506035447120666504e-01 7.148814853280782700e-03 9.332965016365051270e-01 1.817719340324401855e-01 8.944851160049438477e-01 7.627461105585098267e-02
5.725952982902526855e-01 1.144770234823226929e-01 3.579910695552825928e-01 8.554141521453857422e-01 0.000000000000000000e+00 1.000000000000000000e+00
6.005683541297912598e-01 2.116618864238262177e-02 1.000000000000000000e+00 2.308394573628902435e-02 0.000000000000000000e+00 1.820511557161808014e-02
9.958075881004333496e-01 6.128964014351367950e-03 7.513544559478759766e-01 6.895191967487335205e-03 7.695721983909606934e-01 1.970871537923812866e-02
9.709631204605102539e-01 8.300344645977020264e-02 2.571139633655548096e-01 1.510280072689056396e-01 1.829556673765182495e-01 2.372499108314514160e-01
2.438945174217224121e-01 8.489660173654556274e-02 5.079001784324645996e-01 8.797286152839660645e-01 7.944709062576293945e-01 1.000000000000000000e+00
5.932052731513977051e-01 4.482799023389816284e-02 1.000000000000000000e+00 6.162658929824829102e-01 5.705449581146240234e-01 7.462036609649658203e-01
4.366502463817596436e-01 9.490430355072021484e-02 3.563446998596191406e-01 8.502782583236694336e-01 0.000000000000000000e+00 7.520779967308044434e-01
1.655000895261764526e-01 8.322994410991668701e-02 3.514072000980377197e-01 8.565425872802734375e-01 1.207846701145172119e-01 0.000000000000000000e+00
9.880570173263549805e-01 1.265865564346313477e-02 6.889268755912780762e-01 9.100867435336112976e-03 1.000000000000000000e+00 9.206349961459636688e-03
1.000000000000000000e+00 1.346101313829421997e-01 9.090224504470825195e-01 8.045116811990737915e-02 9.640072286128997803e-02 8.749871701002120972e-02
1.000000000000000000e+00 9.741646051406860352e-01 1.312934458255767822e-01 8.799262642860412598e-01 8.388441205024719238e-01 1.259521096944808960e-01
9.783332943916320801e-01 1.059069931507110596e-01 1.279062032699584961e-01 1.694292575120925903e-01 1.752121560275554657e-02 2.221162058413028717e-02
0.000000000000000000e+00 1.000000000000000000e+00 3.265841007232666016e-01 5.573141574859619141e-01 7.099629193544387817e-02 6.031004786491394043e-01
0.000000000000000000e+00 9.522129595279693604e-02 5.094308257102966309e-01 8.552997708320617676e-01 7.421928048133850098e-01 1.000000000000000000e+00
8.164893388748168945e-01 0.000000000000000000e+00 7.710696458816528320e-01 0.000000000000000000e+00 8.971996307373046875e-01 0.000000000000000000e+00
1.508690565824508667e-01 3.524526208639144897e-02 5.055870413780212402e-01 5.666387081146240234e-01 7.128811478614807129e-01 4.012995660305023193e-01
7.413163185119628906e-01 3.220039233565330505e-02 7.042033076286315918e-01 1.636837422847747803e-01 1.000000000000000000e+00 8.906159549951553345e-02
9.104706048965454102e-01 7.816954702138900757e-02 0.000000000000000000e+00 9.275195002555847168e-01 6.070518493652343750e-01 5.772781744599342346e-02
5.880776643753051758e-01 1.150995120406150818e-01 3.944918811321258545e-01 8.552497029304504395e-01 2.538547515869140625e-01 9.795284867286682129e-01
9.019690752029418945e-01 7.320975065231323242e-01 9.131939411163330078e-01 9.578610062599182129e-01 7.023727297782897949e-01 8.822371065616607666e-02
7.568752765655517578e-01 2.584915421903133392e-02 8.789534568786621094e-01 1.245972048491239548e-02 4.411023855209350586e-01 7.693581283092498779e-03
6.868861317634582520e-01 8.906379342079162598e-02 9.377099871635437012e-01 6.626226902008056641e-01 2.230001538991928101e-01 6.805127263069152832e-01
1.000000000000000000e+00 9.526589512825012207e-01 1.406235694885253906e-01 9.160931110382080078e-01 1.451156586408615112e-01 1.107997968792915344e-01
5.047422647476196289e-01 7.263359148055315018e-03 7.662226557731628418e-01 0.000000000000000000e+00 6.287003755569458008e-01 4.406354948878288269e-02
9.470753669738769531e-01 1.391312628984451294e-01 8.159619569778442383e-01 1.127500906586647034e-01 0.000000000000000000e+00 1.866564452648162842e-01
8.338116407394409180e-01 9.009173512458801270e-02 0.000000000000000000e+00 8.769098520278930664e-01 9.539813548326492310e-02 1.069086566567420959e-01
9.294610619544982910e-01 8.469721674919128418e-02 1.932585835456848145e-01 1.028274744749069214e-01 6.875776052474975586e-01 8.245961666107177734e-01
9.861670732498168945e-01 1.327223777770996094e-01 9.541599452495574951e-02 1.490052938461303711e-01 0.000000000000000000e+00 3.743685483932495117e-01
7.895950078964233398e-01 7.096932530403137207e-01 8.443855047225952148e-01 8.949272036552429199e-01 9.262192249298095703e-01 0.000000000000000000e+00
6.057667732238769531e-01 7.852046191692352295e-02 9.802987575531005859e-01 2.393354624509811401e-01 9.672635793685913086e-01 7.648214101791381836e-01
8.307200670242309570e-01 0.000000000000000000e+00 6.387194991111755371e-01 9.334403276443481445e-01 1.000000000000000000e+00 9.849405288696289062e-01
4.695383012294769287e-01 8.290263414382934570e-01 2.469848543405532837e-01 5.744221806526184082e-01 7.735087275505065918e-01 5.704196095466613770e-01
9.890130758285522461e-01 8.875828236341476440e-03 4.561291933059692383e-01 0.000000000000000000e+00 9.821760058403015137e-01 1.230071671307086945e-02
9.369728565216064453e-01 5.805931985378265381e-02 1.502616554498672485e-01 4.703178256750106812e-02 1.000000000000000000e+00 6.289261579513549805e-02
8.990794420242309570e-01 1.011058464646339417e-01 1.661864370107650757e-01 1.167008429765701294e-01 7.210205793380737305e-01 1.000000000000000000e+00
9.102431535720825195e-01 9.608084708452224731e-02 1.000000000000000000e+00 3.174889385700225830e-01 3.025883138179779053e-01 1.715429127216339111e-01
1.000000000000000000e+00 0.000000000000000000e+00 7.060440182685852051e-01 0.000000000000000000e+00 7.898154258728027344e-01 0.000000000000000000e+00
4.985734224319458008e-01 1.221118196845054626e-01 0.000000000000000000e+00 8.809817433357238770e-01 0.000000000000000000e+00 1.000000000000000000e+00
5.210931897163391113e-01 3.354629874229431152e-02 7.918412089347839355e-01 2.546750009059906006e-01 0.000000000000000000e+00 6.078061461448669434e-02
5.879015922546386719e-01 9.414242208003997803e-02 7.164138555526733398e-01 7.476818561553955078e-01 2.366829812526702881e-01 7.991925477981567383e-01
2.038333714008331299e-01 1.019793003797531128e-02 7.888846397399902344e-01 7.678229361772537231e-02 2.706697881221771240e-01 1.172864735126495361e-01
9.165205359458923340e-01 9.656426310539245605e-02 9.949225001037120819e-03 4.676370918750762939e-01 1.279077678918838501e-01 8.565611392259597778e-02
6.871127486228942871e-01 1.067036464810371399e-01 0.000000000000000000e+00 1.228930950164794922e-01 8.052696585655212402e-01 2.525925934314727783e-01
6.134909391403198242e-01 7.200407981872558594e-02 9.777981042861938477e-01 3.393669426441192627e-01 7.140404582023620605e-01 7.295964956283569336e-01
9.448289275169372559e-01 3.341303393244743347e-02 1.000000000000000000e+00 3.904675543308258057e-01 8.908237814903259277e-01 1.280267685651779175e-01
3.913535773754119873e-01 8.596201241016387939e-02 3.998173475265502930e-01 8.236643075942993164e-01 2.644678056240081787e-01 6.629260182380676270e-01
5.286041498184204102e-01 8.767706900835037231e-02 0.000000000000000000e+00 1.421914845705032349e-01 0.000000000000000000e+00 2.379853427410125732e-01
7.866106033325195312e-01 1.340823769569396973e-01 1.000000000000000000e+00 6.580534577369689941e-01 0.000000000000000000e+00 4.108622670173645020e-01
6.046509742736816406e-01 1.334371864795684814e-01 0.000000000000000000e+00 8.441386222839355469e-01 2.862644195556640625e-01 8.761116266250610352e-01
4.085843861103057861e-01 8.798230439424514771e-02 0.000000000000000000e+00 9.552333950996398926e-01 1.000000000000000000e+00 1.000000000000000000e+00
9.726442694664001465e-01 1.087275668978691101e-01 0.000000000000000000e+00 1.449410021305084229e-01 2.165709882974624634e-01 5.404224395751953125e-01
2.173356115818023682e-01 4.301789030432701111e-02 6.050049662590026855e-01 2.911471426486968994e-01 3.661165237426757812e-01 0.000000000000000000e+00
8.494305014610290527e-01 1.059961244463920593e-01 4.614881873130798340e-01 1.001770347356796265e-01 1.029341444373130798e-01 9.655887484550476074e-01
7.887562513351440430e-01 1.184310764074325562e-01 0.000000000000000000e+00 8.383290171623229980e-01 5.100515484809875488e-01 4.083282351493835449e-01
4.828596711158752441e-01 7.478576898574829102e-02 7.475298047065734863e-01 6.987302899360656738e-01 8.224617838859558105e-01 6.438286304473876953e-01
1.000000000000000000e+00 0.000000000000000000e+00 7.413083314895629883e-01 0.000000000000000000e+00 8.151245713233947754e-01 0.000000000000000000e+00
6.725074648857116699e-01 9.962211549282073975e-02 1.000000000000000000e+00 3.362350761890411377e-01 2.882517874240875244e-01 1.000000000000000000e+00
1.000000000000000000e+00 4.157671704888343811e-03 6.913660764694213867e-01 0.000000000000000000e+00 8.337906599044799805e-01 1.966528594493865967e-01
6.177016496658325195e-01 1.101998239755630493e-01 0.000000000000000000e+00 1.836633533239364624e-01 7.238999009132385254e-01 6.670171618461608887e-01
8.704757094383239746e-01 1.049754917621612549e-01 4.675019085407257080e-01 1.350218951702117920e-01 8.212430775165557861e-02 6.888033151626586914e-01
9.608370065689086914e-01 2.394677512347698212e-02 6.176990270614624023e-01 7.115603983402252197e-02 6.611151695251464844e-01 3.624825775623321533e-01
3.872514963150024414e-01 6.616596132516860962e-02 7.403215169906616211e-01 3.653011918067932129e-01 6.226702332496643066e-01 7.631427049636840820e-01
0.000000000000000000e+00 6.204171851277351379e-02 7.771157622337341309e-01 4.080062806606292725e-01 6.002389192581176758e-01 8.649148941040039062e-01
8.516161441802978516e-01 6.849165260791778564e-02 1.468214094638824463e-01 5.574549362063407898e-02 1.000000000000000000e+00 1.479564458131790161e-01
7.955800890922546387e-01 8.519202470779418945e-02 1.955695003271102905e-01 8.907392024993896484e-01 4.137740284204483032e-02 1.090647950768470764e-01
1.946491897106170654e-01 6.748730689287185669e-02 4.007953703403472900e-01 8.894298076629638672e-01 5.669727325439453125e-01 2.874448597431182861e-01
5.991120338439941406e-01 5.177697911858558655e-02 2.534837722778320312e-01 8.685826510190963745e-02 2.844990789890289307e-01 1.982057392597198486e-01
1.181732714176177979e-01 1.644224487245082855e-02 1.000000000000000000e+00 3.617462217807769775e-01 9.559421241283416748e-02 0.000000000000000000e+00
9.882596880197525024e-02 1.079077646136283875e-01 0.000000000000000000e+00 9.080295562744140625e-01 2.123261839151382446e-01 1.057963725179433823e-02
9.891130328178405762e-01 6.942473351955413818e-02 0.000000000000000000e+00 1.357554197311401367e-01 2.840108275413513184e-01 7.656645774841308594e-02
0.000000000000000000e+00 7.248166203498840332e-02 6.181425452232360840e-01 1.000000000000000000e+00 4.229399561882019043e-01 1.000000000000000000e+00
3.825385123491287231e-02 1.442051399499177933e-02 1.000000000000000000e+00 8.809814453125000000e-01 4.456164240837097168e-01 3.710534870624542236e-01
6.781024336814880371e-01 1.012820675969123840e-01 1.257599145174026489e-01 5.950663089752197266e-01 8.072583079338073730e-01 0.000000000000000000e+00
7.720113396644592285e-01 8.902384340763092041e-02 7.283815741539001465e-01 5.862781405448913574e-01 1.639736741781234741e-01 2.601162195205688477e-01
8.631526678800582886e-02 2.527051605284214020e-03 1.000000000000000000e+00 7.420131564140319824e-02 9.796845316886901855e-01 1.666632890701293945e-01
0.000000000000000000e+00 6.056902930140495300e-02 8.298297524452209473e-01 0.000000000000000000e+00 5.718679428100585938e-01 9.900553226470947266e-01
4.838180541992187500e-01 8.976755291223526001e-02 2.685565352439880371e-01 2.487670630216598511e-01 7.128070592880249023e-01 7.709868550300598145e-01
7.104780077934265137e-01 8.303448557853698730e-02 2.227666527032852173e-01 6.257199048995971680e-01 2.248249500989913940e-01 2.492375969886779785e-01
0.000000000000000000e+00 3.842547163367271423e-02 2.408387064933776855e-01 2.923330664634704590e-01 7.204346656799316406e-01 4.545439779758453369e-01
8.900235891342163086e-01 5.510126426815986633e-02 8.221697807312011719e-01 1.778989136219024658e-01 4.509624838829040527e-01 2.893367707729339600e-01
0.000000000000000000e+00 4.736256226897239685e-02 1.000000000000000000e+00 9.439803361892700195e-01 0.000000000000000000e+00 9.014296531677246094e-01
