5.355238455136593911e-01
5.355238455136593911e-01
5.498950783252810615e-01
5.498950783252810615e-01
5.498950783252810615e-01
5.498950783252810615e-01
5.498950783252810615e-01
7.066941453974127096e-01
9.969803607453594507e-01
9.969803607453594507e-01
1.260329943203024161e+00
1.273021773957103697e+00
1.273021773957103697e+00
1.273021773957103697e+00
1.273021773957103697e+00
1.273021773957103697e+00
1.273021773957103697e+00
1.273021773957103697e+00
1.273021773957103697e+00
1.273021773957103697e+00
1.273021773957103697e+00
1.273021773957103697e+00
1.273021773957103697e+00
1.273021773957103697e+00
1.273021773957103697e+00
1.273021773957103697e+00
1.273021773957103697e+00
1.273021773957103697e+00
1.273021773957103697e+00
1.273021773957103697e+00
1.273021773957103697e+00
1.273021773957103697e+00
1.273021773957103697e+00
1.273021773957103697e+00
1.273021773957103697e+00
1.273021773957103697e+00
1.273021773957103697e+00
1.273021773957103697e+00
1.273021773957103697e+00
1.273021773957103697e+00
1.273021773957103697e+00
1.273021773957103697e+00
1.273021773957103697e+00
1.273021773957103697e+00
1.273021773957103697e+00
1.273021773957103697e+00
1.273021773957103697e+00
1.273021773957103697e+00
1.273021773957103697e+00
1.273021773957103697e+00
1.273021773957103697e+00
1.273021773957103697e+00
1.273021773957103697e+00
1.273021773957103697e+00
1.273021773957103697e+00
1.273021773957103697e+00
1.273021773957103697e+00
1.273021773957103697e+00
1.273021773957103697e+00
1.273021773957103697e+00
1.273021773957103697e+00
1.273021773957103697e+00
1.273021773957103697e+00
1.273021773957103697e+00
1.273021773957103697e+00
1.273021773957103697e+00
1.273021773957103697e+00
1.273021773957103697e+00
1.273021773957103697e+00
1.273021773957103697e+00
1.273021773957103697e+00
1.273021773957103697e+00
1.273021773957103697e+00
1.273021773957103697e+00
1.273021773957103697e+00
1.273021773957103697e+00
1.273021773957103697e+00
1.272775623482328200e+00
1.272775623482328200e+00
1.272775623482328200e+00
1.272775623482328200e+00
1.272775623482328200e+00
1.272775623482328200e+00
1.272775623482328200e+00
1.272775623482328200e+00
1.272775623482328200e+00
1.272775623482328200e+00
1.272775623482328200e+00
1.272775623482328200e+00
1.272775623482328200e+00
1.272775623482328200e+00
1.272775623482328200e+00
1.273021773957103697e+00
1.273021773957103697e+00
1.273021773957103697e+00
1.273021773957103697e+00
1.273021773957103697e+00
1.273021773957103697e+00
1.273021773957103697e+00
1.273021773957103697e+00
