9.537402987480163574e-01 5.216146111488342285e-01 5.023524165153503418e-01 1.886153817176818848e-01
9.537402987480163574e-01 5.216146111488342285e-01 5.023524165153503418e-01 1.886153817176818848e-01
8.744153380393981934e-01 3.713155388832092285e-01 8.348162770271301270e-01 4.050211235880851746e-02
8.744153380393981934e-01 3.713155388832092285e-01 8.348162770271301270e-01 4.050211235880851746e-02
8.744153380393981934e-01 3.713155388832092285e-01 8.348162770271301270e-01 4.050211235880851746e-02
8.744153380393981934e-01 3.713155388832092285e-01 8.348162770271301270e-01 4.050211235880851746e-02
8.744153380393981934e-01 3.713155388832092285e-01 8.348162770271301270e-01 4.050211235880851746e-02
1.000000000000000000e+00 1.000000000000000000e+00 8.217688202857971191e-01 8.162684738636016846e-02
0.000000000000000000e+00 9.696588516235351562e-01 7.305556535720825195e-01 2.184162586927413940e-01
0.000000000000000000e+00 9.696588516235351562e-01 7.305556535720825195e-01 2.184162586927413940e-01
2.756806090474128723e-03 9.910497069358825684e-01 1.000000000000000000e+00 2.177194952964782715e-01
0.000000000000000000e+00 1.000000000000000000e+00 1.000000000000000000e+00 1.821257919073104858e-01
0.000000000000000000e+00 1.000000000000000000e+00 1.000000000000000000e+00 1.821257919073104858e-01
0.000000000000000000e+00 1.000000000000000000e+00 1.000000000000000000e+00 1.821257919073104858e-01
0.000000000000000000e+00 1.000000000000000000e+00 1.000000000000000000e+00 1.821257919073104858e-01
0.000000000000000000e+00 1.000000000000000000e+00 1.000000000000000000e+00 1.821257919073104858e-01
0.000000000000000000e+00 1.000000000000000000e+00 1.000000000000000000e+00 1.821257919073104858e-01
0.000000000000000000e+00 1.000000000000000000e+00 1.000000000000000000e+00 1.821257919073104858e-01
0.000000000000000000e+00 1.000000000000000000e+00 1.000000000000000000e+00 1.821257919073104858e-01
0.000000000000000000e+00 1.000000000000000000e+00 1.000000000000000000e+00 1.821257919073104858e-01
0.000000000000000000e+00 1.000000000000000000e+00 1.000000000000000000e+00 1.821257919073104858e-01
0.000000000000000000e+00 1.000000000000000000e+00 1.000000000000000000e+00 1.821257919073104858e-01
0.000000000000000000e+00 1.000000000000000000e+00 1.000000000000000000e+00 1.821257919073104858e-01
0.000000000000000000e+00 1.000000000000000000e+00 1.000000000000000000e+00 1.821257919073104858e-01
0.000000000000000000e+00 1.000000000000000000e+00 1.000000000000000000e+00 1.821257919073104858e-01
0.000000000000000000e+00 1.000000000000000000e+00 1.000000000000000000e+00 1.821257919073104858e-01
0.000000000000000000e+00 1.000000000000000000e+00 1.000000000000000000e+00 1.821257919073104858e-01
0.000000000000000000e+00 1.000000000000000000e+00 1.000000000000000000e+00 1.821257919073104858e-01
0.000000000000000000e+00 1.000000000000000000e+00 1.000000000000000000e+00 1.821257919073104858e-01
0.000000000000000000e+00 1.000000000000000000e+00 1.000000000000000000e+00 1.821257919073104858e-01
0.000000000000000000e+00 1.000000000000000000e+00 1.000000000000000000e+00 1.821257919073104858e-01
0.000000000000000000e+00 1.000000000000000000e+00 1.000000000000000000e+00 1.821257919073104858e-01
0.000000000000000000e+00 1.000000000000000000e+00 1.000000000000000000e+00 1.821257919073104858e-01
0.000000000000000000e+00 1.000000000000000000e+00 1.000000000000000000e+00 1.821257919073104858e-01
0.000000000000000000e+00 1.000000000000000000e+00 1.000000000000000000e+00 1.821257919073104858e-01
0.000000000000000000e+00 1.000000000000000000e+00 1.000000000000000000e+00 1.821257919073104858e-01
0.000000000000000000e+00 1.000000000000000000e+00 1.000000000000000000e+00 1.821257919073104858e-01
0.000000000000000000e+00 1.000000000000000000e+00 1.000000000000000000e+00 1.821257919073104858e-01
0.000000000000000000e+00 1.000000000000000000e+00 1.000000000000000000e+00 1.821257919073104858e-01
0.000000000000000000e+00 1.000000000000000000e+00 1.000000000000000000e+00 1.821257919073104858e-01
0.000000000000000000e+00 1.000000000000000000e+00 1.000000000000000000e+00 1.821257919073104858e-01
0.000000000000000000e+00 1.000000000000000000e+00 1.000000000000000000e+00 1.821257919073104858e-01
0.000000000000000000e+00 1.000000000000000000e+00 1.000000000000000000e+00 1.821257919073104858e-01
0.000000000000000000e+00 1.000000000000000000e+00 1.000000000000000000e+00 1.821257919073104858e-01
0.000000000000000000e+00 1.000000000000000000e+00 1.000000000000000000e+00 1.821257919073104858e-01
0.000000000000000000e+00 1.000000000000000000e+00 1.000000000000000000e+00 1.821257919073104858e-01
0.000000000000000000e+00 1.000000000000000000e+00 1.000000000000000000e+00 1.821257919073104858e-01
0.000000000000000000e+00 1.000000000000000000e+00 1.000000000000000000e+00 1.821257919073104858e-01
0.000000000000000000e+00 1.000000000000000000e+00 1.000000000000000000e+00 1.821257919073104858e-01
0.000000000000000000e+00 1.000000000000000000e+00 1.000000000000000000e+00 1.821257919073104858e-01
0.000000000000000000e+00 1.000000000000000000e+00 1.000000000000000000e+00 1.821257919073104858e-01
0.000000000000000000e+00 1.000000000000000000e+00 1.000000000000000000e+00 1.821257919073104858e-01
0.000000000000000000e+00 1.000000000000000000e+00 1.000000000000000000e+00 1.821257919073104858e-01
0.000000000000000000e+00 1.000000000000000000e+00 1.000000000000000000e+00 1.821257919073104858e-01
0.000000000000000000e+00 1.000000000000000000e+00 1.000000000000000000e+00 1.821257919073104858e-01
0.000000000000000000e+00 1.000000000000000000e+00 1.000000000000000000e+00 1.821257919073104858e-01
0.000000000000000000e+00 1.000000000000000000e+00 1.000000000000000000e+00 1.821257919073104858e-01
0.000000000000000000e+00 1.000000000000000000e+00 1.000000000000000000e+00 1.821257919073104858e-01
0.000000000000000000e+00 1.000000000000000000e+00 1.000000000000000000e+00 1.821257919073104858e-01
0.000000000000000000e+00 1.000000000000000000e+00 1.000000000000000000e+00 1.821257919073104858e-01
0.000000000000000000e+00 1.000000000000000000e+00 1.000000000000000000e+00 1.821257919073104858e-01
0.000000000000000000e+00 1.000000000000000000e+00 1.000000000000000000e+00 1.821257919073104858e-01
0.000000000000000000e+00 1.000000000000000000e+00 1.000000000000000000e+00 1.821257919073104858e-01
0.000000000000000000e+00 1.000000000000000000e+00 1.000000000000000000e+00 1.821257919073104858e-01
0.000000000000000000e+00 1.000000000000000000e+00 1.000000000000000000e+00 1.821257919073104858e-01
0.000000000000000000e+00 1.000000000000000000e+00 1.000000000000000000e+00 1.821257919073104858e-01
0.000000000000000000e+00 1.000000000000000000e+00 1.000000000000000000e+00 1.821257919073104858e-01
0.000000000000000000e+00 1.000000000000000000e+00 1.000000000000000000e+00 1.821257919073104858e-01
0.000000000000000000e+00 1.000000000000000000e+00 1.000000000000000000e+00 1.821257919073104858e-01
0.000000000000000000e+00 1.000000000000000000e+00 1.000000000000000000e+00 1.821257919073104858e-01
0.000000000000000000e+00 1.000000000000000000e+00 1.000000000000000000e+00 1.821257919073104858e-01
0.000000000000000000e+00 1.000000000000000000e+00 1.000000000000000000e+00 1.821257919073104858e-01
0.000000000000000000e+00 1.000000000000000000e+00 1.000000000000000000e+00 1.821257919073104858e-01
0.000000000000000000e+00 1.000000000000000000e+00 1.000000000000000000e+00 1.821257919073104858e-01
0.000000000000000000e+00 1.000000000000000000e+00 1.000000000000000000e+00 1.821257919073104858e-01
0.000000000000000000e+00 1.000000000000000000e+00 1.000000000000000000e+00 1.821257919073104858e-01
0.000000000000000000e+00 1.000000000000000000e+00 1.000000000000000000e+00 1.821257919073104858e-01
0.000000000000000000e+00 1.000000000000000000e+00 1.000000000000000000e+00 1.754190474748611450e-01
0.000000000000000000e+00 1.000000000000000000e+00 1.000000000000000000e+00 1.754190474748611450e-01
0.000000000000000000e+00 1.000000000000000000e+00 1.000000000000000000e+00 1.754190474748611450e-01
0.000000000000000000e+00 1.000000000000000000e+00 1.000000000000000000e+00 1.754190474748611450e-01
0.000000000000000000e+00 1.000000000000000000e+00 1.000000000000000000e+00 1.754190474748611450e-01
0.000000000000000000e+00 1.000000000000000000e+00 1.000000000000000000e+00 1.754190474748611450e-01
0.000000000000000000e+00 1.000000000000000000e+00 1.000000000000000000e+00 1.754190474748611450e-01
0.000000000000000000e+00 1.000000000000000000e+00 1.000000000000000000e+00 1.754190474748611450e-01
0.000000000000000000e+00 1.000000000000000000e+00 1.000000000000000000e+00 1.754190474748611450e-01
0.000000000000000000e+00 1.000000000000000000e+00 1.000000000000000000e+00 1.754190474748611450e-01
0.000000000000000000e+00 1.000000000000000000e+00 1.000000000000000000e+00 1.754190474748611450e-01
0.000000000000000000e+00 1.000000000000000000e+00 1.000000000000000000e+00 1.754190474748611450e-01
0.000000000000000000e+00 1.000000000000000000e+00 1.000000000000000000e+00 1.754190474748611450e-01
0.000000000000000000e+00 1.000000000000000000e+00 1.000000000000000000e+00 1.754190474748611450e-01
0.000000000000000000e+00 1.000000000000000000e+00 1.000000000000000000e+00 1.754190474748611450e-01
0.000000000000000000e+00 1.000000000000000000e+00 1.000000000000000000e+00 1.821257919073104858e-01
0.000000000000000000e+00 1.000000000000000000e+00 1.000000000000000000e+00 1.821257919073104858e-01
0.000000000000000000e+00 1.000000000000000000e+00 1.000000000000000000e+00 1.821257919073104858e-01
0.000000000000000000e+00 1.000000000000000000e+00 1.000000000000000000e+00 1.821257919073104858e-01
0.000000000000000000e+00 1.000000000000000000e+00 1.000000000000000000e+00 1.821257919073104858e-01
0.000000000000000000e+00 1.000000000000000000e+00 1.000000000000000000e+00 1.821257919073104858e-01
0.000000000000000000e+00 1.000000000000000000e+00 1.000000000000000000e+00 1.821257919073104858e-01
0.000000000000000000e+00 1.000000000000000000e+00 1.000000000000000000e+00 1.821257919073104858e-01
