0.000000000000000000e+00 0.000000000000000000e+00 1.000000000000000000e+00 0.000000000000000000e+00
8.740212140366980798e-01 0.000000000000000000e+00 1.000000000000000000e+00 6.707184950475021668e-02
1.000000000000000000e+00 0.000000000000000000e+00 1.000000000000000000e+00 1.320969857241709455e-01
1.000000000000000000e+00 0.000000000000000000e+00 1.000000000000000000e+00 1.318513386736072379e-01
1.000000000000000000e+00 1.000000000000000000e+00 8.163722263059526307e-01 1.202277880392814274e-01
1.000000000000000000e+00 1.000000000000000000e+00 8.147816247845037774e-01 8.235930595294559120e-02
1.000000000000000000e+00 1.000000000000000000e+00 8.380366054261272346e-01 7.494536490557392183e-02
1.000000000000000000e+00 8.078080394601029335e-01 8.570133639583455976e-01 6.688827638696695499e-02
0.000000000000000000e+00 1.000000000000000000e+00 8.705287746108633096e-01 2.412010140538715097e-01
0.000000000000000000e+00 1.000000000000000000e+00 8.478144570359916754e-01 2.414697790111599573e-01
0.000000000000000000e+00 1.000000000000000000e+00 1.000000000000000000e+00 2.446188381132947676e-01
0.000000000000000000e+00 1.000000000000000000e+00 1.000000000000000000e+00 1.929409407641644869e-01
0.000000000000000000e+00 1.000000000000000000e+00 1.000000000000000000e+00 1.770871003743827998e-01
0.000000000000000000e+00 1.000000000000000000e+00 1.000000000000000000e+00 2.027151859889781416e-01
0.000000000000000000e+00 1.000000000000000000e+00 1.000000000000000000e+00 2.168831399335854615e-01
0.000000000000000000e+00 1.000000000000000000e+00 1.000000000000000000e+00 1.775398161884263470e-01
0.000000000000000000e+00 1.000000000000000000e+00 1.000000000000000000e+00 1.790037777417972098e-01
0.000000000000000000e+00 1.000000000000000000e+00 1.000000000000000000e+00 1.793554226017629316e-01
0.000000000000000000e+00 1.000000000000000000e+00 1.000000000000000000e+00 1.895125284977135505e-01
0.000000000000000000e+00 1.000000000000000000e+00 1.000000000000000000e+00 1.871393842705931232e-01
0.000000000000000000e+00 1.000000000000000000e+00 1.000000000000000000e+00 1.746856847342178609e-01
0.000000000000000000e+00 1.000000000000000000e+00 1.000000000000000000e+00 1.736497142392964543e-01
0.000000000000000000e+00 1.000000000000000000e+00 1.000000000000000000e+00 2.012030943831646934e-01
0.000000000000000000e+00 1.000000000000000000e+00 1.000000000000000000e+00 1.818474161129713662e-01
0.000000000000000000e+00 1.000000000000000000e+00 1.000000000000000000e+00 1.849202675875284418e-01
0.000000000000000000e+00 1.000000000000000000e+00 1.000000000000000000e+00 1.814518124204267946e-01
0.000000000000000000e+00 1.000000000000000000e+00 1.000000000000000000e+00 1.770294604176354814e-01
0.000000000000000000e+00 1.000000000000000000e+00 1.000000000000000000e+00 1.764971255523659077e-01
0.000000000000000000e+00 1.000000000000000000e+00 1.000000000000000000e+00 1.762681943481226865e-01
0.000000000000000000e+00 1.000000000000000000e+00 1.000000000000000000e+00 1.772870982125176464e-01
0.000000000000000000e+00 1.000000000000000000e+00 1.000000000000000000e+00 1.770969301393456596e-01
0.000000000000000000e+00 1.000000000000000000e+00 1.000000000000000000e+00 1.767598770072381087e-01
0.000000000000000000e+00 1.000000000000000000e+00 1.000000000000000000e+00 1.773221850333739913e-01
0.000000000000000000e+00 1.000000000000000000e+00 1.000000000000000000e+00 1.817853304358897359e-01
0.000000000000000000e+00 1.000000000000000000e+00 1.000000000000000000e+00 1.809288843855119677e-01
0.000000000000000000e+00 1.000000000000000000e+00 1.000000000000000000e+00 1.865700625208812080e-01
0.000000000000000000e+00 1.000000000000000000e+00 1.000000000000000000e+00 1.867949635811701758e-01
0.000000000000000000e+00 1.000000000000000000e+00 1.000000000000000000e+00 1.881887676781566210e-01
0.000000000000000000e+00 1.000000000000000000e+00 1.000000000000000000e+00 1.868338673831099750e-01
0.000000000000000000e+00 1.000000000000000000e+00 1.000000000000000000e+00 1.875043119393530189e-01
0.000000000000000000e+00 1.000000000000000000e+00 1.000000000000000000e+00 1.870580196548909946e-01
0.000000000000000000e+00 1.000000000000000000e+00 1.000000000000000000e+00 1.825471472534092865e-01
0.000000000000000000e+00 1.000000000000000000e+00 1.000000000000000000e+00 1.825868927233603445e-01
0.000000000000000000e+00 1.000000000000000000e+00 1.000000000000000000e+00 1.827543508157329633e-01
0.000000000000000000e+00 1.000000000000000000e+00 1.000000000000000000e+00 1.822963621162066172e-01
0.000000000000000000e+00 1.000000000000000000e+00 1.000000000000000000e+00 1.816565643358619975e-01
0.000000000000000000e+00 1.000000000000000000e+00 1.000000000000000000e+00 1.817039796513713057e-01
0.000000000000000000e+00 1.000000000000000000e+00 1.000000000000000000e+00 1.842172392686447502e-01
0.000000000000000000e+00 1.000000000000000000e+00 1.000000000000000000e+00 1.826143240565386017e-01
0.000000000000000000e+00 1.000000000000000000e+00 1.000000000000000000e+00 1.826109699696671362e-01
1.000000000000000000e+00 0.000000000000000000e+00 6.301146048247404652e-01 1.000000000000000000e+00
0.000000000000000000e+00 1.000000000000000000e+00 1.000000000000000000e+00 1.816677415040384713e-01
0.000000000000000000e+00 1.000000000000000000e+00 1.000000000000000000e+00 1.815515978604056724e-01
0.000000000000000000e+00 1.000000000000000000e+00 1.000000000000000000e+00 1.815072119899326653e-01
0.000000000000000000e+00 1.000000000000000000e+00 1.000000000000000000e+00 1.815303296026732627e-01
1.000000000000000000e+00 0.000000000000000000e+00 6.312909755255345923e-01 1.000000000000000000e+00
0.000000000000000000e+00 1.000000000000000000e+00 1.000000000000000000e+00 1.818190841686257442e-01
0.000000000000000000e+00 1.000000000000000000e+00 1.000000000000000000e+00 1.814752593665062419e-01
1.000000000000000000e+00 0.000000000000000000e+00 6.849427842119056864e-01 1.000000000000000000e+00
0.000000000000000000e+00 1.000000000000000000e+00 1.000000000000000000e+00 1.809492102877867103e-01
0.000000000000000000e+00 1.000000000000000000e+00 1.000000000000000000e+00 1.799267211628212126e-01
0.000000000000000000e+00 1.000000000000000000e+00 1.000000000000000000e+00 1.804819926717525502e-01
0.000000000000000000e+00 1.000000000000000000e+00 1.000000000000000000e+00 1.804301790888827306e-01
0.000000000000000000e+00 1.000000000000000000e+00 1.000000000000000000e+00 1.802840957409092004e-01
0.000000000000000000e+00 1.000000000000000000e+00 1.000000000000000000e+00 1.797319854652720261e-01
0.000000000000000000e+00 1.000000000000000000e+00 1.000000000000000000e+00 1.797319893393981849e-01
0.000000000000000000e+00 1.000000000000000000e+00 1.000000000000000000e+00 1.795597148557606659e-01
0.000000000000000000e+00 1.000000000000000000e+00 1.000000000000000000e+00 1.795166305109634208e-01
0.000000000000000000e+00 1.000000000000000000e+00 1.000000000000000000e+00 1.795260280136452002e-01
0.000000000000000000e+00 1.000000000000000000e+00 1.000000000000000000e+00 1.794683710709979729e-01
0.000000000000000000e+00 1.000000000000000000e+00 1.000000000000000000e+00 1.794068623369077797e-01
1.000000000000000000e+00 0.000000000000000000e+00 6.785017841041542930e-01 1.000000000000000000e+00
0.000000000000000000e+00 1.000000000000000000e+00 1.000000000000000000e+00 1.793048886461250102e-01
0.000000000000000000e+00 1.000000000000000000e+00 1.000000000000000000e+00 1.792092655239333476e-01
0.000000000000000000e+00 1.000000000000000000e+00 1.000000000000000000e+00 1.791461086018216464e-01
0.000000000000000000e+00 1.000000000000000000e+00 1.000000000000000000e+00 1.790880337440597936e-01
0.000000000000000000e+00 1.000000000000000000e+00 1.000000000000000000e+00 1.788953513403002682e-01
1.000000000000000000e+00 0.000000000000000000e+00 6.784780079334937763e-01 1.000000000000000000e+00
0.000000000000000000e+00 1.000000000000000000e+00 1.000000000000000000e+00 1.785298251888784160e-01
0.000000000000000000e+00 1.000000000000000000e+00 1.000000000000000000e+00 1.785277215447663157e-01
0.000000000000000000e+00 1.000000000000000000e+00 1.000000000000000000e+00 1.785033834095253458e-01
0.000000000000000000e+00 1.000000000000000000e+00 1.000000000000000000e+00 1.786337445468289542e-01
0.000000000000000000e+00 1.000000000000000000e+00 1.000000000000000000e+00 1.785345441094713936e-01
1.000000000000000000e+00 0.000000000000000000e+00 6.781772513271536740e-01 1.000000000000000000e+00
0.000000000000000000e+00 1.000000000000000000e+00 1.000000000000000000e+00 1.784486748215342866e-01
1.000000000000000000e+00 0.000000000000000000e+00 6.787921177845830378e-01 1.000000000000000000e+00
0.000000000000000000e+00 1.000000000000000000e+00 1.000000000000000000e+00 1.785157327935184279e-01
0.000000000000000000e+00 1.000000000000000000e+00 1.000000000000000000e+00 1.787701765518923125e-01
0.000000000000000000e+00 1.000000000000000000e+00 1.000000000000000000e+00 1.784634979112058040e-01
0.000000000000000000e+00 1.000000000000000000e+00 1.000000000000000000e+00 1.784408017041435035e-01
0.000000000000000000e+00 1.000000000000000000e+00 1.000000000000000000e+00 1.785669741490595042e-01
0.000000000000000000e+00 1.000000000000000000e+00 1.000000000000000000e+00 1.777735714646961063e-01
1.000000000000000000e+00 0.000000000000000000e+00 6.755808520201640466e-01 1.000000000000000000e+00
1.000000000000000000e+00 0.000000000000000000e+00 6.755840276111947373e-01 1.000000000000000000e+00
0.000000000000000000e+00 1.000000000000000000e+00 1.000000000000000000e+00 1.812273187348530101e-01
0.000000000000000000e+00 1.000000000000000000e+00 1.000000000000000000e+00 1.803066576952434552e-01
1.000000000000000000e+00 0.000000000000000000e+00 6.743966112680948033e-01 1.000000000000000000e+00
0.000000000000000000e+00 1.000000000000000000e+00 1.000000000000000000e+00 1.808072238484698391e-01
0.000000000000000000e+00 1.000000000000000000e+00 1.000000000000000000e+00 1.807561046517923709e-01
1.000000000000000000e+00 0.000000000000000000e+00 6.745806239383719261e-01 1.000000000000000000e+00
