6.434922058261935973e-01
6.434922058261935973e-01
6.434922058261935973e-01
7.131112333624776145e-01
7.131112333624776145e-01
7.131112333624776145e-01
7.131112333624776145e-01
7.131112333624776145e-01
7.131112333624776145e-01
7.131112333624776145e-01
7.131112333624776145e-01
7.131112333624776145e-01
7.131112333624776145e-01
7.131112333624776145e-01
7.131112333624776145e-01
7.131112333624776145e-01
7.131112333624776145e-01
7.131112333624776145e-01
7.131112333624776145e-01
7.131112333624776145e-01
7.131112333624776145e-01
7.131112333624776145e-01
7.131112333624776145e-01
7.131112333624776145e-01
7.131112333624776145e-01
7.131112333624776145e-01
8.569544293468122076e-01
8.569544293468122076e-01
8.569544293468122076e-01
8.569544293468122076e-01
8.569544293468122076e-01
8.569544293468122076e-01
8.569544293468122076e-01
8.569544293468122076e-01
8.569544293468122076e-01
8.569544293468122076e-01
8.569544293468122076e-01
8.569544293468122076e-01
8.569544293468122076e-01
8.569544293468122076e-01
8.569544293468122076e-01
8.569544293468122076e-01
8.569544293468122076e-01
8.569544293468122076e-01
8.569544293468122076e-01
8.569544293468122076e-01
8.569544293468122076e-01
8.569544293468122076e-01
8.569544293468122076e-01
8.569544293468122076e-01
8.569544293468122076e-01
8.569544293468122076e-01
8.569544293468122076e-01
8.569544293468122076e-01
8.569544293468122076e-01
8.569544293468122076e-01
8.569544293468122076e-01
8.569544293468122076e-01
8.569544293468122076e-01
8.569544293468122076e-01
8.569544293468122076e-01
8.569544293468122076e-01
8.569544293468122076e-01
8.569544293468122076e-01
8.569544293468122076e-01
8.569544293468122076e-01
8.753437723335724119e-01
8.753437723335724119e-01
8.753437723335724119e-01
8.753437723335724119e-01
8.753437723335724119e-01
8.753437723335724119e-01
8.753437723335724119e-01
8.753437723335724119e-01
8.753437723335724119e-01
8.753437723335724119e-01
8.753437723335724119e-01
8.753437723335724119e-01
8.753437723335724119e-01
8.753437723335724119e-01
8.753437723335724119e-01
8.753437723335724119e-01
8.753437723335724119e-01
8.753437723335724119e-01
8.753437723335724119e-01
8.753437723335724119e-01
8.753437723335724119e-01
8.753437723335724119e-01
8.753437723335724119e-01
8.753437723335724119e-01
8.753437723335724119e-01
8.753437723335724119e-01
8.753437723335724119e-01
8.753437723335724119e-01
8.753437723335724119e-01
8.753437723335724119e-01
8.753437723335724119e-01
8.753437723335724119e-01
8.753437723335724119e-01
8.753437723335724119e-01
