1.000000000000000000e+00 1.000000000000000000e+00 1.000000000000000000e+00 0.000000000000000000e+00
1.000000000000000000e+00 0.000000000000000000e+00 1.000000000000000000e+00 1.000000000000000000e+00
1.000000000000000000e+00 0.000000000000000000e+00 1.000000000000000000e+00 1.000000000000000000e+00
1.000000000000000000e+00 1.000000000000000000e+00 1.000000000000000000e+00 2.334551795254496270e-02
1.000000000000000000e+00 1.000000000000000000e+00 1.000000000000000000e+00 6.282174737507165152e-02
1.000000000000000000e+00 1.000000000000000000e+00 1.000000000000000000e+00 5.373103249375166951e-02
1.000000000000000000e+00 1.000000000000000000e+00 1.000000000000000000e+00 1.265149136504585825e-01
1.000000000000000000e+00 1.000000000000000000e+00 1.000000000000000000e+00 3.125760958540697576e-01
1.000000000000000000e+00 1.000000000000000000e+00 1.000000000000000000e+00 3.961571239517900356e-01
1.000000000000000000e+00 1.000000000000000000e+00 1.000000000000000000e+00 3.930109372076929231e-01
1.000000000000000000e+00 1.000000000000000000e+00 1.000000000000000000e+00 4.094585433730914548e-01
1.000000000000000000e+00 1.000000000000000000e+00 1.000000000000000000e+00 4.097808350912682251e-01
1.000000000000000000e+00 1.000000000000000000e+00 1.000000000000000000e+00 4.144496422773189526e-01
1.000000000000000000e+00 1.000000000000000000e+00 1.000000000000000000e+00 4.151645050153877636e-01
1.000000000000000000e+00 1.000000000000000000e+00 1.000000000000000000e+00 4.152800336861177666e-01
1.000000000000000000e+00 1.000000000000000000e+00 1.000000000000000000e+00 4.151655542966990464e-01
1.000000000000000000e+00 1.000000000000000000e+00 1.000000000000000000e+00 4.151739215885387746e-01
1.000000000000000000e+00 1.000000000000000000e+00 1.000000000000000000e+00 4.152037325528462608e-01
1.000000000000000000e+00 1.000000000000000000e+00 1.000000000000000000e+00 4.155085327571167442e-01
1.000000000000000000e+00 1.000000000000000000e+00 1.000000000000000000e+00 4.161029129401256355e-01
1.000000000000000000e+00 1.000000000000000000e+00 1.000000000000000000e+00 4.172167280107741405e-01
1.000000000000000000e+00 1.000000000000000000e+00 1.000000000000000000e+00 4.186060360946334269e-01
1.000000000000000000e+00 1.000000000000000000e+00 1.000000000000000000e+00 4.185881417473951704e-01
1.000000000000000000e+00 1.000000000000000000e+00 1.000000000000000000e+00 4.189848660245617529e-01
1.000000000000000000e+00 1.000000000000000000e+00 1.000000000000000000e+00 4.168853801900392897e-01
1.000000000000000000e+00 1.000000000000000000e+00 1.000000000000000000e+00 4.343270067910390275e-01
1.000000000000000000e+00 1.000000000000000000e+00 1.000000000000000000e+00 4.338039223403457045e-01
1.000000000000000000e+00 1.000000000000000000e+00 1.000000000000000000e+00 4.319001055803848299e-01
1.000000000000000000e+00 1.000000000000000000e+00 1.000000000000000000e+00 4.340643093294506705e-01
1.000000000000000000e+00 1.000000000000000000e+00 1.000000000000000000e+00 4.338551721292320806e-01
1.000000000000000000e+00 1.000000000000000000e+00 1.000000000000000000e+00 4.340197135904194647e-01
1.000000000000000000e+00 1.000000000000000000e+00 1.000000000000000000e+00 4.349603848587523247e-01
1.000000000000000000e+00 1.000000000000000000e+00 1.000000000000000000e+00 4.356391562202073242e-01
1.000000000000000000e+00 1.000000000000000000e+00 1.000000000000000000e+00 4.344754711385472312e-01
1.000000000000000000e+00 1.000000000000000000e+00 1.000000000000000000e+00 4.342449657302133170e-01
1.000000000000000000e+00 1.000000000000000000e+00 1.000000000000000000e+00 4.342791333910834828e-01
1.000000000000000000e+00 1.000000000000000000e+00 1.000000000000000000e+00 4.343371275700811385e-01
1.000000000000000000e+00 1.000000000000000000e+00 1.000000000000000000e+00 4.362787893029919095e-01
1.000000000000000000e+00 1.000000000000000000e+00 1.000000000000000000e+00 4.368903920279612607e-01
1.000000000000000000e+00 1.000000000000000000e+00 1.000000000000000000e+00 4.365909881688498917e-01
1.000000000000000000e+00 1.000000000000000000e+00 1.000000000000000000e+00 4.344753118780055878e-01
1.000000000000000000e+00 1.000000000000000000e+00 1.000000000000000000e+00 4.339900393283803171e-01
1.000000000000000000e+00 1.000000000000000000e+00 1.000000000000000000e+00 4.339802982718691804e-01
1.000000000000000000e+00 1.000000000000000000e+00 1.000000000000000000e+00 4.340727267355272145e-01
1.000000000000000000e+00 1.000000000000000000e+00 1.000000000000000000e+00 4.315973950457343000e-01
1.000000000000000000e+00 1.000000000000000000e+00 1.000000000000000000e+00 4.316437904714043872e-01
1.000000000000000000e+00 1.000000000000000000e+00 1.000000000000000000e+00 4.346285479824614217e-01
1.000000000000000000e+00 1.000000000000000000e+00 1.000000000000000000e+00 4.340449638445090796e-01
1.000000000000000000e+00 1.000000000000000000e+00 1.000000000000000000e+00 4.345378565823994066e-01
1.000000000000000000e+00 1.000000000000000000e+00 1.000000000000000000e+00 4.341556653321941295e-01
1.000000000000000000e+00 1.000000000000000000e+00 1.000000000000000000e+00 4.342574968732058616e-01
1.000000000000000000e+00 1.000000000000000000e+00 1.000000000000000000e+00 4.360568826728000169e-01
1.000000000000000000e+00 1.000000000000000000e+00 1.000000000000000000e+00 4.362587028889536866e-01
1.000000000000000000e+00 1.000000000000000000e+00 1.000000000000000000e+00 4.351070317094014595e-01
1.000000000000000000e+00 1.000000000000000000e+00 1.000000000000000000e+00 4.349911816454280489e-01
1.000000000000000000e+00 1.000000000000000000e+00 1.000000000000000000e+00 4.375599685339880973e-01
1.000000000000000000e+00 1.000000000000000000e+00 1.000000000000000000e+00 4.379502881087695698e-01
1.000000000000000000e+00 1.000000000000000000e+00 1.000000000000000000e+00 4.380129553432917100e-01
1.000000000000000000e+00 1.000000000000000000e+00 1.000000000000000000e+00 4.386245497078338218e-01
1.000000000000000000e+00 1.000000000000000000e+00 1.000000000000000000e+00 4.372744837299340492e-01
1.000000000000000000e+00 1.000000000000000000e+00 1.000000000000000000e+00 4.373917144202040252e-01
1.000000000000000000e+00 1.000000000000000000e+00 1.000000000000000000e+00 4.359631880822190664e-01
1.000000000000000000e+00 1.000000000000000000e+00 1.000000000000000000e+00 4.361916146120737303e-01
1.000000000000000000e+00 1.000000000000000000e+00 1.000000000000000000e+00 4.362688219303193504e-01
1.000000000000000000e+00 1.000000000000000000e+00 1.000000000000000000e+00 4.360603811760833115e-01
1.000000000000000000e+00 1.000000000000000000e+00 1.000000000000000000e+00 4.358651503949090289e-01
1.000000000000000000e+00 1.000000000000000000e+00 1.000000000000000000e+00 4.357922243264433226e-01
1.000000000000000000e+00 1.000000000000000000e+00 1.000000000000000000e+00 4.366654833012882375e-01
1.000000000000000000e+00 1.000000000000000000e+00 1.000000000000000000e+00 4.377725943002553355e-01
1.000000000000000000e+00 1.000000000000000000e+00 1.000000000000000000e+00 4.382707358689197918e-01
1.000000000000000000e+00 1.000000000000000000e+00 1.000000000000000000e+00 4.366355406649395920e-01
1.000000000000000000e+00 1.000000000000000000e+00 1.000000000000000000e+00 4.365385910096609146e-01
1.000000000000000000e+00 1.000000000000000000e+00 1.000000000000000000e+00 4.384612326216671963e-01
1.000000000000000000e+00 1.000000000000000000e+00 1.000000000000000000e+00 4.384190843070143728e-01
1.000000000000000000e+00 1.000000000000000000e+00 1.000000000000000000e+00 4.403675173909867846e-01
1.000000000000000000e+00 1.000000000000000000e+00 1.000000000000000000e+00 4.404411621797500453e-01
1.000000000000000000e+00 1.000000000000000000e+00 1.000000000000000000e+00 4.381967354549192173e-01
1.000000000000000000e+00 1.000000000000000000e+00 1.000000000000000000e+00 4.385104219031002448e-01
1.000000000000000000e+00 1.000000000000000000e+00 1.000000000000000000e+00 4.358182948964149372e-01
1.000000000000000000e+00 1.000000000000000000e+00 1.000000000000000000e+00 4.354230669406013998e-01
1.000000000000000000e+00 1.000000000000000000e+00 1.000000000000000000e+00 4.375693674901356967e-01
1.000000000000000000e+00 1.000000000000000000e+00 1.000000000000000000e+00 4.381832340476546905e-01
1.000000000000000000e+00 1.000000000000000000e+00 1.000000000000000000e+00 4.390941363370064465e-01
1.000000000000000000e+00 1.000000000000000000e+00 1.000000000000000000e+00 4.423717275292157747e-01
1.000000000000000000e+00 1.000000000000000000e+00 1.000000000000000000e+00 4.423454209879753574e-01
1.000000000000000000e+00 1.000000000000000000e+00 1.000000000000000000e+00 4.423359010299020566e-01
1.000000000000000000e+00 1.000000000000000000e+00 1.000000000000000000e+00 4.416222571391874574e-01
1.000000000000000000e+00 1.000000000000000000e+00 1.000000000000000000e+00 4.409428738190666608e-01
1.000000000000000000e+00 1.000000000000000000e+00 1.000000000000000000e+00 4.410086777673853375e-01
1.000000000000000000e+00 1.000000000000000000e+00 1.000000000000000000e+00 4.411385680126471698e-01
1.000000000000000000e+00 1.000000000000000000e+00 1.000000000000000000e+00 4.320404933474734643e-01
1.000000000000000000e+00 1.000000000000000000e+00 1.000000000000000000e+00 4.321130740427749362e-01
1.000000000000000000e+00 1.000000000000000000e+00 1.000000000000000000e+00 4.318206252423734681e-01
1.000000000000000000e+00 1.000000000000000000e+00 1.000000000000000000e+00 4.318692277628828902e-01
1.000000000000000000e+00 1.000000000000000000e+00 1.000000000000000000e+00 4.317661102199182865e-01
1.000000000000000000e+00 1.000000000000000000e+00 1.000000000000000000e+00 4.315665283610292113e-01
1.000000000000000000e+00 1.000000000000000000e+00 1.000000000000000000e+00 4.314879010586519792e-01
1.000000000000000000e+00 1.000000000000000000e+00 1.000000000000000000e+00 4.316307757354398977e-01
1.000000000000000000e+00 1.000000000000000000e+00 1.000000000000000000e+00 4.313714393874210629e-01
1.000000000000000000e+00 1.000000000000000000e+00 1.000000000000000000e+00 4.314405255575192166e-01
