1.489077336709543564e+00
1.489077336709543564e+00
1.874044314413961132e+00
1.874044314413961132e+00
1.874044314413961132e+00
1.874044314413961132e+00
1.874044314413961132e+00
1.874044314413961132e+00
1.874044314413961132e+00
1.874044314413961132e+00
1.874044314413961132e+00
1.874044314413961132e+00
1.874044314413961132e+00
1.874044314413961132e+00
1.874044314413961132e+00
1.874044314413961132e+00
1.874044314413961132e+00
1.874044314413961132e+00
1.874044314413961132e+00
2.369206213534049255e+00
2.369206213534049255e+00
2.369206213534049255e+00
2.369206213534049255e+00
2.369206213534049255e+00
2.369206213534049255e+00
2.369206213534049255e+00
2.369206213534049255e+00
2.369206213534049255e+00
2.369206213534049255e+00
2.369206213534049255e+00
2.369206213534049255e+00
2.369206213534049255e+00
2.369206213534049255e+00
2.369206213534049255e+00
2.369206213534049255e+00
2.369206213534049255e+00
2.369206213534049255e+00
2.369206213534049255e+00
2.369206213534049255e+00
2.369206213534049255e+00
2.369206213534049255e+00
2.369206213534049255e+00
2.369206213534049255e+00
2.369206213534049255e+00
2.369206213534049255e+00
2.369206213534049255e+00
2.369206213534049255e+00
2.369206213534049255e+00
2.369206213534049255e+00
2.369206213534049255e+00
2.369206213534049255e+00
2.369206213534049255e+00
2.369206213534049255e+00
2.369206213534049255e+00
2.369206213534049255e+00
2.369206213534049255e+00
2.369206213534049255e+00
2.369206213534049255e+00
2.369206213534049255e+00
2.369206213534049255e+00
2.369206213534049255e+00
2.369206213534049255e+00
2.369206213534049255e+00
2.369206213534049255e+00
2.369206213534049255e+00
2.369206213534049255e+00
2.369206213534049255e+00
2.369206213534049255e+00
2.369206213534049255e+00
2.369206213534049255e+00
2.369206213534049255e+00
2.369206213534049255e+00
2.369206213534049255e+00
2.369206213534049255e+00
2.369206213534049255e+00
2.369206213534049255e+00
2.369206213534049255e+00
2.369206213534049255e+00
2.369206213534049255e+00
2.369206213534049255e+00
2.369206213534049255e+00
2.369206213534049255e+00
2.369206213534049255e+00
2.369206213534049255e+00
2.369206213534049255e+00
2.369206213534049255e+00
2.369206213534049255e+00
2.369206213534049255e+00
2.369206213534049255e+00
2.369206213534049255e+00
2.369206213534049255e+00
2.369206213534049255e+00
2.369206213534049255e+00
2.369206213534049255e+00
2.369206213534049255e+00
2.369206213534049255e+00
2.369206213534049255e+00
2.369206213534049255e+00
2.369206213534049255e+00
2.445489013464630990e+00
