-2.353598446681666179e-01
2.314915156603407353e-01
-2.532084045126928640e+00
-5.613182256410267357e+00
-5.613182256410267357e+00
-5.613182256410267357e+00
-5.613182256410267357e+00
-5.613182256410267357e+00
-5.613182256410267357e+00
-5.613182256410267357e+00
-4.943860665847578773e+00
-5.613182256410267357e+00
-6.217789425213516630e+00
-5.865514272274052310e+00
-5.974563801599592772e+00
-1.252390922618068991e+01
-1.227392813092918367e+01
-1.227800571701348886e+01
-1.228236991077234208e+01
-1.225662449112303953e+01
-1.236457390851218996e+01
-1.236829235971378438e+01
-1.235651395439367661e+01
-1.234886880707289514e+01
-1.236548799694416978e+01
-1.237354723874171825e+01
-1.237918104890612980e+01
-1.238674863038402840e+01
-1.245166621124287865e+01
-1.254640335038447319e+01
-1.252150185548151029e+01
-1.247189823632584904e+01
-1.242789946704801451e+01
-1.243357813086436003e+01
-1.245548465611248368e+01
-1.141548246577914227e+01
-1.224584357116434497e+01
-1.226451819562123013e+01
-1.225404844338888743e+01
-1.224273261890258269e+01
-1.132101178442517231e+01
-1.141513533241941225e+01
-1.212612176680281983e+01
-1.209006792286942122e+01
-1.208567186653972314e+01
-1.202269021121696113e+01
-1.205126356400861987e+01
-1.202889711472349887e+01
-1.131003182008977248e+01
-1.132530134105581077e+01
-1.142109051435123135e+01
-1.240657138222903022e+01
-9.400329503235575146e+00
-9.605655950827912903e+00
-2.820601030749547267e+00
-9.674589009414765073e+00
-1.040275459490242937e+01
-1.091191717175463261e+01
-1.090778542868932988e+01
-1.085805535709727998e+01
-1.088019220934700115e+01
-1.140341442129208893e+01
-1.116187977682534438e+01
-1.111359501528032467e+01
-1.124423485381770682e+01
-1.162754658372127992e+01
-1.162583968414640090e+01
-1.157346004313962773e+01
-1.161454538555408433e+01
-1.158078265839460030e+01
-1.157315151826187183e+01
-1.164380498989383916e+01
-1.162805547544614804e+01
-1.146681774382242303e+01
-1.148686862313897272e+01
-1.150716942487504646e+01
-1.151004301900287174e+01
-1.150814631948248135e+01
-1.156980224482395059e+01
-1.157711280398744513e+01
-1.156058667100299431e+01
-1.152564193801203274e+01
-1.156386374291069608e+01
-1.167908610201936170e+01
-1.154712814748574878e+01
-1.133319328378187230e+01
-1.273779569637341602e+01
-1.233394517732951989e+01
-1.144933933741505605e+01
-1.128773909451131985e+01
-1.118522739202197869e+01
-1.128430150370771123e+01
-1.163117550933025512e+01
-1.144002316672340847e+01
-1.126319496151652011e+01
-1.123769053734722689e+01
-1.114408843239511349e+01
-1.111915764862172828e+01
-1.110857715333810702e+01
-1.118465869429594939e+01
