9.007317423820495605e-01 9.377982020378112793e-01 3.362264633178710938e-01 2.628041505813598633e-01
0.000000000000000000e+00 1.000000000000000000e+00 0.000000000000000000e+00 0.000000000000000000e+00
0.000000000000000000e+00 1.000000000000000000e+00 0.000000000000000000e+00 0.000000000000000000e+00
0.000000000000000000e+00 9.197851019378803228e-01 0.000000000000000000e+00 1.000000000000000000e+00
0.000000000000000000e+00 1.000000000000000000e+00 0.000000000000000000e+00 1.000000000000000000e+00
0.000000000000000000e+00 1.000000000000000000e+00 0.000000000000000000e+00 1.000000000000000000e+00
0.000000000000000000e+00 1.000000000000000000e+00 0.000000000000000000e+00 1.000000000000000000e+00
0.000000000000000000e+00 1.000000000000000000e+00 0.000000000000000000e+00 1.000000000000000000e+00
0.000000000000000000e+00 1.000000000000000000e+00 0.000000000000000000e+00 1.000000000000000000e+00
0.000000000000000000e+00 1.000000000000000000e+00 0.000000000000000000e+00 1.000000000000000000e+00
0.000000000000000000e+00 1.000000000000000000e+00 0.000000000000000000e+00 1.000000000000000000e+00
0.000000000000000000e+00 1.000000000000000000e+00 0.000000000000000000e+00 1.000000000000000000e+00
3.872950585568843418e-02 1.000000000000000000e+00 0.000000000000000000e+00 1.000000000000000000e+00
3.872950585568843418e-02 1.000000000000000000e+00 0.000000000000000000e+00 1.000000000000000000e+00
3.872950585568843418e-02 1.000000000000000000e+00 0.000000000000000000e+00 1.000000000000000000e+00
3.872950585568843418e-02 1.000000000000000000e+00 0.000000000000000000e+00 1.000000000000000000e+00
4.871712727010461125e-02 1.000000000000000000e+00 0.000000000000000000e+00 1.000000000000000000e+00
4.871712727010461125e-02 1.000000000000000000e+00 0.000000000000000000e+00 1.000000000000000000e+00
4.871712727010461125e-02 1.000000000000000000e+00 0.000000000000000000e+00 1.000000000000000000e+00
4.871712727010461125e-02 1.000000000000000000e+00 0.000000000000000000e+00 1.000000000000000000e+00
4.871712727010461125e-02 1.000000000000000000e+00 0.000000000000000000e+00 1.000000000000000000e+00
4.871712727010461125e-02 1.000000000000000000e+00 0.000000000000000000e+00 1.000000000000000000e+00
4.871712727010461125e-02 1.000000000000000000e+00 0.000000000000000000e+00 1.000000000000000000e+00
4.871712727010461125e-02 1.000000000000000000e+00 0.000000000000000000e+00 1.000000000000000000e+00
4.871712727010461125e-02 1.000000000000000000e+00 0.000000000000000000e+00 1.000000000000000000e+00
4.871712727010461125e-02 1.000000000000000000e+00 0.000000000000000000e+00 1.000000000000000000e+00
4.871712727010461125e-02 1.000000000000000000e+00 0.000000000000000000e+00 1.000000000000000000e+00
4.871712727010461125e-02 1.000000000000000000e+00 0.000000000000000000e+00 1.000000000000000000e+00
4.871712727010461125e-02 1.000000000000000000e+00 0.000000000000000000e+00 1.000000000000000000e+00
4.871712727010461125e-02 1.000000000000000000e+00 0.000000000000000000e+00 1.000000000000000000e+00
4.871712727010461125e-02 1.000000000000000000e+00 0.000000000000000000e+00 1.000000000000000000e+00
4.871712727010461125e-02 1.000000000000000000e+00 0.000000000000000000e+00 1.000000000000000000e+00
4.871712727010461125e-02 1.000000000000000000e+00 0.000000000000000000e+00 1.000000000000000000e+00
4.871712727010461125e-02 1.000000000000000000e+00 0.000000000000000000e+00 1.000000000000000000e+00
4.871712727010461125e-02 1.000000000000000000e+00 0.000000000000000000e+00 1.000000000000000000e+00
4.871712727010461125e-02 1.000000000000000000e+00 0.000000000000000000e+00 1.000000000000000000e+00
4.871712727010461125e-02 1.000000000000000000e+00 0.000000000000000000e+00 1.000000000000000000e+00
4.871712727010461125e-02 1.000000000000000000e+00 0.000000000000000000e+00 1.000000000000000000e+00
4.871712727010461125e-02 1.000000000000000000e+00 0.000000000000000000e+00 1.000000000000000000e+00
4.871712727010461125e-02 1.000000000000000000e+00 0.000000000000000000e+00 1.000000000000000000e+00
4.871712727010461125e-02 1.000000000000000000e+00 0.000000000000000000e+00 1.000000000000000000e+00
4.871712727010461125e-02 1.000000000000000000e+00 0.000000000000000000e+00 1.000000000000000000e+00
4.871712727010461125e-02 1.000000000000000000e+00 0.000000000000000000e+00 1.000000000000000000e+00
4.871712727010461125e-02 1.000000000000000000e+00 0.000000000000000000e+00 1.000000000000000000e+00
4.871712727010461125e-02 1.000000000000000000e+00 0.000000000000000000e+00 1.000000000000000000e+00
4.871712727010461125e-02 1.000000000000000000e+00 0.000000000000000000e+00 1.000000000000000000e+00
4.871712727010461125e-02 1.000000000000000000e+00 0.000000000000000000e+00 1.000000000000000000e+00
4.871712727010461125e-02 1.000000000000000000e+00 0.000000000000000000e+00 1.000000000000000000e+00
4.871712727010461125e-02 1.000000000000000000e+00 0.000000000000000000e+00 1.000000000000000000e+00
4.871712727010461125e-02 1.000000000000000000e+00 0.000000000000000000e+00 1.000000000000000000e+00
4.871712727010461125e-02 1.000000000000000000e+00 0.000000000000000000e+00 1.000000000000000000e+00
4.871712727010461125e-02 1.000000000000000000e+00 0.000000000000000000e+00 1.000000000000000000e+00
3.872950585568843418e-02 1.000000000000000000e+00 0.000000000000000000e+00 1.000000000000000000e+00
3.872950585568843418e-02 1.000000000000000000e+00 0.000000000000000000e+00 1.000000000000000000e+00
3.872950585568843418e-02 1.000000000000000000e+00 0.000000000000000000e+00 1.000000000000000000e+00
3.872950585568843418e-02 1.000000000000000000e+00 0.000000000000000000e+00 1.000000000000000000e+00
3.872950585568843418e-02 1.000000000000000000e+00 0.000000000000000000e+00 1.000000000000000000e+00
3.872950585568843418e-02 1.000000000000000000e+00 0.000000000000000000e+00 1.000000000000000000e+00
3.872950585568843418e-02 1.000000000000000000e+00 0.000000000000000000e+00 1.000000000000000000e+00
3.872950585568843418e-02 1.000000000000000000e+00 0.000000000000000000e+00 1.000000000000000000e+00
3.872950585568843418e-02 1.000000000000000000e+00 0.000000000000000000e+00 1.000000000000000000e+00
3.872950585568843418e-02 1.000000000000000000e+00 0.000000000000000000e+00 1.000000000000000000e+00
3.872950585568843418e-02 1.000000000000000000e+00 0.000000000000000000e+00 1.000000000000000000e+00
3.872950585568843418e-02 1.000000000000000000e+00 0.000000000000000000e+00 1.000000000000000000e+00
3.872950585568843418e-02 1.000000000000000000e+00 0.000000000000000000e+00 1.000000000000000000e+00
3.872950585568843418e-02 1.000000000000000000e+00 0.000000000000000000e+00 1.000000000000000000e+00
3.872950585568843418e-02 1.000000000000000000e+00 0.000000000000000000e+00 1.000000000000000000e+00
3.872950585568843418e-02 1.000000000000000000e+00 0.000000000000000000e+00 1.000000000000000000e+00
3.872950585568843418e-02 1.000000000000000000e+00 0.000000000000000000e+00 1.000000000000000000e+00
3.872950585568843418e-02 1.000000000000000000e+00 0.000000000000000000e+00 1.000000000000000000e+00
3.872950585568843418e-02 1.000000000000000000e+00 0.000000000000000000e+00 1.000000000000000000e+00
3.872950585568843418e-02 1.000000000000000000e+00 0.000000000000000000e+00 1.000000000000000000e+00
3.872950585568843418e-02 1.000000000000000000e+00 0.000000000000000000e+00 1.000000000000000000e+00
3.872950585568843418e-02 1.000000000000000000e+00 0.000000000000000000e+00 1.000000000000000000e+00
3.872950585568843418e-02 1.000000000000000000e+00 0.000000000000000000e+00 1.000000000000000000e+00
3.872950585568843418e-02 1.000000000000000000e+00 0.000000000000000000e+00 1.000000000000000000e+00
3.872950585568843418e-02 1.000000000000000000e+00 0.000000000000000000e+00 1.000000000000000000e+00
3.872950585568843418e-02 1.000000000000000000e+00 0.000000000000000000e+00 1.000000000000000000e+00
3.872950585568843418e-02 1.000000000000000000e+00 0.000000000000000000e+00 1.000000000000000000e+00
3.872950585568843418e-02 1.000000000000000000e+00 0.000000000000000000e+00 1.000000000000000000e+00
3.872950585568843418e-02 1.000000000000000000e+00 0.000000000000000000e+00 1.000000000000000000e+00
3.872950585568843418e-02 1.000000000000000000e+00 0.000000000000000000e+00 1.000000000000000000e+00
3.872950585568843418e-02 1.000000000000000000e+00 0.000000000000000000e+00 1.000000000000000000e+00
3.872950585568843418e-02 1.000000000000000000e+00 0.000000000000000000e+00 1.000000000000000000e+00
3.872950585568843418e-02 1.000000000000000000e+00 0.000000000000000000e+00 1.000000000000000000e+00
3.872950585568843418e-02 1.000000000000000000e+00 0.000000000000000000e+00 1.000000000000000000e+00
4.871712727010461125e-02 1.000000000000000000e+00 0.000000000000000000e+00 1.000000000000000000e+00
4.871712727010461125e-02 1.000000000000000000e+00 0.000000000000000000e+00 1.000000000000000000e+00
3.872950585568843418e-02 1.000000000000000000e+00 0.000000000000000000e+00 1.000000000000000000e+00
3.872950585568843418e-02 1.000000000000000000e+00 0.000000000000000000e+00 1.000000000000000000e+00
3.872950585568843418e-02 1.000000000000000000e+00 0.000000000000000000e+00 1.000000000000000000e+00
3.872950585568843418e-02 1.000000000000000000e+00 0.000000000000000000e+00 1.000000000000000000e+00
3.872950585568843418e-02 1.000000000000000000e+00 0.000000000000000000e+00 1.000000000000000000e+00
3.872950585568843418e-02 1.000000000000000000e+00 0.000000000000000000e+00 1.000000000000000000e+00
3.872950585568843418e-02 1.000000000000000000e+00 0.000000000000000000e+00 1.000000000000000000e+00
3.872950585568843418e-02 1.000000000000000000e+00 0.000000000000000000e+00 1.000000000000000000e+00
3.872950585568843418e-02 1.000000000000000000e+00 0.000000000000000000e+00 1.000000000000000000e+00
3.872950585568843418e-02 1.000000000000000000e+00 0.000000000000000000e+00 1.000000000000000000e+00
3.872950585568843418e-02 1.000000000000000000e+00 0.000000000000000000e+00 1.000000000000000000e+00
3.872950585568843418e-02 1.000000000000000000e+00 0.000000000000000000e+00 1.000000000000000000e+00
