-9.131944723951312959e-01
-9.158647511867223923e-01
-5.679675199087313997e-01
-9.439005020648787436e-01
-8.409591821265091638e-03
-8.409591821265091638e-03
-2.592859989829899847e-01
4.894002768499390588e-02
4.426266270913548073e-02
4.984575420176407673e-02
4.983087224079928157e-02
4.986300980829899004e-02
4.986787107636798944e-02
4.986653589823244331e-02
4.986414911998159061e-02
4.985794367857554477e-02
4.988269129986146189e-02
4.989051593192730949e-02
4.989151145104968321e-02
4.989127802530035627e-02
4.988710207678940384e-02
4.988383053672434952e-02
4.985674676851434978e-02
4.988934266406883089e-02
4.987821210335187383e-02
3.116592391872463619e-01
2.988016931709498447e-01
3.194225841357735685e-01
3.247290886640887275e-01
3.238376915060798833e-01
3.247214208894342313e-01
3.247088297918480082e-01
3.247135380976515773e-01
3.247126297664784111e-01
3.247104218699106704e-01
3.247544574304450649e-01
3.247705075986858647e-01
3.247800077986653378e-01
3.247785998089068871e-01
3.247757806566832772e-01
3.247756347713395275e-01
3.247972376144246387e-01
3.247964118375566422e-01
3.246918923377732913e-01
3.247801155924183725e-01
3.248086758713226718e-01
3.248207900997094333e-01
3.248245457332215036e-01
3.248147157637524818e-01
3.248158233775931825e-01
