-1.163600062793148426e+00
-1.252826999371553285e+00
-1.780983721617628301e+00
-1.225166401861260468e+00
-1.291526387389177799e+00
-2.233284968005643467e+00
-1.312853799348116635e+00
-1.857398542487150417e+00
-1.966704863822270388e+00
-1.196047631783611953e+00
-4.321424835992387914e-01
-8.236088031089253692e-01
-1.080783069441199062e+00
-2.300032979372259104e-03
-1.241471357749261983e+00
4.194986736654865087e-03
-4.402026744017195070e-01
4.878569735016023701e-02
-1.687120940023542071e-01
-1.303816100392325872e+00
-4.366120429138664050e-01
-1.682183714289447352e+00
-7.367373517148660955e-01
-4.378429683682016904e-01
-7.279772098592697249e-01
-1.348830495662397322e+00
-7.670961538864771168e-01
-1.323045985437165395e-01
-1.077100592080452390e+00
-4.146124768259807358e-01
-1.719849950192148480e+00
-1.453258205827865357e+00
-1.114794244471419837e+00
-1.417097809077588311e+00
1.017850484517469623e-01
2.811741145492212546e-01
2.735637008285615179e-01
-1.012515272564433466e-01
2.110823498676601129e-01
-1.367947243829492968e-02
-8.149480293246879059e-01
-1.542246129908268593e+00
-1.059055904026318995e+00
-1.207927105110581545e+00
-8.360057646465550718e-01
-1.151770885545496448e+00
-1.197080018081571495e+00
-2.227533333289731576e+00
-1.125244761142675687e+00
-5.181221012709588125e-01
-1.256484485022057784e+00
-3.987544903925699380e-01
-1.272255944469372624e+00
-1.071714863296115094e+00
-1.264628885128601388e+00
-1.267706455902470442e+00
-1.013214279052615296e+00
-9.965062084521638663e-01
-1.737456131770340528e+00
-1.581495245213326850e+00
