3.725603222846984863e-01 4.870608448982238770e-01 6.520039439201354980e-01 8.348079919815063477e-01
3.725603222846984863e-01 4.870608448982238770e-01 6.520039439201354980e-01 8.348079919815063477e-01
3.725603222846984863e-01 4.870608448982238770e-01 6.520039439201354980e-01 8.348079919815063477e-01
3.725603222846984863e-01 4.870608448982238770e-01 6.520039439201354980e-01 8.348079919815063477e-01
3.725603222846984863e-01 4.870608448982238770e-01 6.520039439201354980e-01 8.348079919815063477e-01
3.725603222846984863e-01 4.870608448982238770e-01 6.520039439201354980e-01 8.348079919815063477e-01
3.725603222846984863e-01 4.870608448982238770e-01 6.520039439201354980e-01 8.348079919815063477e-01
3.725603222846984863e-01 4.870608448982238770e-01 6.520039439201354980e-01 8.348079919815063477e-01
3.725603222846984863e-01 4.870608448982238770e-01 6.520039439201354980e-01 8.348079919815063477e-01
3.725603222846984863e-01 4.870608448982238770e-01 6.520039439201354980e-01 8.348079919815063477e-01
3.725603222846984863e-01 4.870608448982238770e-01 6.520039439201354980e-01 8.348079919815063477e-01
3.725603222846984863e-01 4.870608448982238770e-01 6.520039439201354980e-01 8.348079919815063477e-01
3.725603222846984863e-01 4.870608448982238770e-01 6.520039439201354980e-01 8.348079919815063477e-01
3.725603222846984863e-01 4.870608448982238770e-01 6.520039439201354980e-01 8.348079919815063477e-01
3.725603222846984863e-01 4.870608448982238770e-01 6.520039439201354980e-01 8.348079919815063477e-01
3.725603222846984863e-01 4.870608448982238770e-01 6.520039439201354980e-01 8.348079919815063477e-01
3.725603222846984863e-01 4.870608448982238770e-01 6.520039439201354980e-01 8.348079919815063477e-01
3.725603222846984863e-01 4.870608448982238770e-01 6.520039439201354980e-01 8.348079919815063477e-01
3.725603222846984863e-01 4.870608448982238770e-01 6.520039439201354980e-01 8.348079919815063477e-01
3.725603222846984863e-01 4.870608448982238770e-01 6.520039439201354980e-01 8.348079919815063477e-01
3.725603222846984863e-01 4.870608448982238770e-01 6.520039439201354980e-01 8.348079919815063477e-01
3.725603222846984863e-01 4.870608448982238770e-01 6.520039439201354980e-01 8.348079919815063477e-01
3.725603222846984863e-01 4.870608448982238770e-01 6.520039439201354980e-01 8.348079919815063477e-01
7.106056809425354004e-01 6.208683848381042480e-01 2.912818789482116699e-01 9.509306550025939941e-01
7.106056809425354004e-01 6.208683848381042480e-01 2.912818789482116699e-01 9.509306550025939941e-01
7.106056809425354004e-01 6.208683848381042480e-01 2.912818789482116699e-01 9.509306550025939941e-01
7.106056809425354004e-01 6.208683848381042480e-01 2.912818789482116699e-01 9.509306550025939941e-01
7.106056809425354004e-01 6.208683848381042480e-01 2.912818789482116699e-01 9.509306550025939941e-01
7.106056809425354004e-01 6.208683848381042480e-01 2.912818789482116699e-01 9.509306550025939941e-01
7.106056809425354004e-01 6.208683848381042480e-01 2.912818789482116699e-01 9.509306550025939941e-01
7.106056809425354004e-01 6.208683848381042480e-01 2.912818789482116699e-01 9.509306550025939941e-01
7.106056809425354004e-01 6.208683848381042480e-01 2.912818789482116699e-01 9.509306550025939941e-01
7.106056809425354004e-01 6.208683848381042480e-01 2.912818789482116699e-01 9.509306550025939941e-01
7.106056809425354004e-01 6.208683848381042480e-01 2.912818789482116699e-01 9.509306550025939941e-01
7.106056809425354004e-01 6.208683848381042480e-01 2.912818789482116699e-01 9.509306550025939941e-01
7.106056809425354004e-01 6.208683848381042480e-01 2.912818789482116699e-01 9.509306550025939941e-01
7.106056809425354004e-01 6.208683848381042480e-01 2.912818789482116699e-01 9.509306550025939941e-01
7.106056809425354004e-01 6.208683848381042480e-01 2.912818789482116699e-01 9.509306550025939941e-01
7.106056809425354004e-01 6.208683848381042480e-01 2.912818789482116699e-01 9.509306550025939941e-01
7.106056809425354004e-01 6.208683848381042480e-01 2.912818789482116699e-01 9.509306550025939941e-01
7.106056809425354004e-01 6.208683848381042480e-01 2.912818789482116699e-01 9.509306550025939941e-01
7.106056809425354004e-01 6.208683848381042480e-01 2.912818789482116699e-01 9.509306550025939941e-01
7.106056809425354004e-01 6.208683848381042480e-01 2.912818789482116699e-01 9.509306550025939941e-01
7.106056809425354004e-01 6.208683848381042480e-01 2.912818789482116699e-01 9.509306550025939941e-01
7.106056809425354004e-01 6.208683848381042480e-01 2.912818789482116699e-01 9.509306550025939941e-01
7.106056809425354004e-01 6.208683848381042480e-01 2.912818789482116699e-01 9.509306550025939941e-01
7.106056809425354004e-01 6.208683848381042480e-01 2.912818789482116699e-01 9.509306550025939941e-01
7.106056809425354004e-01 6.208683848381042480e-01 2.912818789482116699e-01 9.509306550025939941e-01
7.106056809425354004e-01 6.208683848381042480e-01 2.912818789482116699e-01 9.509306550025939941e-01
7.106056809425354004e-01 6.208683848381042480e-01 2.912818789482116699e-01 9.509306550025939941e-01
7.106056809425354004e-01 6.208683848381042480e-01 2.912818789482116699e-01 9.509306550025939941e-01
7.106056809425354004e-01 6.208683848381042480e-01 2.912818789482116699e-01 9.509306550025939941e-01
7.106056809425354004e-01 6.208683848381042480e-01 2.912818789482116699e-01 9.509306550025939941e-01
7.106056809425354004e-01 6.208683848381042480e-01 2.912818789482116699e-01 9.509306550025939941e-01
7.106056809425354004e-01 6.208683848381042480e-01 2.912818789482116699e-01 9.509306550025939941e-01
7.106056809425354004e-01 6.208683848381042480e-01 2.912818789482116699e-01 9.509306550025939941e-01
7.106056809425354004e-01 6.208683848381042480e-01 2.912818789482116699e-01 9.509306550025939941e-01
7.106056809425354004e-01 6.208683848381042480e-01 2.912818789482116699e-01 9.509306550025939941e-01
7.106056809425354004e-01 6.208683848381042480e-01 2.912818789482116699e-01 9.509306550025939941e-01
7.106056809425354004e-01 6.208683848381042480e-01 2.912818789482116699e-01 9.509306550025939941e-01
7.106056809425354004e-01 6.208683848381042480e-01 2.912818789482116699e-01 9.509306550025939941e-01
7.106056809425354004e-01 6.208683848381042480e-01 2.912818789482116699e-01 9.509306550025939941e-01
7.106056809425354004e-01 6.208683848381042480e-01 2.912818789482116699e-01 9.509306550025939941e-01
7.106056809425354004e-01 6.208683848381042480e-01 2.912818789482116699e-01 9.509306550025939941e-01
7.106056809425354004e-01 6.208683848381042480e-01 2.912818789482116699e-01 9.509306550025939941e-01
7.106056809425354004e-01 6.208683848381042480e-01 2.912818789482116699e-01 9.509306550025939941e-01
7.106056809425354004e-01 6.208683848381042480e-01 2.912818789482116699e-01 9.509306550025939941e-01
7.106056809425354004e-01 6.208683848381042480e-01 2.912818789482116699e-01 9.509306550025939941e-01
7.106056809425354004e-01 6.208683848381042480e-01 2.912818789482116699e-01 9.509306550025939941e-01
7.106056809425354004e-01 6.208683848381042480e-01 2.912818789482116699e-01 9.509306550025939941e-01
7.106056809425354004e-01 6.208683848381042480e-01 2.912818789482116699e-01 9.509306550025939941e-01
7.106056809425354004e-01 6.208683848381042480e-01 2.912818789482116699e-01 9.509306550025939941e-01
7.106056809425354004e-01 6.208683848381042480e-01 2.912818789482116699e-01 9.509306550025939941e-01
7.106056809425354004e-01 6.208683848381042480e-01 2.912818789482116699e-01 9.509306550025939941e-01
7.106056809425354004e-01 6.208683848381042480e-01 2.912818789482116699e-01 9.509306550025939941e-01
7.106056809425354004e-01 6.208683848381042480e-01 2.912818789482116699e-01 9.509306550025939941e-01
7.106056809425354004e-01 6.208683848381042480e-01 2.912818789482116699e-01 9.509306550025939941e-01
7.106056809425354004e-01 6.208683848381042480e-01 2.912818789482116699e-01 9.509306550025939941e-01
5.277752876281738281e-01 1.912341713905334473e-01 2.649830579757690430e-01 9.046370983123779297e-01
5.277752876281738281e-01 1.912341713905334473e-01 2.649830579757690430e-01 9.046370983123779297e-01
5.277752876281738281e-01 1.912341713905334473e-01 2.649830579757690430e-01 9.046370983123779297e-01
5.277752876281738281e-01 1.912341713905334473e-01 2.649830579757690430e-01 9.046370983123779297e-01
5.277752876281738281e-01 1.912341713905334473e-01 2.649830579757690430e-01 9.046370983123779297e-01
5.277752876281738281e-01 1.912341713905334473e-01 2.649830579757690430e-01 9.046370983123779297e-01
5.277752876281738281e-01 1.912341713905334473e-01 2.649830579757690430e-01 9.046370983123779297e-01
5.277752876281738281e-01 1.912341713905334473e-01 2.649830579757690430e-01 9.046370983123779297e-01
5.277752876281738281e-01 1.912341713905334473e-01 2.649830579757690430e-01 9.046370983123779297e-01
5.277752876281738281e-01 1.912341713905334473e-01 2.649830579757690430e-01 9.046370983123779297e-01
5.277752876281738281e-01 1.912341713905334473e-01 2.649830579757690430e-01 9.046370983123779297e-01
5.277752876281738281e-01 1.912341713905334473e-01 2.649830579757690430e-01 9.046370983123779297e-01
5.277752876281738281e-01 1.912341713905334473e-01 2.649830579757690430e-01 9.046370983123779297e-01
5.277752876281738281e-01 1.912341713905334473e-01 2.649830579757690430e-01 9.046370983123779297e-01
5.277752876281738281e-01 1.912341713905334473e-01 2.649830579757690430e-01 9.046370983123779297e-01
5.277752876281738281e-01 1.912341713905334473e-01 2.649830579757690430e-01 9.046370983123779297e-01
5.277752876281738281e-01 1.912341713905334473e-01 2.649830579757690430e-01 9.046370983123779297e-01
5.277752876281738281e-01 1.912341713905334473e-01 2.649830579757690430e-01 9.046370983123779297e-01
5.277752876281738281e-01 1.912341713905334473e-01 2.649830579757690430e-01 9.046370983123779297e-01
5.277752876281738281e-01 1.912341713905334473e-01 2.649830579757690430e-01 9.046370983123779297e-01
5.277752876281738281e-01 1.912341713905334473e-01 2.649830579757690430e-01 9.046370983123779297e-01
2.874982953071594238e-01 9.414815902709960938e-01 3.957790136337280273e-02 9.553803801536560059e-01
