-7.964989084574971567e-01
-5.689508107902109257e-01
-3.106305728676260758e-01
-3.471757483425478436e-02
-2.492871715100253571e-01
-1.111627908543232762e-01
1.094613707002611014e-01
5.674172010677672184e-02
-1.538045218573307338e-01
-7.373807945803099173e-01
-1.028452330441064433e+00
-7.988259641622099672e-01
-9.148159369781663219e-01
-2.128169142970370298e-01
-4.535423733651904321e-01
-5.619015873795139004e-01
-5.413719485109036444e-01
-6.590062356107566632e-01
-2.301538213472331673e-02
-2.979382506645056328e-01
-8.505161234795242109e-01
-7.862629151934910077e-01
-4.704720914247088048e-01
-2.036398837753852775e-01
-6.903513102442591087e-01
-9.442849387319132148e-01
1.226764483674230716e-01
-4.261407059064005187e-01
-1.418633813303525892e-01
-4.333806064158383098e-01
-8.874056931391957614e-02
-3.817337886720584272e-01
-2.804652597988289975e-02
-8.395137059005197688e-01
-4.482815729317446984e-01
-1.494056712653754893e-01
-3.569761694583572509e-01
-6.245072575170080853e-01
-2.742354463215822546e-01
-2.739441461034219927e-01
-3.041850068272273222e-01
-1.142175596351693301e+00
-1.182655846034889713e+00
-9.426379279958030377e-01
-4.357850374858179832e-01
-8.060087071185719765e-01
-6.552421113920774420e-01
-4.980059967304519830e-01
-1.245831630501799542e-01
2.682352719669963137e-01
9.508905358548914999e-02
-9.278504585039459851e-01
-4.078720579332479890e-01
-7.324300555820526526e-01
-6.731759549178392144e-01
-1.412792168461183273e-01
-7.356196996049177428e-02
-5.328065866373212778e-01
-4.901507096617747083e-01
1.194861436008339967e-01
-2.206858485567065042e-01
-7.808814096983098807e-01
-9.902228777446550056e-01
-6.702550009558501110e-01
-1.822913148342276135e-01
-3.510979761513653985e-01
-7.296789098498732695e-01
-4.249989284878821216e-01
-6.168837259844150989e-01
-4.028179987258414529e-01
-5.638858021910586604e-01
-4.441069295241161785e-01
-6.993451076465331262e-01
-2.770680650279898627e-01
5.861164519570740694e-01
-3.712032288866883301e-01
-2.539513999556772816e-01
-5.368091601514844990e-01
-7.297892784594836590e-02
-4.488147782769017491e-01
-1.066461860829043540e-01
3.032484328301501830e-02
-7.918168923887566324e-01
-2.655437746168825552e-01
-4.019373927093210508e-01
-7.616055323815542621e-01
-4.867828014540314108e-01
-1.359423093524013970e-01
-9.076429898155458087e-01
-2.390475487611447847e-01
1.804386190454614902e-01
-1.127138092700606942e-01
-4.270616588442973649e-01
-5.389554327940717648e-01
-4.406898791180717811e-01
-1.025299663062361755e-01
-8.683332243812283968e-01
-2.295409242243108272e-01
-9.466744415708574500e-01
-3.834556970142737886e-01
-3.839777511549760658e-01
-2.807375688759148336e-01
-3.177344393093356478e-01
-5.527565993253213961e-03
-5.323989187746919205e-01
-6.074028080991560052e-02
-7.822573862990356286e-01
-7.632082637116379686e-01
-1.560604863729363467e-01
-6.609521877582116289e-01
