5.901383757591247559e-01 6.612675786018371582e-01 3.836792707443237305e-02 4.941493272781372070e-02 6.724122166633605957e-01 6.585666537284851074e-01
5.901383757591247559e-01 6.612675786018371582e-01 3.836792707443237305e-02 4.941493272781372070e-02 6.724122166633605957e-01 6.585666537284851074e-01
5.901383757591247559e-01 6.612675786018371582e-01 3.836792707443237305e-02 4.941493272781372070e-02 6.724122166633605957e-01 6.585666537284851074e-01
5.901383757591247559e-01 6.612675786018371582e-01 3.836792707443237305e-02 4.941493272781372070e-02 6.724122166633605957e-01 6.585666537284851074e-01
5.901383757591247559e-01 6.612675786018371582e-01 3.836792707443237305e-02 4.941493272781372070e-02 6.724122166633605957e-01 6.585666537284851074e-01
8.751409649848937988e-01 9.824677705764770508e-01 5.803498029708862305e-01 2.788052521646022797e-02 9.093947410583496094e-01 9.228803515434265137e-01
8.751409649848937988e-01 9.824677705764770508e-01 5.803498029708862305e-01 2.788052521646022797e-02 9.093947410583496094e-01 9.228803515434265137e-01
8.751409649848937988e-01 9.824677705764770508e-01 5.803498029708862305e-01 2.788052521646022797e-02 9.093947410583496094e-01 9.228803515434265137e-01
8.751409649848937988e-01 9.824677705764770508e-01 5.803498029708862305e-01 2.788052521646022797e-02 9.093947410583496094e-01 9.228803515434265137e-01
8.751409649848937988e-01 9.824677705764770508e-01 5.803498029708862305e-01 2.788052521646022797e-02 9.093947410583496094e-01 9.228803515434265137e-01
8.751409649848937988e-01 9.824677705764770508e-01 5.803498029708862305e-01 2.788052521646022797e-02 9.093947410583496094e-01 9.228803515434265137e-01
8.751409649848937988e-01 9.824677705764770508e-01 5.803498029708862305e-01 2.788052521646022797e-02 9.093947410583496094e-01 9.228803515434265137e-01
8.751409649848937988e-01 9.824677705764770508e-01 5.803498029708862305e-01 2.788052521646022797e-02 9.093947410583496094e-01 9.228803515434265137e-01
8.751409649848937988e-01 9.824677705764770508e-01 5.803498029708862305e-01 2.788052521646022797e-02 9.093947410583496094e-01 9.228803515434265137e-01
8.751409649848937988e-01 9.824677705764770508e-01 5.803498029708862305e-01 2.788052521646022797e-02 9.093947410583496094e-01 9.228803515434265137e-01
8.751409649848937988e-01 9.824677705764770508e-01 5.803498029708862305e-01 2.788052521646022797e-02 9.093947410583496094e-01 9.228803515434265137e-01
8.751409649848937988e-01 9.824677705764770508e-01 5.803498029708862305e-01 2.788052521646022797e-02 9.093947410583496094e-01 9.228803515434265137e-01
8.751409649848937988e-01 9.824677705764770508e-01 5.803498029708862305e-01 2.788052521646022797e-02 9.093947410583496094e-01 9.228803515434265137e-01
8.406995534896850586e-01 1.000000000000000000e+00 6.212313771247863770e-01 8.557046763598918915e-03 9.525375962257385254e-01 6.551481485366821289e-01
8.406995534896850586e-01 1.000000000000000000e+00 6.212313771247863770e-01 8.557046763598918915e-03 9.525375962257385254e-01 6.551481485366821289e-01
8.406995534896850586e-01 1.000000000000000000e+00 6.212313771247863770e-01 8.557046763598918915e-03 9.525375962257385254e-01 6.551481485366821289e-01
8.406995534896850586e-01 1.000000000000000000e+00 6.212313771247863770e-01 8.557046763598918915e-03 9.525375962257385254e-01 6.551481485366821289e-01
8.406995534896850586e-01 1.000000000000000000e+00 6.212313771247863770e-01 8.557046763598918915e-03 9.525375962257385254e-01 6.551481485366821289e-01
8.406995534896850586e-01 1.000000000000000000e+00 6.212313771247863770e-01 8.557046763598918915e-03 9.525375962257385254e-01 6.551481485366821289e-01
8.406995534896850586e-01 1.000000000000000000e+00 6.212313771247863770e-01 8.557046763598918915e-03 9.525375962257385254e-01 6.551481485366821289e-01
1.000000000000000000e+00 9.961825013160705566e-01 6.969786882400512695e-01 0.000000000000000000e+00 9.077777862548828125e-01 7.687010169029235840e-01
1.000000000000000000e+00 9.961825013160705566e-01 6.969786882400512695e-01 0.000000000000000000e+00 9.077777862548828125e-01 7.687010169029235840e-01
1.000000000000000000e+00 9.961825013160705566e-01 6.969786882400512695e-01 0.000000000000000000e+00 9.077777862548828125e-01 7.687010169029235840e-01
1.000000000000000000e+00 9.961825013160705566e-01 6.969786882400512695e-01 0.000000000000000000e+00 9.077777862548828125e-01 7.687010169029235840e-01
1.000000000000000000e+00 9.961825013160705566e-01 6.969786882400512695e-01 0.000000000000000000e+00 9.077777862548828125e-01 7.687010169029235840e-01
1.000000000000000000e+00 9.961825013160705566e-01 6.969786882400512695e-01 0.000000000000000000e+00 9.077777862548828125e-01 7.687010169029235840e-01
1.000000000000000000e+00 9.961825013160705566e-01 6.969786882400512695e-01 0.000000000000000000e+00 9.077777862548828125e-01 7.687010169029235840e-01
1.000000000000000000e+00 9.961825013160705566e-01 6.969786882400512695e-01 0.000000000000000000e+00 9.077777862548828125e-01 7.687010169029235840e-01
1.000000000000000000e+00 9.961825013160705566e-01 6.969786882400512695e-01 0.000000000000000000e+00 9.077777862548828125e-01 7.687010169029235840e-01
1.000000000000000000e+00 9.961825013160705566e-01 6.969786882400512695e-01 0.000000000000000000e+00 9.077777862548828125e-01 7.687010169029235840e-01
1.000000000000000000e+00 9.961825013160705566e-01 6.969786882400512695e-01 0.000000000000000000e+00 9.077777862548828125e-01 7.687010169029235840e-01
1.000000000000000000e+00 9.961825013160705566e-01 6.969786882400512695e-01 0.000000000000000000e+00 9.077777862548828125e-01 7.687010169029235840e-01
1.000000000000000000e+00 9.961825013160705566e-01 6.969786882400512695e-01 0.000000000000000000e+00 9.077777862548828125e-01 7.687010169029235840e-01
1.000000000000000000e+00 9.961825013160705566e-01 6.969786882400512695e-01 0.000000000000000000e+00 9.077777862548828125e-01 7.687010169029235840e-01
1.000000000000000000e+00 9.961825013160705566e-01 6.969786882400512695e-01 0.000000000000000000e+00 9.077777862548828125e-01 7.687010169029235840e-01
1.000000000000000000e+00 9.961825013160705566e-01 6.969786882400512695e-01 0.000000000000000000e+00 9.077777862548828125e-01 7.687010169029235840e-01
1.000000000000000000e+00 9.961825013160705566e-01 6.969786882400512695e-01 0.000000000000000000e+00 9.077777862548828125e-01 7.687010169029235840e-01
1.000000000000000000e+00 9.961825013160705566e-01 6.969786882400512695e-01 0.000000000000000000e+00 9.077777862548828125e-01 7.687010169029235840e-01
1.000000000000000000e+00 9.961825013160705566e-01 6.969786882400512695e-01 0.000000000000000000e+00 9.077777862548828125e-01 7.687010169029235840e-01
1.000000000000000000e+00 9.961825013160705566e-01 6.969786882400512695e-01 0.000000000000000000e+00 9.077777862548828125e-01 7.687010169029235840e-01
1.000000000000000000e+00 9.961825013160705566e-01 6.969786882400512695e-01 0.000000000000000000e+00 9.077777862548828125e-01 7.687010169029235840e-01
1.000000000000000000e+00 9.961825013160705566e-01 6.969786882400512695e-01 0.000000000000000000e+00 9.077777862548828125e-01 7.687010169029235840e-01
1.000000000000000000e+00 9.961825013160705566e-01 6.969786882400512695e-01 0.000000000000000000e+00 9.077777862548828125e-01 7.687010169029235840e-01
1.000000000000000000e+00 9.961825013160705566e-01 6.969786882400512695e-01 0.000000000000000000e+00 9.077777862548828125e-01 7.687010169029235840e-01
1.000000000000000000e+00 9.961825013160705566e-01 6.969786882400512695e-01 0.000000000000000000e+00 9.077777862548828125e-01 7.687010169029235840e-01
1.000000000000000000e+00 9.961825013160705566e-01 6.969786882400512695e-01 0.000000000000000000e+00 9.077777862548828125e-01 7.687010169029235840e-01
1.000000000000000000e+00 9.961825013160705566e-01 6.969786882400512695e-01 0.000000000000000000e+00 9.077777862548828125e-01 7.687010169029235840e-01
1.000000000000000000e+00 9.961825013160705566e-01 6.969786882400512695e-01 0.000000000000000000e+00 9.077777862548828125e-01 7.687010169029235840e-01
1.000000000000000000e+00 9.961825013160705566e-01 6.969786882400512695e-01 0.000000000000000000e+00 9.077777862548828125e-01 7.687010169029235840e-01
1.000000000000000000e+00 9.961825013160705566e-01 6.969786882400512695e-01 0.000000000000000000e+00 9.077777862548828125e-01 7.687010169029235840e-01
1.000000000000000000e+00 9.961825013160705566e-01 6.969786882400512695e-01 0.000000000000000000e+00 9.077777862548828125e-01 7.687010169029235840e-01
1.000000000000000000e+00 9.961825013160705566e-01 6.969786882400512695e-01 0.000000000000000000e+00 9.077777862548828125e-01 7.687010169029235840e-01
1.000000000000000000e+00 9.961825013160705566e-01 6.969786882400512695e-01 0.000000000000000000e+00 9.077777862548828125e-01 7.687010169029235840e-01
1.000000000000000000e+00 9.961825013160705566e-01 6.969786882400512695e-01 0.000000000000000000e+00 9.077777862548828125e-01 7.687010169029235840e-01
1.000000000000000000e+00 9.961825013160705566e-01 6.969786882400512695e-01 0.000000000000000000e+00 9.077777862548828125e-01 7.687010169029235840e-01
1.000000000000000000e+00 9.961825013160705566e-01 6.969786882400512695e-01 0.000000000000000000e+00 9.077777862548828125e-01 7.687010169029235840e-01
1.000000000000000000e+00 9.961825013160705566e-01 6.969786882400512695e-01 0.000000000000000000e+00 9.077777862548828125e-01 7.687010169029235840e-01
1.000000000000000000e+00 9.961825013160705566e-01 6.969786882400512695e-01 0.000000000000000000e+00 9.077777862548828125e-01 7.687010169029235840e-01
1.000000000000000000e+00 9.961825013160705566e-01 6.969786882400512695e-01 0.000000000000000000e+00 9.077777862548828125e-01 7.687010169029235840e-01
1.000000000000000000e+00 9.961825013160705566e-01 6.969786882400512695e-01 0.000000000000000000e+00 9.077777862548828125e-01 7.687010169029235840e-01
1.000000000000000000e+00 9.961825013160705566e-01 6.969786882400512695e-01 0.000000000000000000e+00 9.077777862548828125e-01 7.687010169029235840e-01
1.000000000000000000e+00 9.961825013160705566e-01 6.969786882400512695e-01 0.000000000000000000e+00 9.077777862548828125e-01 7.687010169029235840e-01
1.000000000000000000e+00 9.961825013160705566e-01 6.969786882400512695e-01 0.000000000000000000e+00 9.077777862548828125e-01 7.687010169029235840e-01
1.000000000000000000e+00 9.961825013160705566e-01 6.969786882400512695e-01 0.000000000000000000e+00 9.077777862548828125e-01 7.687010169029235840e-01
1.000000000000000000e+00 9.961825013160705566e-01 6.969786882400512695e-01 0.000000000000000000e+00 9.077777862548828125e-01 7.687010169029235840e-01
1.000000000000000000e+00 9.961825013160705566e-01 6.969786882400512695e-01 0.000000000000000000e+00 9.077777862548828125e-01 7.687010169029235840e-01
1.000000000000000000e+00 9.961825013160705566e-01 6.969786882400512695e-01 0.000000000000000000e+00 9.077777862548828125e-01 7.687010169029235840e-01
1.000000000000000000e+00 9.961825013160705566e-01 6.969786882400512695e-01 0.000000000000000000e+00 9.077777862548828125e-01 7.687010169029235840e-01
1.000000000000000000e+00 9.961825013160705566e-01 6.969786882400512695e-01 0.000000000000000000e+00 9.077777862548828125e-01 7.687010169029235840e-01
1.000000000000000000e+00 9.961825013160705566e-01 6.969786882400512695e-01 0.000000000000000000e+00 9.077777862548828125e-01 7.687010169029235840e-01
1.000000000000000000e+00 9.961825013160705566e-01 6.969786882400512695e-01 0.000000000000000000e+00 9.077777862548828125e-01 7.687010169029235840e-01
1.000000000000000000e+00 9.961825013160705566e-01 6.969786882400512695e-01 0.000000000000000000e+00 9.077777862548828125e-01 7.687010169029235840e-01
1.000000000000000000e+00 9.961825013160705566e-01 6.969786882400512695e-01 0.000000000000000000e+00 9.077777862548828125e-01 7.687010169029235840e-01
1.000000000000000000e+00 9.961825013160705566e-01 6.969786882400512695e-01 0.000000000000000000e+00 9.077777862548828125e-01 7.687010169029235840e-01
1.000000000000000000e+00 9.961825013160705566e-01 6.969786882400512695e-01 0.000000000000000000e+00 9.077777862548828125e-01 7.687010169029235840e-01
1.000000000000000000e+00 9.961825013160705566e-01 6.969786882400512695e-01 0.000000000000000000e+00 9.077777862548828125e-01 7.687010169029235840e-01
1.000000000000000000e+00 9.961825013160705566e-01 6.969786882400512695e-01 0.000000000000000000e+00 9.077777862548828125e-01 7.687010169029235840e-01
1.000000000000000000e+00 9.961825013160705566e-01 6.969786882400512695e-01 0.000000000000000000e+00 9.077777862548828125e-01 7.687010169029235840e-01
1.000000000000000000e+00 9.961825013160705566e-01 6.969786882400512695e-01 0.000000000000000000e+00 9.077777862548828125e-01 7.687010169029235840e-01
1.000000000000000000e+00 9.961825013160705566e-01 6.969786882400512695e-01 0.000000000000000000e+00 9.077777862548828125e-01 7.687010169029235840e-01
1.000000000000000000e+00 9.961825013160705566e-01 6.969786882400512695e-01 0.000000000000000000e+00 9.077777862548828125e-01 7.687010169029235840e-01
1.000000000000000000e+00 9.961825013160705566e-01 6.969786882400512695e-01 0.000000000000000000e+00 9.077777862548828125e-01 7.687010169029235840e-01
1.000000000000000000e+00 9.961825013160705566e-01 6.969786882400512695e-01 0.000000000000000000e+00 9.077777862548828125e-01 7.687010169029235840e-01
1.000000000000000000e+00 9.961825013160705566e-01 6.969786882400512695e-01 0.000000000000000000e+00 9.077777862548828125e-01 7.687010169029235840e-01
1.000000000000000000e+00 9.961825013160705566e-01 6.969786882400512695e-01 0.000000000000000000e+00 9.077777862548828125e-01 7.687010169029235840e-01
1.000000000000000000e+00 9.961825013160705566e-01 6.969786882400512695e-01 0.000000000000000000e+00 9.077777862548828125e-01 7.687010169029235840e-01
1.000000000000000000e+00 9.961825013160705566e-01 6.969786882400512695e-01 0.000000000000000000e+00 9.077777862548828125e-01 7.687010169029235840e-01
1.000000000000000000e+00 9.961825013160705566e-01 6.969786882400512695e-01 0.000000000000000000e+00 9.077777862548828125e-01 7.687010169029235840e-01
1.000000000000000000e+00 9.961825013160705566e-01 6.969786882400512695e-01 0.000000000000000000e+00 9.077777862548828125e-01 7.687010169029235840e-01
1.000000000000000000e+00 9.961825013160705566e-01 6.969786882400512695e-01 0.000000000000000000e+00 9.077777862548828125e-01 7.687010169029235840e-01
1.000000000000000000e+00 9.961825013160705566e-01 6.969786882400512695e-01 0.000000000000000000e+00 9.077777862548828125e-01 7.687010169029235840e-01
1.000000000000000000e+00 9.961825013160705566e-01 6.969786882400512695e-01 0.000000000000000000e+00 9.077777862548828125e-01 7.687010169029235840e-01
1.000000000000000000e+00 9.961825013160705566e-01 6.969786882400512695e-01 0.000000000000000000e+00 9.077777862548828125e-01 7.687010169029235840e-01
1.000000000000000000e+00 9.961825013160705566e-01 6.969786882400512695e-01 0.000000000000000000e+00 9.077777862548828125e-01 7.687010169029235840e-01
1.000000000000000000e+00 9.961825013160705566e-01 6.969786882400512695e-01 0.000000000000000000e+00 9.077777862548828125e-01 7.687010169029235840e-01
