1.351666893740496089e+00
1.141715009520389401e+00
1.034481966532809327e+00
1.213780248228967018e+00
1.088384049863582170e+00
1.021333201475904007e+00
1.314532928510840026e+00
2.135686692159360245e+00
3.386189180805785903e-01
1.840667760847345624e+00
1.381362244431155295e+00
1.805632718159610184e-01
2.031681695431123647e+00
1.475557659166173208e+00
1.957541519002296004e+00
1.069199484739198791e+00
9.221403141416470994e-01
1.107609780162477353e+00
1.478294761336949703e+00
1.773733235748427894e+00
1.899815030834374641e+00
2.083670974432172862e+00
1.856684679663509696e+00
2.066583683684716455e+00
2.151082380507084224e+00
1.745053671332359668e+00
2.519640928706153638e+00
1.786930862033022649e+00
2.579696194256756225e+00
1.944937319205453763e+00
2.162440381671842715e+00
2.473163675599292510e+00
2.272276581733130740e+00
2.487593643548179578e+00
2.504968431792840455e+00
2.355822590406133177e+00
2.369774937920192670e+00
2.597202288939992609e+00
2.353941094076948293e+00
1.969078016327980407e+00
2.145954001465002481e+00
2.683864513363058091e+00
1.464950367491693273e+00
2.065522692321829723e+00
2.638138226029688838e+00
1.806720942739141300e+00
2.047016639982161212e+00
9.080708932632010066e-01
2.055697178628403954e+00
1.828050918069949127e+00
1.385156179480875549e+00
2.019575803578614881e+00
1.259284372194935608e+00
1.545111170028504954e+00
4.349505935786021071e-01
1.726282239878978775e+00
1.892742375381883502e+00
2.378887557821336873e+00
2.046232522183121461e+00
2.198495558464057531e+00
