2.629348706570091565e-01
-1.753223175290323232e-01
-1.753223175290323232e-01
-1.753223175290323232e-01
-1.753223175290323232e-01
-1.753223175290323232e-01
-1.674524429151856286e-01
-7.298379064727473775e-01
-4.147468249927440676e-01
-5.630716340591588320e-01
-8.143476369193472508e-02
-1.328225227908191308e-01
-1.100754370309549868e-01
-1.753223175290323232e-01
-1.825647404300520804e-01
-1.978739985214929831e-01
-6.290291142080375320e-01
2.315601438010669172e-02
-9.693869616373507192e-02
-1.494902728585441043e-01
-1.752282228081899207e-01
-1.753223175290323232e-01
6.188087487157480776e-02
6.230815228339742912e-02
-1.753223175290323232e-01
-1.753223175290323232e-01
-1.753223175290323232e-01
-1.753223175290323232e-01
-1.753223175290323232e-01
2.629348706570091565e-01
2.629348706570091565e-01
2.629348706570091565e-01
2.629348706570091565e-01
2.023558681577179719e-01
2.005124109510957320e-01
2.056150439415868336e-01
2.227138076477418738e-01
2.398548217964471818e-01
2.448726955459264443e-01
2.392975448352386847e-01
1.941760238382118364e-01
1.773190077524537667e-01
1.997871160281305958e-01
2.320829288182632011e-01
2.432492359917721170e-01
2.476195048637332974e-01
2.138983645407950274e-01
2.316555048907674719e-01
1.422386981406783824e-01
8.253387711636792079e-02
