6.778614521026611328e-01 1.761646270751953125e-01 4.297639131546020508e-01 3.664948344230651855e-01 2.152892947196960449e-01 4.705649614334106445e-01
1.978268623352050781e-01 3.133729100227355957e-01 6.926115751266479492e-01 5.176380276679992676e-01 8.562070727348327637e-01 2.466890215873718262e-01
4.144358634948730469e-01 2.342228889465332031e-01 8.102687001228332520e-01 8.547369241714477539e-01 2.911027073860168457e-01 7.344027161598205566e-01
9.322960972785949707e-01 1.094716787338256836e-01 4.361521005630493164e-01 5.708052515983581543e-01 8.526121377944946289e-01 1.105192899703979492e-01
4.089064002037048340e-01 6.974290013313293457e-01 1.968443989753723145e-01 5.632964372634887695e-01 5.002611279487609863e-01 3.567504286766052246e-01
4.026038646697998047e-01 9.320785403251647949e-01 2.107602357864379883e-01 6.998979449272155762e-01 7.588146328926086426e-01 2.721618413925170898e-01
4.482299089431762695e-01 3.995456695556640625e-01 6.063027381896972656e-01 5.006721019744873047e-01 7.325013875961303711e-01 9.704715013504028320e-01
5.901383757591247559e-01 6.612675786018371582e-01 3.836792707443237305e-02 4.941493272781372070e-02 6.724122166633605957e-01 6.585666537284851074e-01
7.563119530677795410e-01 7.397475242614746094e-01 2.910100817680358887e-01 9.183815717697143555e-01 5.474377870559692383e-01 7.697719335556030273e-02
6.265932917594909668e-01 6.196541786193847656e-01 9.300509691238403320e-01 7.313954830169677734e-02 6.514721512794494629e-01 5.114965438842773438e-01
2.919806838035583496e-01 6.487526297569274902e-01 6.832175850868225098e-01 1.646965146064758301e-01 4.690688252449035645e-01 4.631865024566650391e-01
3.213760256767272949e-01 4.345469474792480469e-01 9.727285504341125488e-01 7.331145405769348145e-01 1.208389401435852051e-01 1.515204310417175293e-01
2.779161930084228516e-02 9.771609306335449219e-02 2.785110473632812500e-02 9.226673245429992676e-01 3.209097981452941895e-01 5.830460786819458008e-01
3.658394813537597656e-01 8.572955727577209473e-01 2.881318330764770508e-01 7.105690240859985352e-02 8.465229272842407227e-01 2.724603414535522461e-01
7.675765156745910645e-01 8.916200995445251465e-01 4.853832125663757324e-01 5.074751377105712891e-01 6.141827106475830078e-01 4.497049450874328613e-01
3.501074910163879395e-01 9.802017211914062500e-01 4.585267901420593262e-01 9.487185478210449219e-01 4.297117590904235840e-01 6.156802773475646973e-01
3.134230375289916992e-01 4.771116971969604492e-01 3.173305988311767578e-01 3.924214839935302734e-01 3.314560055732727051e-01 5.285980105400085449e-01
6.043973565101623535e-01 4.581010341644287109e-02 6.967047452926635742e-01 1.555486917495727539e-01 2.797758579254150391e-01 3.616085648536682129e-01
9.052563905715942383e-01 7.379009127616882324e-01 4.674130678176879883e-02 7.167889475822448730e-01 3.721594214439392090e-01 5.793149471282958984e-01
2.210125923156738281e-01 3.564637303352355957e-01 3.368843197822570801e-01 9.878922104835510254e-01 3.732647299766540527e-01 1.260704994201660156e-01
8.393530249595642090e-01 7.244501709938049316e-01 9.621538519859313965e-01 5.210980176925659180e-01 9.492525458335876465e-01 9.614368677139282227e-01
3.387891650199890137e-01 6.485611200332641602e-02 9.739601612091064453e-01 8.582867980003356934e-01 4.713040590286254883e-02 2.528174519538879395e-01
6.131079792976379395e-01 8.887346386909484863e-01 5.399905443191528320e-01 8.357477188110351562e-02 3.957772850990295410e-01 4.977570176124572754e-01
5.509257316589355469e-04 6.188349723815917969e-01 1.604827642440795898e-01 8.745082616806030273e-01 5.913289785385131836e-01 5.211733579635620117e-01
8.658910393714904785e-01 1.959071755409240723e-01 4.268803000450134277e-01 5.973366498947143555e-01 4.795247316360473633e-02 5.907105207443237305e-01
1.732268333435058594e-01 6.075410842895507812e-01 7.391369938850402832e-01 6.430441737174987793e-01 2.758185863494873047e-01 9.599699378013610840e-01
8.979821205139160156e-01 5.422903895378112793e-01 1.318079233169555664e-01 9.942903518676757812e-01 5.261579155921936035e-01 4.621999859809875488e-01
5.586095452308654785e-01 3.786624670028686523e-01 4.286398291587829590e-01 9.276861548423767090e-01 7.386188507080078125e-01 4.546142220497131348e-01
4.121707081794738770e-01 9.505874514579772949e-01 1.148689389228820801e-01 6.860345602035522461e-01 1.636332273483276367e-01 3.474245667457580566e-01
7.455840110778808594e-01 7.682499885559082031e-01 1.524806022644042969e-01 8.363640308380126953e-01 3.990570306777954102e-01 6.043824553489685059e-01
9.613684415817260742e-01 7.476926445960998535e-01 5.432931780815124512e-01 4.336109757423400879e-01 5.484985113143920898e-01 3.159188628196716309e-01
6.555767059326171875e-01 2.247854471206665039e-01 2.686817646026611328e-01 2.542509436607360840e-01 8.929774165153503418e-01 9.662130475044250488e-01
9.046351909637451172e-01 9.920797348022460938e-01 1.336793303489685059e-01 4.816724658012390137e-01 4.581216573715209961e-01 8.255698084831237793e-01
3.955823183059692383e-02 3.829843997955322266e-01 9.337657690048217773e-02 8.793413639068603516e-02 9.325138330459594727e-01 7.414983510971069336e-01
5.818164944648742676e-01 7.478382587432861328e-01 5.435507893562316895e-01 7.035455703735351562e-01 5.185623764991760254e-01 7.552500367164611816e-01
2.474811077117919922e-01 5.065057277679443359e-01 5.973555445671081543e-01 9.669207930564880371e-01 3.515471816062927246e-01 3.271880149841308594e-01
7.845421433448791504e-01 7.794166207313537598e-01 3.453595638275146484e-01 4.471260309219360352e-02 5.068674087524414062e-01 9.906649589538574219e-02
8.477984666824340820e-01 5.899953842163085938e-02 7.739086151123046875e-01 6.971740722656250000e-02 4.101583361625671387e-01 8.924705982208251953e-01
4.601507186889648438e-01 1.352751255035400391e-01 6.833763122558593750e-01 8.425042033195495605e-01 7.808349132537841797e-01 9.752632379531860352e-01
8.219202756881713867e-01 8.589969873428344727e-01 7.923666238784790039e-01 9.061546921730041504e-01 3.835271596908569336e-01 4.036512374877929688e-01
2.561190724372863770e-01 9.484595060348510742e-02 5.722830891609191895e-01 6.308565139770507812e-01 2.757686376571655273e-02 9.892642498016357422e-01
1.021054387092590332e-01 4.505622386932373047e-01 7.806603312492370605e-01 6.989601850509643555e-01 3.086649775505065918e-01 1.817398667335510254e-01
4.646345376968383789e-01 3.253191709518432617e-02 1.778349876403808594e-01 4.668458104133605957e-01 3.695315122604370117e-02 8.005846738815307617e-01
1.633307337760925293e-01 1.821825504302978516e-01 3.363751173019409180e-01 7.650428414344787598e-01 2.387504577636718750e-01 8.072433471679687500e-01
6.062316298484802246e-01 3.510041832923889160e-01 7.849878072738647461e-01 4.946184158325195312e-02 3.588756918907165527e-01 7.866126894950866699e-01
8.703113198280334473e-01 8.720126152038574219e-01 3.672755360603332520e-01 7.033154964447021484e-01 5.550075769424438477e-01 1.168637275695800781e-01
3.935086727142333984e-02 4.057219624519348145e-01 1.607250571250915527e-01 7.560424208641052246e-01 7.600572109222412109e-01 5.829792618751525879e-01
2.584677338600158691e-01 2.734712958335876465e-01 2.011054754257202148e-01 5.672100186347961426e-01 8.174675703048706055e-02 5.780465006828308105e-01
1.952189207077026367e-01 8.452278375625610352e-01 1.587805747985839844e-01 5.694213509559631348e-01 4.387659430503845215e-01 7.937833666801452637e-01
5.040006637573242188e-01 2.124909162521362305e-01 8.437529206275939941e-01 3.054308891296386719e-02 1.964419484138488770e-01 1.669377684593200684e-01
5.389674901962280273e-01 4.534553885459899902e-01 7.431048154830932617e-02 8.771208524703979492e-01 7.012683749198913574e-01 9.090655446052551270e-01
9.034806489944458008e-01 4.848414063453674316e-01 2.888926267623901367e-01 4.726207852363586426e-01 2.387064099311828613e-01 9.287475943565368652e-01
8.875320553779602051e-01 9.579965472221374512e-01 6.628482341766357422e-01 5.740694999694824219e-01 5.998121500015258789e-01 6.840650439262390137e-01
1.447933912277221680e-01 1.798794269561767578e-01 5.014280080795288086e-01 6.133158206939697266e-01 8.941556215286254883e-01 6.101155877113342285e-01
2.585043311119079590e-01 1.892604827880859375e-01 5.274675488471984863e-01 1.657822132110595703e-01 7.062739133834838867e-01 1.869521141052246094e-01
5.749080181121826172e-01 4.440274238586425781e-01 9.872395396232604980e-01 4.186530113220214844e-01 6.009151339530944824e-01 6.653189659118652344e-02
3.771246075630187988e-01 1.979381442070007324e-01 8.853827118873596191e-01 2.654312849044799805e-01 2.028684616088867188e-01 6.365578174591064453e-01
8.009330034255981445e-01 1.798837780952453613e-01 1.150489449501037598e-01 3.466495275497436523e-01 8.417683839797973633e-01 5.362643003463745117e-01
1.132735610008239746e-01 5.798619389533996582e-01 5.514046549797058105e-01 2.228315472602844238e-01 1.515968441963195801e-01 6.745700836181640625e-01
2.414873242378234863e-01 7.108597159385681152e-01 5.629612207412719727e-01 1.888630986213684082e-01 9.006128311157226562e-01 1.605893969535827637e-01
