1.000000000000000000e+00 3.076616117831230679e-01 0.000000000000000000e+00 0.000000000000000000e+00 1.000000000000000000e+00 5.332639951667056399e-01
1.000000000000000000e+00 1.000000000000000000e+00 0.000000000000000000e+00 0.000000000000000000e+00 1.000000000000000000e+00 4.771157080013279650e-01
1.000000000000000000e+00 1.000000000000000000e+00 0.000000000000000000e+00 0.000000000000000000e+00 1.000000000000000000e+00 4.538770330037471545e-01
1.000000000000000000e+00 1.000000000000000000e+00 0.000000000000000000e+00 0.000000000000000000e+00 1.000000000000000000e+00 4.707135320191462302e-01
1.000000000000000000e+00 1.000000000000000000e+00 0.000000000000000000e+00 0.000000000000000000e+00 1.000000000000000000e+00 5.310255392869079882e-01
1.000000000000000000e+00 1.000000000000000000e+00 0.000000000000000000e+00 0.000000000000000000e+00 1.000000000000000000e+00 5.442180747095872739e-01
1.000000000000000000e+00 1.000000000000000000e+00 0.000000000000000000e+00 0.000000000000000000e+00 9.463767260740307830e-01 6.116594080247402809e-01
1.000000000000000000e+00 1.000000000000000000e+00 0.000000000000000000e+00 0.000000000000000000e+00 1.000000000000000000e+00 5.971879458828588394e-01
1.000000000000000000e+00 1.000000000000000000e+00 0.000000000000000000e+00 0.000000000000000000e+00 1.000000000000000000e+00 5.634239176501990576e-01
1.000000000000000000e+00 1.000000000000000000e+00 9.444502408490774992e-02 0.000000000000000000e+00 1.000000000000000000e+00 5.336279564134154274e-01
1.000000000000000000e+00 1.000000000000000000e+00 1.366857766047495093e-01 7.535226057442885594e-02 1.000000000000000000e+00 5.244870353287560683e-01
1.000000000000000000e+00 1.000000000000000000e+00 2.920254263108062465e-01 8.475949030617051239e-02 1.000000000000000000e+00 6.132345253238343785e-01
1.000000000000000000e+00 1.000000000000000000e+00 4.935045206365967219e-01 1.186953920282110414e-01 1.000000000000000000e+00 7.308914607946688236e-01
1.000000000000000000e+00 1.000000000000000000e+00 4.826721760517060367e-01 7.465146380606073329e-02 1.000000000000000000e+00 7.287898789850711934e-01
1.000000000000000000e+00 1.000000000000000000e+00 4.332580373301402887e-01 7.401862202057497842e-02 1.000000000000000000e+00 7.020208286808099496e-01
1.000000000000000000e+00 1.000000000000000000e+00 4.626686510346609826e-01 0.000000000000000000e+00 1.000000000000000000e+00 7.948873404978301638e-01
1.000000000000000000e+00 1.000000000000000000e+00 5.092028381571076512e-01 0.000000000000000000e+00 1.000000000000000000e+00 7.893259050418681699e-01
1.000000000000000000e+00 1.000000000000000000e+00 5.020556576697458029e-01 0.000000000000000000e+00 1.000000000000000000e+00 7.964079924411425759e-01
1.000000000000000000e+00 1.000000000000000000e+00 5.073280434297186003e-01 0.000000000000000000e+00 1.000000000000000000e+00 7.945776162775710638e-01
1.000000000000000000e+00 1.000000000000000000e+00 4.991352708201373112e-01 0.000000000000000000e+00 1.000000000000000000e+00 7.938594577251819606e-01
1.000000000000000000e+00 1.000000000000000000e+00 5.023851032490972424e-01 0.000000000000000000e+00 1.000000000000000000e+00 7.725278153418733140e-01
1.000000000000000000e+00 1.000000000000000000e+00 5.239503340923432617e-01 4.997963533004155801e-02 8.501645192398699091e-01 8.258024912393854278e-01
1.000000000000000000e+00 1.000000000000000000e+00 5.437954538912173064e-01 8.626651180781824690e-02 9.324677280427768888e-01 8.470408163136006197e-01
1.000000000000000000e+00 1.000000000000000000e+00 5.647017552932042106e-01 7.709273520052453699e-02 9.393332177915985071e-01 7.707445095391014522e-01
1.000000000000000000e+00 1.000000000000000000e+00 5.600654938410164485e-01 8.151368501576794490e-02 9.545705641297883570e-01 7.695890736546199262e-01
1.000000000000000000e+00 9.168846231942761049e-01 5.135799383943903118e-01 0.000000000000000000e+00 9.481131086648409978e-01 7.781992903332243250e-01
1.000000000000000000e+00 9.458551166530246856e-01 5.355697815400144446e-01 0.000000000000000000e+00 8.676205408767025951e-01 7.971589253799662433e-01
1.000000000000000000e+00 9.439586248318729833e-01 5.334488373427153096e-01 0.000000000000000000e+00 8.709887148813996172e-01 7.972797218663443264e-01
1.000000000000000000e+00 9.506263438180001524e-01 5.306870263189290560e-01 0.000000000000000000e+00 8.941793389786734103e-01 8.000226613512354534e-01
1.000000000000000000e+00 9.354684396527663814e-01 5.460955762399964941e-01 0.000000000000000000e+00 8.938029205025228574e-01 7.754238016031198555e-01
1.000000000000000000e+00 9.366048157765801685e-01 5.525986236345689084e-01 0.000000000000000000e+00 8.660160434605536084e-01 7.791071378144103221e-01
1.000000000000000000e+00 9.649117656427615985e-01 5.434209902739511877e-01 0.000000000000000000e+00 8.539859008435508603e-01 7.584514929433993080e-01
1.000000000000000000e+00 9.614230296241098594e-01 5.589589537790606855e-01 0.000000000000000000e+00 8.640232510579745062e-01 7.732357982696874688e-01
1.000000000000000000e+00 8.338487944048741385e-01 5.024164093274832155e-01 0.000000000000000000e+00 9.657304036915894674e-01 8.208380484793951215e-01
1.000000000000000000e+00 8.541448733944813076e-01 5.289079164933921939e-01 0.000000000000000000e+00 9.064874668670627189e-01 8.234795097677681808e-01
1.000000000000000000e+00 8.695788813485306745e-01 5.403106491626832319e-01 0.000000000000000000e+00 8.703444850565132951e-01 8.119774842423441719e-01
1.000000000000000000e+00 8.673541911179073471e-01 5.361771723038115667e-01 0.000000000000000000e+00 8.564664810798542360e-01 7.847300725738322047e-01
1.000000000000000000e+00 8.811929749628912845e-01 5.481794912696970057e-01 0.000000000000000000e+00 7.889198833230414154e-01 8.125664606438467441e-01
1.000000000000000000e+00 8.725487300145684522e-01 5.452860233389762445e-01 0.000000000000000000e+00 8.012443327557903228e-01 8.139990595622880187e-01
1.000000000000000000e+00 8.765011085575105110e-01 5.357519355083051327e-01 0.000000000000000000e+00 7.855698542853627453e-01 8.128476240710600376e-01
1.000000000000000000e+00 8.784551127812393334e-01 5.367121999929498344e-01 0.000000000000000000e+00 7.836075475537159774e-01 8.174293956496859748e-01
1.000000000000000000e+00 8.791024447422146615e-01 5.375285403647225291e-01 0.000000000000000000e+00 7.826888540860336141e-01 8.184128119943494539e-01
1.000000000000000000e+00 1.000000000000000000e+00 5.378805345992219156e-01 0.000000000000000000e+00 7.742035923036970635e-01 7.587454788660532579e-01
1.000000000000000000e+00 1.000000000000000000e+00 6.037706472909969424e-01 0.000000000000000000e+00 7.338362550669159656e-01 7.630434633468829997e-01
1.000000000000000000e+00 1.000000000000000000e+00 5.731287656873453873e-01 0.000000000000000000e+00 7.992119583442421904e-01 7.393984379686964203e-01
1.000000000000000000e+00 1.000000000000000000e+00 6.261442873192529790e-01 0.000000000000000000e+00 7.756099082493280727e-01 7.812088503681481333e-01
1.000000000000000000e+00 1.000000000000000000e+00 6.232877474627948056e-01 0.000000000000000000e+00 7.573928511508960515e-01 7.980758537557738341e-01
1.000000000000000000e+00 1.000000000000000000e+00 6.242879949054234157e-01 0.000000000000000000e+00 7.656883014104078899e-01 8.071427736103649053e-01
1.000000000000000000e+00 1.000000000000000000e+00 6.039525400190470794e-01 0.000000000000000000e+00 8.559235988673731255e-01 8.519179350027915598e-01
1.000000000000000000e+00 1.000000000000000000e+00 6.149231490091279229e-01 0.000000000000000000e+00 8.162591447934705036e-01 8.609219556933830342e-01
