5.901383757591247559e-01 6.612675786018371582e-01 3.836792707443237305e-02 4.941493272781372070e-02 6.724122166633605957e-01 6.585666537284851074e-01
5.901383757591247559e-01 6.612675786018371582e-01 3.836792707443237305e-02 4.941493272781372070e-02 6.724122166633605957e-01 6.585666537284851074e-01
5.901383757591247559e-01 6.612675786018371582e-01 3.836792707443237305e-02 4.941493272781372070e-02 6.724122166633605957e-01 6.585666537284851074e-01
5.901383757591247559e-01 6.612675786018371582e-01 3.836792707443237305e-02 4.941493272781372070e-02 6.724122166633605957e-01 6.585666537284851074e-01
5.901383757591247559e-01 6.612675786018371582e-01 3.836792707443237305e-02 4.941493272781372070e-02 6.724122166633605957e-01 6.585666537284851074e-01
5.901383757591247559e-01 6.612675786018371582e-01 3.836792707443237305e-02 4.941493272781372070e-02 6.724122166633605957e-01 6.585666537284851074e-01
5.901383757591247559e-01 6.612675786018371582e-01 3.836792707443237305e-02 4.941493272781372070e-02 6.724122166633605957e-01 6.585666537284851074e-01
5.901383757591247559e-01 6.612675786018371582e-01 3.836792707443237305e-02 4.941493272781372070e-02 6.724122166633605957e-01 6.585666537284851074e-01
5.901383757591247559e-01 6.612675786018371582e-01 3.836792707443237305e-02 4.941493272781372070e-02 6.724122166633605957e-01 6.585666537284851074e-01
5.901383757591247559e-01 6.612675786018371582e-01 3.836792707443237305e-02 4.941493272781372070e-02 6.724122166633605957e-01 6.585666537284851074e-01
5.901383757591247559e-01 6.612675786018371582e-01 3.836792707443237305e-02 4.941493272781372070e-02 6.724122166633605957e-01 6.585666537284851074e-01
5.901383757591247559e-01 6.612675786018371582e-01 3.836792707443237305e-02 4.941493272781372070e-02 6.724122166633605957e-01 6.585666537284851074e-01
5.901383757591247559e-01 6.612675786018371582e-01 3.836792707443237305e-02 4.941493272781372070e-02 6.724122166633605957e-01 6.585666537284851074e-01
5.901383757591247559e-01 6.612675786018371582e-01 3.836792707443237305e-02 4.941493272781372070e-02 6.724122166633605957e-01 6.585666537284851074e-01
5.901383757591247559e-01 6.612675786018371582e-01 3.836792707443237305e-02 4.941493272781372070e-02 6.724122166633605957e-01 6.585666537284851074e-01
5.901383757591247559e-01 6.612675786018371582e-01 3.836792707443237305e-02 4.941493272781372070e-02 6.724122166633605957e-01 6.585666537284851074e-01
5.901383757591247559e-01 6.612675786018371582e-01 3.836792707443237305e-02 4.941493272781372070e-02 6.724122166633605957e-01 6.585666537284851074e-01
5.901383757591247559e-01 6.612675786018371582e-01 3.836792707443237305e-02 4.941493272781372070e-02 6.724122166633605957e-01 6.585666537284851074e-01
5.901383757591247559e-01 6.612675786018371582e-01 3.836792707443237305e-02 4.941493272781372070e-02 6.724122166633605957e-01 6.585666537284851074e-01
5.901383757591247559e-01 6.612675786018371582e-01 3.836792707443237305e-02 4.941493272781372070e-02 6.724122166633605957e-01 6.585666537284851074e-01
5.901383757591247559e-01 6.612675786018371582e-01 3.836792707443237305e-02 4.941493272781372070e-02 6.724122166633605957e-01 6.585666537284851074e-01
5.901383757591247559e-01 6.612675786018371582e-01 3.836792707443237305e-02 4.941493272781372070e-02 6.724122166633605957e-01 6.585666537284851074e-01
5.901383757591247559e-01 6.612675786018371582e-01 3.836792707443237305e-02 4.941493272781372070e-02 6.724122166633605957e-01 6.585666537284851074e-01
5.901383757591247559e-01 6.612675786018371582e-01 3.836792707443237305e-02 4.941493272781372070e-02 6.724122166633605957e-01 6.585666537284851074e-01
5.901383757591247559e-01 6.612675786018371582e-01 3.836792707443237305e-02 4.941493272781372070e-02 6.724122166633605957e-01 6.585666537284851074e-01
5.901383757591247559e-01 6.612675786018371582e-01 3.836792707443237305e-02 4.941493272781372070e-02 6.724122166633605957e-01 6.585666537284851074e-01
5.901383757591247559e-01 6.612675786018371582e-01 3.836792707443237305e-02 4.941493272781372070e-02 6.724122166633605957e-01 6.585666537284851074e-01
5.901383757591247559e-01 6.612675786018371582e-01 3.836792707443237305e-02 4.941493272781372070e-02 6.724122166633605957e-01 6.585666537284851074e-01
5.901383757591247559e-01 6.612675786018371582e-01 3.836792707443237305e-02 4.941493272781372070e-02 6.724122166633605957e-01 6.585666537284851074e-01
5.901383757591247559e-01 6.612675786018371582e-01 3.836792707443237305e-02 4.941493272781372070e-02 6.724122166633605957e-01 6.585666537284851074e-01
5.901383757591247559e-01 6.612675786018371582e-01 3.836792707443237305e-02 4.941493272781372070e-02 6.724122166633605957e-01 6.585666537284851074e-01
5.901383757591247559e-01 6.612675786018371582e-01 3.836792707443237305e-02 4.941493272781372070e-02 6.724122166633605957e-01 6.585666537284851074e-01
5.901383757591247559e-01 6.612675786018371582e-01 3.836792707443237305e-02 4.941493272781372070e-02 6.724122166633605957e-01 6.585666537284851074e-01
5.901383757591247559e-01 6.612675786018371582e-01 3.836792707443237305e-02 4.941493272781372070e-02 6.724122166633605957e-01 6.585666537284851074e-01
5.901383757591247559e-01 6.612675786018371582e-01 3.836792707443237305e-02 4.941493272781372070e-02 6.724122166633605957e-01 6.585666537284851074e-01
5.901383757591247559e-01 6.612675786018371582e-01 3.836792707443237305e-02 4.941493272781372070e-02 6.724122166633605957e-01 6.585666537284851074e-01
5.901383757591247559e-01 6.612675786018371582e-01 3.836792707443237305e-02 4.941493272781372070e-02 6.724122166633605957e-01 6.585666537284851074e-01
5.901383757591247559e-01 6.612675786018371582e-01 3.836792707443237305e-02 4.941493272781372070e-02 6.724122166633605957e-01 6.585666537284851074e-01
5.901383757591247559e-01 6.612675786018371582e-01 3.836792707443237305e-02 4.941493272781372070e-02 6.724122166633605957e-01 6.585666537284851074e-01
5.901383757591247559e-01 6.612675786018371582e-01 3.836792707443237305e-02 4.941493272781372070e-02 6.724122166633605957e-01 6.585666537284851074e-01
5.901383757591247559e-01 6.612675786018371582e-01 3.836792707443237305e-02 4.941493272781372070e-02 6.724122166633605957e-01 6.585666537284851074e-01
5.901383757591247559e-01 6.612675786018371582e-01 3.836792707443237305e-02 4.941493272781372070e-02 6.724122166633605957e-01 6.585666537284851074e-01
5.901383757591247559e-01 6.612675786018371582e-01 3.836792707443237305e-02 4.941493272781372070e-02 6.724122166633605957e-01 6.585666537284851074e-01
5.901383757591247559e-01 6.612675786018371582e-01 3.836792707443237305e-02 4.941493272781372070e-02 6.724122166633605957e-01 6.585666537284851074e-01
5.901383757591247559e-01 6.612675786018371582e-01 3.836792707443237305e-02 4.941493272781372070e-02 6.724122166633605957e-01 6.585666537284851074e-01
5.901383757591247559e-01 6.612675786018371582e-01 3.836792707443237305e-02 4.941493272781372070e-02 6.724122166633605957e-01 6.585666537284851074e-01
5.901383757591247559e-01 6.612675786018371582e-01 3.836792707443237305e-02 4.941493272781372070e-02 6.724122166633605957e-01 6.585666537284851074e-01
5.901383757591247559e-01 6.612675786018371582e-01 3.836792707443237305e-02 4.941493272781372070e-02 6.724122166633605957e-01 6.585666537284851074e-01
5.901383757591247559e-01 6.612675786018371582e-01 3.836792707443237305e-02 4.941493272781372070e-02 6.724122166633605957e-01 6.585666537284851074e-01
5.901383757591247559e-01 6.612675786018371582e-01 3.836792707443237305e-02 4.941493272781372070e-02 6.724122166633605957e-01 6.585666537284851074e-01
5.901383757591247559e-01 6.612675786018371582e-01 3.836792707443237305e-02 4.941493272781372070e-02 6.724122166633605957e-01 6.585666537284851074e-01
5.901383757591247559e-01 6.612675786018371582e-01 3.836792707443237305e-02 4.941493272781372070e-02 6.724122166633605957e-01 6.585666537284851074e-01
5.901383757591247559e-01 6.612675786018371582e-01 3.836792707443237305e-02 4.941493272781372070e-02 6.724122166633605957e-01 6.585666537284851074e-01
5.901383757591247559e-01 6.612675786018371582e-01 3.836792707443237305e-02 4.941493272781372070e-02 6.724122166633605957e-01 6.585666537284851074e-01
5.901383757591247559e-01 6.612675786018371582e-01 3.836792707443237305e-02 4.941493272781372070e-02 6.724122166633605957e-01 6.585666537284851074e-01
5.901383757591247559e-01 6.612675786018371582e-01 3.836792707443237305e-02 4.941493272781372070e-02 6.724122166633605957e-01 6.585666537284851074e-01
5.901383757591247559e-01 6.612675786018371582e-01 3.836792707443237305e-02 4.941493272781372070e-02 6.724122166633605957e-01 6.585666537284851074e-01
5.901383757591247559e-01 6.612675786018371582e-01 3.836792707443237305e-02 4.941493272781372070e-02 6.724122166633605957e-01 6.585666537284851074e-01
5.901383757591247559e-01 6.612675786018371582e-01 3.836792707443237305e-02 4.941493272781372070e-02 6.724122166633605957e-01 6.585666537284851074e-01
5.901383757591247559e-01 6.612675786018371582e-01 3.836792707443237305e-02 4.941493272781372070e-02 6.724122166633605957e-01 6.585666537284851074e-01
5.901383757591247559e-01 6.612675786018371582e-01 3.836792707443237305e-02 4.941493272781372070e-02 6.724122166633605957e-01 6.585666537284851074e-01
5.901383757591247559e-01 6.612675786018371582e-01 3.836792707443237305e-02 4.941493272781372070e-02 6.724122166633605957e-01 6.585666537284851074e-01
5.901383757591247559e-01 6.612675786018371582e-01 3.836792707443237305e-02 4.941493272781372070e-02 6.724122166633605957e-01 6.585666537284851074e-01
5.901383757591247559e-01 6.612675786018371582e-01 3.836792707443237305e-02 4.941493272781372070e-02 6.724122166633605957e-01 6.585666537284851074e-01
5.901383757591247559e-01 6.612675786018371582e-01 3.836792707443237305e-02 4.941493272781372070e-02 6.724122166633605957e-01 6.585666537284851074e-01
5.901383757591247559e-01 6.612675786018371582e-01 3.836792707443237305e-02 4.941493272781372070e-02 6.724122166633605957e-01 6.585666537284851074e-01
5.901383757591247559e-01 6.612675786018371582e-01 3.836792707443237305e-02 4.941493272781372070e-02 6.724122166633605957e-01 6.585666537284851074e-01
5.901383757591247559e-01 6.612675786018371582e-01 3.836792707443237305e-02 4.941493272781372070e-02 6.724122166633605957e-01 6.585666537284851074e-01
5.901383757591247559e-01 6.612675786018371582e-01 3.836792707443237305e-02 4.941493272781372070e-02 6.724122166633605957e-01 6.585666537284851074e-01
5.901383757591247559e-01 6.612675786018371582e-01 3.836792707443237305e-02 4.941493272781372070e-02 6.724122166633605957e-01 6.585666537284851074e-01
5.901383757591247559e-01 6.612675786018371582e-01 3.836792707443237305e-02 4.941493272781372070e-02 6.724122166633605957e-01 6.585666537284851074e-01
8.593857288360595703e-01 6.418218016624450684e-01 3.444846868515014648e-01 1.285600662231445312e-01 5.328161716461181641e-01 7.359991669654846191e-01
8.593857288360595703e-01 6.418218016624450684e-01 3.444846868515014648e-01 1.285600662231445312e-01 5.328161716461181641e-01 7.359991669654846191e-01
8.593857288360595703e-01 6.418218016624450684e-01 3.444846868515014648e-01 1.285600662231445312e-01 5.328161716461181641e-01 7.359991669654846191e-01
8.593857288360595703e-01 6.418218016624450684e-01 3.444846868515014648e-01 1.285600662231445312e-01 5.328161716461181641e-01 7.359991669654846191e-01
8.593857288360595703e-01 6.418218016624450684e-01 3.444846868515014648e-01 1.285600662231445312e-01 5.328161716461181641e-01 7.359991669654846191e-01
8.593857288360595703e-01 6.418218016624450684e-01 3.444846868515014648e-01 1.285600662231445312e-01 5.328161716461181641e-01 7.359991669654846191e-01
8.593857288360595703e-01 6.418218016624450684e-01 3.444846868515014648e-01 1.285600662231445312e-01 5.328161716461181641e-01 7.359991669654846191e-01
8.593857288360595703e-01 6.418218016624450684e-01 3.444846868515014648e-01 1.285600662231445312e-01 5.328161716461181641e-01 7.359991669654846191e-01
8.593857288360595703e-01 6.418218016624450684e-01 3.444846868515014648e-01 1.285600662231445312e-01 5.328161716461181641e-01 7.359991669654846191e-01
8.593857288360595703e-01 6.418218016624450684e-01 3.444846868515014648e-01 1.285600662231445312e-01 5.328161716461181641e-01 7.359991669654846191e-01
8.593857288360595703e-01 6.418218016624450684e-01 3.444846868515014648e-01 1.285600662231445312e-01 5.328161716461181641e-01 7.359991669654846191e-01
8.593857288360595703e-01 6.418218016624450684e-01 3.444846868515014648e-01 1.285600662231445312e-01 5.328161716461181641e-01 7.359991669654846191e-01
8.593857288360595703e-01 6.418218016624450684e-01 3.444846868515014648e-01 1.285600662231445312e-01 5.328161716461181641e-01 7.359991669654846191e-01
8.593857288360595703e-01 6.418218016624450684e-01 3.444846868515014648e-01 1.285600662231445312e-01 5.328161716461181641e-01 7.359991669654846191e-01
8.593857288360595703e-01 6.418218016624450684e-01 3.444846868515014648e-01 1.285600662231445312e-01 5.328161716461181641e-01 7.359991669654846191e-01
8.593857288360595703e-01 6.418218016624450684e-01 3.444846868515014648e-01 1.285600662231445312e-01 5.328161716461181641e-01 7.359991669654846191e-01
8.593857288360595703e-01 6.418218016624450684e-01 3.444846868515014648e-01 1.285600662231445312e-01 5.328161716461181641e-01 7.359991669654846191e-01
8.593857288360595703e-01 6.418218016624450684e-01 3.444846868515014648e-01 1.285600662231445312e-01 5.328161716461181641e-01 7.359991669654846191e-01
8.593857288360595703e-01 6.418218016624450684e-01 3.444846868515014648e-01 1.285600662231445312e-01 5.328161716461181641e-01 7.359991669654846191e-01
8.593857288360595703e-01 6.418218016624450684e-01 3.444846868515014648e-01 1.285600662231445312e-01 5.328161716461181641e-01 7.359991669654846191e-01
8.593857288360595703e-01 6.418218016624450684e-01 3.444846868515014648e-01 1.285600662231445312e-01 5.328161716461181641e-01 7.359991669654846191e-01
8.593857288360595703e-01 6.418218016624450684e-01 3.444846868515014648e-01 1.285600662231445312e-01 5.328161716461181641e-01 7.359991669654846191e-01
8.593857288360595703e-01 6.418218016624450684e-01 3.444846868515014648e-01 1.285600662231445312e-01 5.328161716461181641e-01 7.359991669654846191e-01
8.593857288360595703e-01 6.418218016624450684e-01 3.444846868515014648e-01 1.285600662231445312e-01 5.328161716461181641e-01 7.359991669654846191e-01
8.593857288360595703e-01 6.418218016624450684e-01 3.444846868515014648e-01 1.285600662231445312e-01 5.328161716461181641e-01 7.359991669654846191e-01
8.593857288360595703e-01 6.418218016624450684e-01 3.444846868515014648e-01 1.285600662231445312e-01 5.328161716461181641e-01 7.359991669654846191e-01
8.593857288360595703e-01 6.418218016624450684e-01 3.444846868515014648e-01 1.285600662231445312e-01 5.328161716461181641e-01 7.359991669654846191e-01
8.593857288360595703e-01 6.418218016624450684e-01 3.444846868515014648e-01 1.285600662231445312e-01 5.328161716461181641e-01 7.359991669654846191e-01
8.593857288360595703e-01 6.418218016624450684e-01 3.444846868515014648e-01 1.285600662231445312e-01 5.328161716461181641e-01 7.359991669654846191e-01
