5.470359454763712437e-01
5.860541795992286751e-01
1.108841272249297738e+00
6.889867653357000486e-03
6.889867653357000486e-03
6.889867653357000486e-03
6.889867653357000486e-03
6.889867653357000486e-03
6.889867653357000486e-03
8.631039881250220092e-02
1.170455646995082477e-01
1.110917354165804338e-01
5.672111698031645499e-02
-3.678149605668053906e-02
3.790909203983898468e-02
7.097966672397566703e-04
-8.734462847307259206e-03
-1.272303693639371902e+00
-1.309661713531865557e+00
-2.112762152151699546e-01
-2.571277600587438261e-01
-2.475310444628389395e-01
6.889867653357000486e-03
-1.519784510497705243e+00
9.564807760759688748e-02
9.506329992253742533e-02
9.193097227023937223e-02
9.505835568306111871e-02
9.446189564417112328e-02
8.623605508629338112e-02
-4.266577053203871560e-03
8.646058526570964131e-02
-4.296750252220415262e-02
-1.931002747205677883e-01
-1.986298602576091754e-01
-1.986587626398887418e-01
-1.940840728937021920e-01
-1.934282209050263990e-01
-1.924510450736445222e-01
-1.917358708337877915e-01
-1.916026340136949280e-01
-2.402890059127037736e-01
-1.528291928977932868e+00
-2.269602016501844344e-01
-2.270618422877012377e-01
-2.280907859183960718e-01
-2.476026242072318251e+00
-2.297717403776903533e-01
-2.458333690767220414e+00
-2.309381868741420818e-01
-2.257148260559971586e-01
-2.847022325037577684e+00
-2.268590104893702386e-01
-2.376746951484568493e-01
-2.386896148805970619e-01
-2.585633152244618316e+00
-2.456051515811020547e+00
-2.366910274851930784e-01
-2.459703713865372787e+00
-2.440186077197600500e+00
-2.479414616285369188e+00
-2.345746394007174107e+00
-2.452878155281601913e+00
-2.306335844096216281e+00
-2.286338867975903355e+00
-2.296844916215917909e+00
-2.291253591050976812e+00
-2.181035586294844286e+00
-2.287044438100123589e+00
-2.394116040867598105e+00
-2.222910785598215533e+00
-2.011312223299706492e+00
-2.099805166813513591e+00
-2.024246388042242994e+00
-2.133207507727434837e+00
-2.568502509869298178e-01
-2.525413052861359975e-01
-2.554727990696709083e-01
-2.343630988003567506e+00
-2.565426627326428566e+00
-2.060059252703999810e+00
-1.918882272197706129e+00
-1.913466056818736272e+00
-1.928675560415333612e+00
-2.034444022227252180e+00
-2.053495642689699974e+00
-2.114233342753628619e+00
-1.921020490269463865e+00
-1.958639788129454828e+00
-2.110871250194975790e+00
-4.970797001067182030e+00
-4.893373698787075732e+00
-4.819189097290681900e+00
-4.524641074263149321e+00
-4.466270253924734313e+00
-4.298031653003677732e+00
-4.271701184699780107e+00
-4.268477949054684473e+00
-4.386047734517728003e+00
-4.443565110624062342e+00
