-4.720270162883772325e-01
-8.717354362629126108e-02
-8.717354362629126108e-02
-8.717354362629126108e-02
-8.717354362629126108e-02
-8.717354362629126108e-02
-8.717354362629126108e-02
-8.717354362629126108e-02
-8.717354362629126108e-02
-8.717354362629126108e-02
-8.717354362629126108e-02
-8.717354362629126108e-02
-8.717354362629126108e-02
-8.717354362629126108e-02
-8.717354362629126108e-02
-8.717354362629126108e-02
-8.717354362629126108e-02
-8.717354362629126108e-02
-8.717354362629126108e-02
-8.717354362629126108e-02
-8.717354362629126108e-02
-8.717354362629126108e-02
-8.717354362629126108e-02
-8.717354362629126108e-02
-8.717354362629126108e-02
-8.717354362629126108e-02
-8.717354362629126108e-02
-8.717354362629126108e-02
-8.717354362629126108e-02
-8.717354362629126108e-02
-8.717354362629126108e-02
-8.717354362629126108e-02
9.466499552565737705e-03
9.466499552565737705e-03
9.466499552565737705e-03
9.466499552565737705e-03
9.466499552565737705e-03
9.466499552565737705e-03
9.466499552565737705e-03
9.466499552565737705e-03
9.466499552565737705e-03
9.466499552565737705e-03
9.466499552565737705e-03
9.466499552565737705e-03
9.466499552565737705e-03
9.466499552565737705e-03
9.466499552565737705e-03
9.466499552565737705e-03
9.466499552565737705e-03
9.466499552565737705e-03
9.466499552565737705e-03
9.466499552565737705e-03
9.466499552565737705e-03
9.466499552565737705e-03
9.466499552565737705e-03
9.466499552565737705e-03
9.466499552565737705e-03
9.466499552565737705e-03
9.466499552565737705e-03
9.466499552565737705e-03
9.466499552565737705e-03
9.466499552565737705e-03
9.466499552565737705e-03
9.466499552565737705e-03
9.466499552565737705e-03
9.466499552565737705e-03
9.466499552565737705e-03
9.466499552565737705e-03
9.466499552565737705e-03
9.466499552565737705e-03
9.466499552565737705e-03
9.466499552565737705e-03
9.466499552565737705e-03
9.466499552565737705e-03
9.466499552565737705e-03
9.466499552565737705e-03
9.466499552565737705e-03
9.466499552565737705e-03
9.466499552565737705e-03
9.466499552565737705e-03
9.466499552565737705e-03
9.466499552565737705e-03
9.466499552565737705e-03
9.466499552565737705e-03
9.466499552565737705e-03
9.466499552565737705e-03
9.466499552565737705e-03
9.466499552565737705e-03
9.466499552565737705e-03
9.466499552565737705e-03
9.466499552565737705e-03
9.466499552565737705e-03
9.466499552565737705e-03
9.466499552565737705e-03
9.466499552565737705e-03
9.466499552565737705e-03
9.466499552565737705e-03
9.466499552565737705e-03
9.466499552565737705e-03
9.466499552565737705e-03
