-8.989959318064617566e-01
-4.446954229143395554e-01
-4.227011929195864104e-01
-1.172287313909720741e+00
-8.168123062724897965e-01
-9.296502319760940880e-02
2.243537625012156922e-01
2.559195519636582872e-01
7.646317377129997067e-03
-6.962086444542411323e-01
1.161565741888835740e-01
-5.744603217205918044e-02
-4.987215725869011962e-01
-7.515775992286904961e-01
4.107267433105193377e-01
-6.129479810762419323e-01
-4.820846829565805236e-01
4.165835836829973604e-01
-7.281306782100012143e-01
-9.981714275013069404e-01
-8.828849635586663025e-01
3.521469791253918902e-01
-5.677863951328534498e-01
-1.050956951190644029e+00
3.235698700001343742e-02
-1.070703077155922944e+00
-6.578122427965580332e-01
-2.482136281674984790e-01
-5.116538492911224534e-01
-5.750680209218413941e-01
-1.713786701301737714e-01
1.487170436102039084e-01
-7.773024576451667000e-01
-9.206074337784977413e-01
-8.443808797096122865e-01
-1.415406326040513918e-01
-2.350289555309877376e-01
9.258009105024865570e-02
7.563513415268251217e-03
-3.966540282358942959e-01
-1.033964930838675300e-01
-8.541549453521968260e-01
4.458479716519727076e-01
-8.761975908302451765e-01
-5.480343261499749374e-01
-6.524119495142681746e-01
-6.514832440048531348e-01
-9.551391520778115263e-01
2.919847429675404005e-01
-3.543959009709684027e-01
-5.069550338503053810e-01
-3.248707440794877943e-01
-1.494196547359971927e-01
-9.135101791855368969e-01
8.740361209589855851e-02
-3.914218388857558795e-01
-4.830183923254585121e-01
-8.714412892806926436e-01
-5.654113123452397804e-01
-2.038746728839032074e-01
