3.470779630617334410e-01
7.350944509144567984e-01
-1.166625556632331362e-01
8.976086070929608640e-01
5.466537037463876647e-01
7.979197554778058032e-01
6.103296960793156423e-01
4.506734786149707017e-01
7.046998504540136210e-01
1.838990062548218063e-02
5.570617725819384525e-01
7.293010887407646026e-01
1.239654899303481717e-01
8.768322050969334924e-02
9.108369259402054885e-01
1.096320155998621537e+00
6.645022251908235811e-01
7.455484130826726119e-01
2.811454928455106028e-01
1.811565171312545797e-02
6.451497325952785244e-01
3.192795495029828734e-01
9.445800154654682146e-01
7.994221316765734997e-01
2.174858980101341821e-01
5.203491229138046403e-01
6.772103342884283617e-02
8.434497133335209229e-01
2.155408228346045174e-01
1.076785281659250693e+00
1.107663704767221646e-01
5.639331840616643721e-01
5.844620833862481657e-01
8.366470732613990879e-01
7.513836322370938126e-01
1.274656613387007420e-01
5.458672736616498877e-02
1.795695665710230760e-01
8.230336549744760033e-02
8.993064203124412348e-01
6.893552774837518049e-01
3.998898950537562169e-01
7.961144045293992999e-01
1.171677635410031337e+00
4.000368802603193052e-01
2.861193775527816063e-01
3.913387563355991139e-01
6.059623472355548657e-01
6.308141022650050056e-01
4.412342345055002002e-01
3.707161153074008952e-01
9.838356957490468346e-01
4.709544165158096596e-01
3.286753111622848778e-01
5.146935869544778663e-01
4.523834150032923773e-02
8.641278917080156274e-01
-2.291951523393330747e-01
3.692864448142852973e-01
8.116402038598229396e-01
5.663805733979229151e-01
-4.058461099982790810e-02
8.607851538262489832e-02
3.442962621852476701e-01
-1.431678667529806548e-02
4.833344381794044131e-01
1.132861809122755470e-01
3.927189393745944557e-01
8.714100448059056703e-01
8.188737989395455941e-03
8.576406873229466266e-01
-1.078745666830306371e-01
1.166728604641218414e+00
5.539713951635224509e-01
5.964686932224243510e-01
-7.539825696179092152e-02
4.284839976159096064e-01
3.232850692506243906e-01
4.587220213771669997e-02
3.685355439875910299e-01
8.362796687911588922e-01
-2.507394952979541403e-02
8.628658456569889834e-01
6.393230362937702971e-01
3.210163432491149327e-01
2.693590605992867704e-01
9.187027055626558747e-01
3.423798236619446378e-02
3.820558502882823726e-01
4.991332878136486295e-01
2.860752328012617363e-01
1.205635508834172809e+00
6.187656707814545021e-01
5.377483448665920651e-01
3.644130815305379745e-02
2.545036919657844288e-01
6.193688339007736854e-01
1.429338334678865285e+00
9.134387451963086324e-01
1.072395579261331000e-01
7.465932615765934477e-01
2.884799339481702862e-01
-1.061342745863759762e-01
1.118081626172275023e+00
5.643117760606572997e-01
1.244230371519814637e+00
6.684155946880212529e-01
7.251004302337213936e-01
5.347102264453409415e-01
4.760782964133321027e-01
