4.858693977442621326e-01
5.010195906415738643e-01
5.947008533679326581e-01
6.503896243050819592e-01
7.338104960713001113e-01
7.056059770381859497e-01
8.662903082848405489e-01
8.706222153328309066e-01
8.766505208093136048e-01
8.814481495958176316e-01
8.696572158878784764e-01
8.800932660360354376e-01
8.836104887094630156e-01
8.850424641169987172e-01
8.847967919701685835e-01
8.817409787600247739e-01
8.865322560849848710e-01
8.852514089597147695e-01
8.873275467007080142e-01
8.879064645306843362e-01
8.879129068393900592e-01
8.878984668680393044e-01
8.879479386499743443e-01
8.879705728397375708e-01
8.879776523414906197e-01
8.879846235205515192e-01
8.879650721552305725e-01
8.879747487291982377e-01
8.878970508583644561e-01
8.878699311954696416e-01
8.878611581473270231e-01
8.878624658796899771e-01
8.878565285246377004e-01
8.878625045579023878e-01
8.879119950074442214e-01
8.878724042965209229e-01
8.876527652883944297e-01
8.876303108613670112e-01
8.877648288065186355e-01
8.877384885119843361e-01
8.877268343040545240e-01
8.876585647255815781e-01
8.876718008088216871e-01
8.876611230869128066e-01
8.876657276547167408e-01
8.876816586731532954e-01
8.877292223272774674e-01
8.874670543833325098e-01
8.875834828024218304e-01
8.875825052859589448e-01
8.876467227239227542e-01
8.876988314526337298e-01
8.877008353690555298e-01
8.877267524484814265e-01
8.877352526494429741e-01
8.878056148575675932e-01
8.878210476138536089e-01
8.878200766936141797e-01
8.878197751147858252e-01
8.878161257129074668e-01
8.878969136842583820e-01
8.879025238020065158e-01
8.878748790344338504e-01
8.878851567254294475e-01
8.878971295153840204e-01
8.879105994670406510e-01
8.879165888124159745e-01
8.879169343464723418e-01
8.879196593938827320e-01
8.878984023810058135e-01
8.879103183956115197e-01
8.878862078334300856e-01
8.879015018247446989e-01
8.878610643869305763e-01
8.878905262514388275e-01
8.879391720599417726e-01
8.879383210533955406e-01
8.879881615710812914e-01
8.879874120622750500e-01
8.879710416324270161e-01
8.879683315369920615e-01
8.879951025527822450e-01
8.879947968665675706e-01
8.880068297082351902e-01
8.880067952386538899e-01
8.880019471278767229e-01
8.879291280786089091e-01
8.879257645694673684e-01
8.879249415684922209e-01
8.879320766283691491e-01
8.879305285427651073e-01
8.879375943698704088e-01
8.879293780336375841e-01
8.879412956492167552e-01
8.879415009998643527e-01
8.879477596319402810e-01
8.879477693546490302e-01
8.879443108201663382e-01
8.879763840537673314e-01
8.879746731939441862e-01
