1.221304535865783691e-01 1.956218481063842773e-02 8.361297845840454102e-02 3.009955286979675293e-01
1.221304535865783691e-01 1.956218481063842773e-02 8.361297845840454102e-02 3.009955286979675293e-01
1.221304535865783691e-01 1.956218481063842773e-02 8.361297845840454102e-02 3.009955286979675293e-01
1.221304535865783691e-01 1.956218481063842773e-02 8.361297845840454102e-02 3.009955286979675293e-01
1.221304535865783691e-01 1.956218481063842773e-02 8.361297845840454102e-02 3.009955286979675293e-01
1.221304535865783691e-01 1.956218481063842773e-02 8.361297845840454102e-02 3.009955286979675293e-01
1.221304535865783691e-01 1.956218481063842773e-02 8.361297845840454102e-02 3.009955286979675293e-01
1.221304535865783691e-01 1.956218481063842773e-02 8.361297845840454102e-02 3.009955286979675293e-01
1.221304535865783691e-01 1.956218481063842773e-02 8.361297845840454102e-02 3.009955286979675293e-01
1.221304535865783691e-01 1.956218481063842773e-02 8.361297845840454102e-02 3.009955286979675293e-01
1.221304535865783691e-01 1.956218481063842773e-02 8.361297845840454102e-02 3.009955286979675293e-01
1.221304535865783691e-01 1.956218481063842773e-02 8.361297845840454102e-02 3.009955286979675293e-01
1.221304535865783691e-01 1.956218481063842773e-02 8.361297845840454102e-02 3.009955286979675293e-01
1.221304535865783691e-01 1.956218481063842773e-02 8.361297845840454102e-02 3.009955286979675293e-01
1.221304535865783691e-01 1.956218481063842773e-02 8.361297845840454102e-02 3.009955286979675293e-01
1.221304535865783691e-01 1.956218481063842773e-02 8.361297845840454102e-02 3.009955286979675293e-01
1.221304535865783691e-01 1.956218481063842773e-02 8.361297845840454102e-02 3.009955286979675293e-01
2.574146389961242676e-01 1.558588147163391113e-01 6.136494874954223633e-02 8.907042145729064941e-01
2.574146389961242676e-01 1.558588147163391113e-01 6.136494874954223633e-02 8.907042145729064941e-01
2.574146389961242676e-01 1.558588147163391113e-01 6.136494874954223633e-02 8.907042145729064941e-01
2.574146389961242676e-01 1.558588147163391113e-01 6.136494874954223633e-02 8.907042145729064941e-01
2.574146389961242676e-01 1.558588147163391113e-01 6.136494874954223633e-02 8.907042145729064941e-01
2.574146389961242676e-01 1.558588147163391113e-01 6.136494874954223633e-02 8.907042145729064941e-01
2.574146389961242676e-01 1.558588147163391113e-01 6.136494874954223633e-02 8.907042145729064941e-01
2.574146389961242676e-01 1.558588147163391113e-01 6.136494874954223633e-02 8.907042145729064941e-01
2.574146389961242676e-01 1.558588147163391113e-01 6.136494874954223633e-02 8.907042145729064941e-01
2.574146389961242676e-01 1.558588147163391113e-01 6.136494874954223633e-02 8.907042145729064941e-01
2.574146389961242676e-01 1.558588147163391113e-01 6.136494874954223633e-02 8.907042145729064941e-01
2.574146389961242676e-01 1.558588147163391113e-01 6.136494874954223633e-02 8.907042145729064941e-01
2.574146389961242676e-01 1.558588147163391113e-01 6.136494874954223633e-02 8.907042145729064941e-01
2.574146389961242676e-01 1.558588147163391113e-01 6.136494874954223633e-02 8.907042145729064941e-01
2.574146389961242676e-01 1.558588147163391113e-01 6.136494874954223633e-02 8.907042145729064941e-01
2.574146389961242676e-01 1.558588147163391113e-01 6.136494874954223633e-02 8.907042145729064941e-01
2.574146389961242676e-01 1.558588147163391113e-01 6.136494874954223633e-02 8.907042145729064941e-01
2.574146389961242676e-01 1.558588147163391113e-01 6.136494874954223633e-02 8.907042145729064941e-01
2.574146389961242676e-01 1.558588147163391113e-01 6.136494874954223633e-02 8.907042145729064941e-01
2.598885893821716309e-01 2.310405373573303223e-01 1.153134703636169434e-01 5.200845003128051758e-01
2.598885893821716309e-01 2.310405373573303223e-01 1.153134703636169434e-01 5.200845003128051758e-01
2.598885893821716309e-01 2.310405373573303223e-01 1.153134703636169434e-01 5.200845003128051758e-01
2.598885893821716309e-01 2.310405373573303223e-01 1.153134703636169434e-01 5.200845003128051758e-01
2.598885893821716309e-01 2.310405373573303223e-01 1.153134703636169434e-01 5.200845003128051758e-01
2.598885893821716309e-01 2.310405373573303223e-01 1.153134703636169434e-01 5.200845003128051758e-01
2.598885893821716309e-01 2.310405373573303223e-01 1.153134703636169434e-01 5.200845003128051758e-01
2.598885893821716309e-01 2.310405373573303223e-01 1.153134703636169434e-01 5.200845003128051758e-01
2.598885893821716309e-01 2.310405373573303223e-01 1.153134703636169434e-01 5.200845003128051758e-01
2.598885893821716309e-01 2.310405373573303223e-01 1.153134703636169434e-01 5.200845003128051758e-01
2.598885893821716309e-01 2.310405373573303223e-01 1.153134703636169434e-01 5.200845003128051758e-01
2.598885893821716309e-01 2.310405373573303223e-01 1.153134703636169434e-01 5.200845003128051758e-01
2.598885893821716309e-01 2.310405373573303223e-01 1.153134703636169434e-01 5.200845003128051758e-01
2.598885893821716309e-01 2.310405373573303223e-01 1.153134703636169434e-01 5.200845003128051758e-01
2.598885893821716309e-01 2.310405373573303223e-01 1.153134703636169434e-01 5.200845003128051758e-01
2.598885893821716309e-01 2.310405373573303223e-01 1.153134703636169434e-01 5.200845003128051758e-01
2.598885893821716309e-01 2.310405373573303223e-01 1.153134703636169434e-01 5.200845003128051758e-01
2.598885893821716309e-01 2.310405373573303223e-01 1.153134703636169434e-01 5.200845003128051758e-01
2.598885893821716309e-01 2.310405373573303223e-01 1.153134703636169434e-01 5.200845003128051758e-01
2.598885893821716309e-01 2.310405373573303223e-01 1.153134703636169434e-01 5.200845003128051758e-01
2.598885893821716309e-01 2.310405373573303223e-01 1.153134703636169434e-01 5.200845003128051758e-01
2.598885893821716309e-01 2.310405373573303223e-01 1.153134703636169434e-01 5.200845003128051758e-01
2.598885893821716309e-01 2.310405373573303223e-01 1.153134703636169434e-01 5.200845003128051758e-01
2.598885893821716309e-01 2.310405373573303223e-01 1.153134703636169434e-01 5.200845003128051758e-01
2.598885893821716309e-01 2.310405373573303223e-01 1.153134703636169434e-01 5.200845003128051758e-01
3.616209626197814941e-01 6.531926393508911133e-01 7.075840234756469727e-02 9.053698778152465820e-01
3.616209626197814941e-01 6.531926393508911133e-01 7.075840234756469727e-02 9.053698778152465820e-01
3.616209626197814941e-01 6.531926393508911133e-01 7.075840234756469727e-02 9.053698778152465820e-01
3.616209626197814941e-01 6.531926393508911133e-01 7.075840234756469727e-02 9.053698778152465820e-01
3.616209626197814941e-01 6.531926393508911133e-01 7.075840234756469727e-02 9.053698778152465820e-01
3.616209626197814941e-01 6.531926393508911133e-01 7.075840234756469727e-02 9.053698778152465820e-01
3.616209626197814941e-01 6.531926393508911133e-01 7.075840234756469727e-02 9.053698778152465820e-01
3.616209626197814941e-01 6.531926393508911133e-01 7.075840234756469727e-02 9.053698778152465820e-01
3.616209626197814941e-01 6.531926393508911133e-01 7.075840234756469727e-02 9.053698778152465820e-01
3.616209626197814941e-01 6.531926393508911133e-01 7.075840234756469727e-02 9.053698778152465820e-01
3.616209626197814941e-01 6.531926393508911133e-01 7.075840234756469727e-02 9.053698778152465820e-01
3.616209626197814941e-01 6.531926393508911133e-01 7.075840234756469727e-02 9.053698778152465820e-01
3.616209626197814941e-01 6.531926393508911133e-01 7.075840234756469727e-02 9.053698778152465820e-01
3.616209626197814941e-01 6.531926393508911133e-01 7.075840234756469727e-02 9.053698778152465820e-01
3.616209626197814941e-01 6.531926393508911133e-01 7.075840234756469727e-02 9.053698778152465820e-01
3.616209626197814941e-01 6.531926393508911133e-01 7.075840234756469727e-02 9.053698778152465820e-01
3.616209626197814941e-01 6.531926393508911133e-01 7.075840234756469727e-02 9.053698778152465820e-01
3.616209626197814941e-01 6.531926393508911133e-01 7.075840234756469727e-02 9.053698778152465820e-01
3.616209626197814941e-01 6.531926393508911133e-01 7.075840234756469727e-02 9.053698778152465820e-01
3.616209626197814941e-01 6.531926393508911133e-01 7.075840234756469727e-02 9.053698778152465820e-01
3.616209626197814941e-01 6.531926393508911133e-01 7.075840234756469727e-02 9.053698778152465820e-01
3.616209626197814941e-01 6.531926393508911133e-01 7.075840234756469727e-02 9.053698778152465820e-01
3.616209626197814941e-01 6.531926393508911133e-01 7.075840234756469727e-02 9.053698778152465820e-01
3.616209626197814941e-01 6.531926393508911133e-01 7.075840234756469727e-02 9.053698778152465820e-01
3.616209626197814941e-01 6.531926393508911133e-01 7.075840234756469727e-02 9.053698778152465820e-01
3.616209626197814941e-01 6.531926393508911133e-01 7.075840234756469727e-02 9.053698778152465820e-01
3.616209626197814941e-01 6.531926393508911133e-01 7.075840234756469727e-02 9.053698778152465820e-01
3.616209626197814941e-01 6.531926393508911133e-01 7.075840234756469727e-02 9.053698778152465820e-01
3.616209626197814941e-01 6.531926393508911133e-01 7.075840234756469727e-02 9.053698778152465820e-01
3.616209626197814941e-01 6.531926393508911133e-01 7.075840234756469727e-02 9.053698778152465820e-01
3.616209626197814941e-01 6.531926393508911133e-01 7.075840234756469727e-02 9.053698778152465820e-01
3.616209626197814941e-01 6.531926393508911133e-01 7.075840234756469727e-02 9.053698778152465820e-01
3.616209626197814941e-01 6.531926393508911133e-01 7.075840234756469727e-02 9.053698778152465820e-01
3.616209626197814941e-01 6.531926393508911133e-01 7.075840234756469727e-02 9.053698778152465820e-01
3.616209626197814941e-01 6.531926393508911133e-01 7.075840234756469727e-02 9.053698778152465820e-01
3.616209626197814941e-01 6.531926393508911133e-01 7.075840234756469727e-02 9.053698778152465820e-01
3.616209626197814941e-01 6.531926393508911133e-01 7.075840234756469727e-02 9.053698778152465820e-01
3.616209626197814941e-01 6.531926393508911133e-01 7.075840234756469727e-02 9.053698778152465820e-01
3.616209626197814941e-01 6.531926393508911133e-01 7.075840234756469727e-02 9.053698778152465820e-01
