5.884881615638732910e-01 4.018272161483764648e-01 8.123820424079895020e-01 6.172353625297546387e-01 8.317369222640991211e-01 1.365189552307128906e-01
7.733268737792968750e-01 6.414258480072021484e-01 5.475866794586181641e-02 2.077400684356689453e-02 4.368153214454650879e-01 9.300955533981323242e-01
5.892224311828613281e-01 8.581811189651489258e-01 6.813347935676574707e-01 1.989260911941528320e-01 3.964965343475341797e-01 7.371633648872375488e-01
3.352829813957214355e-01 7.386704087257385254e-01 4.255464673042297363e-01 2.689065337181091309e-01 4.607703685760498047e-01 7.228173613548278809e-01
7.125836014747619629e-01 4.595349431037902832e-01 8.882389068603515625e-01 1.388658285140991211e-01 8.001443743705749512e-01 1.861318349838256836e-01
7.647300362586975098e-01 8.150353431701660156e-01 2.033638954162597656e-01 4.470275044441223145e-01 3.895819187164306641e-03 3.000931739807128906e-01
6.540868282318115234e-01 4.898158311843872070e-01 4.759774804115295410e-01 4.576961994171142578e-01 2.610821127891540527e-01 2.070603370666503906e-01
9.922804236412048340e-01 5.317290425300598145e-01 3.930043578147888184e-01 3.077072501182556152e-01 5.902807116508483887e-01 6.364208459854125977e-02
1.393626928329467773e-01 3.527423143386840820e-01 8.318507075309753418e-01 1.581943035125732422e-02 6.243541836738586426e-01 5.094200968742370605e-01
5.491743683815002441e-01 8.888657093048095703e-01 3.856173157691955566e-01 4.490574598312377930e-01 4.987198114395141602e-01 7.585288882255554199e-01
9.918928146362304688e-01 1.652652025222778320e-01 8.178051710128784180e-01 8.323791027069091797e-01 1.346038579940795898e-01 9.892244338989257812e-01
9.110251665115356445e-01 1.731159090995788574e-01 9.931148886680603027e-01 8.876527547836303711e-01 5.595494508743286133e-01 1.916085481643676758e-01
1.158110499382019043e-01 9.102392792701721191e-01 2.145209312438964844e-01 9.064385294914245605e-01 7.380245923995971680e-01 4.103752970695495605e-01
9.698081016540527344e-02 6.517984271049499512e-01 1.823496222496032715e-01 7.426571846008300781e-02 3.380894660949707031e-02 2.867320775985717773e-01
5.563162565231323242e-01 5.332707762718200684e-01 5.383894443511962891e-01 6.063371896743774414e-01 7.381498813629150391e-03 6.154085993766784668e-01
3.741732835769653320e-01 7.291575074195861816e-01 8.829994201660156250e-01 6.837180256843566895e-01 1.341432332992553711e-01 7.865433692932128906e-01
9.949042201042175293e-01 3.953695297241210938e-03 2.414738535881042480e-01 5.524369478225708008e-01 7.312176823616027832e-01 8.331459164619445801e-01
9.753478169441223145e-01 5.217120051383972168e-01 8.091194629669189453e-01 1.724090576171875000e-01 6.445628404617309570e-02 7.758591175079345703e-01
9.215700626373291016e-01 9.352058768272399902e-01 6.556922197341918945e-01 7.971203327178955078e-01 7.081124782562255859e-01 7.336026430130004883e-02
6.924693584442138672e-01 3.789445161819458008e-01 2.776826620101928711e-01 5.070247054100036621e-01 1.030749678611755371e-01 7.800069451332092285e-01
9.645552039146423340e-01 9.859152436256408691e-01 2.820126414299011230e-01 8.509109616279602051e-01 4.718090295791625977e-01 5.808456540107727051e-01
8.313188552856445312e-01 9.131206274032592773e-01 4.501933455467224121e-01 3.010386228561401367e-02 9.616533517837524414e-01 6.272937655448913574e-01
4.221781492233276367e-01 9.800010323524475098e-01 7.790919542312622070e-01 4.978081583976745605e-01 1.592429280281066895e-01 3.164873719215393066e-01
4.734998941421508789e-02 5.717512369155883789e-01 1.532096266746520996e-01 4.361606836318969727e-01 5.353534817695617676e-01 7.670038938522338867e-02
5.924330949783325195e-01 5.565830469131469727e-01 9.115848541259765625e-01 3.263682126998901367e-02 6.916734576225280762e-01 2.442573904991149902e-01
2.789111137390136719e-01 3.571832180023193359e-01 9.414650797843933105e-01 7.258635759353637695e-02 6.782274842262268066e-01 3.658262491226196289e-01
2.770980000495910645e-01 3.617642521858215332e-01 8.382035493850708008e-01 6.495448350906372070e-01 5.026744604110717773e-01 7.338487505912780762e-01
9.412968158721923828e-01 2.112722396850585938e-01 2.558913230895996094e-01 4.816464781761169434e-01 6.996010541915893555e-01 6.152591109275817871e-01
5.730015039443969727e-01 1.447599530220031738e-01 2.785506844520568848e-01 8.004547357559204102e-01 5.244937539100646973e-01 8.249726891517639160e-01
8.373687863349914551e-01 4.004484415054321289e-02 1.675875186920166016e-01 3.625696897506713867e-01 1.553041934967041016e-01 1.474696397781372070e-02
5.012724399566650391e-01 5.912524461746215820e-02 6.401111483573913574e-01 3.580343723297119141e-02 4.648331403732299805e-01 9.550900459289550781e-01
8.103973865509033203e-01 5.982117056846618652e-01 1.902388334274291992e-01 5.015348792076110840e-01 5.915164947509765625e-01 5.008034706115722656e-01
3.664978742599487305e-01 9.581944346427917480e-01 1.444172263145446777e-01 9.934153556823730469e-01 3.547571897506713867e-01 9.605896472930908203e-01
7.240963578224182129e-01 3.688278198242187500e-01 9.943857789039611816e-01 1.245055794715881348e-01 9.901198148727416992e-01 1.831753849983215332e-01
1.441192030906677246e-01 6.381697058677673340e-01 5.444160103797912598e-01 2.177911400794982910e-01 7.580122947692871094e-01 4.571259021759033203e-03
3.118643164634704590e-01 4.861492514610290527e-01 2.670949101448059082e-01 6.012563109397888184e-01 3.888041377067565918e-01 6.992600560188293457e-01
7.447661757469177246e-01 5.286433696746826172e-01 5.936019420623779297e-01 5.990627408027648926e-01 3.063375949859619141e-01 1.765725612640380859e-01
6.424635648727416992e-01 5.975933074951171875e-01 4.390321373939514160e-01 4.523918032646179199e-01 8.269494771957397461e-01 4.433543086051940918e-01
4.531449079513549805e-02 6.372662186622619629e-01 8.559448719024658203e-01 5.250082015991210938e-01 7.285833954811096191e-01 8.536803126335144043e-01
9.364164471626281738e-01 6.239107251167297363e-01 7.706875801086425781e-01 9.693837761878967285e-01 1.070333719253540039e-01 9.758344292640686035e-01
8.032613396644592285e-01 2.112120389938354492e-01 8.688072562217712402e-01 3.215777277946472168e-01 2.597230672836303711e-01 9.407827258110046387e-01
4.117032885551452637e-01 2.354379296302795410e-01 4.866406917572021484e-01 3.524000644683837891e-01 5.326218605041503906e-01 7.060174345970153809e-01
6.005576848983764648e-01 3.316287398338317871e-01 2.018940448760986328e-02 5.894739031791687012e-01 5.010892748832702637e-01 8.954352140426635742e-01
3.944658637046813965e-01 9.044451713562011719e-01 6.385489106178283691e-01 1.329135298728942871e-01 8.112729191780090332e-01 8.685863018035888672e-01
9.975148439407348633e-01 3.208269476890563965e-01 4.244099855422973633e-01 2.229452133178710938e-03 5.858230590820312500e-02 9.573798179626464844e-01
1.200119256973266602e-01 2.411556243896484375e-02 2.356864213943481445e-01 7.835200428962707520e-01 6.891680359840393066e-01 5.746620893478393555e-01
5.148667097091674805e-02 7.471680045127868652e-01 2.945628166198730469e-01 5.329853296279907227e-01 7.114076018333435059e-01 4.949234127998352051e-01
1.446837186813354492e-02 9.645219445228576660e-01 4.494339227676391602e-01 2.780517339706420898e-01 4.877257347106933594e-01 2.721862196922302246e-01
3.700572848320007324e-01 1.858705282211303711e-02 5.530655384063720703e-03 3.067021369934082031e-01 1.639602184295654297e-01 3.157334327697753906e-01
1.308453083038330078e-01 5.393067598342895508e-01 4.502856731414794922e-01 7.223104834556579590e-01 3.093096017837524414e-01 7.711315155029296875e-02
7.094634771347045898e-01 3.095901012420654297e-01 9.407137632369995117e-01 3.143705725669860840e-01 5.888984799385070801e-01 8.899995684623718262e-01
5.099471807479858398e-01 8.605898618698120117e-01 4.088432192802429199e-01 2.793244123458862305e-01 6.733029484748840332e-01 5.803447961807250977e-02
4.538201689720153809e-01 9.267897605895996094e-01 4.784832000732421875e-01 2.795605659484863281e-01 1.676919460296630859e-01 8.418953418731689453e-01
6.688094139099121094e-02 3.627414107322692871e-01 1.707354187965393066e-01 2.362605929374694824e-01 2.600196599960327148e-01 2.925272583961486816e-01
7.071829438209533691e-01 7.772459387779235840e-01 4.046502113342285156e-01 1.258708238601684570e-01 6.884483695030212402e-01 4.418301582336425781e-02
7.821721434593200684e-01 8.210506439208984375e-01 5.421379208564758301e-01 3.997831344604492188e-01 3.069967031478881836e-01 4.827046394348144531e-01
1.595568060874938965e-01 2.073432207107543945e-01 9.644103050231933594e-01 1.440590620040893555e-01 1.476003527641296387e-01 7.567516565322875977e-01
9.039414525032043457e-01 9.428809285163879395e-01 8.934504985809326172e-01 1.011848449707031250e-02 9.495352506637573242e-01 2.963215112686157227e-01
8.922672271728515625e-02 5.044847726821899414e-01 5.473269224166870117e-01 3.569380640983581543e-01 8.202729821205139160e-01 2.252392172813415527e-01
7.800741195678710938e-01 1.810717582702636719e-02 3.334479331970214844e-01 9.217022657394409180e-01 5.513236522674560547e-01 6.876738667488098145e-01
2.795461416244506836e-01 7.793588042259216309e-01 6.624343991279602051e-01 8.138724565505981445e-01 1.407187581062316895e-01 9.476010203361511230e-01
7.183204293251037598e-01 6.711202859878540039e-02 5.797539949417114258e-01 6.803508400917053223e-01 8.650304079055786133e-01 5.730900168418884277e-01
9.111070632934570312e-01 9.171383976936340332e-01 5.595909357070922852e-01 6.298738718032836914e-02 3.769546747207641602e-01 2.218691110610961914e-01
2.785760164260864258e-02 9.876156449317932129e-01 1.631498336791992188e-03 8.648916482925415039e-01 9.050390720367431641e-01 3.178395032882690430e-01
4.783265590667724609e-01 9.707522392272949219e-01 2.311216592788696289e-01 3.371635675430297852e-01 5.647540092468261719e-04 6.410141587257385254e-01
6.302525997161865234e-01 9.407259225845336914e-01 1.555452942848205566e-01 1.242338418960571289e-01 4.415641427040100098e-01 7.990149855613708496e-01
7.075174450874328613e-01 9.951086044311523438e-01 4.048351645469665527e-01 4.700176715850830078e-01 3.743958473205566406e-02 7.606661915779113770e-01
5.230247974395751953e-02 4.220861792564392090e-01 1.364156007766723633e-01 4.881128072738647461e-01 9.340984821319580078e-01 5.781412720680236816e-01
6.558014154434204102e-01 6.960179209709167480e-01 5.361047983169555664e-01 8.982795476913452148e-02 9.264935851097106934e-01 9.076410531997680664e-02
1.589901447296142578e-01 4.352623224258422852e-02 4.023521542549133301e-01 9.407292008399963379e-01 6.279471516609191895e-01 3.817054629325866699e-01
6.921175122261047363e-01 9.516118168830871582e-01 4.731749892234802246e-01 6.640204787254333496e-01 7.077714800834655762e-01 5.026382803916931152e-01
3.376419544219970703e-01 5.208712220191955566e-01 1.621004939079284668e-01 3.166948556900024414e-01 7.195955514907836914e-01 2.220809459686279297e-01
9.329354763031005859e-02 4.222274422645568848e-01 3.198232054710388184e-01 2.539641261100769043e-01 7.376917004585266113e-01 9.187940359115600586e-01
2.782505750656127930e-02 5.109684467315673828e-01 8.317486047744750977e-01 1.204681396484375000e-02 8.105382323265075684e-01 5.729913711547851562e-02
8.574299216270446777e-01 4.147856235504150391e-01 5.734162926673889160e-01 8.052508234977722168e-01 6.473964452743530273e-02 6.650100350379943848e-01
7.979828119277954102e-02 2.387723922729492188e-01 6.089963912963867188e-01 4.812027812004089355e-01 3.248739838600158691e-01 6.899784803390502930e-01
1.429301500320434570e-02 2.202799320220947266e-01 3.722130060195922852e-01 8.534858226776123047e-01 1.758033633232116699e-01 6.003659963607788086e-02
7.312847971916198730e-01 3.939002752304077148e-02 5.945814251899719238e-01 7.370581626892089844e-01 2.166522145271301270e-01 4.682520627975463867e-01
9.341720938682556152e-01 2.709255218505859375e-01 9.231158494949340820e-01 6.434942483901977539e-01 3.215876221656799316e-01 7.061113119125366211e-01
8.040224313735961914e-01 4.622798562049865723e-01 9.752378463745117188e-01 2.337078452110290527e-01 8.740980625152587891e-01 2.546251416206359863e-01
6.012862324714660645e-01 2.658420205116271973e-01 6.773195266723632812e-01 8.269048929214477539e-01 5.661019086837768555e-01 9.780426621437072754e-01
4.871261119842529297e-02 8.944709897041320801e-01 3.370141983032226562e-01 7.075368165969848633e-01 8.036512732505798340e-01 8.253498077392578125e-01
9.139050841331481934e-01 2.561499476432800293e-01 9.054932594299316406e-01 1.779385805130004883e-01 2.349037528038024902e-01 2.571976184844970703e-01
8.347010612487792969e-01 4.209597110748291016e-01 8.014757037162780762e-01 6.995143890380859375e-01 5.908216834068298340e-01 4.968352913856506348e-01
3.268062472343444824e-01 2.325788140296936035e-01 7.117837071418762207e-01 1.472973227500915527e-01 5.477604269981384277e-01 4.498767852783203125e-02
2.067466378211975098e-01 7.911193370819091797e-02 4.052925705909729004e-01 7.992710471153259277e-01 3.902739286422729492e-01 9.563450813293457031e-01
6.078191995620727539e-01 2.342671155929565430e-01 2.908281087875366211e-01 5.825938582420349121e-01 2.154253721237182617e-01 8.584425449371337891e-01
6.641923785209655762e-01 5.307906866073608398e-01 5.162289738655090332e-01 2.016507387161254883e-01 5.132266283035278320e-01 7.816265821456909180e-01
4.201555848121643066e-01 9.894919395446777344e-01 7.340639233589172363e-01 1.353234052658081055e-01 2.409634590148925781e-01 6.868932247161865234e-01
3.906043767929077148e-01 5.287333130836486816e-01 7.196028828620910645e-01 2.546297907829284668e-01 9.879508018493652344e-01 3.556394577026367188e-02
2.077292203903198242e-01 9.253824949264526367e-01 5.687384009361267090e-01 9.211443662643432617e-01 3.101403117179870605e-01 9.161023497581481934e-01
2.540778517723083496e-01 7.848078012466430664e-02 5.539773702621459961e-01 2.371600270271301270e-01 2.459266185760498047e-01 1.644602417945861816e-01
8.158010244369506836e-01 5.880898237228393555e-02 4.970699548721313477e-01 8.716199398040771484e-01 1.436352729797363281e-01 9.692314863204956055e-01
1.789866089820861816e-01 8.581488728523254395e-01 5.199134945869445801e-01 5.779607295989990234e-01 7.480993270874023438e-01 6.214460134506225586e-01
1.420413255691528320e-01 9.472012519836425781e-03 4.684306383132934570e-01 4.035838842391967773e-01 6.639426350593566895e-01 5.865770578384399414e-01
3.275580406188964844e-01 5.333113074302673340e-01 7.170721888542175293e-01 2.636076211929321289e-01 8.409193754196166992e-01 4.972417354583740234e-01
3.671603202819824219e-01 2.921988368034362793e-01 2.112904191017150879e-01 6.256839036941528320e-01 9.176151156425476074e-01 4.105227589607238770e-01
3.282500505447387695e-01 3.124893903732299805e-01 6.412969231605529785e-01 6.513956785202026367e-01 1.438068747520446777e-01 1.264544129371643066e-01
5.167186856269836426e-01 6.058706045150756836e-01 9.790613651275634766e-01 7.550129294395446777e-01 9.724560379981994629e-01 4.570993185043334961e-01
4.577702879905700684e-01 1.656240224838256836e-02 6.741304993629455566e-01 4.124215841293334961e-01 3.294426202774047852e-02 4.593517780303955078e-01
6.673357486724853516e-01 6.085827350616455078e-01 2.118999361991882324e-01 9.507418870925903320e-01 2.183459401130676270e-01 6.359973549842834473e-01
4.718601703643798828e-02 7.054167389869689941e-01 9.418771862983703613e-01 7.684719562530517578e-02 5.254573225975036621e-01 6.417513489723205566e-01
6.317360401153564453e-01 9.703821539878845215e-01 3.254922032356262207e-01 7.952446341514587402e-01 3.793543577194213867e-01 3.575606942176818848e-01
1.661244034767150879e-01 1.490926146507263184e-01 5.227214694023132324e-01 6.735590696334838867e-01 8.228837847709655762e-01 4.793601632118225098e-01
2.563363909721374512e-01 3.727780580520629883e-01 5.525985360145568848e-01 6.619039177894592285e-01 9.324039816856384277e-01 9.288340210914611816e-01
3.088104128837585449e-01 3.584945201873779297e-02 3.327823877334594727e-01 4.882040023803710938e-01 5.918561816215515137e-01 7.086474895477294922e-01
9.058927297592163086e-01 5.577868223190307617e-02 3.310278654098510742e-01 3.177571892738342285e-01 7.097287774085998535e-01 1.130102872848510742e-01
7.415775656700134277e-01 8.791080117225646973e-01 8.261150121688842773e-01 5.914292335510253906e-01 8.345562219619750977e-01 9.387586712837219238e-01
5.265273451805114746e-01 4.316157102584838867e-01 8.426693677902221680e-01 6.913084387779235840e-01 1.713263988494873047e-01 6.201266050338745117e-01
5.791615247726440430e-01 8.201964497566223145e-01 8.768127560615539551e-01 8.494593501091003418e-01 2.642858028411865234e-01 6.821040511131286621e-01
