9.543893990902048152e-01
9.543893990902048152e-01
9.543893990902048152e-01
9.543893990902048152e-01
9.772691293209770924e-01
9.772691293209770924e-01
9.772691293209770924e-01
9.772691293209770924e-01
9.772691293209770924e-01
9.840869245431475010e-01
9.840869245431475010e-01
9.840869245431475010e-01
9.840869245431475010e-01
9.840869245431475010e-01
9.840869245431475010e-01
9.840869245431475010e-01
9.840869245431475010e-01
9.840869245431475010e-01
9.840869245431475010e-01
9.840869245431475010e-01
1.205525802703388161e+00
1.205525802703388161e+00
1.205525802703388161e+00
1.205525802703388161e+00
1.205525802703388161e+00
1.205525802703388161e+00
1.205525802703388161e+00
1.205525802703388161e+00
1.205525802703388161e+00
1.205525802703388161e+00
1.205525802703388161e+00
1.205525802703388161e+00
1.205525802703388161e+00
1.205525802703388161e+00
1.205525802703388161e+00
1.205525802703388161e+00
1.205525802703388161e+00
1.205525802703388161e+00
1.205525802703388161e+00
1.205525802703388161e+00
1.205525802703388161e+00
1.205525802703388161e+00
1.205525802703388161e+00
1.279956383737938186e+00
1.279956383737938186e+00
1.279956383737938186e+00
1.279956383737938186e+00
1.279956383737938186e+00
1.279956383737938186e+00
1.295536920330156994e+00
1.295536920330156994e+00
1.295536920330156994e+00
1.295536920330156994e+00
1.295536920330156994e+00
1.295536920330156994e+00
1.295536920330156994e+00
1.295536920330156994e+00
1.295536920330156994e+00
1.295536920330156994e+00
1.295536920330156994e+00
1.295536920330156994e+00
1.295536920330156994e+00
1.295536920330156994e+00
1.295536920330156994e+00
1.295536920330156994e+00
1.295536920330156994e+00
1.295536920330156994e+00
1.295536920330156994e+00
1.295536920330156994e+00
1.295536920330156994e+00
1.295536920330156994e+00
1.295536920330156994e+00
1.295536920330156994e+00
1.295536920330156994e+00
1.295536920330156994e+00
1.295536920330156994e+00
1.295536920330156994e+00
1.295536920330156994e+00
1.295536920330156994e+00
1.295536920330156994e+00
1.295536920330156994e+00
1.295536920330156994e+00
1.295536920330156994e+00
1.295536920330156994e+00
1.295536920330156994e+00
1.295536920330156994e+00
1.295536920330156994e+00
1.295536920330156994e+00
1.295536920330156994e+00
1.295536920330156994e+00
1.295536920330156994e+00
1.295536920330156994e+00
1.295536920330156994e+00
1.295536920330156994e+00
1.295536920330156994e+00
1.295536920330156994e+00
1.295536920330156994e+00
1.295536920330156994e+00
1.295536920330156994e+00
1.295536920330156994e+00
