4.569618701934814453e-01 2.408674359321594238e-01 8.680835962295532227e-01 2.530061006546020508e-01
5.261146426200866699e-01 2.641311287879943848e-01 4.949178099632263184e-01 2.434122562408447266e-02
9.906015396118164062e-01 4.982000589370727539e-02 2.168166637420654297e-02 7.929587364196777344e-02
6.269338726997375488e-01 9.102196693420410156e-01 5.873596072196960449e-01 5.217990279197692871e-01
8.381367325782775879e-01 5.917039513587951660e-01 8.056850433349609375e-01 4.119315147399902344e-01
5.536164045333862305e-01 6.016730070114135742e-01 4.552264213562011719e-01 9.071501493453979492e-01
3.718631267547607422e-01 2.510735988616943359e-01 4.497931599617004395e-01 5.505643486976623535e-01
7.224943041801452637e-01 1.314640045166015625e-02 4.672442674636840820e-01 3.767013549804687500e-05
4.398763775825500488e-01 8.843458890914916992e-01 4.178882837295532227e-01 1.612314581871032715e-01
8.327218890190124512e-01 8.947621583938598633e-01 4.004530310630798340e-01 4.129391908645629883e-02
1.000000000000000000e+00 1.000000000000000000e+00 0.000000000000000000e+00 1.000000000000000000e+00
0.000000000000000000e+00 0.000000000000000000e+00 1.000000000000000000e+00 0.000000000000000000e+00
0.000000000000000000e+00 5.551115123125782702e-17 1.000000000000000000e+00 1.000000000000000000e+00
3.169649243354797363e-01 1.000000000000000000e+00 1.000000000000000000e+00 0.000000000000000000e+00
0.000000000000000000e+00 1.110223024625156540e-16 0.000000000000000000e+00 0.000000000000000000e+00
0.000000000000000000e+00 1.000000000000000000e+00 8.936466574668884277e-01 0.000000000000000000e+00
3.957684040069580078e-01 0.000000000000000000e+00 1.000000000000000000e+00 0.000000000000000000e+00
1.881953775882720947e-01 0.000000000000000000e+00 1.000000000000000000e+00 0.000000000000000000e+00
1.787118464708328247e-01 0.000000000000000000e+00 1.000000000000000000e+00 3.426364660263061523e-01
2.103675603866577148e-01 4.105706512928009033e-01 1.000000000000000000e+00 0.000000000000000000e+00
1.000000000000000000e+00 0.000000000000000000e+00 1.948874890804290771e-01 1.000000000000000000e+00
1.000000000000000000e+00 1.000000000000000000e+00 0.000000000000000000e+00 0.000000000000000000e+00
7.720502465963363647e-02 5.568532347679138184e-01 1.000000000000000000e+00 0.000000000000000000e+00
4.042679071426391602e-01 5.251129269599914551e-01 9.963844418525695801e-01 0.000000000000000000e+00
0.000000000000000000e+00 1.000000000000000000e+00 0.000000000000000000e+00 1.000000000000000000e+00
0.000000000000000000e+00 1.000000000000000000e+00 1.000000000000000000e+00 1.000000000000000000e+00
1.000000000000000000e+00 0.000000000000000000e+00 1.000000000000000000e+00 0.000000000000000000e+00
0.000000000000000000e+00 3.615876138210296631e-01 0.000000000000000000e+00 1.000000000000000000e+00
0.000000000000000000e+00 4.288823604583740234e-01 1.000000000000000000e+00 5.204190015792846680e-01
0.000000000000000000e+00 5.258505940437316895e-01 1.000000000000000000e+00 1.000000000000000000e+00
1.927578896284103394e-01 3.836870491504669189e-01 1.000000000000000000e+00 1.280191242694854736e-01
0.000000000000000000e+00 5.394263267517089844e-01 4.465787708759307861e-01 1.000000000000000000e+00
0.000000000000000000e+00 6.455686688423156738e-01 5.924405455589294434e-01 7.072231769561767578e-01
0.000000000000000000e+00 1.000000000000000000e+00 1.000000000000000000e+00 4.807048439979553223e-01
0.000000000000000000e+00 2.793894708156585693e-01 4.200019836425781250e-01 1.000000000000000000e+00
1.000000000000000000e+00 1.000000000000000000e+00 1.000000000000000000e+00 0.000000000000000000e+00
1.000000000000000000e+00 1.000000000000000000e+00 1.000000000000000000e+00 1.000000000000000000e+00
0.000000000000000000e+00 2.563750445842742920e-01 1.000000000000000000e+00 1.994878202676773071e-01
2.613850533962249756e-01 6.068561077117919922e-01 0.000000000000000000e+00 1.000000000000000000e+00
1.000000000000000000e+00 4.974195361137390137e-01 1.000000000000000000e+00 0.000000000000000000e+00
1.225906014442443848e-01 8.163312673568725586e-01 3.415149450302124023e-02 6.100643277168273926e-01
1.000000000000000000e+00 0.000000000000000000e+00 1.000000000000000000e+00 1.000000000000000000e+00
0.000000000000000000e+00 1.000000000000000000e+00 5.123316049575805664e-01 1.000000000000000000e+00
2.132253721356391907e-03 9.977033138275146484e-01 3.225507140159606934e-01 8.810473978519439697e-02
4.545653760433197021e-01 9.235070347785949707e-01 8.691478967666625977e-01 2.847779542207717896e-02
2.408737391233444214e-01 5.442105978727340698e-02 1.690116375684738159e-01 9.447981715202331543e-01
2.353041917085647583e-01 9.309149980545043945e-01 3.946669101715087891e-01 9.854027628898620605e-01
1.737010478973388672e-02 2.054793834686279297e-01 7.808338999748229980e-01 1.202646940946578979e-01
9.966100454330444336e-01 3.375787734985351562e-01 3.551537990570068359e-01 4.489292576909065247e-02
1.272943466901779175e-01 6.710815429687500000e-01 6.258907914161682129e-01 9.928788542747497559e-01
2.531539648771286011e-04 5.575280189514160156e-01 2.255646586418151855e-01 9.245514273643493652e-01
8.739722967147827148e-01 5.920132994651794434e-01 1.488788332790136337e-02 5.900674462318420410e-01
6.343643069267272949e-01 8.977676033973693848e-01 9.977607727050781250e-01 1.488606184720993042e-01
8.301877379417419434e-01 8.106919527053833008e-01 6.608338952064514160e-01 5.600448250770568848e-01
4.554892182350158691e-01 8.351379036903381348e-01 8.626591414213180542e-02 8.632152341306209564e-03
5.061600208282470703e-01 9.102908968925476074e-01 8.320247530937194824e-01 1.172752976417541504e-01
1.437316536903381348e-01 3.092180192470550537e-01 6.331143379211425781e-01 3.047821819782257080e-01
2.668353728950023651e-03 5.555285140872001648e-03 1.413426995277404785e-01 9.257258176803588867e-01
4.144977033138275146e-02 2.360814511775970459e-01 7.494138553738594055e-03 7.468981146812438965e-01
9.536601901054382324e-01 1.871737651526927948e-03 7.742713093757629395e-01 3.307543694972991943e-01
1.257815398275852203e-03 3.121505379676818848e-01 9.355053901672363281e-01 7.476544976234436035e-01
4.838261753320693970e-03 9.736627936363220215e-01 5.534589290618896484e-01 8.931012749671936035e-01
5.242558568716049194e-02 8.803892731666564941e-01 3.135444819927215576e-01 4.773954451084136963e-01
6.185454130172729492e-01 2.621306180953979492e-01 9.808232784271240234e-01 5.801352672278881073e-03
1.524709463119506836e-01 1.613087952136993408e-01 6.135423779487609863e-01 6.650704890489578247e-02
6.458125710487365723e-01 4.945279657840728760e-01 6.680210828781127930e-01 7.770465612411499023e-01
2.770916819572448730e-01 2.873119115829467773e-01 1.000000000000000000e+00 0.000000000000000000e+00
2.208377420902252197e-01 2.430283278226852417e-02 4.467611610889434814e-01 9.087197780609130859e-01
8.447444438934326172e-02 1.746290028095245361e-01 9.912573695182800293e-01 1.524407230317592621e-02
5.439294502139091492e-03 7.997320294380187988e-01 4.153917133808135986e-01 9.777904152870178223e-01
3.157899081707000732e-01 7.424132823944091797e-01 2.527496032416820526e-02 7.965301871299743652e-01
2.555032372474670410e-01 8.247916698455810547e-01 4.584467411041259766e-01 1.674635522067546844e-02
6.780070066452026367e-01 9.948417544364929199e-01 9.784562587738037109e-01 1.736768521368503571e-03
9.962768554687500000e-01 6.754277944564819336e-01 3.163109533488750458e-03 1.801969856023788452e-02
2.070385664701461792e-01 6.731525808572769165e-02 8.560819029808044434e-01 1.844096779823303223e-01
1.619917452335357666e-01 6.862739920616149902e-01 2.615739107131958008e-01 4.253580868244171143e-01
5.166133642196655273e-01 8.578811287879943848e-01 7.811909168958663940e-02 3.218101859092712402e-01
3.471774458885192871e-01 3.015931844711303711e-01 9.988815188407897949e-01 8.101110905408859253e-02
6.469989418983459473e-01 7.410304546356201172e-01 2.422865107655525208e-02 9.793492555618286133e-01
2.579904161393642426e-03 5.194102525711059570e-01 9.487642049789428711e-01 1.085392907261848450e-01
3.943311870098114014e-01 2.896126210689544678e-01 8.984744548797607422e-01 8.622419834136962891e-01
2.289215624332427979e-01 6.153664588928222656e-01 3.988785147666931152e-01 8.041340112686157227e-01
4.361805319786071777e-01 2.559648156166076660e-01 9.056743383407592773e-01 5.374997258186340332e-01
4.234341382980346680e-01 3.165905773639678955e-01 9.924864172935485840e-01 2.848450094461441040e-05
1.315623223781585693e-01 7.135574519634246826e-02 8.726333975791931152e-01 1.316884756088256836e-01
5.908913612365722656e-01 6.454255580902099609e-01 1.586586236953735352e-01 6.141155362129211426e-01
5.417785644531250000e-01 4.681289196014404297e-01 9.581265449523925781e-01 7.356187701225280762e-01
4.903240501880645752e-01 3.939833343029022217e-01 7.259589433670043945e-01 6.768546104431152344e-01
2.015358358621597290e-01 4.242234528064727783e-01 9.946889281272888184e-01 8.156574368476867676e-01
7.875847816467285156e-02 6.430193781852722168e-01 9.021987318992614746e-01 6.780617833137512207e-01
3.855127394199371338e-01 8.592317104339599609e-01 6.212175488471984863e-01 9.915137887001037598e-01
5.806581377983093262e-01 2.947385981678962708e-02 7.912063002586364746e-01 2.715118527412414551e-01
1.351621150970458984e-01 9.687419533729553223e-01 6.793025881052017212e-02 2.649816274642944336e-01
7.758062481880187988e-01 9.684147238731384277e-01 3.271017670631408691e-01 7.868403196334838867e-01
8.119039535522460938e-01 1.394005566835403442e-01 5.361941456794738770e-01 1.153162866830825806e-01
4.914734661579132080e-01 3.779619336128234863e-01 4.553339183330535889e-01 8.603380620479583740e-02
8.801796436309814453e-01 8.246179223060607910e-01 1.886454373598098755e-01 2.483170777559280396e-01
2.715513408184051514e-01 5.637063384056091309e-01 5.716793537139892578e-01 6.643185615539550781e-01
6.092584729194641113e-01 5.846121311187744141e-01 9.768583178520202637e-01 1.820916682481765747e-01
4.260951578617095947e-01 7.924451231956481934e-01 4.548784792423248291e-01 4.009363055229187012e-01
9.509313702583312988e-01 3.450828790664672852e-01 6.828779578208923340e-01 4.211231172084808350e-01
7.418479323387145996e-01 3.304488956928253174e-01 3.593252003192901611e-01 1.070314496755599976e-01
8.828217983245849609e-01 6.540737152099609375e-01 5.234768390655517578e-01 8.740904331207275391e-01
8.606586456298828125e-01 1.736170053482055664e-01 9.454212188720703125e-01 4.532059133052825928e-01
8.104125261306762695e-01 5.998249650001525879e-01 8.892792463302612305e-01 4.689655080437660217e-02
9.081386327743530273e-01 7.706695795059204102e-01 3.003863096237182617e-01 7.155792117118835449e-01
7.579908370971679688e-01 1.304600834846496582e-01 4.583813846111297607e-01 1.074975430965423584e-01
3.371143639087677002e-01 8.800740838050842285e-01 1.193376183509826660e-01 4.048169851303100586e-01
5.657255649566650391e-01 5.660279989242553711e-01 3.074820637702941895e-01 8.341504931449890137e-01
4.758875668048858643e-01 8.274590373039245605e-01 1.223568767309188843e-01 1.199463661760091782e-02
