1.375892926294745577e-01
-2.461587104069644372e-01
-1.266255029933041343e-01
-7.000476496008214422e-01
-5.637800224912257185e-01
-4.986882732670719909e-01
-4.782743193232038559e-01
-1.757880236618341030e-01
-2.601613266208059883e-01
-1.708322133997911552e-01
-7.985410654469139446e-01
5.028355494211895760e-01
-1.669540896660818285e-01
4.750197600942800413e-01
-1.333905428271023652e+00
4.403337313672905928e-02
4.764565914670800262e-01
5.560955448701616621e-01
2.902735578638365732e-01
7.081688009842159737e-01
-1.440277611206500108e+00
-2.731848572995342894e-01
5.122540938525176335e-01
6.642833920481072685e-01
-1.292153506455345768e-02
9.810453816050995757e-02
1.157883710102841357e-01
3.398945786158650284e-01
5.461617355189115619e-01
1.728319136554197222e-01
6.606595808405566483e-01
6.387159336202696824e-01
3.584220853394057826e-01
2.503001242684191885e-01
5.084202211107438085e-01
3.074073137531408983e-01
-1.287720155672112288e+00
6.129779721353882938e-01
6.108016039057226343e-02
2.813334791501185261e-01
-3.460092677721934296e-01
-1.390690641237513736e+00
5.416269458332705344e-01
-4.124678307711245884e-01
2.933369719990884805e-01
-1.487405157296435854e-01
1.255453410661322433e-01
1.148936707452384021e-01
-2.021807615573161243e-01
3.383376791214418589e-01
5.136365397605222594e-01
-9.835588442144878041e-01
2.484946480138421065e-01
-9.430039504229774661e-01
-2.495747898101313145e-01
1.080774423998239198e-01
-2.317615424516739353e-01
1.032743902585305240e-01
-1.891313088841114487e-01
-2.566675054790271693e-01
3.417962326243188520e-01
5.026842034747063259e-01
-1.666160024614885826e-01
5.663082611056418081e-01
-3.127419217512846794e-01
-7.093855901075829529e-01
7.608235249740369355e-01
-1.456238669903538452e-01
6.844724743396624067e-01
5.594066935154449194e-01
-3.355677609129987249e-01
-2.356338751071954118e-01
4.836865662617740869e-01
-5.217184384337487657e-01
1.710589611113421393e-01
-3.760589493296266905e-01
-6.433912182214963638e-01
6.775005105465425892e-01
-5.494729168494805194e-01
3.918486330418565200e-01
-3.171459074649058962e-01
1.060434873407379297e-01
-7.457883256435693387e-02
7.187836835927801094e-01
2.780134411071417677e-01
-7.349305633439723318e-01
-4.702112306243926287e-01
-4.149595689978547997e-01
1.050534204089755841e-01
2.726135337823681892e-01
-2.259915687340422474e-01
-2.278669591620093304e-01
-5.400548982426709443e-01
-9.767105405536048446e-01
-1.479701142790294521e-01
-3.834516869932132477e-01
-7.378925830273549424e-01
-1.218228457818105737e-01
2.241402287496186974e-01
-4.648644703340755746e-01
-4.585472370299110700e-01
-3.971068914285715290e-01
-1.070981623564355889e+00
-2.823859975264585431e-01
2.280580404493913749e-01
-1.079196047306969941e+00
-2.381726013935799302e-01
-5.535370834254378369e-01
-5.085856266726063168e-01
-2.267118878682397587e-01
