7.702584266662597656e-01 1.805461645126342773e-01 2.701507210731506348e-01 4.661168456077575684e-01
6.056188941001892090e-01 7.987489104270935059e-01 2.006057500839233398e-01 1.349407434463500977e-01
1.237033605575561523e-01 6.000562310218811035e-01 5.924317836761474609e-01 1.436280012130737305e-01
8.005449175834655762e-01 6.513093709945678711e-01 6.649149060249328613e-01 8.820582628250122070e-01
6.791914701461791992e-01 7.155790925025939941e-01 9.107715487480163574e-01 5.801895856857299805e-01
6.999292373657226562e-01 1.480154991149902344e-01 8.627358078956604004e-01 3.041623234748840332e-01
4.617550969123840332e-01 4.466843605041503906e-01 3.329047560691833496e-01 7.225642204284667969e-01
8.573317527770996094e-01 4.909648299217224121e-01 6.570310592651367188e-01 7.912108898162841797e-01
2.258697748184204102e-01 8.899430036544799805e-01 4.837226867675781250e-01 6.098438501358032227e-01
2.752277255058288574e-01 2.063181400299072266e-01 7.320734262466430664e-01 2.485119104385375977e-01
3.184570801448087518e-02 0.000000000000000000e+00 1.000000000000000000e+00 1.103338475839148874e-01
7.196272444374277044e-02 3.753901550183885716e-02 1.000000000000000000e+00 6.042093863584196978e-01
7.708207904016186902e-04 9.376665813336348531e-04 9.995257283937765136e-01 7.229877347291985105e-03
0.000000000000000000e+00 0.000000000000000000e+00 8.754941352888706563e-01 3.029100993335930719e-02
7.265463951093615105e-03 4.685449681224773677e-01 9.993644582316587588e-01 2.433759285707593478e-01
0.000000000000000000e+00 2.981492204329841966e-01 0.000000000000000000e+00 6.624981875621045457e-01
8.808818808763299590e-02 2.066285955863018595e-02 9.556257714105949042e-01 1.111364907123194440e-01
3.521647709092616541e-02 1.859076249254647609e-02 9.828473893025949648e-01 8.865506035326428114e-01
9.451095781239411409e-01 8.957708038304330600e-01 6.848588886697974942e-01 2.905437555070233130e-02
1.681501546645826350e-01 8.501897271055915140e-02 8.776715614928842779e-01 1.722289507813234977e-01
1.000000000000000000e+00 9.045190844788482121e-01 7.210043738608731267e-01 1.565749413409037866e-02
8.869434657930939103e-01 7.995837914399193114e-01 8.504831498984164462e-01 0.000000000000000000e+00
6.936030418629438032e-02 5.414297172930494506e-01 1.000000000000000000e+00 2.650827664661066785e-01
4.842762286808744571e-02 5.294314714536186434e-02 7.817044289188537221e-01 9.514310099838221846e-02
1.622872160033090316e-01 6.383311556258558506e-01 5.415633514731382769e-01 1.419648059352148217e-01
3.723814928944388924e-01 7.462612454948588381e-01 3.617578583921327029e-01 1.355206072328132560e-01
7.960274424775686253e-01 8.183109762714280144e-01 8.522409054461024813e-02 1.361837625279039010e-01
7.104993088673554613e-01 6.360162024662852076e-01 9.092070214719956134e-01 9.130775384896058430e-03
5.317792953044464532e-01 4.542366639001271245e-01 9.431997470168361763e-01 2.253111904008057650e-02
1.434812449890734282e-02 1.125625371710685663e-01 9.988674546153570866e-01 1.519095468928517018e-02
7.593524274290951448e-01 8.603119881824317083e-01 6.078338855500032833e-01 6.311230672250245366e-02
0.000000000000000000e+00 3.361349379500789825e-01 8.462558506979060979e-01 1.169414172006478653e-01
1.000000000000000000e+00 8.187433370130362542e-01 0.000000000000000000e+00 1.365723848881665314e-01
3.534847718850935294e-01 2.690366124826545913e-01 9.608536305288792878e-01 3.835120593127649274e-02
5.934612930913844148e-02 2.996236345443951260e-02 9.870236111220999087e-01 4.034846731334965075e-01
1.379401269389804018e-03 7.241839145965407454e-01 3.989828678472063239e-01 1.219516123261532303e-01
9.004606242511806191e-02 1.445714314549578217e-01 4.969059499319773976e-01 1.602430148499016382e-01
9.495256106978859634e-02 1.821918915311875886e-01 2.229231329079398582e-01 1.841155245974047394e-01
2.504111128815100784e-01 5.906255302975669391e-02 9.672270040286501391e-01 1.878581408501271977e-01
2.429033995723656747e-01 3.603664284812663210e-01 3.772985071709245020e-01 2.243466257748199522e-01
4.659065933886830796e-02 2.686033982096822093e-01 9.987434875068817997e-01 5.181664167400147625e-02
3.462301215508994390e-01 5.287370246123278550e-01 4.246358903347020181e-02 2.180651210469281009e-01
1.419813111474518552e-01 8.471466140529562150e-01 9.414887309954612649e-01 9.582924755575045195e-01
1.909446805722133933e-01 2.208270621825245139e-01 6.325265487709951229e-01 1.995655603238654652e-01
3.522979741955218902e-01 8.602627066881498447e-03 9.901350465271414603e-01 8.054710505763914563e-01
5.294531810526049986e-02 1.549074011617998792e-01 5.264654292928576673e-01 5.665790405332318258e-01
4.977570854912284348e-01 7.201901032785054113e-01 0.000000000000000000e+00 1.689026413171080820e-01
6.585207256423132316e-01 8.342069987978929513e-01 3.746643698284822799e-01 1.080348612755253207e-01
9.173509545371739959e-02 6.715873249125592359e-01 8.073956610775568921e-01 3.477023746778056257e-01
8.991089302474047917e-02 4.540757630528196032e-01 9.792177968039528224e-01 9.403891327592741600e-01
7.854420438635367763e-02 3.421003756160393428e-01 9.832017657403643307e-01 9.330853147749421650e-01
2.061081507843698021e-02 1.000000000000000000e+00 2.054072981309113810e-01 9.076426434523011955e-02
7.220406439080298555e-02 4.253728225277765285e-01 8.930319953059683291e-01 1.204386782473693268e-01
2.504016831882062144e-01 8.004737417498867247e-01 4.234856236286962949e-01 6.275661951582327536e-01
1.078891780710181519e-01 6.116520092043561396e-01 9.664223419623124700e-01 4.970275718610671634e-01
4.868671692704708460e-03 5.059818985816358916e-01 8.286523909192893278e-01 2.157965379993802280e-01
7.093629168729838341e-02 6.475531687536839609e-01 6.460409320783272458e-01 2.115161213738364632e-01
7.653431491855886004e-02 2.422815325628537853e-01 6.214587456310025626e-01 5.266177114137927662e-01
2.209701121334983753e-01 6.669822754619894045e-01 4.679203966971719475e-01 5.601945105234693578e-01
1.394390250808080212e-01 9.886010808871131816e-01 4.390352216757248960e-01 2.670300028778669343e-01
