5.849599242210388184e-01 7.210526466369628906e-01 9.726864695549011230e-01 7.838984727859497070e-01 9.804536700248718262e-01 1.530542969703674316e-01
6.434000978810081595e-01 8.082211809722259499e-01 9.844499977977493321e-01 8.818472594373335527e-01 9.882369988957230289e-01 8.297931070059975933e-02
6.434000978810081595e-01 8.082211809722259499e-01 9.844499977977493321e-01 8.818472594373335527e-01 9.882369988957230289e-01 8.297931070059975933e-02
6.434000978810081595e-01 8.082211809722259499e-01 9.844499977977493321e-01 8.818472594373335527e-01 9.882369988957230289e-01 8.297931070059975933e-02
6.434000978810081595e-01 8.082211809722259499e-01 9.844499977977493321e-01 8.818472594373335527e-01 9.882369988957230289e-01 8.297931070059975933e-02
6.434000978810081595e-01 8.082211809722259499e-01 9.844499977977493321e-01 8.818472594373335527e-01 9.882369988957230289e-01 8.297931070059975933e-02
6.434000978810081595e-01 8.082211809722259499e-01 9.844499977977493321e-01 8.818472594373335527e-01 9.882369988957230289e-01 8.297931070059975933e-02
6.434000978810081595e-01 8.082211809722259499e-01 9.844499977977493321e-01 8.818472594373335527e-01 9.882369988957230289e-01 8.297931070059975933e-02
6.434000978810081595e-01 8.082211809722259499e-01 9.844499977977493321e-01 8.818472594373335527e-01 9.882369988957230289e-01 8.297931070059975933e-02
6.434000978810081595e-01 8.082211809722259499e-01 9.844499977977493321e-01 8.818472594373335527e-01 9.882369988957230289e-01 8.297931070059975933e-02
6.434000978810081595e-01 8.082211809722259499e-01 9.844499977977493321e-01 8.818472594373335527e-01 9.882369988957230289e-01 8.297931070059975933e-02
6.434000978810081595e-01 8.082211809722259499e-01 9.844499977977493321e-01 8.818472594373335527e-01 9.882369988957230289e-01 8.297931070059975933e-02
6.434000978810081595e-01 8.082211809722259499e-01 9.844499977977493321e-01 8.818472594373335527e-01 9.882369988957230289e-01 8.297931070059975933e-02
6.434000978810081595e-01 8.082211809722259499e-01 9.844499977977493321e-01 8.818472594373335527e-01 9.882369988957230289e-01 8.297931070059975933e-02
6.434000978810081595e-01 8.082211809722259499e-01 9.844499977977493321e-01 8.818472594373335527e-01 9.882369988957230289e-01 8.297931070059975933e-02
6.434000978810081595e-01 8.082211809722259499e-01 9.844499977977493321e-01 8.818472594373335527e-01 9.882369988957230289e-01 8.297931070059975933e-02
6.434000978810081595e-01 8.082211809722259499e-01 9.844499977977493321e-01 8.818472594373335527e-01 9.882369988957230289e-01 8.297931070059975933e-02
6.434000978810081595e-01 8.082211809722259499e-01 9.844499977977493321e-01 8.818472594373335527e-01 9.882369988957230289e-01 8.297931070059975933e-02
6.434000978810081595e-01 8.082211809722259499e-01 9.844499977977493321e-01 8.818472594373335527e-01 9.882369988957230289e-01 8.297931070059975933e-02
6.434000978810081595e-01 8.082211809722259499e-01 9.844499977977493321e-01 8.818472594373335527e-01 9.882369988957230289e-01 8.297931070059975933e-02
6.434000978810081595e-01 8.082211809722259499e-01 9.844499977977493321e-01 8.818472594373335527e-01 9.882369988957230289e-01 8.297931070059975933e-02
6.434000978810081595e-01 8.082211809722259499e-01 9.844499977977493321e-01 8.818472594373335527e-01 9.882369988957230289e-01 8.297931070059975933e-02
6.434000978810081595e-01 8.082211809722259499e-01 9.844499977977493321e-01 8.818472594373335527e-01 9.882369988957230289e-01 8.297931070059975933e-02
6.434000978810081595e-01 8.082211809722259499e-01 9.844499977977493321e-01 8.818472594373335527e-01 9.882369988957230289e-01 8.297931070059975933e-02
6.434000978810081595e-01 8.082211809722259499e-01 9.844499977977493321e-01 8.818472594373335527e-01 9.882369988957230289e-01 8.297931070059975933e-02
6.434000978810081595e-01 8.082211809722259499e-01 9.844499977977493321e-01 8.818472594373335527e-01 9.882369988957230289e-01 8.297931070059975933e-02
6.434000978810081595e-01 8.082211809722259499e-01 9.844499977977493321e-01 8.818472594373335527e-01 9.882369988957230289e-01 8.297931070059975933e-02
6.434000978810081595e-01 8.082211809722259499e-01 9.844499977977493321e-01 8.818472594373335527e-01 9.882369988957230289e-01 8.297931070059975933e-02
6.434000978810081595e-01 8.082211809722259499e-01 9.844499977977493321e-01 8.818472594373335527e-01 9.882369988957230289e-01 8.297931070059975933e-02
6.434000978810081595e-01 8.082211809722259499e-01 9.844499977977493321e-01 8.818472594373335527e-01 9.882369988957230289e-01 8.297931070059975933e-02
6.434000978810081595e-01 8.082211809722259499e-01 9.844499977977493321e-01 8.818472594373335527e-01 9.882369988957230289e-01 8.297931070059975933e-02
6.434000978810081595e-01 8.082211809722259499e-01 9.844499977977493321e-01 8.818472594373335527e-01 9.882369988957230289e-01 8.297931070059975933e-02
6.434000978810081595e-01 8.082211809722259499e-01 9.844499977977493321e-01 8.818472594373335527e-01 9.882369988957230289e-01 8.297931070059975933e-02
6.434000978810081595e-01 8.082211809722259499e-01 9.844499977977493321e-01 8.818472594373335527e-01 9.882369988957230289e-01 8.297931070059975933e-02
6.434000978810081595e-01 8.082211809722259499e-01 9.844499977977493321e-01 8.818472594373335527e-01 9.882369988957230289e-01 8.297931070059975933e-02
6.434000978810081595e-01 8.082211809722259499e-01 9.844499977977493321e-01 8.818472594373335527e-01 9.882369988957230289e-01 8.297931070059975933e-02
6.434000978810081595e-01 8.082211809722259499e-01 9.844499977977493321e-01 8.818472594373335527e-01 9.882369988957230289e-01 8.297931070059975933e-02
6.434000978810081595e-01 8.082211809722259499e-01 9.844499977977493321e-01 8.818472594373335527e-01 9.882369988957230289e-01 8.297931070059975933e-02
6.434000978810081595e-01 8.082211809722259499e-01 9.844499977977493321e-01 8.818472594373335527e-01 9.882369988957230289e-01 8.297931070059975933e-02
6.434000978810081595e-01 8.082211809722259499e-01 9.844499977977493321e-01 8.818472594373335527e-01 9.882369988957230289e-01 8.297931070059975933e-02
6.434000978810081595e-01 8.082211809722259499e-01 9.844499977977493321e-01 8.818472594373335527e-01 9.882369988957230289e-01 8.297931070059975933e-02
7.882313140834766862e-01 8.651619485668676779e-01 8.587080151067393308e-01 7.932079530015833102e-01 1.000000000000000000e+00 1.654751501671285763e-01
7.882313140834766862e-01 8.651619485668676779e-01 8.587080151067393308e-01 7.932079530015833102e-01 1.000000000000000000e+00 1.654751501671285763e-01
7.882313140834766862e-01 8.651619485668676779e-01 8.587080151067393308e-01 7.932079530015833102e-01 1.000000000000000000e+00 1.654751501671285763e-01
7.882313140834766862e-01 8.651619485668676779e-01 8.587080151067393308e-01 7.932079530015833102e-01 1.000000000000000000e+00 1.654751501671285763e-01
7.882313140834766862e-01 8.651619485668676779e-01 8.587080151067393308e-01 7.932079530015833102e-01 1.000000000000000000e+00 1.654751501671285763e-01
7.882313140834766862e-01 8.651619485668676779e-01 8.587080151067393308e-01 7.932079530015833102e-01 1.000000000000000000e+00 1.654751501671285763e-01
7.882313140834766862e-01 8.651619485668676779e-01 8.587080151067393308e-01 7.932079530015833102e-01 1.000000000000000000e+00 1.654751501671285763e-01
7.882313140834766862e-01 8.651619485668676779e-01 8.587080151067393308e-01 7.932079530015833102e-01 1.000000000000000000e+00 1.654751501671285763e-01
7.882313140834766862e-01 8.651619485668676779e-01 8.587080151067393308e-01 7.932079530015833102e-01 1.000000000000000000e+00 1.654751501671285763e-01
