5.122050046920776367e-01 3.869326710700988770e-01 9.903079271316528320e-01 1.764409542083740234e-01 5.043212175369262695e-01 3.899872303009033203e-03
1.149564385414123535e-01 8.295893669128417969e-02 3.524993062019348145e-01 4.790244102478027344e-01 3.350979089736938477e-02 5.575883388519287109e-02
6.883985996246337891e-01 9.059730768203735352e-01 5.372037291526794434e-01 6.787278056144714355e-01 3.580274581909179688e-01 3.476169109344482422e-01
9.814138412475585938e-01 2.336353063583374023e-01 7.418657541275024414e-01 3.472152948379516602e-01 6.096106767654418945e-01 4.467399120330810547e-01
8.436399698257446289e-01 1.238728761672973633e-01 1.826974153518676758e-01 1.057589054107666016e-01 1.782297492027282715e-01 6.193566322326660156e-01
2.222733497619628906e-01 7.031177878379821777e-01 2.513396143913269043e-01 6.022638678550720215e-01 1.725642085075378418e-01 5.915865898132324219e-01
7.121389508247375488e-01 1.340903043746948242e-01 1.517950296401977539e-01 6.472746729850769043e-01 8.175823092460632324e-01 5.418348312377929688e-01
9.197414517402648926e-01 3.258297443389892578e-01 6.644843816757202148e-01 6.196860074996948242e-01 4.298511743545532227e-01 4.916376471519470215e-01
4.611184597015380859e-01 6.367722153663635254e-01 6.055814623832702637e-01 4.756737947463989258e-01 8.509757518768310547e-01 2.658758163452148438e-01
2.318022847175598145e-01 1.468045711517333984e-01 1.917270421981811523e-01 4.254418611526489258e-01 8.460488915443420410e-01 1.503657102584838867e-01
7.946429252624511719e-01 9.296240806579589844e-01 8.698421120643615723e-01 8.163220882415771484e-01 6.919080615043640137e-01 6.805948615074157715e-01
4.228097200393676758e-02 1.419028043746948242e-01 7.327825427055358887e-01 2.337591648101806641e-01 5.912086963653564453e-01 5.444943308830261230e-01
1.990045309066772461e-01 3.968937397003173828e-01 4.922938346862792969e-02 6.330187916755676270e-01 9.688510298728942871e-01 3.742647767066955566e-01
4.615799188613891602e-01 2.180618047714233398e-01 8.071922659873962402e-01 7.386245727539062500e-01 6.618622541427612305e-01 1.660132408142089844e-02
3.996897935867309570e-01 8.338737487792968750e-02 1.909656524658203125e-01 5.307391285896301270e-01 3.862401247024536133e-01 7.485479116439819336e-02
4.486507177352905273e-01 4.516562223434448242e-01 9.830074906349182129e-01 2.931771874427795410e-01 6.681640744209289551e-01 8.746051192283630371e-01
3.553352355957031250e-01 4.269495606422424316e-01 1.757127046585083008e-01 6.775839924812316895e-01 1.226856112480163574e-01 1.883876323699951172e-01
3.625895380973815918e-01 8.124418258666992188e-01 8.517233133316040039e-01 6.926324367523193359e-01 4.841024875640869141e-01 9.387845396995544434e-01
9.168684482574462891e-02 9.654915332794189453e-02 8.769386410713195801e-01 7.501339912414550781e-01 2.948563098907470703e-01 2.096396088600158691e-01
7.659006118774414062e-01 9.432746767997741699e-01 4.775988459587097168e-01 1.646692752838134766e-01 3.940472006797790527e-01 6.013274192810058594e-03
5.737279057502746582e-01 2.671334147453308105e-01 6.169694662094116211e-01 7.794894576072692871e-01 2.837502956390380859e-02 5.033951997756958008e-02
3.780426979064941406e-01 4.720063209533691406e-01 2.587999105453491211e-01 1.957327127456665039e-01 7.951887249946594238e-01 5.294615626335144043e-01
8.089286684989929199e-01 5.578780770301818848e-01 3.959971070289611816e-01 3.556052446365356445e-01 2.700232863426208496e-01 6.920621991157531738e-01
1.731319427490234375e-01 4.116057157516479492e-01 1.191656589508056641e-01 5.102721452713012695e-01 5.173754692077636719e-02 5.118379592895507812e-01
6.285454034805297852e-01 4.791741371154785156e-01 6.976892352104187012e-01 3.944725394248962402e-01 7.213294506072998047e-03 2.072556018829345703e-01
1.597784757614135742e-01 4.410338997840881348e-01 6.785894632339477539e-01 4.699393510818481445e-01 3.612804412841796875e-02 3.184567093849182129e-01
4.197190403938293457e-01 8.421701192855834961e-02 1.552077531814575195e-01 7.767241597175598145e-01 2.021273374557495117e-01 6.574772596359252930e-01
4.427295327186584473e-01 4.574676156044006348e-01 6.198547482490539551e-01 8.728308081626892090e-01 9.482216835021972656e-01 8.106786012649536133e-02
7.093484401702880859e-01 1.574847102165222168e-01 6.214486360549926758e-01 8.905900120735168457e-01 8.628981113433837891e-01 2.678089141845703125e-01
7.267558574676513672e-02 1.567787528038024902e-01 8.009395599365234375e-01 6.475493311882019043e-01 7.137318849563598633e-01 8.020362854003906250e-01
1.017365455627441406e-01 8.987662196159362793e-01 5.228358507156372070e-01 7.491197586059570312e-01 5.815354585647583008e-01 2.561798095703125000e-01
4.631320834159851074e-01 1.150751709938049316e-01 2.072576284408569336e-01 5.378722548484802246e-01 9.786445498466491699e-01 2.990369796752929688e-01
7.965276241302490234e-01 4.017279148101806641e-01 2.893466353416442871e-01 8.856329321861267090e-01 2.615234851837158203e-01 5.596499443054199219e-01
1.912719011306762695e-02 3.586496710777282715e-01 7.885285615921020508e-01 7.845003008842468262e-01 2.694582939147949219e-01 6.663662791252136230e-01
9.621572494506835938e-01 2.651891112327575684e-01 5.566418170928955078e-02 9.658848643302917480e-01 4.066530466079711914e-01 1.934202909469604492e-01
9.692367315292358398e-01 9.837395548820495605e-01 2.447302937507629395e-01 3.537995219230651855e-01 2.044019103050231934e-01 9.297146201133728027e-01
9.760813117027282715e-01 8.827461600303649902e-01 5.130615234375000000e-01 9.211584329605102539e-01 8.069832921028137207e-01 2.257135510444641113e-01
4.389044046401977539e-01 6.132075190544128418e-01 9.876844286918640137e-01 7.667374610900878906e-02 1.922925114631652832e-01 6.091933250427246094e-01
6.809779405593872070e-01 3.894932270050048828e-01 6.957297325134277344e-01 3.345370292663574219e-01 7.985349893569946289e-01 7.808200120925903320e-01
5.621564388275146484e-01 9.277821779251098633e-01 8.305451869964599609e-01 1.767575740814208984e-01 3.968420624732971191e-01 4.083838462829589844e-01
5.031167864799499512e-01 9.613333344459533691e-01 9.092736244201660156e-01 7.560353279113769531e-01 1.531538963317871094e-01 8.099002838134765625e-01
5.013394355773925781e-02 9.636399745941162109e-01 3.461436033248901367e-01 3.347802162170410156e-01 1.790248751640319824e-01 4.706230759620666504e-01
2.857376337051391602e-01 8.897878527641296387e-01 3.287299871444702148e-01 4.506084918975830078e-01 1.095042228698730469e-01 3.567978739738464355e-01
1.736191511154174805e-01 1.496680974960327148e-01 9.238784909248352051e-01 2.879317402839660645e-01 9.510892033576965332e-01 2.379689812660217285e-01
6.916735768318176270e-01 4.332181215286254883e-01 6.689833402633666992e-01 8.791870474815368652e-01 6.534367799758911133e-01 1.592527627944946289e-01
5.294048190116882324e-01 7.614687681198120117e-01 9.383440017700195312e-01 1.618831157684326172e-01 2.780146598815917969e-01 5.574692487716674805e-01
3.367222547531127930e-01 1.185381412506103516e-01 1.290524005889892578e-02 4.610605835914611816e-01 7.585565447807312012e-01 6.928648948669433594e-01
5.503851175308227539e-02 2.693197131156921387e-01 3.701968789100646973e-01 8.867543339729309082e-01 9.840810894966125488e-01 3.995394706726074219e-01
8.189702033996582031e-01 5.565717816352844238e-01 2.494595050811767578e-01 1.734916567802429199e-01 4.538488388061523438e-01 6.335812807083129883e-01
5.570005774497985840e-01 2.786952853202819824e-01 5.552434325218200684e-01 5.294968485832214355e-01 6.519491672515869141e-01 5.003137588500976562e-01
1.215012073516845703e-01 1.794113516807556152e-01 1.646516323089599609e-01 1.992829442024230957e-01 8.755089640617370605e-01 2.794378995895385742e-02
8.626466989517211914e-01 6.307365298271179199e-01 6.851727366447448730e-01 9.091209173202514648e-01 1.826778650283813477e-01 2.441235780715942383e-01
1.275855302810668945e-01 3.811061382293701172e-01 7.285312414169311523e-01 6.368555426597595215e-01 8.097515702247619629e-01 6.060022711753845215e-01
9.887604117393493652e-01 5.978698730468750000e-01 1.385360956192016602e-01 6.498461365699768066e-01 1.241505742073059082e-01 3.406778573989868164e-01
2.763448357582092285e-01 2.731984853744506836e-02 3.572893738746643066e-01 4.008546471595764160e-01 8.316267728805541992e-01 9.233140349388122559e-01
8.060626983642578125e-01 7.960092425346374512e-01 7.859519720077514648e-01 8.582449555397033691e-01 3.291095495223999023e-01 9.735584259033203125e-02
8.297687172889709473e-01 5.369216799736022949e-01 9.885461330413818359e-01 5.532152056694030762e-01 1.142525076866149902e-01 6.924796104431152344e-02
9.055020809173583984e-01 7.623730301856994629e-01 5.636974573135375977e-01 6.575456261634826660e-01 8.780291080474853516e-01 4.990417957305908203e-01
3.267845511436462402e-01 4.541451334953308105e-01 8.441773653030395508e-01 8.098481297492980957e-01 6.463369131088256836e-01 6.355959177017211914e-02
3.755092024803161621e-01 9.184311628341674805e-01 8.677601814270019531e-02 5.960726737976074219e-01 7.235486507415771484e-01 2.183822989463806152e-01
5.259368419647216797e-01 1.027280688285827637e-01 8.374767303466796875e-01 6.472319960594177246e-01 1.993725895881652832e-01 9.236280322074890137e-01
2.082535028457641602e-01 1.102700233459472656e-01 1.856825351715087891e-01 4.940589070320129395e-01 9.099540114402770996e-01 2.764449119567871094e-01
1.916846632957458496e-01 9.906933307647705078e-01 6.733193993568420410e-01 8.209109902381896973e-01 7.150492072105407715e-01 6.278399229049682617e-01
9.261121749877929688e-01 6.444644331932067871e-01 6.124031543731689453e-01 5.940406322479248047e-01 2.036189436912536621e-01 6.154094934463500977e-01
6.157169938087463379e-01 9.673212766647338867e-01 7.536271810531616211e-01 9.212189912796020508e-02 1.238856315612792969e-01 3.260552883148193359e-03
1.046672463417053223e-01 5.502487421035766602e-01 1.974800825119018555e-01 2.316182851791381836e-01 3.464810848236083984e-01 1.636315584182739258e-01
4.305805563926696777e-01 7.724847197532653809e-01 8.228156566619873047e-01 6.038506627082824707e-01 9.826134443283081055e-01 2.801702022552490234e-01
2.605896592140197754e-01 9.780828952789306641e-01 2.694253921508789062e-01 6.453532576560974121e-01 3.898900151252746582e-01 2.085876464843750000e-02
2.667373418807983398e-02 1.028725504875183105e-01 5.150700211524963379e-01 8.024137020111083984e-01 7.897328734397888184e-01 4.836775660514831543e-01
1.789767146110534668e-01 6.719410419464111328e-02 7.703006267547607422e-03 6.129065752029418945e-01 9.612214565277099609e-01 3.943302631378173828e-01
6.982209086418151855e-01 3.762759566307067871e-01 5.567771196365356445e-02 8.854056000709533691e-01 4.625535011291503906e-01 9.975326061248779297e-01
5.047696828842163086e-01 7.339860796928405762e-01 3.083054423332214355e-01 3.575291037559509277e-01 2.755739092826843262e-01 3.815064430236816406e-01
1.577293872833251953e-01 5.780560374259948730e-01 6.862175464630126953e-01 7.672483921051025391e-01 7.145607471466064453e-02 8.549098968505859375e-01
2.293067574501037598e-01 8.125966787338256836e-02 9.695435762405395508e-01 4.638223648071289062e-01 2.379530668258666992e-02 9.154012203216552734e-01
9.418540000915527344e-01 9.866438508033752441e-01 2.551544308662414551e-01 9.761140942573547363e-01 1.325839161872863770e-01 4.779062271118164062e-01
6.509085893630981445e-01 2.137652635574340820e-01 3.239719271659851074e-01 2.455070614814758301e-01 7.620650529861450195e-02 2.969678044319152832e-01
4.156660437583923340e-01 6.044268012046813965e-01 8.504550457000732422e-01 7.159306406974792480e-01 9.998806118965148926e-01 7.471830248832702637e-01
5.531265735626220703e-01 6.436629295349121094e-01 3.544903397560119629e-01 9.291232228279113770e-01 8.775086402893066406e-01 9.781556725502014160e-01
3.922523260116577148e-01 2.237862944602966309e-01 7.099940776824951172e-01 8.779200911521911621e-01 2.148044109344482422e-01 9.481998085975646973e-01
8.194211721420288086e-01 6.994474530220031738e-01 2.891942858695983887e-01 6.958979964256286621e-01 8.925024271011352539e-01 7.457771301269531250e-01
5.440279841423034668e-01 6.845200657844543457e-01 1.957522034645080566e-01 6.585770249366760254e-01 8.937497138977050781e-01 3.800806403160095215e-01
8.961378335952758789e-01 6.964578628540039062e-01 7.447242736816406250e-03 1.403991580009460449e-01 5.122340321540832520e-01 2.235845923423767090e-01
8.516329526901245117e-02 9.091848134994506836e-02 7.373815774917602539e-01 9.390785098075866699e-01 1.776381731033325195e-01 7.570817470550537109e-01
5.374538302421569824e-01 5.052325129508972168e-01 4.730611443519592285e-01 4.003253579139709473e-01 8.001393079757690430e-01 2.972393035888671875e-01
2.664203047752380371e-01 1.008924841880798340e-01 7.120464444160461426e-01 9.100723266601562500e-01 2.400172352790832520e-01 9.497112035751342773e-02
8.022412061691284180e-01 9.057469964027404785e-01 8.209890127182006836e-01 3.723391890525817871e-01 8.679198026657104492e-01 7.286325693130493164e-01
5.030318498611450195e-01 9.557374119758605957e-01 9.947109818458557129e-01 4.085550904273986816e-01 5.234402418136596680e-01 5.866351127624511719e-01
2.049580216407775879e-01 3.565243482589721680e-01 3.830764293670654297e-01 1.930793523788452148e-01 9.175741672515869141e-01 6.295811533927917480e-01
4.074630141258239746e-01 6.820113062858581543e-01 4.867222905158996582e-01 4.011808037757873535e-01 2.180723547935485840e-01 5.017674565315246582e-01
2.230338454246520996e-01 4.105474352836608887e-01 6.805979609489440918e-01 6.247037649154663086e-02 7.809321880340576172e-01 3.828737735748291016e-01
1.452676057815551758e-01 6.519208550453186035e-01 4.068633317947387695e-01 8.713823556900024414e-01 6.605333685874938965e-01 2.113083004951477051e-01
7.476233839988708496e-01 4.304057955741882324e-01 7.874943614006042480e-01 7.601273059844970703e-01 7.835850119590759277e-01 3.703650236129760742e-01
9.249213933944702148e-01 7.124018669128417969e-01 3.986132740974426270e-01 4.275214672088623047e-02 7.166914939880371094e-01 8.888070583343505859e-01
7.636990547180175781e-01 8.379763364791870117e-02 6.023113131523132324e-01 5.319617390632629395e-01 2.913556098937988281e-01 1.799553632736206055e-01
7.673787474632263184e-01 3.840470910072326660e-01 7.696019411087036133e-01 8.676717877388000488e-01 3.291811347007751465e-01 4.342311620712280273e-01
9.764859676361083984e-01 6.594027876853942871e-01 6.916418075561523438e-01 6.923938989639282227e-01 7.827434539794921875e-01 8.336063623428344727e-01
3.465485572814941406e-01 2.248966097831726074e-01 9.417253732681274414e-02 8.952863216400146484e-01 1.949429512023925781e-02 4.755234718322753906e-02
3.139324784278869629e-01 2.002292871475219727e-02 6.069248914718627930e-01 6.200361847877502441e-01 5.532785058021545410e-01 2.638192772865295410e-01
8.880286812782287598e-01 4.838241338729858398e-01 7.148680090904235840e-01 8.866667747497558594e-01 7.224462032318115234e-01 8.030837774276733398e-01
3.884721398353576660e-01 9.064648151397705078e-01 2.492821812629699707e-01 3.428477644920349121e-01 8.808174729347229004e-01 5.474609136581420898e-02
1.823471188545227051e-01 7.138789892196655273e-01 2.503812909126281738e-01 8.878645896911621094e-01 7.508486509323120117e-01 3.101730346679687500e-01
8.133560419082641602e-02 2.742201089859008789e-01 1.927998065948486328e-01 6.944406032562255859e-01 5.477863550186157227e-02 8.449482917785644531e-02
8.934363722801208496e-01 7.096809148788452148e-01 1.834742426872253418e-01 6.452230215072631836e-01 6.413627862930297852e-01 6.812590360641479492e-01
1.649241447448730469e-01 2.215436697006225586e-01 4.513918757438659668e-01 2.548440098762512207e-01 7.466137409210205078e-03 2.363511323928833008e-01
4.937818050384521484e-01 6.000870466232299805e-02 4.955153465270996094e-01 9.684669375419616699e-01 3.011205196380615234e-01 5.934447050094604492e-01
6.586043238639831543e-01 5.991173386573791504e-01 1.447688937187194824e-01 4.926276803016662598e-01 6.336083412170410156e-01 4.720463752746582031e-01
6.062653660774230957e-01 8.759806752204895020e-01 2.771782875061035156e-01 9.620654582977294922e-01 9.783021807670593262e-01 1.420612335205078125e-01
2.984898686408996582e-01 4.201449155807495117e-01 6.092874407768249512e-01 3.299653530120849609e-02 7.537600994110107422e-01 6.918567419052124023e-01
5.551241040229797363e-01 2.431120872497558594e-01 9.759253859519958496e-01 1.672689318656921387e-01 9.698026180267333984e-01 4.462143182754516602e-01
2.964733839035034180e-01 4.978619217872619629e-01 8.126917481422424316e-01 4.207739830017089844e-01 2.724170684814453125e-01 4.530726075172424316e-01
