6.448801061565183623e-01
6.977494939771163862e-01
6.977494939771163862e-01
7.742344031944182747e-01
7.742344031944182747e-01
7.742344031944182747e-01
1.047613565355163256e+00
1.047613565355163256e+00
1.047613565355163256e+00
1.047613565355163256e+00
1.361433909323320979e+00
1.377239116198452962e+00
1.377239116198452962e+00
1.377239116198452962e+00
1.377239116198452962e+00
1.397525615099419749e+00
1.397525615099419749e+00
1.397525615099419749e+00
1.397525615099419749e+00
1.397525615099419749e+00
1.397525615099419749e+00
1.397525615099419749e+00
1.397525615099419749e+00
1.397525615099419749e+00
1.397525615099419749e+00
1.397525615099419749e+00
1.397525615099419749e+00
1.397525615099419749e+00
1.397525615099419749e+00
1.397525615099419749e+00
1.397525615099419749e+00
1.397525615099419749e+00
1.397525615099419749e+00
1.397525615099419749e+00
1.397525615099419749e+00
1.397525615099419749e+00
1.397525615099419749e+00
1.397525615099419749e+00
1.397525615099419749e+00
1.397525615099419749e+00
1.397525615099419749e+00
1.397525615099419749e+00
1.397525615099419749e+00
1.397525615099419749e+00
1.397525615099419749e+00
1.397525615099419749e+00
1.397525615099419749e+00
1.397525615099419749e+00
1.397525615099419749e+00
1.397525615099419749e+00
