9.426140189170837402e-01 1.076984405517578125e-02 3.320284485816955566e-01 4.291012287139892578e-01 5.981665849685668945e-01 7.759582996368408203e-01
1.000000000000000000e+00 0.000000000000000000e+00 1.643579836986085575e-04 2.747389733458583880e-02 2.319669483491908213e-02 1.000000000000000000e+00
1.000000000000000000e+00 0.000000000000000000e+00 1.643579836986085575e-04 2.747389733458583880e-02 2.319669483491908213e-02 1.000000000000000000e+00
1.000000000000000000e+00 4.229844461832272390e-02 3.462203633509178778e-04 4.398006154065237094e-02 7.837822446986858482e-03 8.667770023494352216e-01
1.000000000000000000e+00 4.229844461832272390e-02 3.462203633509178778e-04 4.398006154065237094e-02 7.837822446986858482e-03 8.667770023494352216e-01
1.000000000000000000e+00 4.229844461832272390e-02 3.462203633509178778e-04 4.398006154065237094e-02 7.837822446986858482e-03 8.667770023494352216e-01
9.481718743980123154e-01 9.030257953728129117e-01 4.828998448658856912e-02 6.651811902228295104e-01 2.612512530291163371e-01 9.680950843267098760e-01
9.481718743980123154e-01 9.030257953728129117e-01 4.828998448658856912e-02 6.651811902228295104e-01 2.612512530291163371e-01 9.680950843267098760e-01
9.481718743980123154e-01 9.030257953728129117e-01 4.828998448658856912e-02 6.651811902228295104e-01 2.612512530291163371e-01 9.680950843267098760e-01
9.481718743980123154e-01 9.030257953728129117e-01 4.828998448658856912e-02 6.651811902228295104e-01 2.612512530291163371e-01 9.680950843267098760e-01
9.806556877573849862e-01 9.208949123777312451e-01 2.489860157503222260e-02 4.850018421556288040e-01 7.300339220223661663e-01 9.890589466685438813e-01
9.886927685663629006e-01 9.939521399808474156e-01 1.224157600948250386e-02 5.873423730966537137e-01 9.227967195129466171e-01 9.967897587406197024e-01
9.886927685663629006e-01 9.939521399808474156e-01 1.224157600948250386e-02 5.873423730966537137e-01 9.227967195129466171e-01 9.967897587406197024e-01
9.886927685663629006e-01 9.939521399808474156e-01 1.224157600948250386e-02 5.873423730966537137e-01 9.227967195129466171e-01 9.967897587406197024e-01
9.886927685663629006e-01 9.939521399808474156e-01 1.224157600948250386e-02 5.873423730966537137e-01 9.227967195129466171e-01 9.967897587406197024e-01
9.884008391326085663e-01 9.745873623138774366e-01 1.472192337168468090e-02 6.861222944824885150e-01 7.926175773082930753e-01 9.971063536546851402e-01
9.884008391326085663e-01 9.745873623138774366e-01 1.472192337168468090e-02 6.861222944824885150e-01 7.926175773082930753e-01 9.971063536546851402e-01
9.884008391326085663e-01 9.745873623138774366e-01 1.472192337168468090e-02 6.861222944824885150e-01 7.926175773082930753e-01 9.971063536546851402e-01
9.884008391326085663e-01 9.745873623138774366e-01 1.472192337168468090e-02 6.861222944824885150e-01 7.926175773082930753e-01 9.971063536546851402e-01
9.884008391326085663e-01 9.745873623138774366e-01 1.472192337168468090e-02 6.861222944824885150e-01 7.926175773082930753e-01 9.971063536546851402e-01
9.884008391326085663e-01 9.745873623138774366e-01 1.472192337168468090e-02 6.861222944824885150e-01 7.926175773082930753e-01 9.971063536546851402e-01
9.884008391326085663e-01 9.745873623138774366e-01 1.472192337168468090e-02 6.861222944824885150e-01 7.926175773082930753e-01 9.971063536546851402e-01
9.884008391326085663e-01 9.745873623138774366e-01 1.472192337168468090e-02 6.861222944824885150e-01 7.926175773082930753e-01 9.971063536546851402e-01
9.884008391326085663e-01 9.745873623138774366e-01 1.472192337168468090e-02 6.861222944824885150e-01 7.926175773082930753e-01 9.971063536546851402e-01
9.884008391326085663e-01 9.745873623138774366e-01 1.472192337168468090e-02 6.861222944824885150e-01 7.926175773082930753e-01 9.971063536546851402e-01
9.884008391326085663e-01 9.745873623138774366e-01 1.472192337168468090e-02 6.861222944824885150e-01 7.926175773082930753e-01 9.971063536546851402e-01
9.884008391326085663e-01 9.745873623138774366e-01 1.472192337168468090e-02 6.861222944824885150e-01 7.926175773082930753e-01 9.971063536546851402e-01
9.884008391326085663e-01 9.745873623138774366e-01 1.472192337168468090e-02 6.861222944824885150e-01 7.926175773082930753e-01 9.971063536546851402e-01
9.884008391326085663e-01 9.745873623138774366e-01 1.472192337168468090e-02 6.861222944824885150e-01 7.926175773082930753e-01 9.971063536546851402e-01
9.884008391326085663e-01 9.745873623138774366e-01 1.472192337168468090e-02 6.861222944824885150e-01 7.926175773082930753e-01 9.971063536546851402e-01
9.884008391326085663e-01 9.745873623138774366e-01 1.472192337168468090e-02 6.861222944824885150e-01 7.926175773082930753e-01 9.971063536546851402e-01
9.884008391326085663e-01 9.745873623138774366e-01 1.472192337168468090e-02 6.861222944824885150e-01 7.926175773082930753e-01 9.971063536546851402e-01
9.884008391326085663e-01 9.745873623138774366e-01 1.472192337168468090e-02 6.861222944824885150e-01 7.926175773082930753e-01 9.971063536546851402e-01
9.884008391326085663e-01 9.745873623138774366e-01 1.472192337168468090e-02 6.861222944824885150e-01 7.926175773082930753e-01 9.971063536546851402e-01
9.884008391326085663e-01 9.745873623138774366e-01 1.472192337168468090e-02 6.861222944824885150e-01 7.926175773082930753e-01 9.971063536546851402e-01
9.884008391326085663e-01 9.745873623138774366e-01 1.472192337168468090e-02 6.861222944824885150e-01 7.926175773082930753e-01 9.971063536546851402e-01
9.884008391326085663e-01 9.745873623138774366e-01 1.472192337168468090e-02 6.861222944824885150e-01 7.926175773082930753e-01 9.971063536546851402e-01
9.884008391326085663e-01 9.745873623138774366e-01 1.472192337168468090e-02 6.861222944824885150e-01 7.926175773082930753e-01 9.971063536546851402e-01
9.884008391326085663e-01 9.745873623138774366e-01 1.472192337168468090e-02 6.861222944824885150e-01 7.926175773082930753e-01 9.971063536546851402e-01
9.884008391326085663e-01 9.745873623138774366e-01 1.472192337168468090e-02 6.861222944824885150e-01 7.926175773082930753e-01 9.971063536546851402e-01
9.884008391326085663e-01 9.745873623138774366e-01 1.472192337168468090e-02 6.861222944824885150e-01 7.926175773082930753e-01 9.971063536546851402e-01
9.884008391326085663e-01 9.745873623138774366e-01 1.472192337168468090e-02 6.861222944824885150e-01 7.926175773082930753e-01 9.971063536546851402e-01
9.884008391326085663e-01 9.745873623138774366e-01 1.472192337168468090e-02 6.861222944824885150e-01 7.926175773082930753e-01 9.971063536546851402e-01
9.884008391326085663e-01 9.745873623138774366e-01 1.472192337168468090e-02 6.861222944824885150e-01 7.926175773082930753e-01 9.971063536546851402e-01
9.884008391326085663e-01 9.745873623138774366e-01 1.472192337168468090e-02 6.861222944824885150e-01 7.926175773082930753e-01 9.971063536546851402e-01
9.884008391326085663e-01 9.745873623138774366e-01 1.472192337168468090e-02 6.861222944824885150e-01 7.926175773082930753e-01 9.971063536546851402e-01
9.884008391326085663e-01 9.745873623138774366e-01 1.472192337168468090e-02 6.861222944824885150e-01 7.926175773082930753e-01 9.971063536546851402e-01
9.884008391326085663e-01 9.745873623138774366e-01 1.472192337168468090e-02 6.861222944824885150e-01 7.926175773082930753e-01 9.971063536546851402e-01
9.884008391326085663e-01 9.745873623138774366e-01 1.472192337168468090e-02 6.861222944824885150e-01 7.926175773082930753e-01 9.971063536546851402e-01
9.884008391326085663e-01 9.745873623138774366e-01 1.472192337168468090e-02 6.861222944824885150e-01 7.926175773082930753e-01 9.971063536546851402e-01
