1.000000000000000000e+00 0.000000000000000000e+00 1.000000000000000000e+00 0.000000000000000000e+00 8.572463070674949392e-01 1.000000000000000000e+00
1.000000000000000000e+00 0.000000000000000000e+00 9.840414707141610373e-01 0.000000000000000000e+00 1.000000000000000000e+00 1.000000000000000000e+00
1.000000000000000000e+00 0.000000000000000000e+00 9.571775198481908831e-01 0.000000000000000000e+00 1.000000000000000000e+00 1.000000000000000000e+00
1.000000000000000000e+00 0.000000000000000000e+00 9.076626738198514399e-01 0.000000000000000000e+00 1.000000000000000000e+00 1.000000000000000000e+00
1.000000000000000000e+00 0.000000000000000000e+00 9.481540714816051318e-01 0.000000000000000000e+00 1.000000000000000000e+00 1.000000000000000000e+00
1.000000000000000000e+00 0.000000000000000000e+00 9.770803490239701183e-01 0.000000000000000000e+00 1.000000000000000000e+00 1.000000000000000000e+00
1.000000000000000000e+00 0.000000000000000000e+00 1.000000000000000000e+00 0.000000000000000000e+00 1.000000000000000000e+00 1.000000000000000000e+00
1.000000000000000000e+00 0.000000000000000000e+00 9.644968185943054717e-01 0.000000000000000000e+00 1.000000000000000000e+00 1.000000000000000000e+00
1.000000000000000000e+00 0.000000000000000000e+00 1.000000000000000000e+00 0.000000000000000000e+00 1.000000000000000000e+00 1.000000000000000000e+00
1.000000000000000000e+00 0.000000000000000000e+00 1.000000000000000000e+00 0.000000000000000000e+00 1.000000000000000000e+00 1.000000000000000000e+00
1.000000000000000000e+00 0.000000000000000000e+00 1.000000000000000000e+00 0.000000000000000000e+00 1.000000000000000000e+00 1.000000000000000000e+00
1.000000000000000000e+00 0.000000000000000000e+00 1.000000000000000000e+00 0.000000000000000000e+00 1.000000000000000000e+00 1.000000000000000000e+00
1.000000000000000000e+00 2.362223491854876511e-01 1.000000000000000000e+00 0.000000000000000000e+00 1.000000000000000000e+00 1.000000000000000000e+00
1.000000000000000000e+00 2.373675331071060934e-01 1.000000000000000000e+00 0.000000000000000000e+00 1.000000000000000000e+00 1.000000000000000000e+00
1.000000000000000000e+00 1.314466416319720332e-01 1.000000000000000000e+00 0.000000000000000000e+00 1.000000000000000000e+00 1.000000000000000000e+00
1.000000000000000000e+00 1.773983376643916421e-01 1.000000000000000000e+00 0.000000000000000000e+00 1.000000000000000000e+00 1.000000000000000000e+00
1.000000000000000000e+00 1.739525788010793661e-01 1.000000000000000000e+00 0.000000000000000000e+00 1.000000000000000000e+00 1.000000000000000000e+00
1.000000000000000000e+00 5.547005411965469368e-02 1.000000000000000000e+00 0.000000000000000000e+00 1.000000000000000000e+00 1.000000000000000000e+00
1.000000000000000000e+00 4.469596175647784497e-02 9.841350636913167582e-01 0.000000000000000000e+00 1.000000000000000000e+00 1.000000000000000000e+00
8.631467743960832273e-01 9.711947719324687256e-02 1.000000000000000000e+00 0.000000000000000000e+00 1.000000000000000000e+00 1.000000000000000000e+00
9.122416864365161526e-01 1.352155108233426550e-01 1.000000000000000000e+00 0.000000000000000000e+00 1.000000000000000000e+00 1.000000000000000000e+00
1.000000000000000000e+00 0.000000000000000000e+00 1.000000000000000000e+00 0.000000000000000000e+00 1.000000000000000000e+00 1.000000000000000000e+00
1.000000000000000000e+00 0.000000000000000000e+00 1.000000000000000000e+00 0.000000000000000000e+00 1.000000000000000000e+00 1.000000000000000000e+00
1.000000000000000000e+00 0.000000000000000000e+00 1.000000000000000000e+00 0.000000000000000000e+00 1.000000000000000000e+00 1.000000000000000000e+00
1.000000000000000000e+00 0.000000000000000000e+00 1.000000000000000000e+00 0.000000000000000000e+00 1.000000000000000000e+00 1.000000000000000000e+00
1.000000000000000000e+00 0.000000000000000000e+00 1.000000000000000000e+00 2.678187422328696665e-01 0.000000000000000000e+00 6.641448408310106633e-01
8.240476349449278315e-01 0.000000000000000000e+00 1.000000000000000000e+00 0.000000000000000000e+00 1.000000000000000000e+00 1.000000000000000000e+00
8.053218871035677795e-01 0.000000000000000000e+00 1.000000000000000000e+00 0.000000000000000000e+00 9.075227213514340807e-01 1.000000000000000000e+00
1.000000000000000000e+00 2.871269122989201020e-02 1.000000000000000000e+00 0.000000000000000000e+00 3.874070112955996792e-01 9.271981950611764001e-01
9.631180476793603784e-01 4.449646352142635347e-02 1.000000000000000000e+00 0.000000000000000000e+00 3.762457547249314915e-01 9.481765840216386243e-01
8.996229571458073115e-01 1.117025301918289221e-01 1.000000000000000000e+00 0.000000000000000000e+00 3.290487519735501576e-01 9.554786988226077193e-01
9.775595440241520162e-01 2.319849934130033819e-01 1.000000000000000000e+00 0.000000000000000000e+00 4.053676475569723547e-01 9.876602771908737921e-01
1.000000000000000000e+00 2.779185989011923041e-01 1.000000000000000000e+00 0.000000000000000000e+00 4.409364733312433060e-01 1.000000000000000000e+00
8.708006195176208886e-01 0.000000000000000000e+00 1.000000000000000000e+00 0.000000000000000000e+00 3.553425317768600933e-01 9.723141437091291639e-01
9.055636440695665756e-01 0.000000000000000000e+00 1.000000000000000000e+00 0.000000000000000000e+00 3.825296549541098434e-01 9.706247230099477319e-01
8.996065160065395139e-01 0.000000000000000000e+00 1.000000000000000000e+00 0.000000000000000000e+00 3.767138148324213343e-01 9.697096535710445497e-01
9.090608371260755494e-01 0.000000000000000000e+00 1.000000000000000000e+00 0.000000000000000000e+00 4.071886128265720384e-01 1.000000000000000000e+00
1.000000000000000000e+00 0.000000000000000000e+00 1.000000000000000000e+00 0.000000000000000000e+00 4.405513914841484024e-01 9.581216451050011962e-01
1.000000000000000000e+00 0.000000000000000000e+00 1.000000000000000000e+00 0.000000000000000000e+00 5.422785140231861645e-01 1.000000000000000000e+00
1.000000000000000000e+00 0.000000000000000000e+00 1.000000000000000000e+00 0.000000000000000000e+00 5.387749293880329526e-01 1.000000000000000000e+00
1.000000000000000000e+00 0.000000000000000000e+00 1.000000000000000000e+00 0.000000000000000000e+00 5.353564785765515532e-01 1.000000000000000000e+00
1.000000000000000000e+00 0.000000000000000000e+00 1.000000000000000000e+00 0.000000000000000000e+00 5.601214764095692189e-01 1.000000000000000000e+00
1.000000000000000000e+00 0.000000000000000000e+00 1.000000000000000000e+00 0.000000000000000000e+00 6.221017042514614959e-01 1.000000000000000000e+00
1.000000000000000000e+00 0.000000000000000000e+00 1.000000000000000000e+00 0.000000000000000000e+00 6.376199906241417636e-01 1.000000000000000000e+00
1.000000000000000000e+00 0.000000000000000000e+00 1.000000000000000000e+00 0.000000000000000000e+00 6.346120749168429054e-01 1.000000000000000000e+00
1.000000000000000000e+00 0.000000000000000000e+00 1.000000000000000000e+00 0.000000000000000000e+00 5.727278288519422889e-01 1.000000000000000000e+00
1.000000000000000000e+00 0.000000000000000000e+00 1.000000000000000000e+00 0.000000000000000000e+00 5.709553043885268186e-01 1.000000000000000000e+00
1.000000000000000000e+00 0.000000000000000000e+00 1.000000000000000000e+00 0.000000000000000000e+00 5.721815176851580143e-01 1.000000000000000000e+00
1.000000000000000000e+00 0.000000000000000000e+00 1.000000000000000000e+00 0.000000000000000000e+00 5.716210479953705015e-01 1.000000000000000000e+00
1.000000000000000000e+00 0.000000000000000000e+00 1.000000000000000000e+00 0.000000000000000000e+00 5.724199675854194647e-01 1.000000000000000000e+00
1.000000000000000000e+00 0.000000000000000000e+00 9.975014684627624417e-01 0.000000000000000000e+00 5.697524031471223882e-01 1.000000000000000000e+00
1.000000000000000000e+00 0.000000000000000000e+00 9.931399961926314912e-01 0.000000000000000000e+00 5.653652897416481249e-01 1.000000000000000000e+00
1.000000000000000000e+00 0.000000000000000000e+00 1.000000000000000000e+00 8.145821094652186400e-03 5.698946046534631993e-01 1.000000000000000000e+00
1.000000000000000000e+00 0.000000000000000000e+00 1.000000000000000000e+00 3.167531160871408374e-02 5.605035571480215806e-01 1.000000000000000000e+00
1.000000000000000000e+00 0.000000000000000000e+00 1.000000000000000000e+00 3.249891822316716000e-02 5.541273480585335864e-01 1.000000000000000000e+00
1.000000000000000000e+00 0.000000000000000000e+00 1.000000000000000000e+00 5.156111513625396409e-02 5.479878835859079977e-01 1.000000000000000000e+00
1.000000000000000000e+00 0.000000000000000000e+00 1.000000000000000000e+00 1.427483006214741723e-01 5.093354946928173588e-01 1.000000000000000000e+00
1.000000000000000000e+00 0.000000000000000000e+00 1.000000000000000000e+00 1.457952612744555232e-01 5.157200739498056796e-01 1.000000000000000000e+00
1.000000000000000000e+00 0.000000000000000000e+00 1.000000000000000000e+00 1.684321827382878334e-01 4.891625304680851105e-01 1.000000000000000000e+00
1.000000000000000000e+00 0.000000000000000000e+00 1.000000000000000000e+00 1.689041671752124218e-01 4.916958892699672123e-01 1.000000000000000000e+00
1.000000000000000000e+00 0.000000000000000000e+00 1.000000000000000000e+00 1.677097401117116915e-01 4.927168397201527328e-01 1.000000000000000000e+00
1.000000000000000000e+00 2.334490464608528562e-03 1.000000000000000000e+00 1.629019112306184514e-01 4.957302274556817934e-01 1.000000000000000000e+00
1.000000000000000000e+00 4.624114411764561616e-01 1.000000000000000000e+00 0.000000000000000000e+00 4.825391824694968967e-01 1.000000000000000000e+00
1.000000000000000000e+00 4.629467286404858606e-01 1.000000000000000000e+00 0.000000000000000000e+00 4.825009287117215107e-01 1.000000000000000000e+00
1.000000000000000000e+00 2.378955984165130044e-01 1.000000000000000000e+00 1.193136613552387981e-01 4.579359238945868160e-01 1.000000000000000000e+00
1.000000000000000000e+00 3.855362113813979308e-01 1.000000000000000000e+00 3.223937259910773789e-02 4.323990812335433143e-01 1.000000000000000000e+00
1.000000000000000000e+00 3.840427996415171075e-01 1.000000000000000000e+00 3.276389020831584065e-02 4.326963806744405505e-01 1.000000000000000000e+00
1.000000000000000000e+00 3.842557615319352471e-01 1.000000000000000000e+00 3.424445058457789570e-02 4.342118323535433255e-01 1.000000000000000000e+00
1.000000000000000000e+00 4.044085286291283499e-01 1.000000000000000000e+00 2.226411432923702111e-02 4.360494738530208969e-01 1.000000000000000000e+00
1.000000000000000000e+00 4.058510591803288770e-01 1.000000000000000000e+00 2.436633165879438512e-02 4.369754792641780683e-01 1.000000000000000000e+00
1.000000000000000000e+00 4.086823654429898034e-01 1.000000000000000000e+00 1.547066693646442781e-02 4.356346041775310263e-01 1.000000000000000000e+00
1.000000000000000000e+00 4.026983638092396789e-01 1.000000000000000000e+00 1.389981577203439067e-02 4.370102764339499624e-01 1.000000000000000000e+00
8.345059827041449996e-01 4.127587303516673245e-01 1.000000000000000000e+00 0.000000000000000000e+00 3.242412909040129909e-01 1.000000000000000000e+00
8.664333016447597346e-01 3.982609066320758062e-01 1.000000000000000000e+00 0.000000000000000000e+00 3.382563600048711372e-01 1.000000000000000000e+00
8.661292267331344163e-01 3.988277986008559872e-01 1.000000000000000000e+00 0.000000000000000000e+00 3.414372585044632147e-01 1.000000000000000000e+00
8.667273183669271797e-01 3.992465136658158165e-01 1.000000000000000000e+00 0.000000000000000000e+00 3.426045698194463696e-01 1.000000000000000000e+00
8.554251811604122180e-01 4.030611825580071583e-01 1.000000000000000000e+00 0.000000000000000000e+00 3.346022849395628440e-01 1.000000000000000000e+00
8.281123105920384919e-01 3.926856681296199136e-01 1.000000000000000000e+00 0.000000000000000000e+00 2.877374524943089318e-01 1.000000000000000000e+00
8.119178996227464085e-01 3.979119669262345393e-01 1.000000000000000000e+00 0.000000000000000000e+00 2.756754405956768350e-01 1.000000000000000000e+00
8.146633958749335269e-01 3.981786944276416995e-01 1.000000000000000000e+00 0.000000000000000000e+00 2.768171987860903460e-01 1.000000000000000000e+00
7.762184115779393601e-01 4.058250796041859010e-01 1.000000000000000000e+00 0.000000000000000000e+00 2.576864860515266087e-01 1.000000000000000000e+00
7.413216086716477582e-01 4.147704812971952926e-01 1.000000000000000000e+00 0.000000000000000000e+00 2.378798636326652782e-01 1.000000000000000000e+00
7.344392666873852393e-01 4.153194838086985974e-01 1.000000000000000000e+00 0.000000000000000000e+00 2.373468345842379701e-01 1.000000000000000000e+00
7.251493577281574732e-01 4.182629978583506380e-01 1.000000000000000000e+00 0.000000000000000000e+00 2.341506465481831001e-01 1.000000000000000000e+00
7.614685612047897845e-01 4.060449047996622096e-01 1.000000000000000000e+00 0.000000000000000000e+00 2.518423288778406932e-01 1.000000000000000000e+00
7.634777814626652059e-01 4.074612148875224049e-01 1.000000000000000000e+00 0.000000000000000000e+00 2.532365692190861606e-01 1.000000000000000000e+00
7.829299161902130155e-01 3.882235425339906620e-01 1.000000000000000000e+00 0.000000000000000000e+00 2.481790769917386619e-01 1.000000000000000000e+00
7.746442554759550569e-01 3.893147199644286793e-01 1.000000000000000000e+00 0.000000000000000000e+00 2.467591843976003618e-01 1.000000000000000000e+00
7.885911977947890339e-01 3.854175886342292578e-01 1.000000000000000000e+00 0.000000000000000000e+00 2.569957204227922287e-01 1.000000000000000000e+00
7.874124192786740029e-01 3.874320532296159358e-01 1.000000000000000000e+00 0.000000000000000000e+00 2.561158938857313050e-01 1.000000000000000000e+00
7.878889936787835113e-01 3.874480235878467460e-01 1.000000000000000000e+00 0.000000000000000000e+00 2.532289931915339687e-01 1.000000000000000000e+00
7.953230794752865762e-01 3.858675586737866925e-01 1.000000000000000000e+00 0.000000000000000000e+00 2.564727177487293175e-01 1.000000000000000000e+00
7.989414262784352294e-01 3.874285532999322545e-01 1.000000000000000000e+00 0.000000000000000000e+00 2.571936695081074031e-01 1.000000000000000000e+00
1.000000000000000000e+00 3.593824792036976468e-01 1.000000000000000000e+00 4.831069651249766950e-02 4.129035523766633742e-01 1.000000000000000000e+00
1.000000000000000000e+00 3.634336104304047299e-01 1.000000000000000000e+00 4.591761646875887337e-02 4.130599372287983018e-01 1.000000000000000000e+00
7.687179201532353678e-01 4.222122748679451032e-01 1.000000000000000000e+00 0.000000000000000000e+00 2.598190827480705289e-01 1.000000000000000000e+00
7.773011978704555958e-01 4.271407221355648653e-01 1.000000000000000000e+00 0.000000000000000000e+00 2.673910123734002942e-01 1.000000000000000000e+00
7.774883883785245198e-01 4.276217777867671876e-01 1.000000000000000000e+00 0.000000000000000000e+00 2.679080114945774915e-01 1.000000000000000000e+00
7.820549453621720160e-01 4.340815913196962583e-01 1.000000000000000000e+00 0.000000000000000000e+00 2.791352715919188099e-01 1.000000000000000000e+00
7.856389340290284018e-01 4.324883203744623317e-01 1.000000000000000000e+00 0.000000000000000000e+00 2.795568489762313424e-01 1.000000000000000000e+00
