8.462489247322082520e-01 2.151730656623840332e-01 2.087280750274658203e-01 8.757745623588562012e-01 3.869125247001647949e-01 4.472131133079528809e-01
4.487766623497009277e-01 5.405297875404357910e-01 9.628032445907592773e-01 9.813618659973144531e-01 4.079027771949768066e-01 2.072497010231018066e-01
1.608648300170898438e-01 7.794272899627685547e-02 8.596611022949218750e-02 7.468634843826293945e-01 7.711997628211975098e-01 4.363400936126708984e-01
7.812463045120239258e-01 4.327451586723327637e-01 6.315245628356933594e-01 6.574505567550659180e-01 3.111862540245056152e-01 9.150675535202026367e-01
7.103593945503234863e-01 4.913882613182067871e-01 9.261556267738342285e-01 1.283673644065856934e-01 5.255779027938842773e-01 6.744791865348815918e-01
4.191821813583374023e-01 5.330572724342346191e-01 3.976125121116638184e-01 9.050733447074890137e-01 9.069283008575439453e-01 6.173937916755676270e-01
1.499353647232055664e-01 1.241151690483093262e-01 6.772910356521606445e-01 4.457008838653564453e-02 4.082298278808593750e-02 9.974811077117919922e-01
3.294181823730468750e-02 2.022314071655273438e-02 8.700479269027709961e-01 1.271873712539672852e-02 6.977689266204833984e-01 4.933584332466125488e-01
5.539811253547668457e-01 5.892860889434814453e-02 1.227506399154663086e-01 5.226997733116149902e-01 3.658543825149536133e-01 7.724396586418151855e-01
8.389003276824951172e-01 1.394498944282531738e-01 1.856250166893005371e-01 8.696913719177246094e-02 3.103017807006835938e-03 4.624310135841369629e-01
6.028167903423309326e-02 1.116249989718198776e-02 2.081603743135929108e-02 9.585245251655578613e-01 1.257046461105346680e-01 9.571887254714965820e-01
0.000000000000000000e+00 0.000000000000000000e+00 9.973639845848083496e-01 6.037670969963073730e-01 0.000000000000000000e+00 1.835612654685974121e-01
9.475042223930358887e-01 9.077336639165878296e-03 1.507124118506908417e-02 2.062290012836456299e-01 9.725474119186401367e-01 9.725952148437500000e-01
2.727048844099044800e-02 1.725034415721893311e-01 3.036961257457733154e-01 2.627390623092651367e-01 8.122692704200744629e-01 9.998920559883117676e-01
6.103698611259460449e-01 8.420911431312561035e-01 7.488225698471069336e-01 8.083862662315368652e-01 6.605461835861206055e-01 0.000000000000000000e+00
5.294063687324523926e-01 1.187257394194602966e-01 9.390277862548828125e-01 6.913141012191772461e-01 4.523238241672515869e-01 3.180535435676574707e-01
9.055303931236267090e-01 6.397371888160705566e-01 3.641376495361328125e-01 3.531954884529113770e-01 2.997454702854156494e-01 3.374494314193725586e-01
4.355862438678741455e-01 9.658671617507934570e-01 4.224732220172882080e-01 4.061681330204010010e-01 6.204150915145874023e-01 2.358429431915283203e-01
9.375703334808349609e-02 8.031860589981079102e-01 5.471928119659423828e-01 4.907135069370269775e-01 4.679322242736816406e-01 2.548630535602569580e-01
0.000000000000000000e+00 3.826539516448974609e-01 1.000000000000000000e+00 0.000000000000000000e+00 2.689982950687408447e-02 6.808033585548400879e-01
4.963535070419311523e-01 2.231184393167495728e-02 9.909951090812683105e-01 3.228049725294113159e-02 1.912890747189521790e-02 9.276341795921325684e-01
3.151462376117706299e-01 1.123250871896743774e-01 2.118864357471466064e-01 4.148936271667480469e-01 0.000000000000000000e+00 9.209102988243103027e-01
3.205820322036743164e-01 1.828814893960952759e-01 8.559397459030151367e-01 4.258622229099273682e-01 7.625532150268554688e-02 9.068571329116821289e-01
2.731177210807800293e-01 1.432430185377597809e-02 3.169764950871467590e-02 4.561645537614822388e-02 4.678047075867652893e-02 1.920663416385650635e-01
3.865216970443725586e-01 1.006347965449094772e-02 5.795567855238914490e-02 9.896038770675659180e-01 8.777924180030822754e-01 8.829990401864051819e-03
3.475049436092376709e-01 4.983388353139162064e-03 2.427538856863975525e-02 1.081504486501216888e-02 1.182321552187204361e-02 7.107969522476196289e-01
9.986348152160644531e-01 3.291444620117545128e-03 9.904264807701110840e-01 9.977198839187622070e-01 9.895999431610107422e-01 4.434617161750793457e-01
4.246757626533508301e-01 0.000000000000000000e+00 4.697575867176055908e-01 9.829217568039894104e-03 2.726695733144879341e-03 9.518438577651977539e-01
7.881507277488708496e-01 2.178116142749786377e-02 9.812563657760620117e-01 3.814148902893066406e-01 9.496994018554687500e-01 2.532399259507656097e-02
9.612361192703247070e-01 3.618958219885826111e-02 8.980936408042907715e-01 4.395152926445007324e-01 4.467862844467163086e-02 9.777203798294067383e-01
9.078261256217956543e-02 2.476973235607147217e-01 4.617300331592559814e-01 2.927995324134826660e-01 8.814136981964111328e-01 9.620774388313293457e-01
7.771719098091125488e-01 4.140016809105873108e-02 9.521213173866271973e-01 5.676777660846710205e-02 9.230204820632934570e-01 9.049035310745239258e-01
3.022179901599884033e-01 9.201288968324661255e-02 8.434293866157531738e-01 0.000000000000000000e+00 1.419146060943603516e-01 8.983336687088012695e-01
4.862140417098999023e-01 9.752295017242431641e-01 9.355483651161193848e-01 5.289629846811294556e-02 6.597742438316345215e-02 5.187400430440902710e-02
8.392854332923889160e-01 5.384657531976699829e-02 9.614320993423461914e-01 8.898444175720214844e-01 1.000000000000000000e+00 6.915746331214904785e-01
3.905098736286163330e-01 1.028441414237022400e-01 1.205847859382629395e-01 9.101720452308654785e-01 1.055658236145973206e-01 8.287160396575927734e-01
9.649797677993774414e-01 3.361995145678520203e-02 9.417661428451538086e-01 1.000000000000000000e+00 1.664939969778060913e-01 1.000000000000000000e+00
8.060485124588012695e-02 3.734963387250900269e-02 4.837032780051231384e-02 6.193248555064201355e-02 8.410077095031738281e-01 5.051456391811370850e-02
9.996386170387268066e-01 1.688269712030887604e-02 9.665546417236328125e-01 9.322215318679809570e-01 3.938592076301574707e-01 1.916083320975303650e-02
9.615733027458190918e-01 1.685273088514804840e-02 9.452806711196899414e-01 9.271399378776550293e-01 1.538520446047186852e-03 9.286213517189025879e-01
8.647330999374389648e-01 8.964011073112487793e-02 8.051212430000305176e-01 8.237441778182983398e-01 1.964612305164337158e-01 8.160801529884338379e-01
1.086788028478622437e-01 5.386522412300109863e-01 4.298710525035858154e-01 6.119734048843383789e-01 0.000000000000000000e+00 7.172590494155883789e-01
6.555255055427551270e-01 1.201716288924217224e-01 6.934424638748168945e-01 6.502915620803833008e-01 5.701750516891479492e-01 4.200253188610076904e-01
9.848461747169494629e-01 1.901165465824306011e-03 1.000000000000000000e+00 9.775424599647521973e-01 9.551425464451313019e-03 7.726830840110778809e-01
3.570405766367912292e-02 5.084068775177001953e-01 1.931785605847835541e-02 1.252172738313674927e-01 3.914351016283035278e-02 9.271183609962463379e-01
3.964019417762756348e-01 2.352918088436126709e-01 7.593207955360412598e-01 3.246541321277618408e-01 8.022022843360900879e-01 8.325811624526977539e-01
6.163156032562255859e-02 3.818687200546264648e-01 2.580757625401020050e-02 1.591439843177795410e-01 4.820236936211585999e-02 8.985725045204162598e-01
2.331954659894108772e-03 8.020822405815124512e-01 2.764243446290493011e-02 5.301210656762123108e-02 2.558801695704460144e-02 9.587891697883605957e-01
7.426314949989318848e-01 5.795610547065734863e-01 7.520864605903625488e-01 0.000000000000000000e+00 9.170064330101013184e-01 8.006601333618164062e-01
1.693154275417327881e-01 5.348569154739379883e-02 8.028901219367980957e-01 9.169524908065795898e-01 6.810317635536193848e-01 8.259006589651107788e-02
5.558733344078063965e-01 8.904550671577453613e-01 1.266272217035293579e-01 9.640403389930725098e-01 9.633460640907287598e-02 9.516237974166870117e-01
7.074012607336044312e-02 5.856641381978988647e-02 1.004723161458969116e-01 8.449413180351257324e-01 3.863527774810791016e-01 1.299899816513061523e-01
6.363736391067504883e-01 2.472715824842453003e-02 9.750707745552062988e-01 9.843627810478210449e-01 9.202009439468383789e-01 9.380631148815155029e-02
6.655451655387878418e-02 1.982943713665008545e-02 8.057030439376831055e-01 2.118732631206512451e-01 6.890704631805419922e-01 4.181642234325408936e-01
2.054058201611042023e-02 9.638618826866149902e-01 9.598644822835922241e-02 3.420580625534057617e-01 1.411739550530910492e-02 9.671444892883300781e-01
7.610487937927246094e-01 2.656355500221252441e-01 9.417564868927001953e-01 3.904983997344970703e-01 9.135224819183349609e-01 0.000000000000000000e+00
9.546734094619750977e-01 9.315090179443359375e-01 6.161194443702697754e-01 7.157234102487564087e-02 7.056102156639099121e-02 9.275559782981872559e-01
7.873974442481994629e-01 1.403268128633499146e-01 9.539172053337097168e-01 1.588135063648223877e-01 9.316388368606567383e-01 7.553226500749588013e-02
5.360593795776367188e-01 8.375703096389770508e-01 1.696453839540481567e-01 9.542732238769531250e-01 3.264188468456268311e-01 8.895782828330993652e-01
1.066076532006263733e-01 3.450483977794647217e-01 7.331333756446838379e-01 7.132022380828857422e-01 4.906534850597381592e-01 1.834729909896850586e-01
4.104365706443786621e-01 7.786255478858947754e-01 8.461492508649826050e-02 3.290070965886116028e-02 5.615091323852539062e-02 9.423034191131591797e-01
4.514308273792266846e-01 5.297731757164001465e-01 4.789307713508605957e-01 7.277275323867797852e-01 8.768376708030700684e-01 6.627001166343688965e-01
0.000000000000000000e+00 1.525157503783702850e-02 6.968400441110134125e-03 7.323280721902847290e-02 2.994985878467559814e-01 6.958650946617126465e-01
1.000000000000000000e+00 6.714453548192977905e-02 7.965745329856872559e-01 8.988593816757202148e-01 1.767880916595458984e-01 7.424297332763671875e-01
7.156078219413757324e-01 1.000000000000000000e+00 6.723721623420715332e-01 0.000000000000000000e+00 1.000000000000000000e+00 8.574703931808471680e-01
5.394945740699768066e-01 1.000000000000000000e+00 1.990886628627777100e-01 9.616504311561584473e-01 3.588829338550567627e-01 8.006957769393920898e-01
1.663423925638198853e-01 4.386325553059577942e-02 8.975602984428405762e-01 9.504044651985168457e-01 8.979238271713256836e-01 1.801006495952606201e-02
3.569993376731872559e-01 9.473107010126113892e-02 1.848084181547164917e-01 5.181205645203590393e-02 9.833859205245971680e-01 9.162924289703369141e-01
9.047640562057495117e-01 5.681005865335464478e-02 8.660883903503417969e-01 1.556067466735839844e-01 1.200241595506668091e-01 1.000000000000000000e+00
1.000000000000000000e+00 2.257162332534790039e-01 4.362108707427978516e-01 6.213604211807250977e-01 3.710556626319885254e-01 5.015754699707031250e-01
4.637523293495178223e-01 4.491966217756271362e-02 5.846918746829032898e-02 9.313433431088924408e-03 6.419721245765686035e-01 9.629871845245361328e-01
4.305193126201629639e-01 8.181217312812805176e-01 1.175852268934249878e-01 5.573971197009086609e-02 2.409468442201614380e-01 9.459254145622253418e-01
5.846599936485290527e-01 2.746549807488918304e-02 1.613135263323783875e-02 2.167823351919651031e-02 8.101581931114196777e-01 5.099847316741943359e-01
9.120637178421020508e-01 6.368266046047210693e-02 9.552492499351501465e-01 9.677279591560363770e-01 4.819949865341186523e-01 9.362985491752624512e-01
1.134967803955078125e-01 2.891934290528297424e-02 3.948507085442543030e-02 6.867202371358871460e-02 6.084793210029602051e-01 8.376999944448471069e-02
7.061066627502441406e-01 8.158645629882812500e-01 9.081453084945678711e-01 3.156480491161346436e-01 1.000000000000000000e+00 0.000000000000000000e+00
7.307984232902526855e-01 6.317295432090759277e-01 8.862353563308715820e-01 1.433871537446975708e-01 8.870040178298950195e-01 1.540921926498413086e-01
9.750401377677917480e-01 6.097089499235153198e-04 9.994431138038635254e-01 1.000000000000000000e+00 0.000000000000000000e+00 1.000000000000000000e+00
2.999176084995269775e-02 7.707356214523315430e-01 1.647445708513259888e-01 3.971919715404510498e-01 5.344777181744575500e-02 9.157142639160156250e-01
4.839098751544952393e-01 8.180398941040039062e-01 4.689465165138244629e-01 6.716250777244567871e-01 7.656574249267578125e-01 3.462720215320587158e-01
7.781893610954284668e-01 6.680751442909240723e-01 6.256924271583557129e-01 5.736809372901916504e-01 3.397019803524017334e-01 1.000000000000000000e+00
9.368653595447540283e-02 5.036306977272033691e-01 5.025834441184997559e-01 1.000000000000000000e+00 0.000000000000000000e+00 0.000000000000000000e+00
8.223271965980529785e-01 4.085211828351020813e-02 8.786453008651733398e-01 8.692118525505065918e-01 9.925197064876556396e-02 7.822327613830566406e-01
1.173147484660148621e-01 8.326049447059631348e-01 1.672839820384979248e-01 0.000000000000000000e+00 1.604312956333160400e-01 2.220891118049621582e-01
8.837352991104125977e-01 6.924679279327392578e-01 2.809776067733764648e-01 3.267604410648345947e-01 3.166519999504089355e-01 0.000000000000000000e+00
7.097358107566833496e-01 9.667540788650512695e-01 7.153887748718261719e-01 1.672791875898838043e-02 1.000000000000000000e+00 6.650651097297668457e-01
6.745918989181518555e-01 1.645625382661819458e-01 8.219786882400512695e-01 4.832855463027954102e-01 8.485159277915954590e-01 2.145292609930038452e-01
3.098887503147125244e-01 1.375785320997238159e-01 8.947445154190063477e-01 5.998563393950462341e-02 0.000000000000000000e+00 8.272516727447509766e-01
1.135416775941848755e-01 7.726029492914676666e-03 5.594874620437622070e-01 1.000000000000000000e+00 9.783307909965515137e-01 3.902426734566688538e-02
2.718566954135894775e-01 1.140065770596265793e-02 5.456510931253433228e-02 5.105335265398025513e-02 5.133577808737754822e-02 0.000000000000000000e+00
2.699840813875198364e-03 2.834567055106163025e-02 9.624557495117187500e-01 5.938684940338134766e-01 3.512237966060638428e-02 3.498862385749816895e-01
4.728149771690368652e-01 4.399124681949615479e-01 3.969851434230804443e-01 9.346126914024353027e-01 8.632695078849792480e-01 1.000000000000000000e+00
8.083581924438476562e-01 1.528543531894683838e-01 7.103959321975708008e-01 3.357128202915191650e-01 2.465201765298843384e-01 9.657147526741027832e-01
7.381757348775863647e-02 8.304055929183959961e-01 9.802686423063278198e-02 0.000000000000000000e+00 9.067208319902420044e-02 5.791109800338745117e-01
9.373094439506530762e-01 0.000000000000000000e+00 9.103955030441284180e-01 1.000000000000000000e+00 0.000000000000000000e+00 1.000000000000000000e+00
6.351418793201446533e-02 1.684326380491256714e-01 4.254420399665832520e-01 3.060085475444793701e-01 8.079410791397094727e-01 8.102197647094726562e-01
4.250518083572387695e-01 9.898461103439331055e-01 0.000000000000000000e+00 3.639043569564819336e-01 6.105097532272338867e-01 3.491918742656707764e-01
9.784657359123229980e-01 0.000000000000000000e+00 9.005715250968933105e-01 1.000000000000000000e+00 0.000000000000000000e+00 1.000000000000000000e+00
9.089730978012084961e-01 6.507163494825363159e-02 1.000000000000000000e+00 8.973002433776855469e-01 1.151570379734039307e-01 9.140576124191284180e-01
1.000000000000000000e+00 1.002936856821179390e-03 7.898012399673461914e-01 9.975196719169616699e-01 0.000000000000000000e+00 1.000000000000000000e+00
1.000000000000000000e+00 6.029286887496709824e-03 5.718333721160888672e-01 1.000000000000000000e+00 0.000000000000000000e+00 1.000000000000000000e+00
5.548632144927978516e-01 9.588168859481811523e-01 0.000000000000000000e+00 8.790852874517440796e-02 7.531575560569763184e-01 1.000000000000000000e+00
6.859968900680541992e-01 4.396475851535797119e-02 3.875835835933685303e-01 5.143571272492408752e-02 8.713397979736328125e-01 3.998627960681915283e-01
6.784303486347198486e-02 4.639153182506561279e-01 0.000000000000000000e+00 9.948793649673461914e-01 0.000000000000000000e+00 0.000000000000000000e+00
8.167979717254638672e-01 2.082744389772415161e-01 4.590812027454376221e-01 8.681172132492065430e-01 4.757870137691497803e-01 3.458955287933349609e-01
1.000000000000000000e+00 0.000000000000000000e+00 4.859564900398254395e-01 1.000000000000000000e+00 0.000000000000000000e+00 1.000000000000000000e+00
4.605971276760101318e-03 4.164049923419952393e-01 4.623119831085205078e-01 3.240650147199630737e-02 3.179126977920532227e-02 6.735183596611022949e-01
7.514405250549316406e-01 8.106327652931213379e-01 3.579278588294982910e-01 5.032929033041000366e-02 9.524649381637573242e-01 3.860033750534057617e-01
7.577217817306518555e-01 3.393886387348175049e-01 7.103612422943115234e-01 5.341179370880126953e-01 8.506142497062683105e-01 0.000000000000000000e+00
6.020125001668930054e-02 2.757688164710998535e-01 1.259639114141464233e-01 4.639570415019989014e-01 1.123199239373207092e-01 9.374071359634399414e-01
