-1.230343620106343905e-01
9.580282825343537922e-01
-9.434277906491377041e-02
9.073847802732527557e-01
6.309173799398396509e-01
6.766606840590450034e-01
3.302516267015490614e-01
2.920829135954419731e-01
5.564429136046238344e-01
8.132296896610645698e-01
1.195956504459987801e+00
1.401858393843523842e+00
1.310742331752194012e+00
1.098960401028650002e+00
1.184487662401853436e+00
4.960044360107851436e-01
2.922556579323414838e-01
5.000220058454358796e-01
2.348878793330438919e-01
1.423849323228090880e+00
1.465677264734994267e+00
1.493998440603744537e+00
1.525057010463651386e+00
1.578067114050943021e+00
7.942525102300984630e-02
-1.462105307334599612e-02
1.665355498579853544e+00
4.540467374653792687e-01
1.658413459629207720e+00
-4.338329711575858449e-01
1.005676984694223286e+00
1.664569395640892235e+00
1.088933121038746066e+00
3.472428591595807523e-01
1.667491591230955139e+00
1.667229859561576211e+00
1.667472252843230196e+00
1.667424153264086994e+00
1.667189296114728991e+00
1.667107555675872321e+00
1.667331591747120534e+00
1.667349606134907569e+00
1.666997869888380723e+00
1.667030957860570872e+00
1.667254384418266344e+00
1.646371288370801711e+00
-5.023836717637384375e-01
7.402477541226298863e-01
7.824238797043620020e-02
6.843166657764403471e-01
-4.040339473946311100e-02
2.207173628105742469e-01
1.075803778997855981e-01
1.107018703572384855e+00
2.988869168273795562e-01
5.781729293657033031e-01
9.420635251286403333e-01
7.888323082132764341e-01
7.463797566778952453e-01
8.646185546164874003e-01
1.231462431683154168e+00
9.810629523936609253e-01
2.469324616878399159e-01
5.443076058379973103e-01
3.708227837729292653e-01
7.766664046714680802e-01
3.960536350048441401e-01
4.217937754249690419e-01
2.594124066907483872e-01
1.002371304865193657e+00
4.528999572124071116e-01
1.110777917635260126e+00
1.895952503663793642e-01
5.051320045817252469e-01
3.005805510827046501e-01
3.484486440202992363e-01
8.584503115486189495e-01
1.037839737011615693e+00
4.234991770907397535e-01
1.261698126428060895e+00
-1.814278084800355073e-01
6.540968671912760213e-01
1.344241842193284187e-01
-1.467609818143083937e-02
6.602890556983925796e-01
9.810207905722132526e-01
6.829338475216307769e-01
4.006041823646438460e-01
6.292844639934180861e-02
9.304524613400727562e-02
4.946334309793195549e-01
3.539808592316336933e-01
4.305434010599945571e-01
5.924847012907167310e-01
2.722072792393229190e-01
-2.457845890497387109e-02
-1.138771137514306975e-01
5.195173856088441955e-01
2.683088156789104617e-01
4.107091879970508064e-01
2.342002592679145179e-01
1.360815630923568886e-02
7.394295315881624919e-01
1.193827838911016626e+00
7.675371888361394168e-01
8.524193740333227964e-01
9.360950413178545926e-01
7.313751920912344717e-01
1.022696352696497168e-01
5.878033607932604543e-01
