-1.071298865884018792e+00
-1.112130107177470961e+00
-7.476777231671868362e-01
-2.338316837548121141e-01
-6.382555690262815551e-01
-1.150736566746349610e+00
-1.469240773672705114e+00
-1.207068974264818628e+00
-1.530012359946245182e+00
-1.502870739245079967e+00
-9.673359964605882447e-03
-7.795921905252520268e-02
1.694752277986816269e-01
-1.873539988690587077e-01
-1.723660814971134381e-01
1.208934896020938954e-01
2.179380688716069936e-01
2.170427512968494954e-01
-7.167195499282341675e-02
-2.373254390620991028e-01
2.179380688716069936e-01
2.005948720475267955e-01
1.863325792190234642e-01
1.311750824023787676e-01
1.896093716214461988e-01
3.022059927363582865e-01
-1.927036145825766211e-01
-5.024763914630963058e-01
-3.083532129936645827e-01
-8.277217229832778411e-01
-1.887108053931593421e+00
3.222426612929710221e-01
2.740982361449385563e-01
4.946506794470710844e-01
4.946184604228544557e-01
4.946871764264936244e-01
4.960605921598002510e-01
4.946704472000668096e-01
1.251155708942307543e-01
4.936740386410167769e-01
4.921718487906385775e-01
4.959590564343495656e-01
4.958520544565760413e-01
4.610795071997406125e-01
2.906219249932245896e-01
-1.299562064235107728e-01
-1.090250985885984347e+00
-1.234544423701238625e+00
3.000846984231275716e-01
3.467569286621183244e-02
1.669692605283424891e-01
2.175511583058127585e-01
-7.834721147710500544e-01
-2.267665665118578089e-01
-8.107128325021883963e-02
-5.470387243505515917e-02
1.174076157519275410e-01
9.111490096417942941e-02
1.762625401501478895e-01
-6.874850201059321542e-01
2.683469570854488118e-01
-1.330049035108396893e+00
4.120224774659443645e-02
-2.924673323839312999e-01
1.277601496304346940e-01
-4.770174621343246657e-01
-4.477015439065750724e-01
-6.263442260630383007e-01
2.397980626670296600e-01
-1.402742737363358971e+00
-5.048519259527277647e-01
-1.864379335520528758e-01
-8.528381626023729956e-01
-1.870262116431619936e-01
-2.456085008492134569e-01
-2.165379338807451037e-01
-5.953140919645873996e-01
-1.674277113226454672e+00
-4.753222808819721479e-01
-1.743968609617210452e+00
2.604840830233299820e-01
-5.367602597059495384e-01
-2.445593051438574861e-01
-1.150958354584622478e+00
-3.589085228837041175e-01
-5.579206141341829239e-01
-5.084471081479053911e-01
-1.337491449791883558e-01
-9.387804927497914176e-02
-8.981465583103513950e-01
-1.408750879194695660e+00
-1.910604595148132911e-01
4.463523189905665989e-02
-1.054559937896857535e+00
-3.558640133444779807e-01
-1.827494202890546648e-01
-4.613472336623880010e-01
2.367428995198478658e-01
-4.940606007918901255e-01
-1.973166591496954281e-01
-8.776204194587999829e-01
-7.098872568087593038e-01
-1.149366470191111489e+00
-1.570817189637284672e+00
-1.001952821660773374e+00
-3.905029374986263013e-01
-3.023108125437367621e-01
-3.228885961225287926e-01
-3.908247506959710016e-01
-5.294221300425987486e-01
