-3.119223349543508661e+00
-1.335313263632624592e+00
-2.199782165990769922e+00
-2.199782165990769922e+00
-1.643567351336199245e+00
-3.075997713642937281e+00
-2.541618440668414802e+00
-3.145977888740376649e+00
-3.166627017603604877e+00
-3.182113435652203393e+00
-3.123153709627143559e+00
-3.038083440245922251e+00
-2.991230860485823317e+00
-4.338222252806589907e+00
-5.529760667121209394e+00
-4.699797215804935924e+00
-7.280846832448400363e+00
-6.299810283073499662e+00
-6.602601254464657288e+00
-5.089632066212002925e+00
-4.682248635352796562e+00
-4.721643246378865122e+00
-4.915003081704727883e+00
-4.831246047143926248e+00
-4.736265144776894864e+00
-4.711585287746832051e+00
-5.326912784775026388e+00
-5.116424587064776652e+00
-5.068328917701980352e+00
-4.885639850688455965e+00
-5.204920955473106403e+00
-5.151196655095733767e+00
-5.778847556205633396e+00
-5.864592423565586188e+00
-6.020892448504805650e+00
-5.917485816285213751e+00
-6.108258832885258727e+00
-6.051564059131850470e+00
-6.074826854025945799e+00
-5.436646489941879601e+00
-5.718310223644159862e+00
-4.703238628429533108e+00
-4.740141844804688809e+00
-4.889455077174811315e+00
-4.971554061387003287e+00
-4.892227587091329433e+00
-7.997824474762068370e+00
-8.136536120782716708e+00
-7.439548461536586110e+00
-7.566219680207244558e+00
