8.639093041419982910e-01 2.790288329124450684e-01 4.484671354293823242e-02 5.639270544052124023e-01
5.456507205963134766e-01 5.967843532562255859e-01 2.080850601196289062e-01 8.327187895774841309e-01
2.716649770736694336e-01 2.533967494964599609e-01 9.838842749595642090e-01 1.799771189689636230e-01
4.957236051559448242e-01 4.019737839698791504e-01 6.797264814376831055e-01 8.958648443222045898e-01
6.995498538017272949e-01 9.851574897766113281e-03 2.104020118713378906e-01 3.525342941284179688e-01
2.349655628204345703e-01 1.877894997596740723e-01 9.659944176673889160e-01 8.280293941497802734e-01
4.547771811485290527e-01 2.367825508117675781e-01 6.178767681121826172e-01 7.882081866264343262e-01
4.356041550636291504e-01 1.736914515495300293e-01 8.737344741821289062e-01 2.060103416442871094e-01
9.706414341926574707e-01 9.967031478881835938e-01 5.653415918350219727e-01 9.207957983016967773e-02
8.089019656181335449e-01 4.226346015930175781e-01 4.737523794174194336e-01 2.013015747070312500e-01
2.161520719528198242e-02 9.297447800636291504e-01 2.276855707168579102e-01 3.366825580596923828e-01
5.886620283126831055e-02 1.917378902435302734e-01 8.094428181648254395e-01 8.283658623695373535e-01
4.366393089294433594e-01 9.671491384506225586e-02 8.861135244369506836e-01 4.097168445587158203e-01
7.462959885597229004e-01 3.761739134788513184e-01 3.364893794059753418e-01 6.411630511283874512e-01
7.478011846542358398e-01 8.797591328620910645e-01 9.283593297004699707e-01 2.364791035652160645e-01
3.317115902900695801e-01 7.651571631431579590e-01 9.667518138885498047e-01 6.727211475372314453e-01
5.239961743354797363e-01 1.139240264892578125e-01 3.739771246910095215e-01 8.681812882423400879e-01
2.933198809623718262e-01 7.931351661682128906e-01 3.469865918159484863e-01 2.575463652610778809e-01
8.216094970703125000e-01 8.307938575744628906e-01 1.950505375862121582e-01 1.785162091255187988e-01
4.500915408134460449e-01 7.227638959884643555e-01 9.818662405014038086e-01 8.279237747192382812e-01
1.136724352836608887e-01 9.166368842124938965e-01 7.860876917839050293e-01 3.331484794616699219e-01
5.214048027992248535e-01 4.666474461555480957e-01 1.616624593734741211e-01 9.564238786697387695e-01
5.918334126472473145e-01 1.632786989212036133e-01 5.121774673461914062e-01 2.710896134376525879e-01
9.005999565124511719e-02 1.831234693527221680e-01 8.258217573165893555e-02 9.386113882064819336e-01
4.784668087959289551e-01 3.677304983139038086e-01 4.436488151550292969e-01 7.871804237365722656e-01
6.661192774772644043e-01 5.996167659759521484e-03 9.000735282897949219e-01 3.686138391494750977e-01
4.785958528518676758e-01 9.591704607009887695e-02 5.472202897071838379e-01 1.369029283523559570e-01
8.808379769325256348e-01 2.237233519554138184e-01 5.688623785972595215e-01 3.351933956146240234e-01
2.925314903259277344e-01 1.967287659645080566e-01 7.758120894432067871e-01 4.426797032356262207e-01
2.315939664840698242e-01 7.428135275840759277e-01 3.832861781120300293e-01 4.675251245498657227e-02
9.113147258758544922e-01 9.301317930221557617e-01 9.052190184593200684e-01 8.173067569732666016e-01
4.452300667762756348e-01 4.154819250106811523e-01 3.215178847312927246e-01 8.550253510475158691e-01
1.369877457618713379e-01 9.600958228111267090e-01 4.437721371650695801e-01 1.427766084671020508e-01
8.302679657936096191e-01 1.897604465484619141e-01 9.177495241165161133e-01 1.172503829002380371e-01
5.106782913208007812e-01 8.801870346069335938e-01 2.229413390159606934e-01 9.398116469383239746e-01
1.565768122673034668e-01 2.371902465820312500e-01 7.288634777069091797e-03 7.669684886932373047e-01
8.185391426086425781e-01 3.059610724449157715e-01 5.138727426528930664e-01 1.898279786109924316e-01
1.191933751106262207e-01 1.065372824668884277e-01 7.867866158485412598e-01 3.430664539337158203e-02
7.891145944595336914e-01 1.419135928153991699e-01 5.857874155044555664e-01 1.434081196784973145e-01
9.675306081771850586e-01 5.672172307968139648e-01 2.287369966506958008e-01 6.740295886993408203e-01
2.823399901390075684e-01 5.389407873153686523e-01 3.704868555068969727e-01 2.395434379577636719e-01
4.704008102416992188e-01 4.219774603843688965e-01 7.990511059761047363e-01 5.800470113754272461e-01
1.667416095733642578e-02 5.909002423286437988e-01 1.943517327308654785e-01 9.318321943283081055e-02
9.989703297615051270e-01 2.183313369750976562e-01 9.484469890594482422e-02 2.191537618637084961e-02
7.864144444465637207e-01 1.724461317062377930e-01 1.394551992416381836e-01 2.959575057029724121e-01
6.002052426338195801e-01 9.684687852859497070e-02 9.494218230247497559e-01 7.569020390510559082e-01
4.255771636962890625e-03 3.887236118316650391e-03 8.183502554893493652e-01 4.926492571830749512e-01
9.650397896766662598e-01 2.272206544876098633e-01 2.494804859161376953e-01 5.264995098114013672e-01
8.968433141708374023e-01 3.417816758155822754e-01 2.737409472465515137e-01 3.186773657798767090e-01
1.112607121467590332e-01 3.496462702751159668e-01 2.239231467247009277e-01 7.702581286430358887e-01
7.875472307205200195e-01 8.328343629837036133e-01 8.412886857986450195e-01 8.055837750434875488e-01
1.105899810791015625e-01 5.091971755027770996e-01 2.610236406326293945e-01 3.482568264007568359e-01
8.278405666351318359e-01 3.770107030868530273e-01 3.692665696144104004e-01 9.195828437805175781e-01
2.440813779830932617e-01 9.817153215408325195e-02 1.746367216110229492e-01 6.611124277114868164e-01
4.822862148284912109e-01 1.280030012130737305e-01 1.757555603981018066e-01 6.774679422378540039e-01
9.947417378425598145e-01 2.474309206008911133e-01 5.139838457107543945e-01 2.826683521270751953e-01
7.179116606712341309e-01 7.393968105316162109e-01 7.535523772239685059e-01 7.129440903663635254e-01
3.906928300857543945e-01 1.750717759132385254e-01 4.983991384506225586e-01 6.873754858970642090e-01
5.020511746406555176e-01 7.015348076820373535e-01 2.272195219993591309e-01 3.376907110214233398e-02
1.455097794532775879e-01 9.296374917030334473e-01 1.097040772438049316e-01 8.544316291809082031e-01
