-5.777585971404153309e-03
-5.777585971404153309e-03
-5.777585971404153309e-03
-5.777585971404153309e-03
-5.777585971404153309e-03
-5.777585971404153309e-03
-5.777585971404153309e-03
-5.777585971404153309e-03
-5.777585971404153309e-03
-5.777585971404153309e-03
-5.777585971404153309e-03
-5.777585971404153309e-03
-5.777585971404153309e-03
-5.777585971404153309e-03
-5.777585971404153309e-03
-5.777585971404153309e-03
-5.777585971404153309e-03
-5.777585971404153309e-03
-5.777585971404153309e-03
-5.777585971404153309e-03
-5.777585971404153309e-03
-5.777585971404153309e-03
-5.777585971404153309e-03
-5.777585971404153309e-03
-5.777585971404153309e-03
-5.777585971404153309e-03
-5.777585971404153309e-03
-5.777585971404153309e-03
-5.777585971404153309e-03
-5.777585971404153309e-03
-5.777585971404153309e-03
-5.777585971404153309e-03
-5.777585971404153309e-03
-5.777585971404153309e-03
-5.777585971404153309e-03
-5.777585971404153309e-03
-5.777585971404153309e-03
-5.777585971404153309e-03
-5.777585971404153309e-03
-5.777585971404153309e-03
-5.777585971404153309e-03
-5.777585971404153309e-03
-5.777585971404153309e-03
-5.777585971404153309e-03
-5.777585971404153309e-03
-5.777585971404153309e-03
-5.777585971404153309e-03
-5.777585971404153309e-03
-5.777585971404153309e-03
-5.777585971404153309e-03
-5.777585971404153309e-03
3.683907478096490329e-01
3.683907478096490329e-01
3.683907478096490329e-01
3.683907478096490329e-01
3.683907478096490329e-01
3.683907478096490329e-01
3.683907478096490329e-01
3.683907478096490329e-01
3.683907478096490329e-01
3.683907478096490329e-01
3.683907478096490329e-01
3.683907478096490329e-01
3.683907478096490329e-01
3.683907478096490329e-01
3.683907478096490329e-01
3.683907478096490329e-01
3.683907478096490329e-01
3.683907478096490329e-01
3.683907478096490329e-01
3.683907478096490329e-01
3.683907478096490329e-01
3.683907478096490329e-01
3.683907478096490329e-01
3.683907478096490329e-01
3.683907478096490329e-01
3.683907478096490329e-01
3.683907478096490329e-01
3.683907478096490329e-01
3.683907478096490329e-01
3.683907478096490329e-01
3.683907478096490329e-01
3.683907478096490329e-01
3.683907478096490329e-01
3.683907478096490329e-01
3.683907478096490329e-01
3.683907478096490329e-01
3.683907478096490329e-01
3.683907478096490329e-01
3.683907478096490329e-01
3.683907478096490329e-01
3.683907478096490329e-01
3.683907478096490329e-01
3.683907478096490329e-01
3.683907478096490329e-01
3.683907478096490329e-01
3.683907478096490329e-01
3.683907478096490329e-01
3.683907478096490329e-01
3.683907478096490329e-01
