0.000000000000000000e+00 1.000000000000000000e+00 8.754358931851783376e-01 0.000000000000000000e+00 3.026829574766242564e-02 0.000000000000000000e+00
0.000000000000000000e+00 1.000000000000000000e+00 8.364540237522500865e-01 0.000000000000000000e+00 7.591941057551948591e-02 0.000000000000000000e+00
0.000000000000000000e+00 1.000000000000000000e+00 1.000000000000000000e+00 0.000000000000000000e+00 8.958893793870890965e-02 0.000000000000000000e+00
0.000000000000000000e+00 1.000000000000000000e+00 9.217198836292933573e-01 0.000000000000000000e+00 3.800565549480511285e-01 0.000000000000000000e+00
0.000000000000000000e+00 1.000000000000000000e+00 1.000000000000000000e+00 0.000000000000000000e+00 4.048537007903483254e-01 0.000000000000000000e+00
0.000000000000000000e+00 1.000000000000000000e+00 1.000000000000000000e+00 0.000000000000000000e+00 5.983440333305561909e-01 0.000000000000000000e+00
0.000000000000000000e+00 1.000000000000000000e+00 1.000000000000000000e+00 0.000000000000000000e+00 7.349692955974361785e-01 0.000000000000000000e+00
0.000000000000000000e+00 1.000000000000000000e+00 1.000000000000000000e+00 0.000000000000000000e+00 8.017667169053152021e-01 0.000000000000000000e+00
0.000000000000000000e+00 1.000000000000000000e+00 1.000000000000000000e+00 0.000000000000000000e+00 6.228173978492207441e-01 0.000000000000000000e+00
0.000000000000000000e+00 1.000000000000000000e+00 1.000000000000000000e+00 0.000000000000000000e+00 7.262024219384132229e-01 0.000000000000000000e+00
0.000000000000000000e+00 1.000000000000000000e+00 1.000000000000000000e+00 0.000000000000000000e+00 7.296110932922934555e-01 0.000000000000000000e+00
0.000000000000000000e+00 1.000000000000000000e+00 1.000000000000000000e+00 0.000000000000000000e+00 0.000000000000000000e+00 9.115729524342694456e-02
0.000000000000000000e+00 1.000000000000000000e+00 1.000000000000000000e+00 0.000000000000000000e+00 2.710060889829038477e-01 5.699389838901945671e-02
0.000000000000000000e+00 1.000000000000000000e+00 1.000000000000000000e+00 0.000000000000000000e+00 3.197649754885579232e-01 0.000000000000000000e+00
0.000000000000000000e+00 1.000000000000000000e+00 1.000000000000000000e+00 0.000000000000000000e+00 2.128945563340742531e-01 0.000000000000000000e+00
0.000000000000000000e+00 1.000000000000000000e+00 1.000000000000000000e+00 0.000000000000000000e+00 1.272429531871365760e-01 0.000000000000000000e+00
0.000000000000000000e+00 9.462442888199289470e-01 1.000000000000000000e+00 0.000000000000000000e+00 0.000000000000000000e+00 0.000000000000000000e+00
0.000000000000000000e+00 9.609478956182916365e-01 1.000000000000000000e+00 0.000000000000000000e+00 0.000000000000000000e+00 0.000000000000000000e+00
0.000000000000000000e+00 9.997499499539357348e-01 1.000000000000000000e+00 0.000000000000000000e+00 0.000000000000000000e+00 0.000000000000000000e+00
0.000000000000000000e+00 1.000000000000000000e+00 7.095036450338554346e-01 0.000000000000000000e+00 0.000000000000000000e+00 0.000000000000000000e+00
0.000000000000000000e+00 1.000000000000000000e+00 5.699037537282727328e-01 0.000000000000000000e+00 0.000000000000000000e+00 0.000000000000000000e+00
0.000000000000000000e+00 1.000000000000000000e+00 5.520174524777085034e-01 0.000000000000000000e+00 0.000000000000000000e+00 0.000000000000000000e+00
0.000000000000000000e+00 1.000000000000000000e+00 6.208846189401314719e-01 0.000000000000000000e+00 5.018455016827407800e-01 0.000000000000000000e+00
0.000000000000000000e+00 1.000000000000000000e+00 5.720690541750478308e-01 0.000000000000000000e+00 2.652915951195681799e-01 0.000000000000000000e+00
0.000000000000000000e+00 1.000000000000000000e+00 5.724256743209346077e-01 0.000000000000000000e+00 2.640872921625078695e-01 0.000000000000000000e+00
0.000000000000000000e+00 1.000000000000000000e+00 6.075372246967416512e-01 0.000000000000000000e+00 3.977384164491227780e-01 0.000000000000000000e+00
0.000000000000000000e+00 1.000000000000000000e+00 6.620881578955268854e-01 0.000000000000000000e+00 3.310817348658270376e-01 0.000000000000000000e+00
0.000000000000000000e+00 1.000000000000000000e+00 7.811730597197927839e-01 0.000000000000000000e+00 7.460622095030190470e-01 0.000000000000000000e+00
0.000000000000000000e+00 1.000000000000000000e+00 7.852134321344002021e-01 0.000000000000000000e+00 7.148983720970555344e-01 0.000000000000000000e+00
2.338597298958676185e-01 1.000000000000000000e+00 9.489446649158045366e-01 0.000000000000000000e+00 1.000000000000000000e+00 0.000000000000000000e+00
0.000000000000000000e+00 1.000000000000000000e+00 8.135232431148616827e-01 0.000000000000000000e+00 6.428696347478891626e-01 0.000000000000000000e+00
1.689651711138661638e-01 1.000000000000000000e+00 1.000000000000000000e+00 0.000000000000000000e+00 9.650287182510933759e-01 0.000000000000000000e+00
0.000000000000000000e+00 1.000000000000000000e+00 8.798641209435666966e-01 0.000000000000000000e+00 6.252401077887866920e-01 0.000000000000000000e+00
0.000000000000000000e+00 1.000000000000000000e+00 8.351409264960063528e-01 0.000000000000000000e+00 4.067811646910899359e-01 0.000000000000000000e+00
0.000000000000000000e+00 1.000000000000000000e+00 9.075996384546395346e-01 0.000000000000000000e+00 5.476400253735044243e-01 0.000000000000000000e+00
0.000000000000000000e+00 1.000000000000000000e+00 9.131528180976615783e-01 0.000000000000000000e+00 5.561583998478674129e-01 0.000000000000000000e+00
0.000000000000000000e+00 1.000000000000000000e+00 8.333110984751409545e-01 0.000000000000000000e+00 7.286596395902925627e-01 0.000000000000000000e+00
0.000000000000000000e+00 1.000000000000000000e+00 8.119452202240873273e-01 0.000000000000000000e+00 7.448267423101058160e-01 0.000000000000000000e+00
0.000000000000000000e+00 1.000000000000000000e+00 8.104886620166763533e-01 0.000000000000000000e+00 7.400579993125470102e-01 0.000000000000000000e+00
0.000000000000000000e+00 1.000000000000000000e+00 8.054424123493163501e-01 0.000000000000000000e+00 7.376028792231175135e-01 0.000000000000000000e+00
0.000000000000000000e+00 1.000000000000000000e+00 7.839997556668282241e-01 0.000000000000000000e+00 6.909986459970723915e-01 0.000000000000000000e+00
0.000000000000000000e+00 1.000000000000000000e+00 7.947875264175189303e-01 0.000000000000000000e+00 6.932458190545279786e-01 0.000000000000000000e+00
0.000000000000000000e+00 1.000000000000000000e+00 7.778783693569535362e-01 0.000000000000000000e+00 6.536709879247706301e-01 0.000000000000000000e+00
0.000000000000000000e+00 1.000000000000000000e+00 7.837246876726232658e-01 0.000000000000000000e+00 6.592421999642134045e-01 0.000000000000000000e+00
0.000000000000000000e+00 1.000000000000000000e+00 8.010452833652759175e-01 0.000000000000000000e+00 6.298168540914986790e-01 0.000000000000000000e+00
0.000000000000000000e+00 1.000000000000000000e+00 8.136475450662360442e-01 0.000000000000000000e+00 6.404471265731902507e-01 0.000000000000000000e+00
0.000000000000000000e+00 1.000000000000000000e+00 8.180158978401406156e-01 0.000000000000000000e+00 6.427549233932950967e-01 0.000000000000000000e+00
0.000000000000000000e+00 1.000000000000000000e+00 8.811019904995074370e-01 0.000000000000000000e+00 6.888026213379404572e-01 0.000000000000000000e+00
0.000000000000000000e+00 1.000000000000000000e+00 8.888106733273739568e-01 0.000000000000000000e+00 7.077072951653555766e-01 0.000000000000000000e+00
0.000000000000000000e+00 1.000000000000000000e+00 7.662670661849615428e-01 0.000000000000000000e+00 6.071926541338250605e-01 0.000000000000000000e+00
0.000000000000000000e+00 1.000000000000000000e+00 7.670654939042289566e-01 0.000000000000000000e+00 6.515769877992527714e-01 0.000000000000000000e+00
0.000000000000000000e+00 1.000000000000000000e+00 7.010476219025644218e-01 0.000000000000000000e+00 6.801728106477038516e-01 0.000000000000000000e+00
0.000000000000000000e+00 1.000000000000000000e+00 6.185869456828496649e-01 0.000000000000000000e+00 5.903929136290450019e-01 0.000000000000000000e+00
0.000000000000000000e+00 1.000000000000000000e+00 6.272271597038370228e-01 0.000000000000000000e+00 5.991522389060782716e-01 0.000000000000000000e+00
0.000000000000000000e+00 1.000000000000000000e+00 7.835268265438304347e-01 0.000000000000000000e+00 7.454311128265024289e-01 0.000000000000000000e+00
0.000000000000000000e+00 1.000000000000000000e+00 9.666108659310799212e-01 0.000000000000000000e+00 8.724434239555420856e-01 0.000000000000000000e+00
0.000000000000000000e+00 1.000000000000000000e+00 1.000000000000000000e+00 0.000000000000000000e+00 9.371937588903115346e-01 0.000000000000000000e+00
0.000000000000000000e+00 1.000000000000000000e+00 1.000000000000000000e+00 0.000000000000000000e+00 9.910164342451679431e-01 0.000000000000000000e+00
0.000000000000000000e+00 1.000000000000000000e+00 1.000000000000000000e+00 0.000000000000000000e+00 9.986198660526111048e-01 0.000000000000000000e+00
0.000000000000000000e+00 1.000000000000000000e+00 1.000000000000000000e+00 0.000000000000000000e+00 1.000000000000000000e+00 0.000000000000000000e+00
0.000000000000000000e+00 1.000000000000000000e+00 1.000000000000000000e+00 0.000000000000000000e+00 1.000000000000000000e+00 0.000000000000000000e+00
0.000000000000000000e+00 1.000000000000000000e+00 1.000000000000000000e+00 0.000000000000000000e+00 1.000000000000000000e+00 0.000000000000000000e+00
0.000000000000000000e+00 1.000000000000000000e+00 1.000000000000000000e+00 0.000000000000000000e+00 1.000000000000000000e+00 0.000000000000000000e+00
0.000000000000000000e+00 1.000000000000000000e+00 1.000000000000000000e+00 0.000000000000000000e+00 1.000000000000000000e+00 0.000000000000000000e+00
0.000000000000000000e+00 1.000000000000000000e+00 1.000000000000000000e+00 0.000000000000000000e+00 1.000000000000000000e+00 0.000000000000000000e+00
0.000000000000000000e+00 1.000000000000000000e+00 9.913022130307709290e-01 0.000000000000000000e+00 1.000000000000000000e+00 0.000000000000000000e+00
0.000000000000000000e+00 1.000000000000000000e+00 1.000000000000000000e+00 0.000000000000000000e+00 1.000000000000000000e+00 0.000000000000000000e+00
0.000000000000000000e+00 1.000000000000000000e+00 1.000000000000000000e+00 0.000000000000000000e+00 1.000000000000000000e+00 0.000000000000000000e+00
7.332937188840844833e-02 1.000000000000000000e+00 1.000000000000000000e+00 0.000000000000000000e+00 1.000000000000000000e+00 0.000000000000000000e+00
6.883656870332277578e-02 1.000000000000000000e+00 1.000000000000000000e+00 0.000000000000000000e+00 1.000000000000000000e+00 0.000000000000000000e+00
1.233107142415048457e-01 1.000000000000000000e+00 1.000000000000000000e+00 0.000000000000000000e+00 1.000000000000000000e+00 0.000000000000000000e+00
1.116604320914313386e-01 1.000000000000000000e+00 1.000000000000000000e+00 0.000000000000000000e+00 1.000000000000000000e+00 0.000000000000000000e+00
1.566358609643415944e-01 1.000000000000000000e+00 1.000000000000000000e+00 0.000000000000000000e+00 1.000000000000000000e+00 0.000000000000000000e+00
1.740387095338070678e-01 1.000000000000000000e+00 1.000000000000000000e+00 0.000000000000000000e+00 1.000000000000000000e+00 0.000000000000000000e+00
1.895379133101307567e-01 1.000000000000000000e+00 1.000000000000000000e+00 0.000000000000000000e+00 1.000000000000000000e+00 0.000000000000000000e+00
1.877013942713755268e-01 1.000000000000000000e+00 1.000000000000000000e+00 0.000000000000000000e+00 1.000000000000000000e+00 0.000000000000000000e+00
1.812294756795435058e-01 1.000000000000000000e+00 1.000000000000000000e+00 0.000000000000000000e+00 1.000000000000000000e+00 0.000000000000000000e+00
1.342306062057055105e-01 1.000000000000000000e+00 1.000000000000000000e+00 0.000000000000000000e+00 1.000000000000000000e+00 0.000000000000000000e+00
1.731896566632732670e-01 1.000000000000000000e+00 1.000000000000000000e+00 0.000000000000000000e+00 1.000000000000000000e+00 0.000000000000000000e+00
1.741992201455480893e-01 1.000000000000000000e+00 1.000000000000000000e+00 0.000000000000000000e+00 1.000000000000000000e+00 0.000000000000000000e+00
1.666675067967983148e-01 1.000000000000000000e+00 1.000000000000000000e+00 0.000000000000000000e+00 1.000000000000000000e+00 0.000000000000000000e+00
2.071303591013801126e-01 1.000000000000000000e+00 1.000000000000000000e+00 0.000000000000000000e+00 1.000000000000000000e+00 0.000000000000000000e+00
2.646516359886220138e-01 1.000000000000000000e+00 1.000000000000000000e+00 0.000000000000000000e+00 1.000000000000000000e+00 0.000000000000000000e+00
7.186997586383796210e-02 1.000000000000000000e+00 1.000000000000000000e+00 0.000000000000000000e+00 1.000000000000000000e+00 0.000000000000000000e+00
1.024581126716865576e-01 1.000000000000000000e+00 1.000000000000000000e+00 0.000000000000000000e+00 1.000000000000000000e+00 0.000000000000000000e+00
8.607344124201346536e-02 1.000000000000000000e+00 1.000000000000000000e+00 0.000000000000000000e+00 1.000000000000000000e+00 0.000000000000000000e+00
0.000000000000000000e+00 1.000000000000000000e+00 9.544369416358334801e-01 0.000000000000000000e+00 1.000000000000000000e+00 0.000000000000000000e+00
2.846873019871081767e-01 1.000000000000000000e+00 1.000000000000000000e+00 0.000000000000000000e+00 1.000000000000000000e+00 0.000000000000000000e+00
2.864720538064806643e-01 1.000000000000000000e+00 1.000000000000000000e+00 0.000000000000000000e+00 1.000000000000000000e+00 0.000000000000000000e+00
2.924900881206566883e-01 1.000000000000000000e+00 1.000000000000000000e+00 0.000000000000000000e+00 1.000000000000000000e+00 0.000000000000000000e+00
2.970859756381887262e-01 1.000000000000000000e+00 1.000000000000000000e+00 0.000000000000000000e+00 1.000000000000000000e+00 0.000000000000000000e+00
3.056491638147144085e-01 1.000000000000000000e+00 1.000000000000000000e+00 0.000000000000000000e+00 1.000000000000000000e+00 0.000000000000000000e+00
3.067060511614124740e-01 1.000000000000000000e+00 1.000000000000000000e+00 0.000000000000000000e+00 1.000000000000000000e+00 0.000000000000000000e+00
2.851343867805532506e-01 1.000000000000000000e+00 1.000000000000000000e+00 0.000000000000000000e+00 1.000000000000000000e+00 0.000000000000000000e+00
3.047483441841571938e-01 1.000000000000000000e+00 1.000000000000000000e+00 0.000000000000000000e+00 1.000000000000000000e+00 0.000000000000000000e+00
1.872301820404949635e-01 1.000000000000000000e+00 1.000000000000000000e+00 0.000000000000000000e+00 1.000000000000000000e+00 0.000000000000000000e+00
1.963244406788291485e-01 1.000000000000000000e+00 1.000000000000000000e+00 0.000000000000000000e+00 1.000000000000000000e+00 0.000000000000000000e+00
1.331721738144436007e-01 1.000000000000000000e+00 1.000000000000000000e+00 0.000000000000000000e+00 1.000000000000000000e+00 0.000000000000000000e+00
2.053181293483857806e-01 1.000000000000000000e+00 1.000000000000000000e+00 0.000000000000000000e+00 1.000000000000000000e+00 0.000000000000000000e+00
2.174391015147963402e-01 1.000000000000000000e+00 1.000000000000000000e+00 0.000000000000000000e+00 1.000000000000000000e+00 0.000000000000000000e+00
