7.617473602294921875e-03 9.688103795051574707e-01 8.167228698730468750e-01 1.200360059738159180e-02 7.347470521926879883e-01 9.083864092826843262e-01
3.730493783950805664e-02 1.228046417236328125e-02 8.691245913505554199e-01 6.052855253219604492e-01 9.430498480796813965e-01 6.352513432502746582e-01
7.297682762145996094e-02 3.234502673149108887e-01 6.270800232887268066e-01 7.528492212295532227e-01 1.795691251754760742e-01 7.109583616256713867e-01
9.660277962684631348e-01 1.155302524566650391e-01 8.673853874206542969e-01 5.825061798095703125e-01 5.619812011718750000e-01 7.928469181060791016e-01
2.624307274818420410e-01 7.993173599243164062e-01 1.007637381553649902e-01 9.789738655090332031e-01 5.374711751937866211e-01 1.950116157531738281e-01
4.498350620269775391e-01 1.811722517013549805e-01 2.240544557571411133e-01 7.505862712860107422e-01 5.976619124412536621e-01 9.759511947631835938e-01
5.403327345848083496e-01 7.215207219123840332e-01 8.045985698699951172e-01 9.933840036392211914e-01 4.135906100273132324e-01 2.459157109260559082e-01
9.186757802963256836e-01 8.366351723670959473e-01 1.511618494987487793e-01 7.428050041198730469e-03 4.677331447601318359e-02 6.387742757797241211e-01
3.917711973190307617e-01 6.451303362846374512e-01 9.307546019554138184e-01 2.481142282485961914e-01 5.622439980506896973e-01 7.128289341926574707e-01
7.515733242034912109e-01 2.858943343162536621e-01 7.046690583229064941e-01 5.811895132064819336e-01 1.647795438766479492e-01 1.435984373092651367e-01
9.424710273742675781e-01 1.262274570763111115e-02 9.827004671096801758e-01 1.000000000000000000e+00 1.000000000000000000e+00 3.045918978750705719e-02
3.327528536319732666e-01 2.435223758220672607e-01 2.169812768697738647e-01 5.286920070648193359e-01 9.807791113853454590e-01 3.946634531021118164e-01
9.809125065803527832e-01 9.966867566108703613e-01 7.076773047447204590e-01 9.491423964500427246e-01 9.336739182472229004e-01 5.267818570137023926e-01
6.585059762001037598e-01 8.706175088882446289e-01 7.775220274925231934e-01 7.761326432228088379e-01 6.267208456993103027e-01 6.724564731121063232e-02
7.351766526699066162e-02 6.794362515211105347e-02 9.002918601036071777e-01 9.684299230575561523e-01 6.195749044418334961e-01 2.245059609413146973e-01
1.638109982013702393e-01 3.656887635588645935e-02 5.490351319313049316e-01 1.482477635145187378e-01 8.948400020599365234e-01 8.523263931274414062e-01
8.646371960639953613e-02 3.707562759518623352e-02 1.692152917385101318e-01 9.222092628479003906e-01 9.705157279968261719e-01 7.371153831481933594e-01
5.689585804939270020e-01 9.398116469383239746e-01 1.516277194023132324e-01 4.149781763553619385e-01 7.790075242519378662e-02 1.694075614213943481e-01
3.980975747108459473e-01 7.059533894062042236e-02 5.367665290832519531e-01 1.821267306804656982e-01 5.907966494560241699e-01 1.870504617691040039e-01
2.812469005584716797e-01 5.720264315605163574e-01 7.747686505317687988e-01 6.852549910545349121e-01 9.270403981208801270e-01 1.047296598553657532e-01
6.581920385360717773e-01 9.067294001579284668e-01 2.612168490886688232e-01 9.093353748321533203e-01 2.359305471181869507e-01 7.294793725013732910e-01
3.586080968379974365e-01 8.717244267463684082e-01 6.264184713363647461e-01 9.008397459983825684e-01 7.071866393089294434e-01 8.623280525207519531e-01
1.748679429292678833e-01 6.396371722221374512e-01 1.000000000000000000e+00 9.796062111854553223e-01 1.136663928627967834e-01 7.729536294937133789e-02
9.179258346557617188e-01 6.493341922760009766e-01 6.635525822639465332e-01 9.747044444084167480e-01 2.964322566986083984e-01 0.000000000000000000e+00
8.194749355316162109e-01 5.481498837471008301e-01 6.416503787040710449e-01 9.675871729850769043e-01 5.021369457244873047e-01 2.174908667802810669e-01
4.919702187180519104e-02 1.893923059105873108e-02 7.843461632728576660e-01 7.168176174163818359e-01 9.007216095924377441e-01 5.152900218963623047e-01
9.564612507820129395e-01 2.184004150331020355e-02 1.820765733718872070e-01 1.787532269954681396e-01 8.309492468833923340e-01 0.000000000000000000e+00
2.141520008444786072e-02 4.796428978443145752e-02 9.280430525541305542e-02 4.564805626869201660e-01 9.749151468276977539e-01 3.202253207564353943e-02
7.218827009201049805e-01 9.204605817794799805e-01 1.501302868127822876e-01 9.436103701591491699e-01 1.485469490289688110e-01 2.918788790702819824e-01
3.764188885688781738e-01 6.922939419746398926e-01 7.338293790817260742e-01 7.033154368400573730e-01 8.840629458427429199e-01 1.648628264665603638e-01
8.896573781967163086e-01 4.926453903317451477e-02 5.876997709274291992e-01 8.387026935815811157e-02 5.869571119546890259e-02 4.374968409538269043e-01
2.591923773288726807e-01 8.742359876632690430e-01 0.000000000000000000e+00 9.183373451232910156e-01 7.007154226303100586e-01 8.144264817237854004e-01
6.012133955955505371e-01 9.780196547508239746e-01 1.305879801511764526e-01 9.968234598636627197e-02 9.923338294029235840e-01 1.120092496275901794e-01
9.551631808280944824e-01 8.604366779327392578e-01 8.942410349845886230e-01 9.690227508544921875e-01 1.612206399440765381e-01 9.731510281562805176e-01
2.159097045660018921e-01 1.663172990083694458e-02 9.049469232559204102e-01 2.575168311595916748e-01 9.465866684913635254e-01 1.833645105361938477e-01
2.400948852300643921e-01 8.045477867126464844e-01 0.000000000000000000e+00 9.768236279487609863e-01 5.599491596221923828e-01 2.024068981409072876e-01
1.450972855091094971e-01 5.595773831009864807e-02 1.362121999263763428e-01 1.536114364862442017e-01 8.567955493927001953e-01 1.000000000000000000e+00
5.779975056648254395e-01 7.404352426528930664e-01 1.247018426656723022e-01 9.796398282051086426e-01 9.511472582817077637e-01 8.038298040628433228e-02
6.185884475708007812e-01 7.011894583702087402e-01 1.000000000000000000e+00 9.862812757492065430e-01 4.000872075557708740e-01 2.505752146244049072e-01
1.337547153234481812e-01 3.342411667108535767e-02 7.962039709091186523e-01 2.943259179592132568e-01 9.296892285346984863e-01 4.021836817264556885e-01
8.822609186172485352e-01 6.688689440488815308e-02 5.219396576285362244e-02 9.491307735443115234e-01 2.942616678774356842e-02 9.552164077758789062e-01
0.000000000000000000e+00 9.339847564697265625e-01 1.171795502305030823e-01 9.807603955268859863e-01 8.847517967224121094e-01 2.182460129261016846e-01
8.507506549358367920e-02 8.686847239732742310e-02 3.022584021091461182e-01 5.335741043090820312e-01 9.444444179534912109e-01 8.183694630861282349e-02
2.472985722124576569e-02 8.358045481145381927e-03 9.455686807632446289e-01 8.496972322463989258e-01 9.697651267051696777e-01 7.953905463218688965e-01
9.022808820009231567e-02 4.142374545335769653e-02 0.000000000000000000e+00 9.251888990402221680e-01 9.698233604431152344e-01 7.186439037322998047e-01
9.617620147764682770e-03 1.903318315744400024e-01 9.585530757904052734e-01 4.406563639640808105e-01 1.000000000000000000e+00 6.656082868576049805e-01
1.277084648609161377e-01 3.052753508090972900e-01 8.310865163803100586e-01 5.084940195083618164e-01 9.664908051490783691e-01 5.910999774932861328e-01
9.812704920768737793e-01 1.125285699963569641e-01 9.887984991073608398e-01 9.606904387474060059e-01 8.257558196783065796e-02 9.150221347808837891e-01
9.120618104934692383e-01 5.973106622695922852e-02 1.499069333076477051e-01 7.557939291000366211e-01 2.758132666349411011e-02 9.023969173431396484e-01
4.457646310329437256e-01 1.650274693965911865e-01 3.738271594047546387e-01 1.935761570930480957e-01 3.829777240753173828e-01 1.616393178701400757e-01
3.379894196987152100e-01 4.265911579132080078e-01 3.182623088359832764e-01 7.493374347686767578e-01 9.328064322471618652e-01 1.986502110958099365e-01
8.689219951629638672e-01 4.796032980084419250e-02 6.402452588081359863e-01 0.000000000000000000e+00 8.130592107772827148e-02 3.366588652133941650e-01
8.042147010564804077e-02 2.709515988826751709e-01 8.341102004051208496e-01 5.250376462936401367e-01 9.283336997032165527e-01 6.014324426651000977e-01
2.702353000640869141e-01 2.039097622036933899e-02 9.907867908477783203e-01 3.320937454700469971e-01 7.790337204933166504e-01 1.792906671762466431e-01
5.126927420496940613e-02 1.659952290356159210e-02 9.369152784347534180e-01 5.827706307172775269e-02 9.626527428627014160e-01 7.156794667243957520e-01
1.000000000000000000e+00 8.547809720039367676e-01 8.898445963859558105e-01 7.903746962547302246e-01 1.392252743244171143e-01 9.805809259414672852e-01
1.000000000000000000e+00 2.250641770660877228e-02 2.775530219078063965e-01 3.703465759754180908e-01 8.553291559219360352e-01 0.000000000000000000e+00
7.231593728065490723e-01 9.672462940216064453e-02 5.655072927474975586e-01 1.768063008785247803e-01 8.210061788558959961e-01 8.906179070472717285e-01
5.910468101501464844e-01 9.845612049102783203e-01 1.221963316202163696e-01 0.000000000000000000e+00 9.951087236404418945e-01 1.152883321046829224e-01
0.000000000000000000e+00 2.209357470273971558e-01 6.329872012138366699e-01 0.000000000000000000e+00 1.430191248655319214e-01 6.493830084800720215e-01
1.281242258846759796e-02 2.580516338348388672e-01 6.071266531944274902e-01 1.891773641109466553e-01 0.000000000000000000e+00 6.841834783554077148e-01
1.286204904317855835e-01 3.243719041347503662e-02 7.656349539756774902e-01 0.000000000000000000e+00 9.054956436157226562e-01 6.240101456642150879e-01
5.232537984848022461e-01 9.450315237045288086e-01 1.259209364652633667e-01 7.567580789327621460e-02 0.000000000000000000e+00 1.430718898773193359e-01
1.680885255336761475e-01 2.334698438644409180e-01 6.029531955718994141e-01 1.408203244209289551e-01 0.000000000000000000e+00 6.591365933418273926e-01
8.264076113700866699e-01 1.343821436166763306e-01 8.846775293350219727e-01 8.618131875991821289e-01 7.747750729322433472e-02 8.787291646003723145e-01
4.475224390625953674e-02 1.656507514417171478e-02 8.741311430931091309e-01 1.000000000000000000e+00 9.423362016677856445e-01 7.726479768753051758e-01
3.351804018020629883e-01 1.118006464093923569e-02 1.000000000000000000e+00 4.417845979332923889e-02 7.446298599243164062e-01 1.687772125005722046e-01
1.010751575231552124e-01 4.951975122094154358e-02 7.597386240959167480e-01 7.740587592124938965e-01 8.493947982788085938e-01 7.974097728729248047e-01
9.349421858787536621e-01 9.864963889122009277e-01 2.442117780447006226e-01 9.073525071144104004e-01 9.741768836975097656e-01 8.662593960762023926e-01
7.844773121178150177e-03 9.487511515617370605e-01 1.225271299481391907e-01 8.447009325027465820e-01 8.941379785537719727e-01 2.265041470527648926e-01
4.144499823451042175e-02 4.240190982818603516e-01 9.601708501577377319e-02 5.987108349800109863e-01 9.691286087036132812e-01 4.062034189701080322e-01
2.944255769252777100e-01 1.181830167770385742e-01 1.832488477230072021e-01 0.000000000000000000e+00 8.664864301681518555e-01 5.699785947799682617e-01
6.423501968383789062e-01 8.958660364151000977e-01 1.152264922857284546e-01 6.605013608932495117e-01 9.805384874343872070e-01 8.652233332395553589e-02
1.000000000000000000e+00 7.519310712814331055e-02 5.916971564292907715e-01 0.000000000000000000e+00 8.107200860977172852e-01 9.141811728477478027e-01
8.776576519012451172e-01 9.490654468536376953e-01 9.715287685394287109e-01 9.654097557067871094e-01 1.365291178226470947e-01 2.559610083699226379e-02
2.147590965032577515e-01 3.444156795740127563e-02 6.105344295501708984e-01 0.000000000000000000e+00 9.001793265342712402e-01 1.000000000000000000e+00
2.541941218078136444e-02 9.950690269470214844e-01 1.497545838356018066e-01 3.039817512035369873e-01 9.182299971580505371e-01 2.408034354448318481e-01
2.356104254722595215e-01 1.814051717519760132e-01 6.253457069396972656e-01 0.000000000000000000e+00 0.000000000000000000e+00 1.000000000000000000e+00
1.000000000000000000e+00 1.167026981711387634e-01 9.391269087791442871e-01 7.332878112792968750e-01 4.764239192008972168e-01 8.383648991584777832e-01
9.316024184226989746e-01 9.915558099746704102e-01 2.454038560390472412e-01 7.647951245307922363e-01 9.872314333915710449e-01 7.679485678672790527e-01
9.791492819786071777e-01 7.753647118806838989e-02 6.039479970932006836e-01 0.000000000000000000e+00 8.120735287666320801e-01 7.276521921157836914e-01
2.884124638512730598e-03 1.274671498686075211e-02 1.000000000000000000e+00 2.296763956546783447e-01 1.000000000000000000e+00 5.050066709518432617e-01
2.619100809097290039e-01 2.014363408088684082e-01 6.295733451843261719e-01 2.668456137180328369e-01 3.246088698506355286e-02 1.000000000000000000e+00
6.226016953587532043e-02 9.433628916740417480e-01 9.095670282840728760e-02 9.408761858940124512e-01 2.988187372684478760e-01 9.462479352951049805e-01
1.273725777864456177e-01 3.912513703107833862e-02 2.794764339923858643e-01 4.740388095378875732e-01 9.081398248672485352e-01 1.000000000000000000e+00
1.664905101060867310e-01 8.675030469894409180e-01 9.390166401863098145e-01 8.932139277458190918e-01 8.890730738639831543e-01 3.164696991443634033e-01
7.283861190080642700e-02 2.927424609661102295e-01 6.129853129386901855e-01 5.177595019340515137e-01 6.283581256866455078e-02 7.156812548637390137e-01
5.464392155408859253e-02 3.738151788711547852e-01 9.262085556983947754e-01 9.562278389930725098e-01 9.673686027526855469e-01 5.188286304473876953e-01
1.901251450181007385e-02 2.465867549180984497e-01 6.313225626945495605e-01 2.216778099536895752e-01 1.731552928686141968e-01 6.680499315261840820e-01
9.363927841186523438e-01 1.320434920489788055e-02 9.324340224266052246e-01 8.882278800010681152e-01 9.769729971885681152e-01 5.863593518733978271e-02
2.303739637136459351e-01 8.276486992835998535e-01 8.834953308105468750e-01 8.336418271064758301e-01 8.110554218292236328e-01 4.610664546489715576e-01
1.658940105699002743e-03 6.060504540801048279e-02 9.695481657981872559e-01 0.000000000000000000e+00 9.829092621803283691e-01 3.741190135478973389e-01
9.227950572967529297e-01 6.219172105193138123e-02 7.421079277992248535e-01 3.387977182865142822e-01 8.288014531135559082e-01 3.635044097900390625e-01
3.376296460628509521e-01 7.972218096256256104e-02 5.030149221420288086e-01 0.000000000000000000e+00 6.596291065216064453e-01 1.479493379592895508e-01
1.668037921190261841e-01 6.365947723388671875e-01 1.000000000000000000e+00 8.546845316886901855e-01 1.117733567953109741e-01 7.365512102842330933e-02
1.501450091600418091e-01 6.198558807373046875e-01 9.890829920768737793e-01 3.869546353816986084e-01 9.991850703954696655e-02 4.577154293656349182e-02
1.674501746892929077e-01 6.452592462301254272e-02 1.199630126357078552e-01 0.000000000000000000e+00 8.223083615303039551e-01 9.665562510490417480e-01
2.987255575135350227e-03 0.000000000000000000e+00 1.000000000000000000e+00 4.135541021823883057e-01 1.000000000000000000e+00 7.128211259841918945e-01
0.000000000000000000e+00 2.080698460340499878e-01 8.074774742126464844e-01 3.522025942802429199e-01 5.895926356315612793e-01 3.614855408668518066e-01
9.547804296016693115e-02 4.313221573829650879e-01 7.764406204223632812e-01 1.000000000000000000e+00 8.833875656127929688e-01 4.664544165134429932e-01
8.785144090652465820e-01 1.000000000000000000e+00 2.063640952110290527e-01 4.071921110153198242e-01 9.984233975410461426e-01 5.713650584220886230e-01
6.452203392982482910e-01 1.140657812356948853e-01 5.384432077407836914e-01 2.450437247753143311e-01 8.261550068855285645e-01 6.596657633781433105e-01
1.946179121732711792e-01 8.658155053853988647e-02 1.207231432199478149e-01 1.116540879011154175e-01 8.685846328735351562e-01 8.216812610626220703e-01
8.937209844589233398e-02 3.648592233657836914e-01 6.588754057884216309e-01 1.000000000000000000e+00 2.267940193414688110e-01 6.071958541870117188e-01
9.998221397399902344e-01 5.479563400149345398e-02 6.023181676864624023e-01 0.000000000000000000e+00 8.400041460990905762e-01 4.018103778362274170e-01
4.448221623897552490e-01 6.621024608612060547e-01 7.306030988693237305e-01 6.994451880455017090e-01 5.869491100311279297e-01 7.385323643684387207e-01
1.000000000000000000e+00 8.448232710361480713e-02 5.783762335777282715e-01 1.388735771179199219e-01 7.714853882789611816e-01 8.256184458732604980e-01
4.854232445359230042e-02 1.536685694009065628e-02 9.270444512367248535e-01 1.000000000000000000e+00 9.607908129692077637e-01 1.000000000000000000e+00
0.000000000000000000e+00 1.590011715888977051e-01 4.862702190876007080e-01 2.015017271041870117e-01 0.000000000000000000e+00 0.000000000000000000e+00
7.870471477508544922e-01 8.589187264442443848e-02 4.113069176673889160e-01 0.000000000000000000e+00 8.314812779426574707e-01 8.275352120399475098e-01
