1.443139910697937012e-01 8.461898565292358398e-02 3.445040583610534668e-01 3.773323893547058105e-01
7.051705121994018555e-01 3.727328777313232422e-01 1.958972811698913574e-01 4.433007836341857910e-01
6.946154832839965820e-01 5.921542644500732422e-01 5.454427003860473633e-01 7.132441997528076172e-01
2.337390780448913574e-01 5.276783704757690430e-01 7.817265391349792480e-01 5.771055221557617188e-01
4.975659847259521484e-01 6.370583772659301758e-01 2.608978748321533203e-01 5.944325327873229980e-01
7.000010609626770020e-01 4.145364165306091309e-01 8.182054162025451660e-01 1.967491507530212402e-01
6.809887886047363281e-01 5.320457220077514648e-01 9.273880720138549805e-01 9.980846047401428223e-01
5.145141482353210449e-01 9.489930272102355957e-01 9.716428518295288086e-01 6.256199479103088379e-01
6.366133689880371094e-03 8.910123705863952637e-01 6.960612535476684570e-02 2.724007964134216309e-01
3.352339267730712891e-01 8.284009695053100586e-01 4.037237763404846191e-01 3.477893471717834473e-01
0.000000000000000000e+00 0.000000000000000000e+00 1.000000000000000000e+00 1.000000000000000000e+00
0.000000000000000000e+00 1.000000000000000000e+00 8.581542891288752584e-01 0.000000000000000000e+00
7.679977382161510269e-01 1.000000000000000000e+00 0.000000000000000000e+00 0.000000000000000000e+00
1.000000000000000000e+00 0.000000000000000000e+00 0.000000000000000000e+00 1.000000000000000000e+00
1.874255256818475358e-03 1.000000000000000000e+00 1.000000000000000000e+00 0.000000000000000000e+00
0.000000000000000000e+00 0.000000000000000000e+00 0.000000000000000000e+00 0.000000000000000000e+00
0.000000000000000000e+00 0.000000000000000000e+00 1.184836612828547159e-01 0.000000000000000000e+00
0.000000000000000000e+00 2.789156115138223535e-02 0.000000000000000000e+00 0.000000000000000000e+00
0.000000000000000000e+00 0.000000000000000000e+00 1.000000000000000000e+00 0.000000000000000000e+00
0.000000000000000000e+00 0.000000000000000000e+00 4.769539421782539868e-02 0.000000000000000000e+00
0.000000000000000000e+00 1.000000000000000000e+00 1.000000000000000000e+00 3.305589535520970790e-01
0.000000000000000000e+00 0.000000000000000000e+00 0.000000000000000000e+00 1.000000000000000000e+00
0.000000000000000000e+00 0.000000000000000000e+00 4.994105854885969725e-02 0.000000000000000000e+00
1.622293667089761138e-01 1.000000000000000000e+00 1.000000000000000000e+00 0.000000000000000000e+00
0.000000000000000000e+00 0.000000000000000000e+00 4.933472615101117120e-02 0.000000000000000000e+00
0.000000000000000000e+00 1.000000000000000000e+00 3.105021911257758727e-01 0.000000000000000000e+00
0.000000000000000000e+00 0.000000000000000000e+00 4.968749081272565843e-02 0.000000000000000000e+00
1.000000000000000000e+00 0.000000000000000000e+00 5.814707067561141196e-01 1.000000000000000000e+00
2.479481989424213526e-03 0.000000000000000000e+00 4.729065931172000969e-02 0.000000000000000000e+00
1.000000000000000000e+00 1.000000000000000000e+00 0.000000000000000000e+00 1.000000000000000000e+00
0.000000000000000000e+00 6.294140840782342927e-01 3.317962078059983333e-01 0.000000000000000000e+00
0.000000000000000000e+00 5.934510052210169029e-01 8.477529363247196525e-02 0.000000000000000000e+00
1.719782968351030519e-02 0.000000000000000000e+00 4.280061859384414608e-02 0.000000000000000000e+00
0.000000000000000000e+00 8.575458208490465140e-01 1.000000000000000000e+00 0.000000000000000000e+00
1.000000000000000000e+00 0.000000000000000000e+00 0.000000000000000000e+00 0.000000000000000000e+00
1.000000000000000000e+00 1.000000000000000000e+00 1.000000000000000000e+00 0.000000000000000000e+00
0.000000000000000000e+00 4.851661493400017400e-01 2.220775863850459331e-01 0.000000000000000000e+00
0.000000000000000000e+00 1.000000000000000000e+00 1.000000000000000000e+00 1.000000000000000000e+00
7.564262965067608535e-02 5.994309680673014507e-01 2.410671217995146720e-01 0.000000000000000000e+00
6.091773537253213355e-01 0.000000000000000000e+00 0.000000000000000000e+00 1.000000000000000000e+00
0.000000000000000000e+00 1.000000000000000000e+00 3.735835952475466959e-01 1.000000000000000000e+00
0.000000000000000000e+00 0.000000000000000000e+00 4.970010822500060127e-02 0.000000000000000000e+00
9.487386494874954224e-01 9.691209979355335236e-01 9.214338343590497971e-01 9.492380358278751373e-01
0.000000000000000000e+00 0.000000000000000000e+00 4.863168123772237256e-02 0.000000000000000000e+00
4.943554205391009759e-02 1.131157924405523652e-02 5.476059754746698260e-02 1.532928757160885169e-01
9.978921180590987206e-01 2.336745401844382286e-01 8.304492849856615067e-02 9.825734021142125130e-01
2.147115394473075867e-02 4.790634596720337868e-01 1.971132010221481323e-01 9.920819550752639771e-01
7.622703127562999725e-01 4.748438484966754913e-03 9.992593051865696907e-01 9.930556742474436760e-01
9.924377873539924622e-01 4.712559748440980911e-02 9.702958026900887489e-01 6.537468880414962769e-01
2.152363080531358719e-01 3.361658565700054169e-02 3.617070801556110382e-01 1.188056543469429016e-02
1.743119768798351288e-02 9.868135675787925720e-01 3.886145539581775665e-03 6.368014030158519745e-03
9.930860130116343498e-01 9.506327081471681595e-01 4.005887536332011223e-01 9.757242258638143539e-02
7.372634476050734520e-01 4.668230740353465080e-01 5.610439246520400047e-01 2.691236119717359543e-01
9.304280672222375870e-01 1.820078333839774132e-01 5.903725754469633102e-01 2.521688751876354218e-01
3.248337972909212112e-01 1.167025230824947357e-02 4.095481820404529572e-01 9.845537273213267326e-01
7.567871464416384697e-01 5.059122610837221146e-01 4.879192607477307320e-01 8.518225457519292831e-01
3.633785750716924667e-01 1.389729790389537811e-02 1.766258571296930313e-02 2.805514447391033173e-02
3.137539662420749664e-01 2.051697755232453346e-01 9.722171071916818619e-02 5.033972533419728279e-01
9.740784624591469765e-01 1.208572834730148315e-02 1.350166182965040207e-02 6.396433338522911072e-01
3.116079885512590408e-02 6.701826555654406548e-01 2.678518816828727722e-01 9.100288897752761841e-02
