-6.746908429890038361e-01
-2.023741476570692921e-01
-1.743315578348014760e+00
-9.387960247230715538e-01
-7.187459875854084190e-01
-4.725906800458061219e-01
-6.455678988885518166e-01
-1.056501911419420070e+00
-6.877812021132976295e-01
-1.594229307303236531e+00
-6.509195048076217294e-01
-8.166154286323044076e-01
-9.375189003804201837e-01
-1.664152851142149669e-01
-1.001036630453730147e+00
-3.319167294513810651e-01
-1.582094812920820770e+00
-1.009246801810730065e-01
-8.391067774874904073e-01
-8.170608282612377149e-01
3.628127369729418072e-01
-1.101836278243679468e+00
-8.889876624556887208e-01
-5.832516018782597511e-01
-7.698177305601924258e-01
3.088283707920918414e-02
-3.430649286955358424e-01
-5.729529908092952928e-01
-3.690084895770035511e-01
-9.214338974188347464e-01
-3.184402096988225850e-01
-6.193052797379545726e-01
-1.194075563915116600e+00
-1.889258523721572880e+00
-2.483602381915912816e-01
-9.834810889222918018e-01
-1.641952522176774121e+00
3.633110190488054309e-02
-2.558618536370112495e-01
-9.388589520143123535e-01
-5.678957676386081621e-01
-5.742062284040614362e-01
-8.747005591801034763e-01
-3.174842067711838300e-01
-3.281395031557714503e-01
-2.543046064991260624e-01
-4.601238432532707701e-01
-3.429116992333646752e-01
-1.182523716459614960e+00
-6.989298626847717522e-01
-7.922952075768864288e-01
8.438530600872622134e-03
-3.897385077812329790e-01
-5.805683608153919817e-01
-5.134295477187825196e-02
-5.131578669481939164e-02
2.270500935549663729e-03
-7.137642775580633758e-01
-3.126856702357944107e-01
-1.021250811394991187e+00
-1.517340687926779230e+00
-8.360393598408465410e-01
-1.749758993872395918e-01
-7.911250971635797047e-01
-3.934441507447279940e-01
1.431158527890048077e-02
-1.500099208197050116e+00
-2.475029038715159668e-01
-9.001255789498576743e-01
-1.334771411853935996e+00
-4.975167903897788069e-01
-1.263348482312303567e+00
-3.798200987865330558e-01
-1.027730401416730999e+00
-1.575882019603835671e+00
-5.040434468415795344e-01
-6.215356265377698364e-01
-8.716767007498802400e-01
-2.184634926591419724e-01
-4.821324629920394900e-01
-1.097650773324721607e+00
-9.993574703254112790e-03
-5.435623186640399229e-01
-4.046644339224211850e-01
-8.223046079657010399e-01
3.565213461653347071e-01
-8.089139580923623285e-01
-1.004640851827657277e-01
-6.852323270354697682e-01
-8.191420976616936578e-01
-4.310173781738779741e-01
-1.084566759483413190e+00
-4.748564340700952013e-01
-8.642370616742394152e-01
5.653205536235135498e-02
-8.175055385772331817e-01
-2.940816371433324083e-01
-3.932855792135113160e-01
-2.534567010416100552e-01
-1.052942782358160301e+00
-4.303526779704425209e-01
-1.027879970105826324e+00
-9.887668825896178681e-01
-3.535662398206022017e-01
-4.554310670336311762e-01
-5.261417324736560042e-02
3.740371032723880940e-01
-4.780975215481038099e-01
9.613423154534561643e-02
-1.289326177382147165e+00
