2.786629796028137207e-01 6.982571482658386230e-01 4.009621143341064453e-01 7.852992415428161621e-01
8.193848729133605957e-01 1.382955312728881836e-01 4.205069541931152344e-01 4.370490312576293945e-01
1.298119425773620605e-01 9.533892869949340820e-01 4.121698141098022461e-01 7.356837987899780273e-01
5.206366777420043945e-01 8.243775963783264160e-01 3.484017848968505859e-01 9.222038984298706055e-01
5.499408245086669922e-01 1.061282157897949219e-01 8.511636257171630859e-01 8.607628941535949707e-01
9.997975826263427734e-02 7.923818230628967285e-01 5.923497676849365234e-01 5.144911408424377441e-01
9.733731746673583984e-01 7.349056601524353027e-01 5.599796772003173828e-02 4.602404236793518066e-01
7.212892770767211914e-01 7.746359109878540039e-01 2.175277471542358398e-02 9.830230474472045898e-01
7.976402640342712402e-01 9.582381248474121094e-01 8.511506915092468262e-01 1.451754570007324219e-01
9.942632317543029785e-01 7.205389142036437988e-01 1.635250449180603027e-01 9.612463116645812988e-01
1.000000000000000000e+00 1.000000000000000000e+00 0.000000000000000000e+00 0.000000000000000000e+00
9.909066668688469859e-01 1.000000000000000000e+00 9.612322965117568729e-03 8.434171221492542392e-02
1.000000000000000000e+00 7.038320190048388270e-01 3.300371337766407369e-04 1.307871533631469971e-07
9.920709777339494773e-01 6.216820090099505203e-01 1.433861476653291479e-02 1.048377220669321624e-01
9.680449192740745445e-01 4.942609509628627662e-01 7.925309301506185122e-02 3.554918704842516264e-01
0.000000000000000000e+00 0.000000000000000000e+00 0.000000000000000000e+00 1.000000000000000000e+00
9.552617672088818956e-01 6.866977034952645997e-01 0.000000000000000000e+00 4.291933188206487754e-02
1.000000000000000000e+00 0.000000000000000000e+00 9.866864419830936317e-01 4.583726889845254893e-01
9.093137498847693179e-01 7.659205306097294219e-01 1.087376067640510452e-01 1.000000000000000000e+00
9.379316658889084168e-01 3.865725250273548408e-01 1.666509794929011412e-01 4.937775967377146524e-01
9.802989932478809454e-01 5.978971882528886228e-01 4.201914482264195588e-02 3.035830153667332110e-01
9.885902248782002522e-01 9.773470581614799313e-01 2.174077462026412569e-02 7.955075197003663723e-01
9.890854367363658417e-01 7.682108404239227362e-01 1.776181993596893244e-02 1.047322783953204273e-01
9.994732604379180652e-01 5.894649779837225489e-01 4.568876565421680323e-03 0.000000000000000000e+00
9.686058998098561190e-01 3.463899696882680734e-01 1.661878031334053374e-01 8.017088518069445668e-02
1.000000000000000000e+00 6.005935629422274324e-01 0.000000000000000000e+00 1.786145766943053256e-02
1.000000000000000000e+00 3.290818540300264883e-01 2.570650878970835523e-04 5.596978517836434519e-02
9.859631371455557236e-01 0.000000000000000000e+00 3.470501745479338818e-02 7.267400350272935905e-02
8.798614105948859843e-01 8.824419517488457654e-01 5.410370550068858142e-01 1.264207803207527681e-01
9.532070983812649390e-01 4.506454541984026285e-01 3.437298262992345421e-01 8.409931775248877250e-02
8.666727416808722717e-01 8.150135448372310965e-01 6.341634055681193427e-01 1.233488116735617507e-01
7.615514417384136037e-01 9.558851722972525611e-01 1.000000000000000000e+00 1.499279558008218549e-01
9.272546182170652296e-01 8.344636647674417151e-01 3.437866072270469031e-01 1.145328187395414088e-01
8.967423383497499234e-01 6.533145873691912353e-01 5.826672043647608268e-01 1.095910790365945547e-01
9.966076087493704883e-01 7.631033005940007774e-01 9.035806281269687101e-01 1.000000000000000000e+00
