9.733731746673583984e-01 7.349056601524353027e-01 5.599796772003173828e-02 4.602404236793518066e-01
9.733731746673583984e-01 7.349056601524353027e-01 5.599796772003173828e-02 4.602404236793518066e-01
9.733731746673583984e-01 7.349056601524353027e-01 5.599796772003173828e-02 4.602404236793518066e-01
1.000000000000000000e+00 7.038320190048388270e-01 3.300371337766407369e-04 1.307871533631469971e-07
1.000000000000000000e+00 7.038320190048388270e-01 3.300371337766407369e-04 1.307871533631469971e-07
1.000000000000000000e+00 7.038320190048388270e-01 3.300371337766407369e-04 1.307871533631469971e-07
1.000000000000000000e+00 7.038320190048388270e-01 3.300371337766407369e-04 1.307871533631469971e-07
1.000000000000000000e+00 7.038320190048388270e-01 3.300371337766407369e-04 1.307871533631469971e-07
1.000000000000000000e+00 7.038320190048388270e-01 3.300371337766407369e-04 1.307871533631469971e-07
1.000000000000000000e+00 7.038320190048388270e-01 3.300371337766407369e-04 1.307871533631469971e-07
1.000000000000000000e+00 7.038320190048388270e-01 3.300371337766407369e-04 1.307871533631469971e-07
1.000000000000000000e+00 7.038320190048388270e-01 3.300371337766407369e-04 1.307871533631469971e-07
1.000000000000000000e+00 7.038320190048388270e-01 3.300371337766407369e-04 1.307871533631469971e-07
1.000000000000000000e+00 7.038320190048388270e-01 3.300371337766407369e-04 1.307871533631469971e-07
9.994732604379180652e-01 5.894649779837225489e-01 4.568876565421680323e-03 0.000000000000000000e+00
9.994732604379180652e-01 5.894649779837225489e-01 4.568876565421680323e-03 0.000000000000000000e+00
9.994732604379180652e-01 5.894649779837225489e-01 4.568876565421680323e-03 0.000000000000000000e+00
9.994732604379180652e-01 5.894649779837225489e-01 4.568876565421680323e-03 0.000000000000000000e+00
9.994732604379180652e-01 5.894649779837225489e-01 4.568876565421680323e-03 0.000000000000000000e+00
9.994732604379180652e-01 5.894649779837225489e-01 4.568876565421680323e-03 0.000000000000000000e+00
9.994732604379180652e-01 5.894649779837225489e-01 4.568876565421680323e-03 0.000000000000000000e+00
9.994732604379180652e-01 5.894649779837225489e-01 4.568876565421680323e-03 0.000000000000000000e+00
9.994732604379180652e-01 5.894649779837225489e-01 4.568876565421680323e-03 0.000000000000000000e+00
9.994732604379180652e-01 5.894649779837225489e-01 4.568876565421680323e-03 0.000000000000000000e+00
9.994732604379180652e-01 5.894649779837225489e-01 4.568876565421680323e-03 0.000000000000000000e+00
