-1.241237167640953043e+00
-3.042918595786692215e-01
-1.405919930610965096e+00
-3.319839157274377950e-01
-5.166425167232608917e-01
-1.741843382509947968e+00
1.196596907779219343e+00
7.200701388311765427e-01
-3.444917389853770495e-01
9.645690372630736364e-01
1.145004817894306637e+00
1.111041551746600353e+00
1.413089860777490214e+00
1.341279620456121480e+00
9.428740970778275443e-01
-9.480636690979654668e-01
1.312658322412240119e+00
-6.620520873037456511e-01
9.373127315398972481e-01
5.272254826574815922e-01
1.169328813509757037e+00
1.033272294477638020e+00
1.319672987739395564e+00
1.421254485663939082e+00
8.170945208958680928e-01
1.416899718972052247e+00
1.127656540267372831e+00
5.691530266317655906e-01
5.010113333589135687e-01
6.691726569142707470e-01
3.116382578660772396e-01
-6.414067490839082675e-01
9.501846850893583829e-01
4.341426355638730028e-01
-3.208248830439236476e-01
