0.000000000000000000e+00 2.562196207334739295e-01 1.000000000000000000e+00 5.620268104616517324e-02 0.000000000000000000e+00 4.154362520015782434e-01
0.000000000000000000e+00 2.211634396959825111e-01 1.000000000000000000e+00 0.000000000000000000e+00 0.000000000000000000e+00 1.851034016069195154e-01
0.000000000000000000e+00 2.455479794822626183e-01 1.000000000000000000e+00 0.000000000000000000e+00 0.000000000000000000e+00 4.074072985154069126e-01
0.000000000000000000e+00 2.936430055155058172e-01 1.000000000000000000e+00 0.000000000000000000e+00 0.000000000000000000e+00 7.932383218125279578e-01
6.103783707457897112e-01 1.245464994097140593e-01 1.000000000000000000e+00 0.000000000000000000e+00 0.000000000000000000e+00 0.000000000000000000e+00
5.980103436566613917e-01 1.305036738248474548e-01 1.000000000000000000e+00 0.000000000000000000e+00 0.000000000000000000e+00 0.000000000000000000e+00
5.749204711352204900e-01 1.657880047668262025e-01 1.000000000000000000e+00 0.000000000000000000e+00 0.000000000000000000e+00 0.000000000000000000e+00
3.450654186474579888e-01 0.000000000000000000e+00 1.000000000000000000e+00 0.000000000000000000e+00 0.000000000000000000e+00 0.000000000000000000e+00
4.639353539743976684e-01 0.000000000000000000e+00 1.000000000000000000e+00 0.000000000000000000e+00 0.000000000000000000e+00 2.081053666022157078e-01
4.584850965640017706e-01 0.000000000000000000e+00 1.000000000000000000e+00 1.270126453445518180e-02 0.000000000000000000e+00 1.739279356284494649e-01
4.694576025473680136e-01 0.000000000000000000e+00 1.000000000000000000e+00 0.000000000000000000e+00 0.000000000000000000e+00 1.620602231958476191e-01
4.980950043359442803e-01 0.000000000000000000e+00 1.000000000000000000e+00 0.000000000000000000e+00 0.000000000000000000e+00 1.358297091019224634e-01
4.950562982651826038e-01 0.000000000000000000e+00 1.000000000000000000e+00 0.000000000000000000e+00 0.000000000000000000e+00 1.338334685483529851e-01
5.217158210411487751e-01 0.000000000000000000e+00 1.000000000000000000e+00 0.000000000000000000e+00 0.000000000000000000e+00 1.292182692885385786e-01
5.359209264873203704e-01 0.000000000000000000e+00 1.000000000000000000e+00 0.000000000000000000e+00 0.000000000000000000e+00 8.953491591461322507e-02
5.372190275016595074e-01 0.000000000000000000e+00 1.000000000000000000e+00 0.000000000000000000e+00 0.000000000000000000e+00 7.283333821938541008e-02
5.451336787450195009e-01 0.000000000000000000e+00 1.000000000000000000e+00 0.000000000000000000e+00 0.000000000000000000e+00 4.848579338175169895e-02
5.479546790407412438e-01 0.000000000000000000e+00 1.000000000000000000e+00 0.000000000000000000e+00 0.000000000000000000e+00 4.072584650457038158e-02
5.450946142332705469e-01 0.000000000000000000e+00 1.000000000000000000e+00 0.000000000000000000e+00 0.000000000000000000e+00 4.721808756246327621e-02
5.446095557108058260e-01 0.000000000000000000e+00 1.000000000000000000e+00 0.000000000000000000e+00 0.000000000000000000e+00 4.851438267285585609e-02
5.422639317115096613e-01 0.000000000000000000e+00 1.000000000000000000e+00 0.000000000000000000e+00 0.000000000000000000e+00 5.216470710858447241e-02
5.409687540751785262e-01 0.000000000000000000e+00 1.000000000000000000e+00 0.000000000000000000e+00 0.000000000000000000e+00 5.330059289126489602e-02
5.504349875684936277e-01 0.000000000000000000e+00 1.000000000000000000e+00 0.000000000000000000e+00 0.000000000000000000e+00 2.619055491131275226e-02
5.515654377755360160e-01 0.000000000000000000e+00 1.000000000000000000e+00 0.000000000000000000e+00 0.000000000000000000e+00 2.394297441349170497e-02
5.604728788409145679e-01 0.000000000000000000e+00 1.000000000000000000e+00 0.000000000000000000e+00 0.000000000000000000e+00 7.109492087956262958e-04
5.609818895760828594e-01 0.000000000000000000e+00 1.000000000000000000e+00 0.000000000000000000e+00 0.000000000000000000e+00 0.000000000000000000e+00
5.604393123390295495e-01 0.000000000000000000e+00 1.000000000000000000e+00 0.000000000000000000e+00 0.000000000000000000e+00 0.000000000000000000e+00
5.614021574044385510e-01 0.000000000000000000e+00 1.000000000000000000e+00 0.000000000000000000e+00 0.000000000000000000e+00 0.000000000000000000e+00
5.656384221811586732e-01 0.000000000000000000e+00 1.000000000000000000e+00 0.000000000000000000e+00 0.000000000000000000e+00 0.000000000000000000e+00
0.000000000000000000e+00 1.249400272836835440e-01 7.957041837731394507e-01 0.000000000000000000e+00 9.132992496419542125e-03 6.896762457300869009e-01
5.684479286442111201e-01 0.000000000000000000e+00 1.000000000000000000e+00 0.000000000000000000e+00 4.101188945687726795e-02 0.000000000000000000e+00
5.604467066125032870e-01 0.000000000000000000e+00 1.000000000000000000e+00 0.000000000000000000e+00 0.000000000000000000e+00 0.000000000000000000e+00
5.602101540127107926e-01 0.000000000000000000e+00 1.000000000000000000e+00 0.000000000000000000e+00 0.000000000000000000e+00 0.000000000000000000e+00
5.610793860697563806e-01 0.000000000000000000e+00 1.000000000000000000e+00 0.000000000000000000e+00 0.000000000000000000e+00 1.907174121161664014e-03
5.622869178723132189e-01 0.000000000000000000e+00 1.000000000000000000e+00 0.000000000000000000e+00 0.000000000000000000e+00 0.000000000000000000e+00
5.622386842668899432e-01 0.000000000000000000e+00 1.000000000000000000e+00 0.000000000000000000e+00 0.000000000000000000e+00 0.000000000000000000e+00
5.645117063731760476e-01 0.000000000000000000e+00 1.000000000000000000e+00 0.000000000000000000e+00 2.060062786788059708e-02 2.285020065881361150e-03
5.700466302270973395e-01 0.000000000000000000e+00 1.000000000000000000e+00 0.000000000000000000e+00 4.768446226797773239e-03 0.000000000000000000e+00
5.689040455704719168e-01 0.000000000000000000e+00 1.000000000000000000e+00 0.000000000000000000e+00 2.289528248707935632e-03 0.000000000000000000e+00
5.630285809891919513e-01 0.000000000000000000e+00 1.000000000000000000e+00 0.000000000000000000e+00 0.000000000000000000e+00 1.990660431319897852e-02
5.667735270636651279e-01 0.000000000000000000e+00 1.000000000000000000e+00 0.000000000000000000e+00 0.000000000000000000e+00 1.158543535417839304e-02
5.669709467105252809e-01 0.000000000000000000e+00 1.000000000000000000e+00 0.000000000000000000e+00 0.000000000000000000e+00 1.181465155935817850e-02
5.641694631090657941e-01 0.000000000000000000e+00 1.000000000000000000e+00 0.000000000000000000e+00 0.000000000000000000e+00 1.923021510327895325e-02
5.617057849876752051e-01 0.000000000000000000e+00 1.000000000000000000e+00 0.000000000000000000e+00 0.000000000000000000e+00 2.664281453363418276e-02
5.602023953108116183e-01 0.000000000000000000e+00 1.000000000000000000e+00 0.000000000000000000e+00 0.000000000000000000e+00 2.900154456491661412e-02
5.603903193142485417e-01 0.000000000000000000e+00 1.000000000000000000e+00 0.000000000000000000e+00 0.000000000000000000e+00 2.962316131032377564e-02
5.598283005643526211e-01 0.000000000000000000e+00 1.000000000000000000e+00 0.000000000000000000e+00 0.000000000000000000e+00 3.086473862185801567e-02
5.607150649403480624e-01 0.000000000000000000e+00 1.000000000000000000e+00 0.000000000000000000e+00 0.000000000000000000e+00 2.800480769561278574e-02
5.620755318973377213e-01 0.000000000000000000e+00 1.000000000000000000e+00 0.000000000000000000e+00 0.000000000000000000e+00 2.366582938154942334e-02
5.697875479970244683e-01 0.000000000000000000e+00 1.000000000000000000e+00 0.000000000000000000e+00 4.417192024592287748e-03 2.053056740760799206e-03
5.705301585393726116e-01 0.000000000000000000e+00 1.000000000000000000e+00 0.000000000000000000e+00 1.957815516095117933e-03 0.000000000000000000e+00
5.695106557032492134e-01 0.000000000000000000e+00 1.000000000000000000e+00 0.000000000000000000e+00 3.196598086781317957e-03 0.000000000000000000e+00
5.718979328851118149e-01 0.000000000000000000e+00 1.000000000000000000e+00 0.000000000000000000e+00 6.429942319160371865e-03 0.000000000000000000e+00
5.687160271196353145e-01 0.000000000000000000e+00 1.000000000000000000e+00 0.000000000000000000e+00 0.000000000000000000e+00 0.000000000000000000e+00
5.694060410024744945e-01 0.000000000000000000e+00 1.000000000000000000e+00 0.000000000000000000e+00 0.000000000000000000e+00 0.000000000000000000e+00
5.697163215061368247e-01 0.000000000000000000e+00 1.000000000000000000e+00 0.000000000000000000e+00 0.000000000000000000e+00 0.000000000000000000e+00
5.697992375227741713e-01 0.000000000000000000e+00 1.000000000000000000e+00 0.000000000000000000e+00 0.000000000000000000e+00 0.000000000000000000e+00
5.697158071126531276e-01 0.000000000000000000e+00 1.000000000000000000e+00 0.000000000000000000e+00 0.000000000000000000e+00 0.000000000000000000e+00
5.700731770488161043e-01 0.000000000000000000e+00 1.000000000000000000e+00 0.000000000000000000e+00 0.000000000000000000e+00 0.000000000000000000e+00
5.688057172845245590e-01 0.000000000000000000e+00 1.000000000000000000e+00 0.000000000000000000e+00 0.000000000000000000e+00 0.000000000000000000e+00
5.690574914966914921e-01 0.000000000000000000e+00 1.000000000000000000e+00 0.000000000000000000e+00 0.000000000000000000e+00 0.000000000000000000e+00
0.000000000000000000e+00 2.145075884954496248e-01 8.537918571950519064e-01 0.000000000000000000e+00 0.000000000000000000e+00 7.396811888599438278e-01
0.000000000000000000e+00 2.170735880473370905e-01 8.545853526549404000e-01 0.000000000000000000e+00 0.000000000000000000e+00 7.406123190423062885e-01
5.693103700388963961e-01 0.000000000000000000e+00 1.000000000000000000e+00 0.000000000000000000e+00 0.000000000000000000e+00 0.000000000000000000e+00
5.688967355471234999e-01 0.000000000000000000e+00 1.000000000000000000e+00 0.000000000000000000e+00 0.000000000000000000e+00 0.000000000000000000e+00
5.676713041487907452e-01 0.000000000000000000e+00 1.000000000000000000e+00 0.000000000000000000e+00 0.000000000000000000e+00 0.000000000000000000e+00
5.671994780976788997e-01 0.000000000000000000e+00 1.000000000000000000e+00 0.000000000000000000e+00 1.317893792421837669e-03 0.000000000000000000e+00
5.668509516670705572e-01 0.000000000000000000e+00 1.000000000000000000e+00 0.000000000000000000e+00 7.239806237791333171e-03 0.000000000000000000e+00
5.664715564947365722e-01 0.000000000000000000e+00 1.000000000000000000e+00 0.000000000000000000e+00 9.905393211665062397e-03 0.000000000000000000e+00
5.666638583331683465e-01 0.000000000000000000e+00 1.000000000000000000e+00 0.000000000000000000e+00 1.093138656194977965e-02 0.000000000000000000e+00
5.661187310530358952e-01 0.000000000000000000e+00 1.000000000000000000e+00 0.000000000000000000e+00 1.485705024592612333e-02 0.000000000000000000e+00
5.659126962734503108e-01 0.000000000000000000e+00 1.000000000000000000e+00 0.000000000000000000e+00 1.419062092942702767e-02 0.000000000000000000e+00
5.659374712652427419e-01 0.000000000000000000e+00 1.000000000000000000e+00 0.000000000000000000e+00 1.261941389293853508e-02 0.000000000000000000e+00
5.657257654641316691e-01 0.000000000000000000e+00 1.000000000000000000e+00 0.000000000000000000e+00 1.057710292864269541e-02 0.000000000000000000e+00
5.657025446866480456e-01 0.000000000000000000e+00 1.000000000000000000e+00 0.000000000000000000e+00 1.083605213453678155e-02 0.000000000000000000e+00
5.660670506541357616e-01 0.000000000000000000e+00 1.000000000000000000e+00 0.000000000000000000e+00 1.338127343804107125e-02 0.000000000000000000e+00
5.658056123744118482e-01 0.000000000000000000e+00 1.000000000000000000e+00 0.000000000000000000e+00 1.280245310031463690e-02 0.000000000000000000e+00
5.669691160996428447e-01 0.000000000000000000e+00 1.000000000000000000e+00 0.000000000000000000e+00 3.539640360159307039e-03 0.000000000000000000e+00
0.000000000000000000e+00 2.097641599502015897e-01 8.468375308370388321e-01 0.000000000000000000e+00 0.000000000000000000e+00 7.369201772401039463e-01
5.696971712961346190e-01 0.000000000000000000e+00 1.000000000000000000e+00 0.000000000000000000e+00 1.343316913610076782e-02 0.000000000000000000e+00
5.701756026038550251e-01 0.000000000000000000e+00 1.000000000000000000e+00 0.000000000000000000e+00 1.960363841856636521e-02 0.000000000000000000e+00
5.700600217979308049e-01 0.000000000000000000e+00 1.000000000000000000e+00 0.000000000000000000e+00 1.122488148001596700e-02 0.000000000000000000e+00
5.699505324878121337e-01 0.000000000000000000e+00 1.000000000000000000e+00 0.000000000000000000e+00 1.897216190920860204e-02 0.000000000000000000e+00
5.696369240200083173e-01 0.000000000000000000e+00 1.000000000000000000e+00 0.000000000000000000e+00 2.532093529026856193e-02 0.000000000000000000e+00
5.685887235814125473e-01 0.000000000000000000e+00 1.000000000000000000e+00 0.000000000000000000e+00 3.113717946846652693e-02 0.000000000000000000e+00
5.674882896364299434e-01 0.000000000000000000e+00 1.000000000000000000e+00 0.000000000000000000e+00 3.066499571246476472e-02 0.000000000000000000e+00
5.675830241957451339e-01 0.000000000000000000e+00 1.000000000000000000e+00 0.000000000000000000e+00 2.446968357366143682e-02 0.000000000000000000e+00
0.000000000000000000e+00 2.122033501281103407e-01 8.460261921788471140e-01 0.000000000000000000e+00 0.000000000000000000e+00 7.271114622548801032e-01
0.000000000000000000e+00 2.162340962915595410e-01 8.483102771531818576e-01 0.000000000000000000e+00 0.000000000000000000e+00 7.282263352620752528e-01
0.000000000000000000e+00 2.192397968630490357e-01 8.484398231970121662e-01 0.000000000000000000e+00 0.000000000000000000e+00 7.297694438779439574e-01
5.692875209974660455e-01 0.000000000000000000e+00 1.000000000000000000e+00 0.000000000000000000e+00 2.345656986593741902e-02 0.000000000000000000e+00
5.696755379453840584e-01 0.000000000000000000e+00 1.000000000000000000e+00 0.000000000000000000e+00 2.257527184509556042e-02 0.000000000000000000e+00
5.698612193562687667e-01 0.000000000000000000e+00 1.000000000000000000e+00 0.000000000000000000e+00 1.940377001801886839e-02 0.000000000000000000e+00
5.687523607329183495e-01 0.000000000000000000e+00 1.000000000000000000e+00 0.000000000000000000e+00 1.737462949834651937e-02 0.000000000000000000e+00
5.684685054741618337e-01 0.000000000000000000e+00 1.000000000000000000e+00 0.000000000000000000e+00 2.217956976011350306e-02 0.000000000000000000e+00
5.751743260551409609e-01 0.000000000000000000e+00 1.000000000000000000e+00 0.000000000000000000e+00 2.340537119930899412e-02 0.000000000000000000e+00
5.751505194821030509e-01 0.000000000000000000e+00 1.000000000000000000e+00 0.000000000000000000e+00 2.371403829744270220e-02 0.000000000000000000e+00
5.752046950040748952e-01 0.000000000000000000e+00 1.000000000000000000e+00 0.000000000000000000e+00 2.627336150360622818e-02 0.000000000000000000e+00
5.730790799272864611e-01 0.000000000000000000e+00 1.000000000000000000e+00 0.000000000000000000e+00 4.783419079961895998e-02 0.000000000000000000e+00
5.734089681327524390e-01 0.000000000000000000e+00 1.000000000000000000e+00 0.000000000000000000e+00 5.095785308134775232e-02 0.000000000000000000e+00
