7.040143013000488281e-01 4.526387453079223633e-01 9.342652559280395508e-01 2.756670713424682617e-01
9.488582611083984375e-03 5.830766558647155762e-01 8.546378016471862793e-01 1.084302663803100586e-01
4.171170592308044434e-01 6.879128217697143555e-01 7.600429058074951172e-01 1.337162256240844727e-01
8.622654676437377930e-01 4.144324064254760742e-01 5.407717823982238770e-01 3.851804137229919434e-01
8.604121208190917969e-01 1.343773007392883301e-01 8.012478351593017578e-01 3.699398636817932129e-01
7.127748727798461914e-01 6.633408665657043457e-01 5.183645486831665039e-01 8.989208936691284180e-02
8.893945217132568359e-01 1.606540083885192871e-01 5.129584074020385742e-01 1.674952507019042969e-01
9.447523355484008789e-01 4.963511228561401367e-01 9.381116032600402832e-01 7.158911228179931641e-02
5.521586537361145020e-01 5.635110139846801758e-01 8.927893638610839844e-02 6.336973309516906738e-01
4.170916676521301270e-01 5.185990333557128906e-01 1.216284036636352539e-01 6.348135471343994141e-01
6.107884459197521210e-03 6.921963300555944443e-03 3.651297688484191895e-01 0.000000000000000000e+00
1.000000000000000000e+00 7.169126272201538086e-01 2.686182856559753418e-01 2.544490993022918701e-02
0.000000000000000000e+00 9.269644618034362793e-01 1.000000000000000000e+00 9.696685671806335449e-01
1.000000000000000000e+00 9.204217195510864258e-01 2.306443601846694946e-01 8.845054507255554199e-01
0.000000000000000000e+00 2.650219798088073730e-01 3.637499734759330750e-02 9.153360724449157715e-01
9.005508422851562500e-01 5.189593136310577393e-02 3.619018793106079102e-01 9.100954979658126831e-02
6.127735599875450134e-02 8.813734352588653564e-02 4.169211387634277344e-01 1.945156008005142212e-01
5.668056607246398926e-01 0.000000000000000000e+00 3.932057023048400879e-01 0.000000000000000000e+00
2.313089072704315186e-01 0.000000000000000000e+00 0.000000000000000000e+00 0.000000000000000000e+00
1.055994443595409393e-02 8.422323465347290039e-01 2.468477003276348114e-03 2.603720687329769135e-02
4.329232573509216309e-01 3.671061131171882153e-04 0.000000000000000000e+00 5.845124833285808563e-03
1.000000000000000000e+00 7.366877794265747070e-02 1.388564612716436386e-02 7.392424345016479492e-02
1.130742058157920837e-01 3.021810948848724365e-01 4.435114935040473938e-02 9.769606590270996094e-01
6.290641427040100098e-01 5.758652687072753906e-01 1.148503124713897705e-01 1.000000000000000000e+00
4.265863448381423950e-03 0.000000000000000000e+00 5.381035804748535156e-02 8.016346953809261322e-03
0.000000000000000000e+00 0.000000000000000000e+00 9.630045294761657715e-01 3.566174209117889404e-01
1.564954668283462524e-01 6.993003189563751221e-03 1.000178083777427673e-01 1.898389495909214020e-02
9.422080591320991516e-03 1.000000000000000000e+00 3.317355215549468994e-01 1.389368325471878052e-01
0.000000000000000000e+00 1.863338239490985870e-02 2.025334835052490234e-01 7.092455029487609863e-02
1.571318367496132851e-03 0.000000000000000000e+00 2.710113301873207092e-02 1.486754417419433594e-01
5.975435953587293625e-03 1.742774504236876965e-03 0.000000000000000000e+00 3.318370282649993896e-01
3.686627745628356934e-01 5.292377471923828125e-01 1.017312854528427124e-01 4.312358498573303223e-01
0.000000000000000000e+00 0.000000000000000000e+00 5.057431384921073914e-02 1.811217963695526123e-01
0.000000000000000000e+00 1.954315043985843658e-02 0.000000000000000000e+00 1.426952034235000610e-01
7.267850451171398163e-03 1.241253912448883057e-01 0.000000000000000000e+00 1.341798007488250732e-01
6.713185906410217285e-01 2.967455387115478516e-01 8.654227107763290405e-02 1.095952689647674561e-01
9.220054149627685547e-01 2.545198500156402588e-01 0.000000000000000000e+00 4.245670139789581299e-01
2.753320708870887756e-02 6.640463471412658691e-01 0.000000000000000000e+00 3.652238473296165466e-02
3.443610668182373047e-02 2.084935009479522705e-01 9.084656238555908203e-01 9.595978260040283203e-01
9.286425709724426270e-01 8.174378871917724609e-01 9.954417943954467773e-01 1.000000000000000000e+00
0.000000000000000000e+00 1.688672751188278198e-01 0.000000000000000000e+00 1.229687780141830444e-01
4.129704833030700684e-02 0.000000000000000000e+00 3.239412233233451843e-02 5.121784210205078125e-01
8.845108151435852051e-01 2.726476192474365234e-01 0.000000000000000000e+00 6.520391106605529785e-01
0.000000000000000000e+00 1.321153342723846436e-01 0.000000000000000000e+00 1.144424602389335632e-01
2.319693118333816528e-01 9.809528291225433350e-02 3.574087470769882202e-02 7.805022597312927246e-01
4.994352757930755615e-01 7.766020894050598145e-01 1.515059620141983032e-01 2.427042573690414429e-01
5.475683212280273438e-01 1.325810104608535767e-01 2.602571249008178711e-02 8.125621676445007324e-01
0.000000000000000000e+00 1.124246120452880859e-01 0.000000000000000000e+00 1.561494022607803345e-01
0.000000000000000000e+00 1.035621091723442078e-01 0.000000000000000000e+00 1.631715446710586548e-01
7.104160189628601074e-01 7.890549302101135254e-01 9.792500138282775879e-01 8.698978424072265625e-01
2.950973110273480415e-03 1.578026264905929565e-01 0.000000000000000000e+00 2.118048220872879028e-01
5.239248648285865784e-02 3.097060024738311768e-01 2.526733838021755219e-02 3.183099627494812012e-01
3.973709046840667725e-01 1.122333332896232605e-01 3.416395559906959534e-02 8.137550354003906250e-01
1.639675050973892212e-01 1.599447987973690033e-02 4.552561417222023010e-02 3.171398639678955078e-01
2.048045694828033447e-01 9.130752682685852051e-01 9.968230128288269043e-01 1.000000000000000000e+00
4.518387019634246826e-01 7.071677595376968384e-02 6.030830740928649902e-02 3.286611735820770264e-01
5.408791303634643555e-01 7.141258120536804199e-01 9.590675830841064453e-01 6.967405676841735840e-01
1.237591505050659180e-01 1.000000000000000000e+00 5.052663013339042664e-02 6.519639492034912109e-01
1.000000000000000000e+00 7.878826260566711426e-01 9.891770482063293457e-01 9.384619593620300293e-01
1.000000000000000000e+00 6.760097146034240723e-01 1.174839362502098083e-01 1.000000000000000000e+00
0.000000000000000000e+00 7.721631526947021484e-01 9.736709594726562500e-01 6.933594942092895508e-01
5.602136254310607910e-01 9.212836623191833496e-01 4.998905956745147705e-01 9.490341544151306152e-01
9.837937355041503906e-02 6.841064989566802979e-02 0.000000000000000000e+00 1.133557036519050598e-01
1.136324703693389893e-01 3.293950855731964111e-02 9.535730481147766113e-01 3.619869649410247803e-01
8.059270977973937988e-01 2.305679470300674438e-01 1.744367554783821106e-02 4.082600176334381104e-01
2.787294089794158936e-01 3.349519670009613037e-01 1.939629316329956055e-01 7.808735128492116928e-03
4.235652983188629150e-01 1.069046556949615479e-01 9.145066142082214355e-01 3.759899437427520752e-01
4.488847553730010986e-01 3.183557689189910889e-01 6.070106104016304016e-02 1.890164166688919067e-01
1.000000000000000000e+00 5.604853034019470215e-01 9.257180094718933105e-01 1.689124405384063721e-01
5.123695731163024902e-02 6.833426952362060547e-01 9.448056221008300781e-01 4.906989037990570068e-01
3.642893731594085693e-01 7.395911961793899536e-02 4.584915935993194580e-02 4.130062162876129150e-01
0.000000000000000000e+00 9.701596498489379883e-01 3.416687250137329102e-01 6.420300602912902832e-01
1.511184573173522949e-01 1.453644931316375732e-01 0.000000000000000000e+00 1.346923261880874634e-01
8.387604355812072754e-01 7.024232745170593262e-01 9.593627452850341797e-01 6.786427497863769531e-01
8.988099098205566406e-01 6.006709337234497070e-01 9.323878884315490723e-01 4.199058115482330322e-01
1.000000000000000000e+00 7.560133934020996094e-02 3.751949369907379150e-01 1.213408559560775757e-01
2.275482118129730225e-01 7.523207664489746094e-01 9.689871668815612793e-01 7.207296490669250488e-01
1.000000000000000000e+00 6.383024454116821289e-01 9.877780824899673462e-02 9.401682019233703613e-01
1.776348352432250977e-01 1.426051277667284012e-02 3.980997800827026367e-01 0.000000000000000000e+00
5.253670811653137207e-01 7.233551889657974243e-02 1.877571493387222290e-01 1.303738057613372803e-01
7.043995857238769531e-01 6.279861330986022949e-01 9.358127117156982422e-01 5.112045407295227051e-01
2.233182638883590698e-02 6.149941086769104004e-01 9.011119008064270020e-01 2.676980793476104736e-01
5.075719952583312988e-01 5.196686983108520508e-01 1.110047399997711182e-01 8.734240531921386719e-01
0.000000000000000000e+00 3.512429818511009216e-02 0.000000000000000000e+00 9.184944629669189453e-02
2.469240427017211914e-01 4.422498866915702820e-03 2.047550491988658905e-02 6.570145022124052048e-03
1.094508394598960876e-01 2.288960218429565430e-01 9.163042306900024414e-01 1.000000000000000000e+00
3.998929262161254883e-01 5.326376557350158691e-01 1.060484796762466431e-01 5.065988302230834961e-01
5.628354102373123169e-02 1.927999854087829590e-01 8.860791921615600586e-01 8.545590639114379883e-01
1.427740901708602905e-01 3.561536371707916260e-01 4.059885814785957336e-02 3.133536279201507568e-01
3.764970898628234863e-01 5.249273180961608887e-01 1.078214868903160095e-01 5.069714784622192383e-01
1.732271909713745117e-01 6.266727577894926071e-03 1.449494361877441406e-01 1.358047276735305786e-01
3.625819683074951172e-01 5.701253190636634827e-02 6.980400532484054565e-02 3.390352427959442139e-01
6.488970518112182617e-01 1.514130979776382446e-01 5.318699032068252563e-02 7.278168797492980957e-01
5.242419242858886719e-01 3.047978878021240234e-01 9.665018320083618164e-02 9.676490724086761475e-02
6.056855916976928711e-01 1.218107491731643677e-01 9.580022096633911133e-02 4.594945013523101807e-01
5.774115324020385742e-01 1.237232238054275513e-01 5.419938266277313232e-02 8.099499344825744629e-01
4.833927154541015625e-01 6.765168905258178711e-02 1.782180517911911011e-01 1.479769498109817505e-01
1.721118688583374023e-01 5.608711764216423035e-02 7.493447512388229370e-02 7.580203413963317871e-01
7.499702572822570801e-01 8.115293085575103760e-02 8.241176605224609375e-03 1.630500853061676025e-01
0.000000000000000000e+00 4.533382877707481384e-02 0.000000000000000000e+00 1.240437403321266174e-01
1.210889443755149841e-01 3.252759203314781189e-02 3.753887414932250977e-01 4.663135111331939697e-02
0.000000000000000000e+00 8.023565262556076050e-02 0.000000000000000000e+00 1.534598171710968018e-01
1.000000000000000000e+00 7.231614738702774048e-02 4.951051175594329834e-01 1.000000000000000000e+00
0.000000000000000000e+00 1.339177340269088745e-01 5.924758911132812500e-01 4.670942425727844238e-01
5.709071159362792969e-01 8.632027506828308105e-01 9.930968880653381348e-01 1.000000000000000000e+00
5.274019017815589905e-02 1.222639009356498718e-01 4.548827111721038818e-01 4.126109480857849121e-01
6.902511715888977051e-01 3.499461412429809570e-01 3.657647669315338135e-01 4.033629894256591797e-01
9.553969502449035645e-01 5.867401361465454102e-01 7.874350547790527344e-01 1.828681379556655884e-01
0.000000000000000000e+00 9.150924533605575562e-02 0.000000000000000000e+00 1.182181313633918762e-01
4.922297298908233643e-01 9.109542369842529297e-01 8.066404461860656738e-01 1.000000000000000000e+00
