2.298218607902526855e-01 8.097423315048217773e-01 3.508455157279968262e-01 8.889223337173461914e-01 9.286350011825561523e-02 7.332268357276916504e-01
4.914145469665527344e-01 5.139784216880798340e-01 8.924148678779602051e-01 2.390538454055786133e-01 4.568234086036682129e-01 4.900282621383666992e-01
9.054775238037109375e-01 8.017217516899108887e-01 9.016427993774414062e-01 7.656153440475463867e-01 9.076064825057983398e-02 4.333131909370422363e-01
8.428825736045837402e-01 3.480510711669921875e-01 2.569485902786254883e-01 7.807791233062744141e-03 5.096091032028198242e-01 3.233901262283325195e-01
2.411528825759887695e-01 5.758271813392639160e-01 9.343796968460083008e-01 5.542888641357421875e-01 9.626245498657226562e-02 7.373190522193908691e-01
2.117263078689575195e-01 6.826246976852416992e-01 5.330446362495422363e-01 2.207965254783630371e-01 7.162891030311584473e-01 2.416805028915405273e-01
2.391964197158813477e-01 3.330105543136596680e-01 8.205045461654663086e-01 8.013340830802917480e-01 6.850644946098327637e-01 7.410854101181030273e-01
3.155447244644165039e-01 6.442826390266418457e-01 5.587801933288574219e-01 1.628434658050537109e-02 4.979576468467712402e-01 8.227840662002563477e-01
5.250865221023559570e-01 9.562029242515563965e-01 2.106478810310363770e-01 4.542702436447143555e-02 8.670898675918579102e-01 4.063078761100769043e-01
4.284482002258300781e-01 6.071907877922058105e-01 7.938327193260192871e-01 9.468520283699035645e-01 2.896605134010314941e-01 2.544121146202087402e-01
2.409687042236328125e-01 7.499617338180541992e-02 4.803812503814697266e-01 5.870780944824218750e-01 6.974381804466247559e-01 7.225664854049682617e-01
4.987299442291259766e-03 3.190135955810546875e-01 4.817445278167724609e-01 6.463479995727539062e-01 9.312007427215576172e-01 1.255704164505004883e-01
4.496160149574279785e-01 5.752328038215637207e-01 6.520881056785583496e-01 2.212064266204833984e-01 2.652090787887573242e-02 1.547161340713500977e-01
7.749028801918029785e-01 4.199200868606567383e-01 7.825419306755065918e-01 4.915735125541687012e-01 2.129109501838684082e-01 3.534735441207885742e-01
3.816587924957275391e-01 3.985661864280700684e-01 5.210865736007690430e-01 2.719554305076599121e-01 7.482791543006896973e-01 9.373368024826049805e-01
7.955729961395263672e-01 8.770249485969543457e-01 4.163860082626342773e-01 8.234214186668395996e-01 7.877176403999328613e-01 8.221716284751892090e-01
4.327425360679626465e-01 6.981917023658752441e-01 9.343673586845397949e-01 2.791354060173034668e-01 9.256032705307006836e-01 7.492519617080688477e-01
2.323760986328125000e-01 6.951690316200256348e-01 4.305332899093627930e-01 3.815338611602783203e-01 5.825465321540832520e-01 3.136263489723205566e-01
4.300878047943115234e-01 4.246414899826049805e-01 1.668049097061157227e-01 6.293330192565917969e-01 3.320969343185424805e-01 9.468274116516113281e-01
6.302714347839355469e-01 6.344783306121826172e-01 9.965847730636596680e-01 3.969880342483520508e-01 8.140624761581420898e-01 8.022994399070739746e-01
8.001617193222045898e-01 9.242282509803771973e-01 5.783122181892395020e-01 4.607542157173156738e-01 9.989084601402282715e-01 2.336291074752807617e-01
9.851074218750000000e-02 6.180709600448608398e-02 4.177731871604919434e-01 3.426619172096252441e-01 2.808591723442077637e-01 7.843264937400817871e-01
5.149123668670654297e-01 3.770508170127868652e-01 9.901816248893737793e-01 5.743771791458129883e-01 9.402818083763122559e-01 6.503613591194152832e-01
3.760944008827209473e-01 4.015212059020996094e-01 5.065397620201110840e-01 8.110924363136291504e-01 5.142352581024169922e-01 7.059804797172546387e-01
9.066826105117797852e-02 8.928492069244384766e-01 4.450775384902954102e-01 8.062659502029418945e-01 9.916476011276245117e-01 5.362526178359985352e-01
8.839598894119262695e-01 4.511353969573974609e-01 6.364114284515380859e-01 8.333313465118408203e-01 3.763906359672546387e-01 6.654816269874572754e-01
7.849584221839904785e-01 4.531019926071166992e-02 7.905787825584411621e-01 8.151212334632873535e-01 4.803019165992736816e-01 5.840356945991516113e-01
2.215342521667480469e-01 8.639150857925415039e-02 8.389306068420410156e-02 6.082904338836669922e-02 8.189085125923156738e-01 5.776121616363525391e-01
1.362904310226440430e-01 6.202489137649536133e-02 5.559946894645690918e-01 4.692009687423706055e-01 7.102772593498229980e-01 2.430992722511291504e-01
5.594862103462219238e-01 6.129909753799438477e-01 5.140771865844726562e-01 3.956953883171081543e-01 9.442240595817565918e-01 9.956028461456298828e-01
7.235797047615051270e-01 4.857161641120910645e-01 1.170152425765991211e-02 2.749446630477905273e-01 7.459040284156799316e-01 2.372990250587463379e-01
5.443945527076721191e-01 6.398571729660034180e-01 2.619732022285461426e-01 3.141048550605773926e-01 7.853478789329528809e-01 9.714987874031066895e-01
5.219045877456665039e-01 3.587883710861206055e-01 1.434311866760253906e-01 3.759098052978515625e-01 3.942723274230957031e-01 6.783567070960998535e-01
9.792068600654602051e-01 4.710167646408081055e-01 8.683215975761413574e-01 3.549183011054992676e-01 2.506911158561706543e-01 6.239122152328491211e-01
6.997886300086975098e-01 5.569936633110046387e-01 6.662721037864685059e-01 8.602963685989379883e-01 8.234283924102783203e-01 5.036874413490295410e-01
7.546406984329223633e-02 4.492586851119995117e-01 1.331291794776916504e-01 8.826158642768859863e-01 8.267271518707275391e-02 9.143917560577392578e-01
5.089379549026489258e-01 9.357931613922119141e-01 6.927824020385742188e-01 4.094297289848327637e-01 3.100020289421081543e-01 1.985924839973449707e-01
2.528999447822570801e-01 7.352190017700195312e-01 3.318694829940795898e-01 3.060871362686157227e-02 7.273327708244323730e-01 8.274268507957458496e-01
3.552434444427490234e-01 9.390244483947753906e-01 9.111036658287048340e-01 2.084841132164001465e-01 3.377384543418884277e-01 2.183443903923034668e-01
4.628149271011352539e-01 1.434897184371948242e-01 7.266542911529541016e-01 6.824953556060791016e-01 2.457565069198608398e-01 9.048293232917785645e-01
8.187949657440185547e-02 8.590466976165771484e-01 3.443024754524230957e-01 4.702601432800292969e-01 8.687612414360046387e-01 2.980064749717712402e-01
2.353823781013488770e-01 1.712881922721862793e-01 5.565294027328491211e-01 4.675292968750000000e-02 7.629994153976440430e-01 3.822410106658935547e-02
8.867902755737304688e-01 4.024909138679504395e-01 4.065374732017517090e-01 8.505713939666748047e-02 2.021992802619934082e-01 7.816088199615478516e-02
1.370367407798767090e-01 5.594954490661621094e-01 7.104466557502746582e-01 8.709558248519897461e-01 7.261658310890197754e-01 7.351402044296264648e-01
6.595434546470642090e-01 1.399458646774291992e-01 1.622360944747924805e-01 6.161882877349853516e-01 5.661355853080749512e-01 8.488024473190307617e-01
4.114124178886413574e-01 8.899068236351013184e-01 6.680894494056701660e-01 8.639378547668457031e-01 9.675239324569702148e-01 9.811611771583557129e-01
8.306759595870971680e-01 1.478884816169738770e-01 2.692713141441345215e-01 5.396409630775451660e-01 6.404886841773986816e-01 4.486560225486755371e-01
4.149994254112243652e-01 5.827927589416503906e-02 3.095592856407165527e-01 6.706210374832153320e-01 4.401913881301879883e-01 5.218171477317810059e-01
7.951034307479858398e-01 7.845362424850463867e-01 4.895991086959838867e-01 3.578287363052368164e-02 8.705381155014038086e-01 9.857926368713378906e-01
8.934748172760009766e-01 3.062429428100585938e-01 7.526886463165283203e-02 3.362666964530944824e-01 2.163669466972351074e-01 9.079169631004333496e-01
5.914983153343200684e-01 5.895951390266418457e-01 4.399150013923645020e-01 6.523078680038452148e-01 3.076604604721069336e-01 6.730240583419799805e-01
8.444973230361938477e-01 3.573215603828430176e-01 7.250213623046875000e-01 6.678162813186645508e-01 4.042686820030212402e-01 3.432528376579284668e-01
5.714415907859802246e-01 2.306280732154846191e-01 3.493596315383911133e-01 9.177699685096740723e-01 5.059553384780883789e-01 1.800823211669921875e-01
1.000026464462280273e-01 1.126404404640197754e-01 2.859414219856262207e-01 2.275858521461486816e-01 6.901426315307617188e-01 5.759857296943664551e-01
7.993363142013549805e-01 2.990238666534423828e-01 7.798085808753967285e-01 4.894059896469116211e-01 5.347383022308349609e-02 5.545641183853149414e-01
9.784815907478332520e-01 9.278034567832946777e-01 8.360715508460998535e-01 5.050995349884033203e-01 9.690449237823486328e-01 4.431474804878234863e-01
9.155846238136291504e-01 3.418923020362854004e-01 9.304710626602172852e-01 3.597907423973083496e-01 9.595817327499389648e-01 6.912970542907714844e-01
2.259306311607360840e-01 6.826117038726806641e-01 9.257283806800842285e-01 8.847814798355102539e-01 8.607007265090942383e-01 9.153669476509094238e-01
7.250483632087707520e-01 2.458798885345458984e-01 3.764332532882690430e-01 9.963878989219665527e-01 3.154274225234985352e-01 5.732563734054565430e-01
9.796814918518066406e-01 8.704011440277099609e-01 6.380074620246887207e-01 6.721658110618591309e-01 8.264349102973937988e-01 1.839292049407958984e-02
