3.641844987869262695e-01 8.967465162277221680e-02 5.161184072494506836e-02 5.709145665168762207e-01 2.248485684394836426e-01 5.605506300926208496e-01
6.410176753997802734e-01 8.354157805442810059e-01 5.949634313583374023e-02 5.471861362457275391e-02 5.014416575431823730e-01 9.735760092735290527e-01
9.426140189170837402e-01 1.076984405517578125e-02 3.320284485816955566e-01 4.291012287139892578e-01 5.981665849685668945e-01 7.759582996368408203e-01
5.533089041709899902e-01 3.199182748794555664e-01 7.329875230789184570e-01 6.713563203811645508e-01 1.127430796623229980e-01 9.157459735870361328e-01
4.338869452476501465e-01 4.168695807456970215e-01 1.046114563941955566e-01 3.262757062911987305e-01 6.807416677474975586e-01 5.450710058212280273e-01
8.695887327194213867e-01 6.005626320838928223e-01 6.590338945388793945e-01 5.700215697288513184e-01 3.189486265182495117e-01 6.958312392234802246e-01
4.995689988136291504e-01 8.912889957427978516e-01 6.704837083816528320e-01 7.940146327018737793e-01 3.315372467041015625e-01 5.722275376319885254e-01
5.848831534385681152e-01 1.167933940887451172e-01 4.761882424354553223e-01 5.138367414474487305e-01 6.779971718788146973e-01 7.954812049865722656e-02
4.721659421920776367e-01 9.001984596252441406e-01 8.529076576232910156e-01 4.036039113998413086e-01 5.301765203475952148e-01 6.986505389213562012e-01
6.135559678077697754e-01 5.859017372131347656e-03 4.870320558547973633e-01 7.906807065010070801e-01 7.093277573585510254e-01 3.018072843551635742e-01
5.245125889778137207e-01 6.444593071937561035e-01 5.857169628143310547e-02 7.820070385932922363e-01 7.211160659790039062e-02 5.401967763900756836e-01
4.254707694053649902e-01 2.003844380378723145e-01 9.826242327690124512e-01 6.655587553977966309e-01 1.661262512207031250e-01 6.784943342208862305e-01
7.474797368049621582e-01 1.881229877471923828e-02 3.331742882728576660e-01 5.297331213951110840e-01 3.648258447647094727e-01 3.990237116813659668e-01
2.387751936912536621e-01 7.149478197097778320e-01 6.198937296867370605e-01 1.983581185340881348e-01 7.717890143394470215e-01 8.165680170059204102e-01
5.670157074928283691e-01 4.975247979164123535e-01 5.862363576889038086e-01 6.964589357376098633e-01 7.729942202568054199e-01 8.159359097480773926e-01
2.765066027641296387e-01 1.808857321739196777e-01 8.332849144935607910e-01 7.631359100341796875e-01 5.103564262390136719e-02 5.166406035423278809e-01
2.068285942077636719e-01 8.122262954711914062e-01 5.529661774635314941e-01 7.020418643951416016e-01 3.537164926528930664e-01 7.978453040122985840e-01
4.314938783645629883e-01 2.464648485183715820e-01 8.899696469306945801e-01 5.401841998100280762e-01 2.923592925071716309e-01 4.469478726387023926e-01
5.119346380233764648e-01 6.220416426658630371e-01 2.712221741676330566e-01 7.541134953498840332e-01 6.163689494132995605e-01 5.687794089317321777e-01
7.865580320358276367e-01 9.809501767158508301e-01 9.260936975479125977e-01 8.619319796562194824e-01 8.841646909713745117e-01 2.406260371208190918e-01
5.658131241798400879e-01 7.695573568344116211e-02 9.779781103134155273e-02 4.786860942840576172e-02 3.847389817237854004e-01 4.505377411842346191e-01
1.305493116378784180e-01 9.506561160087585449e-01 3.999125957489013672e-02 5.588490962982177734e-01 7.389773726463317871e-01 8.515059351921081543e-01
2.722330093383789062e-01 9.520191550254821777e-01 1.404073238372802734e-01 3.742290139198303223e-01 7.919347882270812988e-01 3.766164779663085938e-01
5.512773990631103516e-02 5.419539809226989746e-01 9.762250185012817383e-01 5.961948037147521973e-01 2.964935898780822754e-01 5.204805135726928711e-01
4.267217516899108887e-01 5.800130367279052734e-01 2.912245392799377441e-01 2.977610230445861816e-01 8.609691262245178223e-01 4.819275736808776855e-01
4.969639778137207031e-01 7.082459926605224609e-01 6.614975333213806152e-01 4.742653369903564453e-01 1.251919269561767578e-01 1.057668328285217285e-01
2.377518415451049805e-01 4.093295931816101074e-01 6.629652380943298340e-01 3.595911860466003418e-01 5.317151546478271484e-01 4.082566499710083008e-02
5.763739943504333496e-01 3.176561594009399414e-01 6.784968972206115723e-01 4.585004448890686035e-01 1.281567811965942383e-01 2.501273751258850098e-01
2.199162244796752930e-01 4.922486543655395508e-01 9.879534244537353516e-01 8.392831683158874512e-01 9.365711212158203125e-01 7.913693189620971680e-01
3.937294483184814453e-01 3.928071260452270508e-01 4.815471172332763672e-01 4.934380054473876953e-01 6.554497480392456055e-01 1.639175415039062500e-01
5.281196236610412598e-01 2.810460329055786133e-01 6.364500522613525391e-02 7.523379325866699219e-01 4.486055970191955566e-01 9.752088189125061035e-01
2.212967276573181152e-01 6.429646015167236328e-01 5.029160976409912109e-01 6.304031014442443848e-01 6.857187151908874512e-01 5.719946622848510742e-01
5.114074945449829102e-01 1.007343530654907227e-01 4.211732149124145508e-01 4.660139083862304688e-01 3.387758731842041016e-01 3.246607184410095215e-01
2.940231561660766602e-02 5.087709426879882812e-01 5.080975890159606934e-01 3.531767129898071289e-01 5.323170423507690430e-01 4.391304850578308105e-01
7.615195512771606445e-01 8.649581670761108398e-01 2.623513936996459961e-01 2.570735216140747070e-01 4.379889965057373047e-01 3.791257143020629883e-01
1.929228901863098145e-01 6.679338216781616211e-01 8.695389628410339355e-01 7.256871461868286133e-01 8.477730751037597656e-01 3.875997066497802734e-01
1.332320570945739746e-01 8.011487126350402832e-01 6.438165307044982910e-01 9.409368038177490234e-03 4.869660139083862305e-01 7.078128457069396973e-01
4.481423497200012207e-01 9.227052330970764160e-01 8.670574426651000977e-02 9.587404131889343262e-01 7.737147808074951172e-02 3.625271320343017578e-01
6.092202067375183105e-01 6.701723337173461914e-01 9.368700385093688965e-01 8.562498092651367188e-01 9.497027993202209473e-01 4.240757226943969727e-02
2.077214121818542480e-01 7.871322035789489746e-01 7.726614475250244141e-01 2.151942253112792969e-01 1.901912689208984375e-01 8.206105232238769531e-01
3.048250675201416016e-01 6.374480724334716797e-01 9.199945926666259766e-01 8.721591830253601074e-01 7.889556884765625000e-01 8.596494793891906738e-01
7.388907670974731445e-02 3.810172080993652344e-01 7.677612304687500000e-01 6.996566653251647949e-01 2.591620087623596191e-01 5.729951262474060059e-01
3.634358644485473633e-01 7.601881027221679688e-02 8.098499774932861328e-01 3.901736140251159668e-01 2.342841029167175293e-01 7.917194366455078125e-01
7.153269052505493164e-01 3.622896075248718262e-01 8.212518692016601562e-02 3.826866745948791504e-01 3.269640803337097168e-01 2.530544996261596680e-02
6.894033551216125488e-01 8.032144904136657715e-01 7.913332581520080566e-01 8.490334749221801758e-01 7.010397911071777344e-01 8.900689482688903809e-01
4.260280728340148926e-01 7.115097045898437500e-01 9.487786293029785156e-01 8.618533611297607422e-01 5.625355243682861328e-01 7.411628961563110352e-01
5.638521909713745117e-01 8.056268095970153809e-01 4.445244073867797852e-01 1.696159243583679199e-01 5.723895430564880371e-01 2.160764932632446289e-01
9.588959813117980957e-01 4.361999034881591797e-01 4.892867207527160645e-01 6.898835897445678711e-01 8.620777726173400879e-01 9.801183342933654785e-01
7.463346719741821289e-01 1.973578333854675293e-01 3.830177187919616699e-01 7.039476633071899414e-01 8.294467329978942871e-01 9.948455691337585449e-01
6.355547904968261719e-02 7.474457025527954102e-01 1.609625220298767090e-01 7.852551937103271484e-01 8.969999551773071289e-01 2.472981810569763184e-01
2.955266237258911133e-01 5.636983513832092285e-01 4.307734966278076172e-02 6.772633194923400879e-01 1.089783310890197754e-01 9.634087085723876953e-01
6.611841917037963867e-01 9.893757104873657227e-02 9.409518241882324219e-01 3.636605739593505859e-01 4.618386030197143555e-01 5.636253356933593750e-01
8.332545757293701172e-01 1.376727223396301270e-01 4.365022182464599609e-01 9.663937687873840332e-01 4.981542825698852539e-01 7.935190796852111816e-01
2.662419080734252930e-01 3.416552543640136719e-01 6.485583782196044922e-01 9.485944509506225586e-01 7.496356964111328125e-03 7.824711799621582031e-01
1.384143233299255371e-01 3.493630886077880859e-02 5.220692753791809082e-01 4.325964450836181641e-01 3.836545944213867188e-01 5.077788829803466797e-01
2.316019535064697266e-01 2.857529520988464355e-01 8.231030106544494629e-01 6.036469340324401855e-01 2.645161747932434082e-01 7.436899542808532715e-01
1.407306790351867676e-01 3.936306238174438477e-01 5.604069828987121582e-01 6.771391034126281738e-01 1.179867386817932129e-01 1.652212142944335938e-01
5.026251077651977539e-01 6.023830175399780273e-01 1.957280039787292480e-01 3.047335743904113770e-01 5.229043960571289062e-02 4.065438508987426758e-01
1.092088222503662109e-02 2.482434511184692383e-01 7.098745703697204590e-01 8.673895001411437988e-01 3.269341588020324707e-01 6.190322637557983398e-01
9.369026422500610352e-01 6.690991520881652832e-01 1.622900366783142090e-01 4.300411343574523926e-01 6.358269453048706055e-01 4.236954450607299805e-01
5.695791244506835938e-01 5.302149057388305664e-01 3.521904945373535156e-01 8.642989397048950195e-01 4.883053898811340332e-01 9.111936688423156738e-01
5.521156191825866699e-01 1.671656370162963867e-01 4.692167043685913086e-02 1.871069073677062988e-01 9.707344174385070801e-01 7.282572388648986816e-01
6.084657311439514160e-01 8.516911268234252930e-01 7.972944974899291992e-01 4.437965154647827148e-01 4.371529817581176758e-01 4.925155043601989746e-01
8.261358737945556641e-02 6.814858317375183105e-01 8.046623468399047852e-01 6.194449067115783691e-01 1.179314255714416504e-01 5.979927778244018555e-01
9.552683830261230469e-01 6.962836384773254395e-01 4.343313574790954590e-01 8.426718711853027344e-01 9.034367203712463379e-01 4.467430114746093750e-01
7.758422493934631348e-01 5.161204338073730469e-01 8.697413206100463867e-01 9.365141391754150391e-01 6.616477370262145996e-01 8.631300926208496094e-02
7.556890845298767090e-01 7.699132561683654785e-01 6.079972386360168457e-01 8.170844912528991699e-01 8.659653067588806152e-01 7.006943821907043457e-01
2.636103034019470215e-01 8.969880342483520508e-01 8.766043186187744141e-02 8.528270125389099121e-01 3.427153229713439941e-01 3.645306825637817383e-01
8.974444866180419922e-02 7.641649246215820312e-02 1.008342504501342773e-01 2.780426144599914551e-01 3.690977692604064941e-01 5.803056359291076660e-01
4.012642502784729004e-01 5.839642882347106934e-01 3.777067661285400391e-01 7.867625951766967773e-01 3.286704421043395996e-01 2.761853337287902832e-01
4.872545599937438965e-01 7.947908639907836914e-01 5.049862265586853027e-01 8.165034055709838867e-01 1.861596107482910156e-02 1.803573369979858398e-01
6.243748664855957031e-01 7.927281856536865234e-01 9.545858502388000488e-01 4.517789483070373535e-01 5.449104905128479004e-01 4.711025357246398926e-01
6.845991015434265137e-01 4.734593629837036133e-01 9.695425629615783691e-01 2.414888739585876465e-01 1.443743705749511719e-03 2.009749412536621094e-01
8.121085166931152344e-01 4.090483188629150391e-01 1.899240612983703613e-01 7.155907750129699707e-01 6.343923211097717285e-01 5.117891430854797363e-01
8.397091627120971680e-01 6.662880778312683105e-01 2.239342331886291504e-01 2.982450127601623535e-01 7.617669105529785156e-01 5.899220108985900879e-01
2.522368431091308594e-01 6.457273364067077637e-01 4.020104408264160156e-01 8.813809752464294434e-01 4.912973046302795410e-01 7.893513441085815430e-01
1.773843765258789062e-01 2.979950904846191406e-01 3.130351305007934570e-01 7.626287937164306641e-01 1.475302577018737793e-01 6.918928027153015137e-01
8.903956413269042969e-02 1.080964803695678711e-01 3.908826708793640137e-01 5.261528491973876953e-02 7.257637381553649902e-01 7.117141485214233398e-01
5.184509158134460449e-01 4.824047684669494629e-01 7.749965786933898926e-01 4.631024599075317383e-02 4.140848517417907715e-01 3.510496020317077637e-01
7.375476360321044922e-01 3.340303897857666016e-02 9.063071608543395996e-01 4.021373987197875977e-01 9.943009614944458008e-01 8.263965249061584473e-01
8.025137186050415039e-01 9.797066450119018555e-01 7.218551635742187500e-01 2.190986871719360352e-01 1.956856250762939453e-01 8.983591198921203613e-01
4.311909079551696777e-01 4.031981825828552246e-01 6.789593696594238281e-01 3.632675409317016602e-01 6.746157407760620117e-01 8.799342513084411621e-01
1.298843026161193848e-01 9.348031878471374512e-01 7.695346474647521973e-01 8.882206678390502930e-02 7.936984300613403320e-02 4.152564406394958496e-01
7.278810143470764160e-01 3.675532937049865723e-01 4.271360039710998535e-01 1.790201663970947266e-02 8.333781957626342773e-01 8.993228673934936523e-01
4.325525164604187012e-01 4.991529583930969238e-01 7.188130617141723633e-01 8.359344601631164551e-01 2.020653486251831055e-01 2.973014712333679199e-01
8.177498579025268555e-01 9.003601074218750000e-01 3.311444520950317383e-01 6.638810634613037109e-01 2.593289017677307129e-01 1.500944495201110840e-01
7.935552000999450684e-01 1.557400822639465332e-01 4.843882918357849121e-01 6.154578924179077148e-01 4.813640117645263672e-01 6.410878300666809082e-01
8.485339283943176270e-01 2.766318917274475098e-01 3.141517639160156250e-01 6.900590658187866211e-02 5.206751823425292969e-01 6.476134061813354492e-02
4.637594819068908691e-01 9.004478454589843750e-01 3.828001022338867188e-02 3.499014377593994141e-01 7.014910578727722168e-01 3.502179384231567383e-01
6.632671952247619629e-01 8.709957599639892578e-01 4.681849479675292969e-02 6.627786159515380859e-01 7.990259528160095215e-01 9.666697382926940918e-01
6.354000568389892578e-01 4.499906301498413086e-02 1.781716942787170410e-01 6.899846792221069336e-01 8.924549221992492676e-01 1.810324192047119141e-01
6.057471036911010742e-02 7.396422624588012695e-01 7.172459363937377930e-01 5.139201879501342773e-02 3.220718502998352051e-01 6.626231670379638672e-01
9.665966033935546875e-02 3.406009674072265625e-01 5.353855490684509277e-01 6.166979670524597168e-01 6.278140544891357422e-01 7.616841793060302734e-02
8.720264434814453125e-01 7.914122939109802246e-01 4.219933152198791504e-01 5.503808259963989258e-01 5.488972663879394531e-01 4.777592420578002930e-01
1.939261555671691895e-01 3.485478162765502930e-01 3.748664855957031250e-01 1.571491956710815430e-01 8.445152640342712402e-01 4.674456119537353516e-01
7.475793361663818359e-01 9.090036153793334961e-02 1.949564814567565918e-01 1.141083836555480957e-01 5.011535286903381348e-01 9.106944799423217773e-01
7.962149381637573242e-01 8.873775005340576172e-01 7.810435891151428223e-01 2.852402925491333008e-01 3.679211139678955078e-01 1.827127933502197266e-01
2.037276029586791992e-01 7.781989574432373047e-01 3.655540347099304199e-01 1.263134479522705078e-01 2.250044941902160645e-01 8.793013095855712891e-01
2.677685022354125977e-01 6.540834903717041016e-03 7.210077643394470215e-01 8.876920938491821289e-01 6.899086833000183105e-01 3.279560804367065430e-01
7.458996772766113281e-01 9.031460285186767578e-01 2.656558752059936523e-01 2.997140288352966309e-01 2.188891768455505371e-01 6.643422842025756836e-01
1.074373722076416016e-02 9.949900507926940918e-01 7.378519177436828613e-01 2.001433372497558594e-01 5.515989661216735840e-01 5.425533652305603027e-01
8.805777430534362793e-01 7.354274988174438477e-01 3.305591344833374023e-01 5.476212501525878906e-02 9.547100067138671875e-01 1.331698298454284668e-01
1.054430007934570312e-01 9.335386753082275391e-01 4.838839173316955566e-01 1.913059353828430176e-01 6.548896431922912598e-01 2.897593379020690918e-01
1.142178773880004883e-01 5.609186291694641113e-01 2.739110589027404785e-01 3.253595829010009766e-01 3.776270747184753418e-01 2.310298085212707520e-01
1.909666061401367188e-01 4.002652764320373535e-01 4.824182987213134766e-01 8.666416406631469727e-01 1.201886534690856934e-01 1.461305022239685059e-01
5.803519487380981445e-01 3.241834044456481934e-01 6.929618716239929199e-01 1.870467066764831543e-01 6.810210347175598145e-01 5.644438862800598145e-01
5.729556083679199219e-01 3.714823722839355469e-01 8.439568281173706055e-01 8.621820807456970215e-01 5.878813266754150391e-01 5.847008228302001953e-01
4.078733325004577637e-01 9.238225817680358887e-01 8.495317101478576660e-01 7.190489172935485840e-01 8.551626801490783691e-01 2.406578063964843750e-01
8.318533897399902344e-01 6.737471222877502441e-01 9.573084712028503418e-01 2.546771764755249023e-01 3.020675182342529297e-01 7.446628808975219727e-01
8.837944269180297852e-02 2.317792773246765137e-01 1.133434176445007324e-01 7.701706290245056152e-01 8.360135555267333984e-02 6.695400476455688477e-01
