1.749487100211621904e+00
1.763735336612433535e+00
1.760355308648763994e+00
1.759814573906006929e+00
1.760556672829300284e+00
1.764012374990057808e+00
1.763994768265813473e+00
1.763996317798619540e+00
1.764046047358224900e+00
1.763925837484708437e+00
1.763803298693594535e+00
1.763892668026013189e+00
1.763944968419642212e+00
1.764221716656494410e+00
1.764229203710784732e+00
1.764229167930785769e+00
1.764244335768708316e+00
1.764265789226680869e+00
1.764296982992787921e+00
1.764297098464751246e+00
1.764299741852259018e+00
1.764019147742275306e+00
1.764005199709507421e+00
1.763955290533104403e+00
1.763955762515225345e+00
1.763959137431940993e+00
1.763954982021104678e+00
1.763974489822523806e+00
1.763974260613456746e+00
1.763968323786869075e+00
1.763969692374102172e+00
1.761083840172060766e+00
1.760830066439071917e+00
1.760996252546531249e+00
1.760946833835963732e+00
1.760705656140089559e+00
1.763922208501975897e+00
1.763919495058689391e+00
1.761775678681433144e+00
1.762025475165438726e+00
1.762115889271481883e+00
1.762688967513214244e+00
1.762716056735686543e+00
1.763076582604926612e+00
1.763031441648280628e+00
1.762938117839298879e+00
1.763172041368739507e+00
1.763161205637143070e+00
1.763431528190488651e+00
1.763355512123693236e+00
1.762931746617403928e+00
1.762806615168450275e+00
1.762956011462584183e+00
1.763076959168450752e+00
1.763082488038128171e+00
1.762950513182347523e+00
1.762749470718567135e+00
1.762715800262208310e+00
1.762676528828532430e+00
1.761725472843752804e+00
1.761087574628550589e+00
1.760430513680543374e+00
1.761566862077536655e+00
1.761305375717295840e+00
1.761890592735394279e+00
1.761821345943167083e+00
1.761268800894256081e+00
1.761364404511121640e+00
1.761339734631183207e+00
1.759327444867181622e+00
1.759418414066115988e+00
1.759977018918727154e+00
1.759789799751463102e+00
1.759754516799019175e+00
1.760009031469570662e+00
1.759868444457264092e+00
1.759889567793706311e+00
1.760084199037402097e+00
1.760215324661529079e+00
1.760230679065931003e+00
1.763241038182677967e+00
1.764300821965614441e+00
1.764296937830465817e+00
1.764284380736943270e+00
1.764293352163492035e+00
1.764272417071951926e+00
1.764270454411392075e+00
1.764283911709121133e+00
1.764231289939221181e+00
1.764232749445510784e+00
1.764233360009892282e+00
1.764198614773489382e+00
1.764214802383986980e+00
1.764217818690785755e+00
1.764221163991205765e+00
1.764336920291069033e+00
1.764306907580450723e+00
1.764310089255432867e+00
1.764308012916783630e+00
1.764295471450963548e+00
