-1.071298865884018792e+00
-1.112130107177470961e+00
-7.476777231671868362e-01
-2.338316837548121141e-01
-6.382555690262815551e-01
-1.150736566746349610e+00
-1.469240773672705114e+00
-1.207068974264818628e+00
-1.530012359946245182e+00
-1.502870739245079967e+00
-9.673359964605882447e-03
-7.795921905252520268e-02
1.694752277986816269e-01
-1.873539988690587077e-01
-1.723660814971134381e-01
1.208934896020938954e-01
2.179380688716069936e-01
2.170427512968494954e-01
-7.167195499282341675e-02
-2.373254390620991028e-01
2.179380688716069936e-01
2.005948720475267955e-01
1.863325792190234642e-01
1.311750824023787676e-01
1.896093716214461988e-01
3.022059927363582865e-01
-1.927036145825766211e-01
-5.024763914630963058e-01
-3.083532129936645827e-01
-8.277217229832778411e-01
-1.887108053931593421e+00
3.222426612929710221e-01
2.740982361449385563e-01
4.946506794470710844e-01
4.946184604228544557e-01
4.946871764264936244e-01
4.960605921598002510e-01
4.946704472000668096e-01
1.251155708942307543e-01
4.936740386410167769e-01
4.921718487906385775e-01
4.959590564343495656e-01
4.958520544565760413e-01
4.610795071997406125e-01
2.906219249932245896e-01
-1.299562064235107728e-01
-1.090250985885984347e+00
-1.234544423701238625e+00
3.000846984231275716e-01
3.467569286621183244e-02
1.669692605283424891e-01
2.175511583058127585e-01
-7.834721147710500544e-01
-2.267665665118578089e-01
-8.107128325021883963e-02
-5.470387243505515917e-02
1.174076157519275410e-01
9.111490096417942941e-02
1.762625401501478895e-01
-6.874850201059321542e-01
