8.077653646469116211e-01 2.740686535835266113e-01 4.447088837623596191e-01 2.231014966964721680e-01 6.141492128372192383e-01 5.079244375228881836e-01
4.536501765251159668e-01 4.913790822029113770e-01 2.773237824440002441e-01 6.793670654296875000e-01 6.729217171669006348e-01 1.641527414321899414e-01
3.147361278533935547e-01 8.125378489494323730e-01 5.044232010841369629e-01 9.792118072509765625e-01 1.609630584716796875e-01 2.460855245590209961e-02
9.604475498199462891e-01 7.362139225006103516e-01 3.849996924400329590e-01 8.219416737556457520e-01 9.523391723632812500e-02 5.480547547340393066e-01
2.433691620826721191e-01 1.933720111846923828e-01 1.828665733337402344e-01 9.032438993453979492e-01 3.781644701957702637e-01 3.533406853675842285e-01
7.263194322586059570e-01 8.788507580757141113e-01 9.875255227088928223e-01 2.604612708091735840e-01 3.191190361976623535e-01 6.227430105209350586e-01
7.170895934104919434e-01 9.697760939598083496e-01 7.879078388214111328e-01 6.957405805587768555e-01 4.277181029319763184e-01 1.539136767387390137e-01
4.636462330818176270e-01 6.536191701889038086e-02 8.275939226150512695e-01 7.557466030120849609e-01 2.983403801918029785e-01 2.939896583557128906e-01
1.690706610679626465e-01 9.873731732368469238e-01 5.548564791679382324e-01 3.969458937644958496e-01 5.072826147079467773e-01 6.875562667846679688e-01
7.860947847366333008e-01 8.499067425727844238e-01 4.470135569572448730e-01 8.239340186119079590e-01 2.440998554229736328e-01 2.156459689140319824e-01
0.000000000000000000e+00 1.000000000000000000e+00 1.000000000000000000e+00 1.000000000000000000e+00 1.000000000000000000e+00 0.000000000000000000e+00
0.000000000000000000e+00 1.000000000000000000e+00 1.000000000000000000e+00 1.000000000000000000e+00 1.000000000000000000e+00 1.000000000000000000e+00
0.000000000000000000e+00 0.000000000000000000e+00 0.000000000000000000e+00 1.000000000000000000e+00 1.000000000000000000e+00 1.000000000000000000e+00
0.000000000000000000e+00 1.000000000000000000e+00 1.000000000000000000e+00 7.773853540420532227e-01 1.000000000000000000e+00 0.000000000000000000e+00
0.000000000000000000e+00 1.000000000000000000e+00 1.000000000000000000e+00 1.000000000000000000e+00 1.000000000000000000e+00 0.000000000000000000e+00
0.000000000000000000e+00 8.429446816444396973e-01 1.000000000000000000e+00 1.000000000000000000e+00 1.000000000000000000e+00 0.000000000000000000e+00
0.000000000000000000e+00 1.000000000000000000e+00 0.000000000000000000e+00 1.000000000000000000e+00 1.000000000000000000e+00 1.000000000000000000e+00
8.466133847832679749e-03 1.225035563111305237e-01 5.979908704757690430e-01 9.272727966308593750e-01 9.497143030166625977e-01 7.149354219436645508e-01
0.000000000000000000e+00 1.000000000000000000e+00 9.240156412124633789e-01 1.000000000000000000e+00 1.000000000000000000e+00 0.000000000000000000e+00
1.000000000000000000e+00 0.000000000000000000e+00 1.000000000000000000e+00 1.000000000000000000e+00 1.000000000000000000e+00 0.000000000000000000e+00
8.958365768194198608e-03 8.181232213973999023e-01 5.071902871131896973e-01 1.815268844366073608e-01 9.891450405120849609e-01 9.777723811566829681e-03
0.000000000000000000e+00 0.000000000000000000e+00 1.000000000000000000e+00 0.000000000000000000e+00 1.000000000000000000e+00 1.000000000000000000e+00
0.000000000000000000e+00 0.000000000000000000e+00 0.000000000000000000e+00 0.000000000000000000e+00 0.000000000000000000e+00 1.000000000000000000e+00
0.000000000000000000e+00 1.000000000000000000e+00 1.000000000000000000e+00 1.000000000000000000e+00 1.000000000000000000e+00 0.000000000000000000e+00
0.000000000000000000e+00 1.000000000000000000e+00 1.000000000000000000e+00 0.000000000000000000e+00 1.000000000000000000e+00 1.000000000000000000e+00
1.319379210472106934e-01 1.000000000000000000e+00 1.000000000000000000e+00 1.000000000000000000e+00 1.000000000000000000e+00 0.000000000000000000e+00
1.000000000000000000e+00 0.000000000000000000e+00 1.000000000000000000e+00 7.089044451713562012e-01 1.000000000000000000e+00 1.000000000000000000e+00
1.622347719967365265e-02 1.206070110201835632e-01 7.352323830127716064e-02 1.450280249118804932e-01 7.100800275802612305e-01 9.886032342910766602e-01
1.000000000000000000e+00 1.000000000000000000e+00 1.000000000000000000e+00 5.521044731140136719e-01 1.000000000000000000e+00 0.000000000000000000e+00
1.284774988889694214e-01 8.555383682250976562e-01 9.095599055290222168e-01 8.752341270446777344e-01 1.726044341921806335e-02 8.750388026237487793e-01
6.275352239608764648e-01 8.857078552246093750e-01 7.541446089744567871e-01 9.320206642150878906e-01 9.485005140304565430e-01 3.732894062995910645e-01
1.000000000000000000e+00 0.000000000000000000e+00 1.000000000000000000e+00 0.000000000000000000e+00 1.000000000000000000e+00 0.000000000000000000e+00
0.000000000000000000e+00 1.000000000000000000e+00 0.000000000000000000e+00 1.000000000000000000e+00 1.000000000000000000e+00 0.000000000000000000e+00
0.000000000000000000e+00 0.000000000000000000e+00 7.121664285659790039e-01 1.000000000000000000e+00 3.143835961818695068e-01 1.000000000000000000e+00
0.000000000000000000e+00 0.000000000000000000e+00 1.000000000000000000e+00 0.000000000000000000e+00 0.000000000000000000e+00 1.000000000000000000e+00
0.000000000000000000e+00 0.000000000000000000e+00 9.012643694877624512e-01 1.000000000000000000e+00 4.532162845134735107e-01 1.000000000000000000e+00
0.000000000000000000e+00 0.000000000000000000e+00 1.000000000000000000e+00 1.000000000000000000e+00 4.034328162670135498e-01 1.000000000000000000e+00
0.000000000000000000e+00 0.000000000000000000e+00 1.000000000000000000e+00 1.000000000000000000e+00 2.721876204013824463e-01 1.000000000000000000e+00
1.451325714588165283e-01 1.083155348896980286e-01 4.834097325801849365e-01 4.371131211519241333e-02 1.621982902288436890e-01 1.227322518825531006e-01
0.000000000000000000e+00 0.000000000000000000e+00 1.000000000000000000e+00 1.000000000000000000e+00 4.362808167934417725e-01 1.000000000000000000e+00
0.000000000000000000e+00 0.000000000000000000e+00 1.000000000000000000e+00 1.000000000000000000e+00 2.864843606948852539e-01 1.000000000000000000e+00
3.043503761291503906e-01 9.076639413833618164e-01 9.978742599487304688e-01 1.945584714412689209e-01 3.078796714544296265e-02 2.771110646426677704e-02
0.000000000000000000e+00 0.000000000000000000e+00 0.000000000000000000e+00 1.000000000000000000e+00 0.000000000000000000e+00 1.000000000000000000e+00
7.734839916229248047e-01 7.403771877288818359e-01 9.592976570129394531e-01 9.879397153854370117e-01 4.789703786373138428e-01 9.956575036048889160e-01
1.000000000000000000e+00 0.000000000000000000e+00 0.000000000000000000e+00 1.000000000000000000e+00 1.000000000000000000e+00 0.000000000000000000e+00
1.000000000000000000e+00 0.000000000000000000e+00 0.000000000000000000e+00 1.000000000000000000e+00 1.000000000000000000e+00 1.000000000000000000e+00
8.315288424491882324e-01 8.820756077766418457e-01 1.539536565542221069e-01 6.020847707986831665e-02 8.229271173477172852e-01 1.809597462415695190e-01
5.855023488402366638e-02 9.791792631149291992e-01 1.330457068979740143e-02 8.278939127922058105e-01 8.206779509782791138e-02 7.780298590660095215e-01
9.753643274307250977e-01 7.085761427879333496e-01 3.134562820196151733e-02 1.429740190505981445e-01 8.207654356956481934e-01 8.080531358718872070e-01
1.000000000000000000e+00 0.000000000000000000e+00 0.000000000000000000e+00 0.000000000000000000e+00 0.000000000000000000e+00 0.000000000000000000e+00
5.775023698806762695e-01 4.749914258718490601e-02 4.555372521281242371e-02 2.996838092803955078e-01 4.242015630006790161e-02 8.511638641357421875e-01
6.146268546581268311e-02 8.939299583435058594e-01 9.805987477302551270e-01 4.473209977149963379e-01 5.145866870880126953e-01 2.614915370941162109e-01
9.584497809410095215e-01 4.446969330310821533e-01 7.781378030776977539e-01 2.100664377212524414e-02 9.414891600608825684e-01 1.795668341219425201e-02
1.113417819142341614e-01 9.784716963768005371e-01 7.610139995813369751e-02 1.715636551380157471e-01 1.296741236001253128e-02 2.712226510047912598e-01
9.991366267204284668e-01 9.607377648353576660e-01 1.945852488279342651e-01 7.632036209106445312e-01 9.377953410148620605e-01 2.374481260776519775e-01
4.878749549388885498e-01 2.268747240304946899e-01 4.845070540904998779e-01 8.918239474296569824e-01 9.463343620300292969e-01 9.710988998413085938e-01
9.588544964790344238e-01 3.844392299652099609e-01 9.693108797073364258e-01 1.344018876552581787e-01 8.807992339134216309e-01 9.444684386253356934e-01
9.659286141395568848e-01 3.327059000730514526e-02 1.682698726654052734e-01 1.417410839349031448e-02 8.286874890327453613e-01 1.419630087912082672e-02
6.393135190010070801e-01 4.852088540792465210e-02 8.036662340164184570e-01 2.548111975193023682e-01 3.648517653346061707e-03 9.853476881980895996e-01
1.527634859085083008e-01 6.843018345534801483e-03 3.936058580875396729e-01 9.913614988327026367e-01 9.063490033149719238e-01 3.711907938122749329e-02
3.601517528295516968e-02 8.152589946985244751e-02 9.167453646659851074e-01 7.171418070793151855e-01 1.037821825593709946e-02 2.040771394968032837e-02
2.029955834150314331e-01 1.788395456969738007e-03 9.552559256553649902e-01 6.188964843750000000e-01 9.403865337371826172e-01 1.150327920913696289e-01
9.996535778045654297e-01 5.008135437965393066e-01 9.415861368179321289e-01 1.319754719734191895e-01 2.500137090682983398e-01 5.735429748892784119e-02
6.345642730593681335e-03 3.332448899745941162e-01 4.496452212333679199e-01 2.021098434925079346e-01 1.817044243216514587e-02 9.277968406677246094e-01
2.356413006782531738e-02 3.297000825405120850e-01 9.265215992927551270e-01 9.746611714363098145e-01 6.563483476638793945e-01 8.169593214988708496e-01
8.952243626117706299e-02 2.936037257313728333e-02 9.737437367439270020e-01 9.159210920333862305e-01 4.199171364307403564e-01 9.939683675765991211e-01
3.031254559755325317e-02 5.082790926098823547e-02 9.568096995353698730e-01 7.013300657272338867e-01 1.627926528453826904e-01 9.087649583816528320e-01
8.791695833206176758e-01 9.083101749420166016e-01 7.875404506921768188e-02 3.284741938114166260e-01 1.834732741117477417e-01 8.797483444213867188e-01
8.798878788948059082e-01 9.168673157691955566e-01 1.494496967643499374e-02 9.850317984819412231e-02 2.431049495935440063e-01 1.246730517596006393e-02
9.587575197219848633e-01 8.731102198362350464e-02 1.222189515829086304e-03 9.345476031303405762e-01 9.024105966091156006e-04 9.828197360038757324e-01
4.941601753234863281e-01 9.257954359054565430e-01 8.378000855445861816e-01 5.590204894542694092e-02 9.645290374755859375e-01 3.333672583103179932e-01
9.732403159141540527e-01 8.972449302673339844e-01 5.215588808059692383e-01 9.021110832691192627e-02 9.209066033363342285e-01 1.032304689288139343e-01
3.611510097980499268e-01 7.845678925514221191e-02 9.916844964027404785e-01 9.369590282440185547e-01 9.346566796302795410e-01 9.067969918251037598e-01
7.313114404678344727e-01 9.611758589744567871e-01 8.688304424285888672e-01 1.716405749320983887e-01 6.845598816871643066e-01 2.525286376476287842e-02
9.692484736442565918e-01 8.661005496978759766e-01 2.280070334672927856e-01 9.324055910110473633e-01 7.943798899650573730e-01 9.862118959426879883e-01
1.712686941027641296e-02 1.348570585250854492e-01 4.337132722139358521e-02 4.111360609531402588e-01 9.307994842529296875e-01 1.550363600254058838e-01
7.548544406890869141e-01 1.910004764795303345e-02 9.110627174377441406e-01 9.929412007331848145e-01 2.570402026176452637e-01 9.521287083625793457e-01
9.975675940513610840e-01 9.968558549880981445e-01 8.610173463821411133e-01 1.633049100637435913e-01 8.834917545318603516e-01 3.992877304553985596e-01
9.993732571601867676e-01 1.240730378776788712e-02 2.496811747550964355e-01 7.872282713651657104e-02 4.059138298034667969e-01 9.948563575744628906e-01
3.109769523143768311e-01 7.251927852630615234e-01 2.541927248239517212e-02 8.776845335960388184e-01 8.322470188140869141e-01 7.912934422492980957e-01
4.102653264999389648e-01 9.609022736549377441e-01 1.902860105037689209e-01 9.251954555511474609e-01 1.816843599081039429e-01 5.648742318153381348e-01
3.047284483909606934e-02 3.896649181842803955e-02 9.575045108795166016e-02 9.896677136421203613e-01 2.430097311735153198e-01 3.128866851329803467e-02
9.169074296951293945e-01 7.217184305191040039e-01 4.706899821758270264e-01 2.784538865089416504e-01 6.150395870208740234e-01 3.546663820743560791e-01
5.285003781318664551e-01 7.469012141227722168e-01 7.422347068786621094e-01 4.793207347393035889e-01 9.110552668571472168e-01 5.365265607833862305e-01
8.389191031455993652e-01 3.434463143348693848e-01 2.261752039194107056e-01 7.031247019767761230e-01 9.282712936401367188e-01 3.042127192020416260e-01
2.144248485565185547e-01 1.117645278573036194e-01 3.235760629177093506e-01 6.003260239958763123e-02 7.569823265075683594e-01 8.119143843650817871e-01
4.183406382799148560e-02 9.067758917808532715e-02 9.742084145545959473e-01 9.308065176010131836e-01 9.945844411849975586e-01 9.456062912940979004e-01
9.800671041011810303e-02 5.574924126267433167e-02 9.653300642967224121e-01 5.412966609001159668e-01 3.339093625545501709e-01 9.785101413726806641e-01
1.890756189823150635e-01 4.078775942325592041e-01 4.162623584270477295e-01 3.623493015766143799e-01 4.992741644382476807e-01 1.678636074066162109e-01
9.052423834800720215e-01 9.447903037071228027e-01 5.964678525924682617e-01 8.994561620056629181e-03 9.638805389404296875e-01 9.402496814727783203e-01
4.293650388717651367e-03 3.795395195484161377e-01 9.504801630973815918e-01 6.011108160018920898e-01 9.375031292438507080e-02 9.637609124183654785e-01
8.665078878402709961e-01 1.522252857685089111e-01 2.317363917827606201e-01 1.268243640661239624e-01 5.499250888824462891e-01 5.085358619689941406e-01
9.136760830879211426e-01 2.723053693771362305e-01 1.240586042404174805e-01 2.875012755393981934e-01 1.184141561388969421e-01 9.390001296997070312e-01
3.236697986721992493e-02 9.947659969329833984e-01 9.276290535926818848e-01 7.623064517974853516e-01 8.826031535863876343e-02 1.053242906928062439e-01
5.333941429853439331e-02 9.245569109916687012e-01 8.339020609855651855e-01 8.561232686042785645e-01 9.341840744018554688e-01 3.088584840297698975e-01
5.788670107722282410e-02 5.510398149490356445e-01 5.902640819549560547e-01 7.313312888145446777e-01 5.698344707489013672e-01 9.499794244766235352e-01
2.386265099048614502e-01 7.559481859207153320e-01 5.124996900558471680e-01 4.035143256187438965e-01 5.190979838371276855e-01 9.582008123397827148e-01
2.253090739250183105e-01 2.035673707723617554e-01 6.293020844459533691e-01 3.551319241523742676e-01 8.525596261024475098e-01 9.075335264205932617e-01
3.035349398851394653e-02 9.812165498733520508e-01 9.710721373558044434e-01 1.453600823879241943e-01 1.164563968777656555e-01 6.564932465553283691e-01
1.767388433218002319e-01 2.245741523802280426e-02 1.147046908736228943e-01 6.302334070205688477e-01 7.401180863380432129e-01 4.261129200458526611e-01
3.232738673686981201e-01 3.001223132014274597e-02 8.801714181900024414e-01 9.575949609279632568e-02 4.517602622509002686e-01 8.159353137016296387e-01
7.389207482337951660e-01 1.502684354782104492e-01 9.306649118661880493e-02 1.990376114845275879e-01 1.867138966917991638e-02 7.260755896568298340e-01
1.180847641080617905e-02 5.129181742668151855e-01 9.160065650939941406e-01 8.338856101036071777e-01 4.400245249271392822e-01 7.571133971214294434e-01
1.182316839694976807e-01 8.874410390853881836e-01 7.603621482849121094e-01 6.076955795288085938e-01 1.414301395416259766e-01 7.052081227302551270e-01
8.583393096923828125e-01 2.511189877986907959e-01 7.759220600128173828e-01 3.458834886550903320e-01 4.318864941596984863e-01 7.568497061729431152e-01
5.231933593750000000e-01 5.603179335594177246e-01 9.555190205574035645e-01 5.807027220726013184e-01 4.998997747898101807e-01 5.204887390136718750e-01
5.319115519523620605e-01 5.858220458030700684e-01 8.512983918190002441e-01 1.099658310413360596e-01 6.840555667877197266e-01 5.487332940101623535e-01
6.074833273887634277e-01 3.836344480514526367e-01 4.899812042713165283e-01 9.378051757812500000e-01 3.696143329143524170e-01 3.572460711002349854e-01
9.886288046836853027e-01 7.249592803418636322e-03 2.158205658197402954e-01 9.266119003295898438e-01 4.917488694190979004e-01 3.060863539576530457e-02
9.889894723892211914e-01 9.729608893394470215e-01 9.921506643295288086e-01 1.004457697272300720e-01 1.722424030303955078e-01 8.752618916332721710e-03
