4.621033072471618652e-01 8.949407339096069336e-01 4.814845323562622070e-01 9.312120676040649414e-01
4.621033072471618652e-01 8.949407339096069336e-01 4.814845323562622070e-01 9.312120676040649414e-01
5.908045172691345215e-01 3.354382514953613281e-02 4.723106622695922852e-01 8.283830285072326660e-01
5.908045172691345215e-01 3.354382514953613281e-02 4.723106622695922852e-01 8.283830285072326660e-01
5.908045172691345215e-01 3.354382514953613281e-02 4.723106622695922852e-01 8.283830285072326660e-01
5.908045172691345215e-01 3.354382514953613281e-02 4.723106622695922852e-01 8.283830285072326660e-01
5.908045172691345215e-01 3.354382514953613281e-02 4.723106622695922852e-01 8.283830285072326660e-01
5.908045172691345215e-01 3.354382514953613281e-02 4.723106622695922852e-01 8.283830285072326660e-01
5.908045172691345215e-01 3.354382514953613281e-02 4.723106622695922852e-01 8.283830285072326660e-01
5.908045172691345215e-01 3.354382514953613281e-02 4.723106622695922852e-01 8.283830285072326660e-01
5.908045172691345215e-01 3.354382514953613281e-02 4.723106622695922852e-01 8.283830285072326660e-01
5.908045172691345215e-01 3.354382514953613281e-02 4.723106622695922852e-01 8.283830285072326660e-01
5.908045172691345215e-01 3.354382514953613281e-02 4.723106622695922852e-01 8.283830285072326660e-01
5.908045172691345215e-01 3.354382514953613281e-02 4.723106622695922852e-01 8.283830285072326660e-01
8.393167257308959961e-01 1.525176167488098145e-01 9.586474299430847168e-01 9.030015468597412109e-01
8.393167257308959961e-01 1.525176167488098145e-01 9.586474299430847168e-01 9.030015468597412109e-01
8.393167257308959961e-01 1.525176167488098145e-01 9.586474299430847168e-01 9.030015468597412109e-01
8.393167257308959961e-01 1.525176167488098145e-01 9.586474299430847168e-01 9.030015468597412109e-01
8.393167257308959961e-01 1.525176167488098145e-01 9.586474299430847168e-01 9.030015468597412109e-01
8.393167257308959961e-01 1.525176167488098145e-01 9.586474299430847168e-01 9.030015468597412109e-01
8.393167257308959961e-01 1.525176167488098145e-01 9.586474299430847168e-01 9.030015468597412109e-01
8.393167257308959961e-01 1.525176167488098145e-01 9.586474299430847168e-01 9.030015468597412109e-01
8.393167257308959961e-01 1.525176167488098145e-01 9.586474299430847168e-01 9.030015468597412109e-01
8.393167257308959961e-01 1.525176167488098145e-01 9.586474299430847168e-01 9.030015468597412109e-01
8.393167257308959961e-01 1.525176167488098145e-01 9.586474299430847168e-01 9.030015468597412109e-01
8.393167257308959961e-01 1.525176167488098145e-01 9.586474299430847168e-01 9.030015468597412109e-01
8.393167257308959961e-01 1.525176167488098145e-01 9.586474299430847168e-01 9.030015468597412109e-01
8.393167257308959961e-01 1.525176167488098145e-01 9.586474299430847168e-01 9.030015468597412109e-01
8.393167257308959961e-01 1.525176167488098145e-01 9.586474299430847168e-01 9.030015468597412109e-01
8.393167257308959961e-01 1.525176167488098145e-01 9.586474299430847168e-01 9.030015468597412109e-01
8.393167257308959961e-01 1.525176167488098145e-01 9.586474299430847168e-01 9.030015468597412109e-01
8.393167257308959961e-01 1.525176167488098145e-01 9.586474299430847168e-01 9.030015468597412109e-01
5.078276395797729492e-01 8.752853274345397949e-01 4.790893793106079102e-01 5.848475098609924316e-01
5.078276395797729492e-01 8.752853274345397949e-01 4.790893793106079102e-01 5.848475098609924316e-01
5.078276395797729492e-01 8.752853274345397949e-01 4.790893793106079102e-01 5.848475098609924316e-01
5.078276395797729492e-01 8.752853274345397949e-01 4.790893793106079102e-01 5.848475098609924316e-01
5.355964899063110352e-01 2.540134191513061523e-01 7.998151183128356934e-01 7.964457869529724121e-01
5.355964899063110352e-01 2.540134191513061523e-01 7.998151183128356934e-01 7.964457869529724121e-01
5.355964899063110352e-01 2.540134191513061523e-01 7.998151183128356934e-01 7.964457869529724121e-01
5.355964899063110352e-01 2.540134191513061523e-01 7.998151183128356934e-01 7.964457869529724121e-01
5.355964899063110352e-01 2.540134191513061523e-01 7.998151183128356934e-01 7.964457869529724121e-01
5.355964899063110352e-01 2.540134191513061523e-01 7.998151183128356934e-01 7.964457869529724121e-01
5.355964899063110352e-01 2.540134191513061523e-01 7.998151183128356934e-01 7.964457869529724121e-01
5.355964899063110352e-01 2.540134191513061523e-01 7.998151183128356934e-01 7.964457869529724121e-01
5.355964899063110352e-01 2.540134191513061523e-01 7.998151183128356934e-01 7.964457869529724121e-01
5.355964899063110352e-01 2.540134191513061523e-01 7.998151183128356934e-01 7.964457869529724121e-01
5.355964899063110352e-01 2.540134191513061523e-01 7.998151183128356934e-01 7.964457869529724121e-01
5.355964899063110352e-01 2.540134191513061523e-01 7.998151183128356934e-01 7.964457869529724121e-01
5.355964899063110352e-01 2.540134191513061523e-01 7.998151183128356934e-01 7.964457869529724121e-01
5.355964899063110352e-01 2.540134191513061523e-01 7.998151183128356934e-01 7.964457869529724121e-01
