1.000000000000000000e+00 1.000000000000000000e+00 4.064090533118018822e-01 4.969426302574587728e-01
1.000000000000000000e+00 1.000000000000000000e+00 1.000000000000000000e+00 1.000000000000000000e+00
1.000000000000000000e+00 1.000000000000000000e+00 1.000000000000000000e+00 1.000000000000000000e+00
1.000000000000000000e+00 1.000000000000000000e+00 6.134050821381527019e-01 1.000000000000000000e+00
1.000000000000000000e+00 0.000000000000000000e+00 2.952924587230515985e-01 3.695781982755766415e-01
8.351434208904064960e-01 1.000000000000000000e+00 1.000000000000000000e+00 1.000000000000000000e+00
9.946888676058845968e-01 1.000000000000000000e+00 1.000000000000000000e+00 1.000000000000000000e+00
4.908038287698892610e-01 0.000000000000000000e+00 3.694569922295128928e-01 4.780173280634482658e-01
1.000000000000000000e+00 0.000000000000000000e+00 5.215746712937704421e-01 4.366948516850244766e-01
5.852357754267250023e-01 0.000000000000000000e+00 3.764448957130266393e-01 4.579041875270019601e-01
4.838897197719629339e-01 0.000000000000000000e+00 3.643211489375801082e-01 4.826957877513947115e-01
4.366696901518304919e-01 0.000000000000000000e+00 3.679647440789339807e-01 5.050870988817918183e-01
4.381433102291459880e-01 0.000000000000000000e+00 3.636496645153593499e-01 4.995855840176430807e-01
4.862800718968137148e-01 4.655833570074000560e-01 7.076373456139376517e-01 8.795102533213909890e-01
5.359988733207343703e-01 4.632466037712174023e-01 9.091177181524855433e-01 9.318690325857180712e-01
6.137832147396398152e-01 3.795017484222246162e-01 7.381043372921900492e-01 7.864655148998830336e-01
6.181246699933132804e-01 3.745963712760730369e-01 7.589856792704081645e-01 8.102406991190691521e-01
5.745138769277051694e-01 3.946227376383175667e-01 7.312072841696984904e-01 8.242411804462446145e-01
6.372686861673112491e-01 3.811816205411996394e-01 7.127178627614119133e-01 7.756819266937386992e-01
6.277817591267508268e-01 3.845434900062175143e-01 6.912394733656503920e-01 7.714731875942545392e-01
6.511467292017012465e-01 0.000000000000000000e+00 4.552060262707857130e-01 4.217335101528088548e-01
6.830848257101420629e-01 0.000000000000000000e+00 4.657587978885799895e-01 4.067717272030210718e-01
6.826814001019427813e-01 0.000000000000000000e+00 4.696825437746525722e-01 4.037508422992601154e-01
7.024834019397137030e-01 0.000000000000000000e+00 4.555755361382397561e-01 4.461248046589959548e-01
7.420751417830959706e-01 0.000000000000000000e+00 4.499392473072845178e-01 4.464445422962939891e-01
7.478347267234338736e-01 0.000000000000000000e+00 4.573631643912277056e-01 4.480962402368799391e-01
7.531204131693313153e-01 0.000000000000000000e+00 4.221133861910412732e-01 4.426660669960313932e-01
8.346278856061897233e-01 0.000000000000000000e+00 4.574834666689025497e-01 4.549956749389173494e-01
8.157633072240132455e-01 0.000000000000000000e+00 4.386593114287604678e-01 4.475599391810072269e-01
5.802741775406142777e-01 0.000000000000000000e+00 3.498880602652162941e-01 4.253406645756511728e-01
4.848725935554311084e-01 0.000000000000000000e+00 3.284725532812121651e-01 4.385700446799462027e-01
4.853163440915972959e-01 0.000000000000000000e+00 3.245047374496196069e-01 4.391350686635679401e-01
6.448113345654514772e-01 4.580075043790380329e-01 9.286402415218636408e-01 1.000000000000000000e+00
3.672768351514182350e-01 0.000000000000000000e+00 3.767399065362947996e-01 5.334834892463915512e-01
3.613799098650064545e-01 0.000000000000000000e+00 3.753873765244217231e-01 5.369010587862624861e-01
3.267845409453092875e-01 0.000000000000000000e+00 3.695521643952046631e-01 5.596016927275262454e-01
5.511400727465983751e-01 4.666802564160801858e-01 6.058251208855954806e-01 8.076674363471934015e-01
6.324799560802084608e-01 4.197258946214264541e-01 6.935935084683760854e-01 8.191926715732212871e-01
6.566094295349922394e-01 4.188412172357734442e-01 7.416719183221515133e-01 8.424802765123385884e-01
7.192815494744767557e-01 4.544460304584393984e-01 1.000000000000000000e+00 9.642385234163861618e-01
3.491204136462308649e-01 0.000000000000000000e+00 3.419314641264141197e-01 5.445228818669646254e-01
3.897168125684408735e-01 0.000000000000000000e+00 3.625033868338738419e-01 5.243866369935674676e-01
3.787678135029100557e-01 0.000000000000000000e+00 3.581147880722092558e-01 5.312872104232584380e-01
3.883749970784080574e-01 0.000000000000000000e+00 3.539998148268490574e-01 5.241324592663343385e-01
3.948276892424693596e-01 0.000000000000000000e+00 3.563636907707780632e-01 5.199902976695960355e-01
4.071669252206402967e-01 0.000000000000000000e+00 3.527001000169583400e-01 5.116747782272598188e-01
4.152601281360521757e-01 0.000000000000000000e+00 3.343659783880386649e-01 4.787213503641234991e-01
6.029466895931210324e-01 5.244419809944932398e-01 1.000000000000000000e+00 9.992831732611213713e-01
4.108178308437591686e-01 0.000000000000000000e+00 3.383823424170772642e-01 4.814354973597992915e-01
4.156533085437921216e-01 0.000000000000000000e+00 3.285237729884085134e-01 4.679277663610163507e-01
