3.792446851730346680e-01 6.823536753654479980e-01 7.916285395622253418e-01 4.437498450279235840e-01 8.027722835540771484e-01 8.768521547317504883e-01
3.871794939041137695e-01 3.014280796051025391e-01 1.956551074981689453e-01 8.760565519332885742e-01 8.094454407691955566e-01 7.832960486412048340e-01
5.145698785781860352e-01 4.594699740409851074e-01 9.266183376312255859e-01 7.693230509757995605e-01 5.789792537689208984e-02 7.203215956687927246e-01
5.308418273925781250e-01 9.679166674613952637e-01 4.182754158973693848e-01 2.937409281730651855e-01 6.947423815727233887e-01 6.607576012611389160e-01
4.179403781890869141e-01 6.868404150009155273e-01 8.941632509231567383e-01 4.843397140502929688e-01 9.574314951896667480e-01 6.137965321540832520e-01
3.176665306091308594e-01 1.254737377166748047e-03 2.020998001098632812e-01 4.657812714576721191e-01 3.508689403533935547e-01 2.057123184204101562e-02
3.441833853721618652e-01 1.748071908950805664e-01 4.618656635284423828e-01 7.347851991653442383e-01 2.036986351013183594e-01 9.480472207069396973e-01
4.473912715911865234e-01 3.767857551574707031e-01 3.111017942428588867e-01 1.732321381568908691e-01 5.652239322662353516e-01 9.858494400978088379e-01
2.940368652343750000e-02 6.300278306007385254e-01 3.596836924552917480e-01 5.606815814971923828e-01 7.052901983261108398e-01 1.997715234756469727e-01
4.244134426116943359e-01 6.990611553192138672e-03 7.848197817802429199e-01 1.201210618019104004e-01 3.113381862640380859e-01 9.102283120155334473e-01
8.708966970443725586e-01 8.357349038124084473e-01 5.716189742088317871e-01 6.352157592773437500e-01 1.530963182449340820e-02 3.443837761878967285e-01
6.507520079612731934e-01 9.885579943656921387e-01 2.013240456581115723e-01 8.418960571289062500e-01 9.533643722534179688e-03 8.050090074539184570e-02
9.994173645973205566e-01 2.776199579238891602e-02 9.066356420516967773e-01 1.625398397445678711e-01 4.488159418106079102e-01 1.031615138053894043e-01
9.997321963310241699e-01 9.607226252555847168e-01 6.705343127250671387e-01 7.131236195564270020e-01 8.361787796020507812e-01 7.884095311164855957e-01
5.499179363250732422e-01 6.706288456916809082e-01 2.731719613075256348e-01 5.340037345886230469e-01 1.480416059494018555e-01 7.784968614578247070e-02
2.746527194976806641e-01 1.603324413299560547e-01 7.438426017761230469e-01 7.471392154693603516e-01 1.137942671775817871e-01 7.361329197883605957e-01
9.709911942481994629e-01 6.132187247276306152e-01 4.523348212242126465e-01 9.743639826774597168e-01 2.058895826339721680e-01 9.908662438392639160e-01
7.574876546859741211e-01 2.716344594955444336e-01 8.699973821640014648e-01 5.202850103378295898e-01 6.151573657989501953e-01 5.682361125946044922e-01
8.915191292762756348e-01 6.000624299049377441e-01 1.181520223617553711e-01 4.072409272193908691e-01 8.941187262535095215e-01 3.426889777183532715e-01
7.478953003883361816e-01 2.814693450927734375e-01 8.277621865272521973e-01 7.685096859931945801e-01 4.248119592666625977e-01 4.459938406944274902e-01
5.843219757080078125e-01 5.940911769866943359e-01 4.294747114181518555e-02 8.863277435302734375e-01 5.814176201820373535e-01 2.829116582870483398e-01
5.353376865386962891e-01 3.291875720024108887e-01 2.191392779350280762e-01 2.522967457771301270e-01 1.921153068542480469e-01 2.773320078849792480e-01
6.633073091506958008e-01 3.447252511978149414e-02 1.760874986648559570e-01 1.794126033782958984e-01 6.635897159576416016e-01 6.866089105606079102e-01
4.928005933761596680e-01 1.522195339202880859e-01 9.321222305297851562e-01 6.227107048034667969e-01 6.576478481292724609e-02 3.863693475723266602e-01
5.038905143737792969e-02 1.791590452194213867e-02 4.317199587821960449e-01 6.723449230194091797e-01 3.664581775665283203e-01 9.296324849128723145e-01
5.137150883674621582e-01 7.362830638885498047e-02 5.115002989768981934e-01 5.655090212821960449e-01 8.954310417175292969e-02 3.598396778106689453e-01
4.031926393508911133e-02 6.056409478187561035e-01 9.390457272529602051e-01 2.811269760131835938e-01 4.517245292663574219e-02 5.324118137359619141e-01
4.448390603065490723e-01 9.888994693756103516e-02 6.012254953384399414e-02 5.065330266952514648e-01 3.581931591033935547e-01 2.737398147583007812e-01
3.437606096267700195e-01 7.802220582962036133e-01 2.174079418182373047e-03 3.293726444244384766e-01 6.279722452163696289e-01 4.717779755592346191e-01
5.056263208389282227e-01 9.662243127822875977e-01 6.099446415901184082e-01 4.400925636291503906e-01 8.096563816070556641e-02 5.224040150642395020e-01
9.029701352119445801e-01 4.466705918312072754e-01 2.902346253395080566e-01 1.617069244384765625e-01 9.983468651771545410e-01 7.572252154350280762e-01
4.181065559387207031e-01 6.642993092536926270e-01 5.938278436660766602e-01 8.677809238433837891e-01 1.496785879135131836e-02 9.556471705436706543e-01
3.943471312522888184e-01 5.633156895637512207e-01 2.256768345832824707e-01 5.666522979736328125e-01 3.431820869445800781e-01 7.211707830429077148e-01
9.120585918426513672e-01 6.181309223175048828e-01 4.173431992530822754e-01 7.831844687461853027e-01 2.832775712013244629e-01 1.540127396583557129e-01
1.271132230758666992e-01 4.885652065277099609e-01 9.152087569236755371e-01 2.070622444152832031e-01 9.153117537498474121e-01 8.459259271621704102e-01
5.395783185958862305e-01 7.852884531021118164e-01 1.282502412796020508e-01 2.758418917655944824e-01 1.940563321113586426e-01 1.469368934631347656e-01
9.639072418212890625e-01 8.906949758529663086e-01 7.003051638603210449e-01 9.457235336303710938e-01 1.703839302062988281e-01 8.801761865615844727e-01
6.547254920005798340e-01 7.481049299240112305e-01 6.625106930732727051e-01 5.202139019966125488e-01 5.516379475593566895e-01 8.420782089233398438e-01
9.988268613815307617e-01 9.671357870101928711e-01 6.526190042495727539e-02 1.021432876586914062e-01 6.803593039512634277e-01 5.963505506515502930e-01
6.020474433898925781e-02 8.614208102226257324e-01 8.500159382820129395e-01 5.128776431083679199e-01 9.177145957946777344e-01 7.000467181205749512e-01
3.430892229080200195e-01 3.370887041091918945e-02 6.414712071418762207e-01 2.374320626258850098e-01 3.365628719329833984e-01 3.211339712142944336e-01
1.413590908050537109e-01 5.834939479827880859e-01 9.850904345512390137e-01 5.279522538185119629e-01 2.545236349105834961e-01 1.235127449035644531e-01
3.608150482177734375e-01 4.675304889678955078e-01 9.228855371475219727e-01 6.922067999839782715e-01 2.652165293693542480e-01 7.462041974067687988e-01
9.177942276000976562e-01 5.613380074501037598e-01 4.470006823539733887e-01 8.574519753456115723e-01 1.016920804977416992e-02 6.399810314178466797e-01
2.727137207984924316e-01 8.943760991096496582e-01 7.498375177383422852e-01 1.608759760856628418e-01 1.849468350410461426e-01 9.313162565231323242e-01
3.939337730407714844e-01 9.244437217712402344e-01 1.749214529991149902e-01 9.020713567733764648e-01 6.154363751411437988e-01 5.005989670753479004e-01
2.285566926002502441e-01 4.747515916824340820e-02 1.346675157546997070e-01 3.783515095710754395e-01 1.453648209571838379e-01 1.992304921150207520e-01
7.050685286521911621e-01 8.883201479911804199e-01 7.461317181587219238e-01 1.975120306015014648e-01 4.789427518844604492e-01 1.086273193359375000e-01
4.300856590270996094e-01 9.010868072509765625e-01 8.439802527427673340e-01 8.101231455802917480e-01 8.176328539848327637e-01 8.353976011276245117e-01
6.595896482467651367e-01 5.940325260162353516e-01 9.612073898315429688e-01 9.970438480377197266e-02 8.921174407005310059e-01 4.005836844444274902e-01
3.404623866081237793e-01 6.512883305549621582e-01 8.867355585098266602e-01 5.762728452682495117e-01 8.488063812255859375e-01 8.399958610534667969e-01
4.842401146888732910e-01 1.596194505691528320e-02 9.200209379196166992e-02 3.560323715209960938e-01 8.291548490524291992e-02 9.314364790916442871e-01
6.546849012374877930e-01 8.358029723167419434e-01 8.912610411643981934e-01 9.413605928421020508e-01 8.867321014404296875e-01 2.963651418685913086e-01
4.429976344108581543e-01 4.353185892105102539e-01 1.144582629203796387e-01 1.180078983306884766e-01 9.237293004989624023e-01 5.356094241142272949e-01
1.669186353683471680e-02 3.619804978370666504e-01 8.656663894653320312e-01 3.787263035774230957e-01 8.235776424407958984e-01 8.612806200981140137e-01
2.704312205314636230e-01 8.754854202270507812e-01 2.802186012268066406e-01 5.768772959709167480e-01 5.961834788322448730e-01 2.530285120010375977e-01
2.089783549308776855e-01 5.189908146858215332e-01 7.033075094223022461e-01 6.530559062957763672e-02 4.081882238388061523e-01 2.414464354515075684e-01
4.247636198997497559e-01 8.051243424415588379e-01 6.539240479469299316e-01 2.991582155227661133e-01 5.166660547256469727e-01 4.684352278709411621e-01
5.695393681526184082e-01 7.524172663688659668e-01 5.211840271949768066e-01 7.970525026321411133e-01 2.784804701805114746e-01 8.109663128852844238e-01
5.543304681777954102e-01 5.986667871475219727e-01 7.432686090469360352e-01 9.546023011207580566e-01 8.922827243804931641e-02 5.343101620674133301e-01
6.415525078773498535e-01 4.987629652023315430e-01 1.652665734291076660e-01 6.470667123794555664e-01 2.134078145027160645e-01 4.864421486854553223e-01
1.839623451232910156e-01 7.243121862411499023e-01 7.649070024490356445e-02 4.992875456809997559e-01 7.141035199165344238e-01 8.873919248580932617e-01
5.843375325202941895e-01 8.773648142814636230e-01 7.056493163108825684e-01 9.386640787124633789e-02 3.546807765960693359e-01 4.199715852737426758e-01
7.911252975463867188e-01 3.189924359321594238e-01 7.668171525001525879e-01 3.777836561203002930e-01 4.443184733390808105e-01 4.221355319023132324e-01
3.149139285087585449e-01 3.922981619834899902e-01 7.481629848480224609e-01 6.981792449951171875e-01 4.001122117042541504e-01 9.720385074615478516e-01
4.893233180046081543e-01 5.508204102516174316e-01 3.086255788803100586e-01 8.876581192016601562e-01 2.007556557655334473e-01 4.041131734848022461e-01
6.069391965866088867e-02 1.177361011505126953e-01 4.251153469085693359e-01 9.550008773803710938e-01 4.526262879371643066e-01 5.543308258056640625e-01
8.196904659271240234e-01 3.987814784049987793e-01 5.220445394515991211e-01 7.315394282341003418e-01 1.719653606414794922e-03 7.315759062767028809e-01
3.298079967498779297e-01 7.129948735237121582e-01 6.564709544181823730e-01 1.092588901519775391e-01 2.574118375778198242e-01 8.865129351615905762e-01
3.396103382110595703e-01 3.609693646430969238e-01 2.883213162422180176e-01 5.518989562988281250e-01 1.136508584022521973e-01 7.856504321098327637e-01
2.944153547286987305e-02 4.617700576782226562e-01 3.302555084228515625e-01 3.664864301681518555e-01 6.437353491783142090e-01 7.196140289306640625e-02
4.151320457458496094e-01 8.099003434181213379e-01 7.608734369277954102e-01 7.990144491195678711e-01 3.337545990943908691e-01 8.662092089653015137e-01
4.695786833763122559e-01 2.738331556320190430e-01 7.284313440322875977e-01 3.954248428344726562e-01 3.372567296028137207e-01 8.804659247398376465e-01
9.272916913032531738e-01 6.950277090072631836e-01 3.868871927261352539e-01 7.221208214759826660e-01 3.926649689674377441e-01 8.606969714164733887e-01
4.970184564590454102e-01 8.002948760986328125e-01 3.973187208175659180e-01 9.116799831390380859e-01 4.150099754333496094e-01 1.223763227462768555e-01
2.110220193862915039e-01 7.292978763580322266e-01 1.538147330284118652e-01 6.368405222892761230e-01 2.900043725967407227e-01 2.597310543060302734e-01
5.034186244010925293e-01 5.288168191909790039e-01 8.204793930053710938e-02 4.055885672569274902e-01 9.683169722557067871e-01 1.473599076271057129e-01
2.941022515296936035e-01 7.388956546783447266e-01 1.130779385566711426e-01 9.002842307090759277e-01 4.253398776054382324e-01 5.389256477355957031e-01
6.464546322822570801e-01 9.013808369636535645e-01 7.105259895324707031e-01 4.119002819061279297e-01 2.529125809669494629e-01 2.371125221252441406e-01
8.674300312995910645e-01 3.597694635391235352e-02 6.584346294403076172e-03 9.372677803039550781e-01 2.672942876815795898e-01 6.293347477912902832e-01
7.193374633789062500e-01 4.397792816162109375e-01 2.433621883392333984e-01 6.675988435745239258e-01 3.969131112098693848e-01 5.684879422187805176e-01
1.025456190109252930e-01 4.634213447570800781e-01 1.550520658493041992e-01 6.134563088417053223e-01 8.742896318435668945e-01 8.670803904533386230e-01
5.034108161926269531e-01 5.501046180725097656e-01 7.199525833129882812e-02 5.860269069671630859e-02 6.154932379722595215e-01 1.877998113632202148e-01
6.081174612045288086e-01 2.122474908828735352e-01 9.889372587203979492e-01 2.305697202682495117e-01 3.023904561996459961e-01 2.460362911224365234e-01
3.240411281585693359e-01 4.842479228973388672e-01 1.700401306152343750e-03 3.209173679351806641e-03 3.612706065177917480e-01 5.188137888908386230e-01
1.697205305099487305e-01 8.799253702163696289e-01 4.269343614578247070e-02 4.294092059135437012e-01 2.122512459754943848e-01 7.818790078163146973e-01
5.828245878219604492e-01 6.383832693099975586e-01 1.409943699836730957e-01 4.456847310066223145e-01 5.327266454696655273e-02 5.101989507675170898e-01
4.419003725051879883e-01 5.816571116447448730e-01 7.665187716484069824e-01 1.041910648345947266e-01 4.915074110031127930e-01 2.601511478424072266e-01
3.681202530860900879e-01 4.772500991821289062e-01 4.257571697235107422e-01 3.032433986663818359e-01 5.011810660362243652e-01 7.341660857200622559e-01
4.176439046859741211e-01 2.398365139961242676e-01 9.010679125785827637e-01 1.974284648895263672e-03 4.269737005233764648e-01 1.005474328994750977e-01
9.852553009986877441e-01 4.350805878639221191e-01 8.935743570327758789e-01 1.449199318885803223e-01 9.995605945587158203e-01 6.370794773101806641e-01
2.515680193901062012e-01 9.429749846458435059e-01 2.506356835365295410e-01 5.002160072326660156e-01 3.246434926986694336e-01 2.819012403488159180e-01
2.740551829338073730e-01 1.425004005432128906e-01 7.951942086219787598e-01 6.663113832473754883e-01 7.610023617744445801e-01 7.515043616294860840e-01
6.489856243133544922e-01 7.789590358734130859e-01 7.405458688735961914e-01 1.584003567695617676e-01 5.513514876365661621e-01 4.554347991943359375e-01
7.396216988563537598e-01 4.672806262969970703e-01 2.087044715881347656e-01 1.594914793968200684e-01 3.713845610618591309e-01 4.316502809524536133e-01
3.235107660293579102e-01 6.244295239448547363e-01 1.389800906181335449e-01 4.457950592041015625e-02 4.815802574157714844e-01 6.917186379432678223e-01
7.483744025230407715e-01 7.533670067787170410e-01 1.924967765808105469e-02 2.674204111099243164e-01 6.522564291954040527e-01 4.550008773803710938e-01
2.673360705375671387e-01 7.306854724884033203e-01 1.733613014221191406e-01 7.511836886405944824e-01 5.132923126220703125e-01 7.270163297653198242e-02
2.999107241630554199e-01 7.523798346519470215e-01 2.074822783470153809e-01 2.805650830268859863e-01 9.460496306419372559e-01 1.438686847686767578e-01
5.124371051788330078e-01 5.375190973281860352e-01 3.879457712173461914e-01 7.287932038307189941e-01 6.352599859237670898e-01 1.879411935806274414e-01
2.724164724349975586e-01 3.917840123176574707e-01 1.068504452705383301e-01 4.575739502906799316e-01 3.647695183753967285e-01 1.244489550590515137e-01
1.612822413444519043e-01 8.222702741622924805e-01 5.596536397933959961e-02 3.881785869598388672e-01 2.534773349761962891e-01 4.239283800125122070e-01
6.541814208030700684e-01 3.128612637519836426e-01 7.024418115615844727e-01 8.235657215118408203e-01 3.698213696479797363e-01 6.985931992530822754e-01
5.539370179176330566e-01 7.591365575790405273e-01 3.632234334945678711e-01 6.045523881912231445e-01 2.318823337554931641e-02 2.716791629791259766e-01
2.772428989410400391e-01 5.868430137634277344e-01 8.741094470024108887e-01 2.946060895919799805e-01 6.923562288284301758e-01 5.908767580986022949e-01
8.789836764335632324e-01 6.640704870223999023e-01 5.706039667129516602e-01 1.879659295082092285e-01 2.128275036811828613e-01 6.014451980590820312e-01
2.571761012077331543e-01 2.772070765495300293e-01 2.846535444259643555e-01 1.847083568572998047e-01 7.231019735336303711e-01 7.009274363517761230e-01
8.859121799468994141e-01 6.927807927131652832e-01 4.097581505775451660e-01 7.696700096130371094e-02 7.448472380638122559e-01 6.467851996421813965e-01
6.377270817756652832e-01 7.743991613388061523e-01 9.339759945869445801e-01 8.665627241134643555e-01 4.876542687416076660e-01 6.635478734970092773e-01
4.886838793754577637e-01 8.822984695434570312e-01 2.875266075134277344e-01 2.988601922988891602e-01 4.841166138648986816e-01 7.571393251419067383e-01
