9.185850024223327637e-01 4.068740010261535645e-01 5.080326795578002930e-01 5.275031924247741699e-01
7.643785476684570312e-01 6.262557506561279297e-01 2.712335586547851562e-01 9.221792817115783691e-01
4.130230545997619629e-01 4.536496996879577637e-01 3.840061426162719727e-01 6.795070171356201172e-01
7.345063686370849609e-01 9.484129548072814941e-01 7.154832482337951660e-01 7.004615068435668945e-01
7.447541952133178711e-01 3.676083087921142578e-01 5.350950956344604492e-01 8.395236730575561523e-01
3.963044881820678711e-01 4.576617479324340820e-01 5.425785183906555176e-01 8.713644742965698242e-01
2.463857531547546387e-01 1.551971435546875000e-01 3.539321422576904297e-01 6.282049417495727539e-02
1.007047295570373535e-01 8.718680739402770996e-01 7.676885128021240234e-01 5.569425225257873535e-01
3.418734669685363770e-01 4.365402460098266602e-02 9.292291402816772461e-01 2.698407173156738281e-01
3.844947218894958496e-01 6.735239028930664062e-01 9.353706240653991699e-01 1.194876432418823242e-02
5.480943322181701660e-01 1.917915940284729004e-01 3.601796627044677734e-01 6.934584975242614746e-01
5.615353584289550781e-01 3.709984421730041504e-01 6.040729284286499023e-01 5.959785580635070801e-01
4.049797058105468750e-01 6.670228838920593262e-01 2.094598412513732910e-01 4.220452308654785156e-01
5.540562868118286133e-01 1.837411522865295410e-01 8.555033802986145020e-01 4.451661705970764160e-01
5.568252205848693848e-01 8.567861318588256836e-01 2.776050567626953125e-02 1.534442305564880371e-01
1.168956160545349121e-01 9.245049357414245605e-01 5.328525304794311523e-01 1.870704293251037598e-01
1.521696448326110840e-01 1.462577581405639648e-01 7.280188798904418945e-02 6.512312293052673340e-01
5.904451608657836914e-01 9.943817853927612305e-01 2.085654139518737793e-01 2.467054128646850586e-01
1.101268529891967773e-01 2.262030839920043945e-01 3.748502731323242188e-01 2.557832002639770508e-01
7.411840558052062988e-01 2.660455703735351562e-01 9.902923703193664551e-01 2.180156707763671875e-01
7.559067606925964355e-01 1.635820865631103516e-01 3.044396638870239258e-02 7.307907342910766602e-01
3.063383102416992188e-01 8.122313618659973145e-01 6.614112257957458496e-01 2.338698506355285645e-01
7.371383309364318848e-01 9.176897406578063965e-01 8.265356421470642090e-01 7.469993829727172852e-02
1.235542297363281250e-01 1.546053886413574219e-01 1.752418279647827148e-02 8.783744573593139648e-01
6.085572838783264160e-01 9.908342361450195312e-01 6.554324030876159668e-01 2.125537395477294922e-02
1.066948771476745605e-01 7.325989603996276855e-01 2.420002222061157227e-02 1.897801756858825684e-01
4.885201454162597656e-01 7.253032922744750977e-02 6.377897262573242188e-01 8.929685950279235840e-01
2.664824128150939941e-01 5.906558632850646973e-01 4.549154043197631836e-01 1.169478893280029297e-01
4.380960464477539062e-01 1.026857495307922363e-01 7.408732771873474121e-01 3.006532192230224609e-01
8.291476964950561523e-01 7.987793684005737305e-01 9.303652048110961914e-01 9.238213896751403809e-01
6.910193562507629395e-01 8.072886466979980469e-01 4.627872109413146973e-01 5.592382550239562988e-01
5.804222226142883301e-01 6.460003256797790527e-01 4.871225357055664062e-01 1.577160358428955078e-01
4.000319838523864746e-01 7.665594220161437988e-01 6.387402415275573730e-01 5.895465612411499023e-02
7.764059305191040039e-02 8.674592375755310059e-01 4.386726021766662598e-01 7.988784909248352051e-01
8.028761744499206543e-01 2.485451698303222656e-01 8.135376572608947754e-01 7.825459241867065430e-01
8.057631850242614746e-01 7.260849475860595703e-01 4.617628455162048340e-01 6.294327378273010254e-01
5.721693634986877441e-01 8.905746936798095703e-01 4.019618034362792969e-03 3.161104917526245117e-01
4.844372868537902832e-01 5.503410100936889648e-02 9.874843358993530273e-01 3.711959719657897949e-01
5.064591169357299805e-01 7.229881286621093750e-01 2.786864042282104492e-01 1.128913760185241699e-01
2.115975022315979004e-01 1.967519521713256836e-02 3.375095725059509277e-01 1.283472776412963867e-02
8.160612583160400391e-01 3.432517051696777344e-01 3.498415946960449219e-01 2.362080812454223633e-01
5.791448950767517090e-01 3.748308420181274414e-01 1.862816214561462402e-01 1.598548293113708496e-01
9.261732101440429688e-01 8.615513443946838379e-01 9.101905822753906250e-01 8.769184350967407227e-02
7.545233964920043945e-01 3.564469218254089355e-01 7.571303248405456543e-01 3.258177042007446289e-01
8.263248205184936523e-01 1.308149695396423340e-01 8.086975812911987305e-01 8.733510971069335938e-02
2.640701532363891602e-01 7.428580522537231445e-01 2.925866842269897461e-01 1.790618896484375000e-02
7.131005525588989258e-01 4.061062335968017578e-01 5.553706288337707520e-01 4.902721643447875977e-01
9.684528708457946777e-01 7.358461618423461914e-01 7.728609442710876465e-01 8.353338241577148438e-01
9.944431185722351074e-01 2.319148182868957520e-01 5.545498728752136230e-01 1.099721789360046387e-01
5.879545807838439941e-01 1.844097971916198730e-01 7.289711236953735352e-01 6.332405805587768555e-01
9.572806358337402344e-01 2.181673049926757812e-01 1.281800866127014160e-01 8.273355960845947266e-01
7.772036194801330566e-01 1.546744108200073242e-01 5.997611880302429199e-01 5.027158856391906738e-01
8.804473876953125000e-01 8.236683011054992676e-01 5.821775794029235840e-01 5.508244037628173828e-01
6.045185923576354980e-01 5.646002888679504395e-01 4.082664847373962402e-01 2.343958616256713867e-02
6.327521800994873047e-02 3.212249279022216797e-01 3.603335022926330566e-01 8.812294602394104004e-01
6.350608468055725098e-01 1.993471980094909668e-01 3.156411647796630859e-01 7.339445948600769043e-01
9.980100989341735840e-01 8.295398354530334473e-01 9.261713027954101562e-01 7.295713424682617188e-01
1.106965541839599609e-01 3.920375704765319824e-01 7.733132839202880859e-01 6.005000472068786621e-01
9.806121587753295898e-01 7.249285578727722168e-01 4.996103048324584961e-01 6.903769373893737793e-01
6.594122052192687988e-01 9.221197366714477539e-01 8.009901046752929688e-01 7.577708959579467773e-01
1.923413276672363281e-01 8.073372840881347656e-01 2.982395887374877930e-01 4.141587018966674805e-01
5.231454372406005859e-01 1.769945621490478516e-01 1.495128870010375977e-02 6.952911615371704102e-02
3.322187066078186035e-01 7.182258367538452148e-02 2.398615479469299316e-01 9.216633439064025879e-01
9.927320480346679688e-01 7.780790925025939941e-01 2.828508615493774414e-02 4.672410488128662109e-01
3.504003882408142090e-01 8.507480025291442871e-01 8.826484084129333496e-01 6.123753786087036133e-01
9.857482910156250000e-01 6.224282979965209961e-01 2.579963803291320801e-01 9.288613796234130859e-01
1.471524834632873535e-01 9.792065620422363281e-01 1.645305752754211426e-01 8.525158762931823730e-01
5.838704109191894531e-02 8.712726831436157227e-02 2.187412977218627930e-02 9.495468139648437500e-01
9.189348220825195312e-01 4.922155141830444336e-01 6.647368669509887695e-01 6.563755273818969727e-01
3.137594461441040039e-01 9.846068620681762695e-01 6.897372603416442871e-01 7.027517557144165039e-01
8.802070617675781250e-01 1.548931598663330078e-01 7.403783202171325684e-01 9.388468861579895020e-01
9.836729764938354492e-01 4.743092656135559082e-01 3.298520445823669434e-01 3.834989070892333984e-01
3.298475146293640137e-01 1.502697467803955078e-01 3.163106441497802734e-01 2.700337171554565430e-01
1.198779344558715820e-01 9.503592848777770996e-01 6.864730119705200195e-01 4.536392092704772949e-01
9.896746277809143066e-01 1.278161406517028809e-01 6.142612695693969727e-01 9.397853016853332520e-01
2.458566427230834961e-01 1.500207781791687012e-01 9.400967955589294434e-01 5.408198237419128418e-01
2.185110449790954590e-01 1.016268134117126465e-01 4.347674250602722168e-01 2.485995888710021973e-01
6.440627574920654297e-02 8.694037199020385742e-01 6.089591979980468750e-02 4.089317321777343750e-01
1.676201820373535156e-03 5.712599158287048340e-01 5.261611938476562500e-02 3.633697628974914551e-01
7.054635882377624512e-01 7.667863368988037109e-01 1.375057101249694824e-01 8.879150748252868652e-01
7.095558643341064453e-01 5.585608482360839844e-01 5.272389054298400879e-01 3.140055537223815918e-01
5.149962902069091797e-01 9.160380959510803223e-01 7.960939407348632812e-01 8.191815018653869629e-01
9.394132494926452637e-01 3.881826996803283691e-01 2.740560173988342285e-01 6.122758388519287109e-01
9.945052266120910645e-01 9.386156797409057617e-01 4.040640592575073242e-02 1.690551638603210449e-01
1.528870463371276855e-01 8.566174507141113281e-01 7.255972623825073242e-01 8.691033124923706055e-01
5.044716000556945801e-01 7.602979540824890137e-01 4.629113674163818359e-01 4.036884903907775879e-01
3.512901067733764648e-01 3.256556987762451172e-01 1.564548015594482422e-01 2.127505540847778320e-01
1.806643009185791016e-01 5.798495411872863770e-01 8.556010723114013672e-01 8.935177326202392578e-01
1.909434795379638672e-02 5.302847027778625488e-01 9.571049213409423828e-01 2.231627106666564941e-01
6.697373390197753906e-01 9.144525527954101562e-01 3.998437523841857910e-01 5.132784843444824219e-01
9.052417874336242676e-01 4.502645134925842285e-01 1.887183785438537598e-01 6.179413199424743652e-01
4.708263278007507324e-01 4.036178588867187500e-01 2.677834033966064453e-01 8.165774941444396973e-01
3.551892042160034180e-01 2.903604507446289062e-01 4.340000152587890625e-01 3.599399924278259277e-01
5.195009708404541016e-02 7.781193852424621582e-01 6.092307567596435547e-01 4.595206379890441895e-01
5.282042026519775391e-01 8.118206262588500977e-01 2.397665977478027344e-01 5.527526736259460449e-01
3.465759158134460449e-01 2.922133207321166992e-01 9.557647109031677246e-01 1.116344928741455078e-01
6.615532636642456055e-01 9.511791467666625977e-01 6.168774366378784180e-01 6.156247854232788086e-02
4.614279270172119141e-01 5.875068306922912598e-01 3.611878752708435059e-01 1.885827779769897461e-01
1.825588345527648926e-01 2.370643615722656250e-01 6.056114435195922852e-01 7.547003626823425293e-01
7.466966509819030762e-01 2.552981972694396973e-01 1.669521927833557129e-01 7.096107602119445801e-01
7.787841558456420898e-02 6.208069920539855957e-01 6.072985529899597168e-01 4.694051146507263184e-01
4.005730152130126953e-03 4.063717126846313477e-01 1.099396347999572754e-01 2.028841972351074219e-01
6.615590453147888184e-01 8.962771892547607422e-01 2.025467157363891602e-01 1.367712020874023438e-02
7.388123273849487305e-01 6.011273860931396484e-01 2.916294336318969727e-02 5.302518010139465332e-01
3.054687380790710449e-01 9.935200214385986328e-02 7.259690761566162109e-02 4.351819157600402832e-01
7.457484006881713867e-01 8.206124901771545410e-01 9.847296476364135742e-01 2.982652187347412109e-02
4.667839407920837402e-01 8.055617213249206543e-01 7.040663957595825195e-01 3.227722048759460449e-01
9.623583555221557617e-01 4.055678844451904297e-03 1.122131347656250000e-01 7.771518826484680176e-01
9.491510987281799316e-01 4.155331850051879883e-02 7.220575213432312012e-01 3.829624056816101074e-01
1.351638436317443848e-01 1.230690479278564453e-01 6.634449958801269531e-02 3.537666201591491699e-01
