5.797170470612813542e-01 0.000000000000000000e+00 0.000000000000000000e+00 0.000000000000000000e+00
6.100308353369273684e-01 0.000000000000000000e+00 0.000000000000000000e+00 0.000000000000000000e+00
9.225973716070340336e-01 0.000000000000000000e+00 0.000000000000000000e+00 0.000000000000000000e+00
1.000000000000000000e+00 1.109618663410121692e-02 1.025881105549406452e-01 0.000000000000000000e+00
4.472240951862844760e-01 0.000000000000000000e+00 4.840246122753605329e-01 0.000000000000000000e+00
5.192863575521819985e-01 0.000000000000000000e+00 4.777506226722190164e-01 0.000000000000000000e+00
3.910266796235837838e-01 0.000000000000000000e+00 3.803014247726188568e-01 0.000000000000000000e+00
2.661183192254234012e-02 0.000000000000000000e+00 2.869199344016671316e-01 3.212469109092033759e-02
3.422883595882498381e-02 0.000000000000000000e+00 2.491173224602739600e-01 0.000000000000000000e+00
5.846351027880669626e-01 0.000000000000000000e+00 0.000000000000000000e+00 0.000000000000000000e+00
7.894315550669115389e-01 0.000000000000000000e+00 5.043563016444893021e-01 0.000000000000000000e+00
6.765322990684143889e-01 0.000000000000000000e+00 5.869721967112222494e-01 0.000000000000000000e+00
6.142513498155977025e-01 0.000000000000000000e+00 5.393232255994201418e-01 0.000000000000000000e+00
6.698040841408088308e-01 0.000000000000000000e+00 5.730268192847358666e-01 0.000000000000000000e+00
8.493547087818675845e-01 0.000000000000000000e+00 5.876914655712556224e-01 0.000000000000000000e+00
8.219248651980637366e-01 0.000000000000000000e+00 5.561029520250395652e-01 0.000000000000000000e+00
7.979776410849770407e-01 0.000000000000000000e+00 5.131037607151341939e-01 0.000000000000000000e+00
9.112593901758169190e-01 0.000000000000000000e+00 5.611295815123638064e-01 0.000000000000000000e+00
9.099160324302795200e-01 0.000000000000000000e+00 5.361217043176113028e-01 0.000000000000000000e+00
3.452661097119542610e-01 0.000000000000000000e+00 0.000000000000000000e+00 0.000000000000000000e+00
3.376021006949159742e-01 0.000000000000000000e+00 0.000000000000000000e+00 0.000000000000000000e+00
3.746993988262370956e-01 0.000000000000000000e+00 0.000000000000000000e+00 0.000000000000000000e+00
0.000000000000000000e+00 0.000000000000000000e+00 2.429069938497080416e-01 0.000000000000000000e+00
0.000000000000000000e+00 0.000000000000000000e+00 1.676991312619942609e-01 0.000000000000000000e+00
0.000000000000000000e+00 0.000000000000000000e+00 1.665105371852710903e-01 0.000000000000000000e+00
0.000000000000000000e+00 0.000000000000000000e+00 1.854011866914844764e-01 0.000000000000000000e+00
0.000000000000000000e+00 0.000000000000000000e+00 1.937315349819413723e-01 0.000000000000000000e+00
0.000000000000000000e+00 0.000000000000000000e+00 1.890843524627185412e-01 0.000000000000000000e+00
0.000000000000000000e+00 0.000000000000000000e+00 1.876157503759215694e-01 0.000000000000000000e+00
0.000000000000000000e+00 0.000000000000000000e+00 3.458777226733770749e-01 0.000000000000000000e+00
0.000000000000000000e+00 0.000000000000000000e+00 3.601267505767750121e-01 3.639872435196505468e-02
0.000000000000000000e+00 0.000000000000000000e+00 3.632282405703423644e-01 3.163629576201998361e-02
3.138433717466169726e-01 0.000000000000000000e+00 1.028145800905150009e-01 1.662970517276096127e-01
0.000000000000000000e+00 0.000000000000000000e+00 1.508028419828430777e-01 1.276112038862461107e-01
0.000000000000000000e+00 0.000000000000000000e+00 1.775224257562589003e-01 1.443397864853475099e-01
4.878284229139974726e-01 0.000000000000000000e+00 1.046279034404977576e-01 2.091213323829337056e-01
0.000000000000000000e+00 0.000000000000000000e+00 2.294899783381670055e-01 1.200482872625492498e-01
0.000000000000000000e+00 0.000000000000000000e+00 3.301309380454998665e-01 4.397556350828844829e-02
8.773763505978292299e-02 0.000000000000000000e+00 2.921679389649656233e-01 9.063184210379450489e-02
0.000000000000000000e+00 0.000000000000000000e+00 2.767636950674257634e-01 8.215688026710253611e-02
0.000000000000000000e+00 0.000000000000000000e+00 2.773858279810262895e-01 7.804787762117104677e-02
0.000000000000000000e+00 0.000000000000000000e+00 2.972150448581257209e-01 6.767380016813581700e-02
2.214464103635083447e-01 0.000000000000000000e+00 0.000000000000000000e+00 4.704068429788379330e-02
2.031830674505882561e-01 0.000000000000000000e+00 0.000000000000000000e+00 3.722610236942622969e-02
1.920739036079895379e-01 0.000000000000000000e+00 0.000000000000000000e+00 0.000000000000000000e+00
2.069913191162080779e-01 0.000000000000000000e+00 0.000000000000000000e+00 0.000000000000000000e+00
2.037943057647331746e-01 0.000000000000000000e+00 0.000000000000000000e+00 0.000000000000000000e+00
1.983342492600725371e-01 0.000000000000000000e+00 0.000000000000000000e+00 0.000000000000000000e+00
2.525013159842523502e-01 0.000000000000000000e+00 0.000000000000000000e+00 0.000000000000000000e+00
2.470309490922172058e-01 0.000000000000000000e+00 0.000000000000000000e+00 0.000000000000000000e+00
