2.463857531547546387e-01 1.551971435546875000e-01 3.539321422576904297e-01 6.282049417495727539e-02
2.463857531547546387e-01 1.551971435546875000e-01 3.539321422576904297e-01 6.282049417495727539e-02
2.463857531547546387e-01 1.551971435546875000e-01 3.539321422576904297e-01 6.282049417495727539e-02
2.463857531547546387e-01 1.551971435546875000e-01 3.539321422576904297e-01 6.282049417495727539e-02
2.463857531547546387e-01 1.551971435546875000e-01 3.539321422576904297e-01 6.282049417495727539e-02
2.463857531547546387e-01 1.551971435546875000e-01 3.539321422576904297e-01 6.282049417495727539e-02
2.463857531547546387e-01 1.551971435546875000e-01 3.539321422576904297e-01 6.282049417495727539e-02
2.463857531547546387e-01 1.551971435546875000e-01 3.539321422576904297e-01 6.282049417495727539e-02
2.463857531547546387e-01 1.551971435546875000e-01 3.539321422576904297e-01 6.282049417495727539e-02
2.463857531547546387e-01 1.551971435546875000e-01 3.539321422576904297e-01 6.282049417495727539e-02
2.463857531547546387e-01 1.551971435546875000e-01 3.539321422576904297e-01 6.282049417495727539e-02
2.463857531547546387e-01 1.551971435546875000e-01 3.539321422576904297e-01 6.282049417495727539e-02
2.463857531547546387e-01 1.551971435546875000e-01 3.539321422576904297e-01 6.282049417495727539e-02
2.463857531547546387e-01 1.551971435546875000e-01 3.539321422576904297e-01 6.282049417495727539e-02
2.463857531547546387e-01 1.551971435546875000e-01 3.539321422576904297e-01 6.282049417495727539e-02
2.463857531547546387e-01 1.551971435546875000e-01 3.539321422576904297e-01 6.282049417495727539e-02
2.463857531547546387e-01 1.551971435546875000e-01 3.539321422576904297e-01 6.282049417495727539e-02
2.463857531547546387e-01 1.551971435546875000e-01 3.539321422576904297e-01 6.282049417495727539e-02
2.463857531547546387e-01 1.551971435546875000e-01 3.539321422576904297e-01 6.282049417495727539e-02
2.463857531547546387e-01 1.551971435546875000e-01 3.539321422576904297e-01 6.282049417495727539e-02
2.463857531547546387e-01 1.551971435546875000e-01 3.539321422576904297e-01 6.282049417495727539e-02
2.463857531547546387e-01 1.551971435546875000e-01 3.539321422576904297e-01 6.282049417495727539e-02
2.463857531547546387e-01 1.551971435546875000e-01 3.539321422576904297e-01 6.282049417495727539e-02
2.463857531547546387e-01 1.551971435546875000e-01 3.539321422576904297e-01 6.282049417495727539e-02
2.463857531547546387e-01 1.551971435546875000e-01 3.539321422576904297e-01 6.282049417495727539e-02
2.463857531547546387e-01 1.551971435546875000e-01 3.539321422576904297e-01 6.282049417495727539e-02
2.463857531547546387e-01 1.551971435546875000e-01 3.539321422576904297e-01 6.282049417495727539e-02
2.463857531547546387e-01 1.551971435546875000e-01 3.539321422576904297e-01 6.282049417495727539e-02
2.463857531547546387e-01 1.551971435546875000e-01 3.539321422576904297e-01 6.282049417495727539e-02
2.463857531547546387e-01 1.551971435546875000e-01 3.539321422576904297e-01 6.282049417495727539e-02
2.115975022315979004e-01 1.967519521713256836e-02 3.375095725059509277e-01 1.283472776412963867e-02
2.115975022315979004e-01 1.967519521713256836e-02 3.375095725059509277e-01 1.283472776412963867e-02
2.115975022315979004e-01 1.967519521713256836e-02 3.375095725059509277e-01 1.283472776412963867e-02
2.115975022315979004e-01 1.967519521713256836e-02 3.375095725059509277e-01 1.283472776412963867e-02
2.115975022315979004e-01 1.967519521713256836e-02 3.375095725059509277e-01 1.283472776412963867e-02
2.115975022315979004e-01 1.967519521713256836e-02 3.375095725059509277e-01 1.283472776412963867e-02
2.115975022315979004e-01 1.967519521713256836e-02 3.375095725059509277e-01 1.283472776412963867e-02
2.115975022315979004e-01 1.967519521713256836e-02 3.375095725059509277e-01 1.283472776412963867e-02
2.115975022315979004e-01 1.967519521713256836e-02 3.375095725059509277e-01 1.283472776412963867e-02
2.115975022315979004e-01 1.967519521713256836e-02 3.375095725059509277e-01 1.283472776412963867e-02
2.115975022315979004e-01 1.967519521713256836e-02 3.375095725059509277e-01 1.283472776412963867e-02
2.115975022315979004e-01 1.967519521713256836e-02 3.375095725059509277e-01 1.283472776412963867e-02
2.115975022315979004e-01 1.967519521713256836e-02 3.375095725059509277e-01 1.283472776412963867e-02
2.115975022315979004e-01 1.967519521713256836e-02 3.375095725059509277e-01 1.283472776412963867e-02
2.115975022315979004e-01 1.967519521713256836e-02 3.375095725059509277e-01 1.283472776412963867e-02
2.115975022315979004e-01 1.967519521713256836e-02 3.375095725059509277e-01 1.283472776412963867e-02
2.115975022315979004e-01 1.967519521713256836e-02 3.375095725059509277e-01 1.283472776412963867e-02
2.115975022315979004e-01 1.967519521713256836e-02 3.375095725059509277e-01 1.283472776412963867e-02
2.115975022315979004e-01 1.967519521713256836e-02 3.375095725059509277e-01 1.283472776412963867e-02
2.115975022315979004e-01 1.967519521713256836e-02 3.375095725059509277e-01 1.283472776412963867e-02
2.115975022315979004e-01 1.967519521713256836e-02 3.375095725059509277e-01 1.283472776412963867e-02
2.115975022315979004e-01 1.967519521713256836e-02 3.375095725059509277e-01 1.283472776412963867e-02
2.115975022315979004e-01 1.967519521713256836e-02 3.375095725059509277e-01 1.283472776412963867e-02
2.115975022315979004e-01 1.967519521713256836e-02 3.375095725059509277e-01 1.283472776412963867e-02
2.115975022315979004e-01 1.967519521713256836e-02 3.375095725059509277e-01 1.283472776412963867e-02
2.115975022315979004e-01 1.967519521713256836e-02 3.375095725059509277e-01 1.283472776412963867e-02
2.115975022315979004e-01 1.967519521713256836e-02 3.375095725059509277e-01 1.283472776412963867e-02
2.115975022315979004e-01 1.967519521713256836e-02 3.375095725059509277e-01 1.283472776412963867e-02
2.115975022315979004e-01 1.967519521713256836e-02 3.375095725059509277e-01 1.283472776412963867e-02
2.115975022315979004e-01 1.967519521713256836e-02 3.375095725059509277e-01 1.283472776412963867e-02
2.115975022315979004e-01 1.967519521713256836e-02 3.375095725059509277e-01 1.283472776412963867e-02
2.115975022315979004e-01 1.967519521713256836e-02 3.375095725059509277e-01 1.283472776412963867e-02
2.115975022315979004e-01 1.967519521713256836e-02 3.375095725059509277e-01 1.283472776412963867e-02
2.115975022315979004e-01 1.967519521713256836e-02 3.375095725059509277e-01 1.283472776412963867e-02
2.115975022315979004e-01 1.967519521713256836e-02 3.375095725059509277e-01 1.283472776412963867e-02
2.115975022315979004e-01 1.967519521713256836e-02 3.375095725059509277e-01 1.283472776412963867e-02
2.115975022315979004e-01 1.967519521713256836e-02 3.375095725059509277e-01 1.283472776412963867e-02
2.115975022315979004e-01 1.967519521713256836e-02 3.375095725059509277e-01 1.283472776412963867e-02
2.115975022315979004e-01 1.967519521713256836e-02 3.375095725059509277e-01 1.283472776412963867e-02
2.115975022315979004e-01 1.967519521713256836e-02 3.375095725059509277e-01 1.283472776412963867e-02
2.115975022315979004e-01 1.967519521713256836e-02 3.375095725059509277e-01 1.283472776412963867e-02
2.115975022315979004e-01 1.967519521713256836e-02 3.375095725059509277e-01 1.283472776412963867e-02
2.115975022315979004e-01 1.967519521713256836e-02 3.375095725059509277e-01 1.283472776412963867e-02
2.115975022315979004e-01 1.967519521713256836e-02 3.375095725059509277e-01 1.283472776412963867e-02
2.115975022315979004e-01 1.967519521713256836e-02 3.375095725059509277e-01 1.283472776412963867e-02
2.115975022315979004e-01 1.967519521713256836e-02 3.375095725059509277e-01 1.283472776412963867e-02
2.115975022315979004e-01 1.967519521713256836e-02 3.375095725059509277e-01 1.283472776412963867e-02
2.115975022315979004e-01 1.967519521713256836e-02 3.375095725059509277e-01 1.283472776412963867e-02
2.115975022315979004e-01 1.967519521713256836e-02 3.375095725059509277e-01 1.283472776412963867e-02
2.115975022315979004e-01 1.967519521713256836e-02 3.375095725059509277e-01 1.283472776412963867e-02
2.115975022315979004e-01 1.967519521713256836e-02 3.375095725059509277e-01 1.283472776412963867e-02
2.115975022315979004e-01 1.967519521713256836e-02 3.375095725059509277e-01 1.283472776412963867e-02
2.115975022315979004e-01 1.967519521713256836e-02 3.375095725059509277e-01 1.283472776412963867e-02
2.115975022315979004e-01 1.967519521713256836e-02 3.375095725059509277e-01 1.283472776412963867e-02
2.115975022315979004e-01 1.967519521713256836e-02 3.375095725059509277e-01 1.283472776412963867e-02
2.115975022315979004e-01 1.967519521713256836e-02 3.375095725059509277e-01 1.283472776412963867e-02
2.115975022315979004e-01 1.967519521713256836e-02 3.375095725059509277e-01 1.283472776412963867e-02
2.115975022315979004e-01 1.967519521713256836e-02 3.375095725059509277e-01 1.283472776412963867e-02
2.115975022315979004e-01 1.967519521713256836e-02 3.375095725059509277e-01 1.283472776412963867e-02
2.115975022315979004e-01 1.967519521713256836e-02 3.375095725059509277e-01 1.283472776412963867e-02
2.115975022315979004e-01 1.967519521713256836e-02 3.375095725059509277e-01 1.283472776412963867e-02
2.115975022315979004e-01 1.967519521713256836e-02 3.375095725059509277e-01 1.283472776412963867e-02
2.115975022315979004e-01 1.967519521713256836e-02 3.375095725059509277e-01 1.283472776412963867e-02
2.115975022315979004e-01 1.967519521713256836e-02 3.375095725059509277e-01 1.283472776412963867e-02
2.115975022315979004e-01 1.967519521713256836e-02 3.375095725059509277e-01 1.283472776412963867e-02
2.115975022315979004e-01 1.967519521713256836e-02 3.375095725059509277e-01 1.283472776412963867e-02
2.115975022315979004e-01 1.967519521713256836e-02 3.375095725059509277e-01 1.283472776412963867e-02
2.115975022315979004e-01 1.967519521713256836e-02 3.375095725059509277e-01 1.283472776412963867e-02
2.115975022315979004e-01 1.967519521713256836e-02 3.375095725059509277e-01 1.283472776412963867e-02
2.115975022315979004e-01 1.967519521713256836e-02 3.375095725059509277e-01 1.283472776412963867e-02
