5.441094403966102444e-01
6.969114313658224535e-01
7.371125763921191343e-01
7.371125763921191343e-01
1.051166059191683599e+00
1.051166059191683599e+00
1.051166059191683599e+00
1.051166059191683599e+00
1.051166059191683599e+00
1.051166059191683599e+00
1.087949751994443215e+00
1.087949751994443215e+00
1.087949751994443215e+00
1.087949751994443215e+00
1.087949751994443215e+00
1.144873145086657829e+00
1.144873145086657829e+00
1.144873145086657829e+00
1.144873145086657829e+00
1.144873145086657829e+00
1.144873145086657829e+00
1.144873145086657829e+00
1.144873145086657829e+00
1.144873145086657829e+00
1.144873145086657829e+00
1.144873145086657829e+00
1.144873145086657829e+00
1.144873145086657829e+00
1.144873145086657829e+00
1.144873145086657829e+00
1.144873145086657829e+00
1.144873145086657829e+00
1.144873145086657829e+00
1.144873145086657829e+00
1.144873145086657829e+00
1.144873145086657829e+00
1.144873145086657829e+00
1.144873145086657829e+00
1.144873145086657829e+00
1.144873145086657829e+00
1.144873145086657829e+00
1.144873145086657829e+00
1.144873145086657829e+00
1.144873145086657829e+00
1.144873145086657829e+00
1.144873145086657829e+00
1.144873145086657829e+00
1.144873145086657829e+00
1.144873145086657829e+00
1.144873145086657829e+00
1.144873145086657829e+00
1.144873145086657829e+00
1.144873145086657829e+00
1.144873145086657829e+00
1.144873145086657829e+00
1.144873145086657829e+00
1.144873145086657829e+00
1.144873145086657829e+00
1.144873145086657829e+00
1.144873145086657829e+00
1.144873145086657829e+00
1.144873145086657829e+00
1.144873145086657829e+00
1.144873145086657829e+00
1.144873145086657829e+00
1.144873145086657829e+00
1.144873145086657829e+00
1.144873145086657829e+00
1.144873145086657829e+00
1.144873145086657829e+00
1.144873145086657829e+00
1.226445446695550778e+00
1.226445446695550778e+00
1.226445446695550778e+00
1.226445446695550778e+00
1.226445446695550778e+00
1.235294891893382374e+00
1.235294891893382374e+00
1.235294891893382374e+00
1.235294891893382374e+00
1.235294891893382374e+00
1.235294891893382374e+00
1.235294891893382374e+00
1.235294891893382374e+00
1.235294891893382374e+00
1.235294891893382374e+00
1.235294891893382374e+00
1.235294891893382374e+00
1.235294891893382374e+00
1.235294891893382374e+00
1.235294891893382374e+00
1.235294891893382374e+00
1.235294891893382374e+00
1.235294891893382374e+00
1.235294891893382374e+00
1.235294891893382374e+00
1.235294891893382374e+00
1.235294891893382374e+00
1.235294891893382374e+00
1.235294891893382374e+00
