7.518347397382039166e-01
8.163514754822537300e-01
9.607263300355305402e-01
7.498901501336495690e-01
6.194387418038810322e-01
5.452049360270270206e-01
1.185129101377603744e+00
8.959299457736611405e-01
8.777735937997519500e-01
1.042801297375661740e+00
7.921375882878449737e-01
7.904742645349787100e-01
6.489110364310558543e-01
1.053437981396620815e+00
9.077620740449277026e-01
1.511502759912762395e+00
1.702964305089437858e+00
1.878712107871559622e+00
1.729539379304755098e+00
1.639758365353532588e+00
1.102607347869223098e+00
6.267438780048216751e-01
9.949670032922551810e-01
1.649500315413062301e+00
1.174606336182643540e+00
1.914571765371186007e+00
1.914295281472385035e+00
1.533149578902614385e+00
8.470169735685103563e-01
1.914153727001264516e+00
1.912360979300740116e+00
1.912815228361100850e+00
1.473485675954495200e+00
1.938857959728912395e+00
1.696295305141344301e+00
4.372009789105916755e-01
1.953723494607020106e+00
1.230990835292918861e+00
9.889301717713205875e-01
1.565717348444465973e+00
1.429954974661684641e+00
6.419890056515503707e-01
1.954801240756368408e+00
1.071308668813383713e+00
1.938917114360346083e+00
1.111545026586976181e+00
1.909572996246050813e+00
1.181673672542936426e+00
1.945701166209087285e+00
1.400378366956670728e+00
1.708123523410083555e+00
1.397883462734337945e+00
1.390473039921884979e+00
1.316489471704797243e+00
1.951943631685309821e+00
8.932932225124252668e-01
1.951284529857309824e+00
1.953835681889422471e+00
1.185500062569290636e+00
1.953743114873088382e+00
1.191668566942531982e+00
9.445951221155011179e-01
1.116379006419269571e+00
1.006266660007427038e+00
1.949116333577745941e+00
1.945644589196436902e+00
1.954149958051161651e+00
1.125760818998526203e+00
1.250598957650941534e+00
6.124398931143959501e-01
1.193816566043221616e+00
9.858865644328120847e-01
1.924910674426023816e+00
1.940208718040246305e+00
9.838656518974027154e-01
1.368900355808220226e+00
1.260648027206204835e+00
1.223360518654785567e+00
8.175824721719087140e-01
1.951395725974972795e+00
7.838650295406742741e-01
1.630426845421472093e+00
1.088017490281957711e+00
9.325005480608177244e-01
1.804548320360755298e+00
1.936112809511655319e+00
1.102613424018855870e+00
8.702891055480193039e-01
7.005516487266373327e-01
1.178692425538955035e+00
5.438612517485937881e-01
1.931254326001463628e+00
8.308110290333277081e-01
1.047576703480084470e+00
1.231127480793072992e+00
9.028833323082205986e-01
1.013318918344010111e+00
7.015217331988369276e-01
1.052087395768159794e+00
1.939911711292341412e+00
9.442117147195898674e-01
1.490710426213242012e+00
7.228902642760681729e-01
1.955408157223154975e+00
9.349118093582570177e-01
1.306003227815882850e+00
1.339141178445698577e+00
1.926783221921568590e+00
1.080745469481184440e+00
1.950956393487404572e+00
