1.287753871575195275e+00
1.540178233911228656e+00
1.335188022100463501e+00
1.196607659611689689e+00
1.183659758516817151e+00
1.258883186165532075e+00
1.403472222066361130e+00
1.474117729579779157e+00
1.479489780807372590e+00
1.235502983611508343e+00
1.561138596468961914e+00
1.693002532478798949e+00
1.614978371094276444e+00
1.614554130441474555e+00
1.611685193633944690e+00
1.643488008682893575e+00
1.742108815722069659e+00
1.741081425271964189e+00
1.743720891804147799e+00
1.747910260191224197e+00
1.747976425578440907e+00
1.748062378480628620e+00
1.748118928455692167e+00
1.748546715730691314e+00
1.748811977268628803e+00
1.748788531687801351e+00
1.748754838384854571e+00
1.748770147908899730e+00
1.748832175557895496e+00
1.748917763122832758e+00
1.748939109106051104e+00
1.748937176194779619e+00
1.748983421595315280e+00
1.749009085475951242e+00
1.748973752140341009e+00
1.748978477631173423e+00
1.748872576580143612e+00
1.748881283571969814e+00
1.748859447120394428e+00
1.748858928637966548e+00
1.748851538185775878e+00
1.748877347675763749e+00
1.748916416235513305e+00
1.748955297907030193e+00
1.748951076080879075e+00
1.748966611723729692e+00
1.748947328628373210e+00
1.748958871679253235e+00
1.748976426118115768e+00
1.748961800221482621e+00
