-6.084662053129075154e-02
2.802307400928784609e-01
1.150703847139792124e+00
7.353643942214758145e-01
1.005395723804261232e+00
1.646003345561775077e-01
9.500785219010252636e-01
2.902634305294976569e-01
-2.159081581108971137e-01
1.452609861025607962e+00
5.244512973791358723e-01
9.453389962218994302e-01
1.347614492803816955e+00
1.502344669389080289e+00
5.044158830498640667e-01
1.253807428807016677e+00
8.010465769930291691e-01
1.042194794247506939e+00
1.478983570370683953e+00
1.231768493220227967e+00
1.532622729063636502e+00
1.606526642614521938e+00
3.933337133865097979e-01
1.048518729710692376e+00
1.724151371762776552e+00
1.635564494292489401e+00
1.737781328113274570e+00
1.735078899466841351e+00
1.740186902086898968e+00
1.219007637326017690e+00
1.748096743313336532e+00
1.747075809813039005e+00
1.748780438210026267e+00
1.748864463443742245e+00
1.722751686426469808e+00
4.923436732594763665e-01
8.540354032126233896e-01
1.581236491047757209e+00
1.166082970299101129e+00
8.444638894489896463e-01
7.971532085186815442e-01
1.469755039610469494e+00
1.262112019615157843e+00
5.917092832460409957e-01
7.656059730810540476e-01
-7.150049497771170381e-01
4.583212399254281699e-01
8.271306600586373348e-01
9.410142076834806524e-01
1.006971972664026049e+00
9.902941751519303004e-01
1.326222302191799818e+00
-7.012825582107590217e-02
1.562234721474931032e+00
8.880617606108284212e-01
8.807068273663495317e-01
1.064395199348474153e+00
5.229437201075990416e-01
-1.699472311343105946e-01
1.188091487914767930e+00
