8.193463815661672367e-01
7.872989655424786903e-01
9.335427393696106302e-01
1.127554496022563413e+00
1.127554496022563413e+00
1.127554496022563413e+00
1.127554496022563413e+00
1.127554496022563413e+00
1.127554496022563413e+00
1.127554496022563413e+00
1.127554496022563413e+00
1.136633719033389500e+00
1.136689227068818253e+00
1.139186019652204562e+00
1.139186972211977178e+00
1.139187693345441676e+00
1.139183306630459969e+00
1.139187644141891109e+00
1.139188254502834230e+00
1.369876057015149806e+00
1.371568354999622485e+00
1.373275148822677316e+00
1.377260205967506757e+00
1.376680650620792701e+00
1.376652174429186637e+00
1.376570483168672698e+00
1.376303837677620878e+00
1.376253647143253378e+00
1.376566846325812721e+00
1.376054492049071820e+00
1.376476060179302241e+00
1.376803347429740754e+00
1.376745366169611406e+00
1.377136222312412395e+00
1.377288301755035027e+00
1.377399843187682604e+00
1.377481208670565227e+00
1.377584018313250613e+00
1.377521120219472150e+00
1.377523714900800833e+00
1.377445113063217930e+00
1.377598416401057291e+00
1.376901434159001569e+00
1.377068547845344160e+00
1.377890564195338063e+00
1.378057176487439417e+00
1.378036650317281842e+00
1.378537667988315452e+00
1.378621876379670264e+00
1.378683199290037464e+00
