2.022273540496826172e-01 2.077385783195495605e-01 6.392558217048645020e-01 1.582503318786621094e-02 7.859607934951782227e-01 4.769008159637451172e-01
6.345025300979614258e-01 7.770109772682189941e-01 9.324707388877868652e-01 5.691003799438476562e-02 4.854928851127624512e-01 7.271307110786437988e-01
6.697180867195129395e-01 6.085561513900756836e-01 5.755938291549682617e-01 3.198772668838500977e-01 8.799271583557128906e-01 3.334491252899169922e-01
3.356713652610778809e-01 3.749670982360839844e-01 9.560657143592834473e-01 6.122481822967529297e-02 1.388141512870788574e-01 9.575210213661193848e-01
2.546246647834777832e-01 1.786457300186157227e-01 6.249097585678100586e-01 9.557490944862365723e-01 3.945857286453247070e-02 4.929189085960388184e-01
8.480986952781677246e-01 5.316577553749084473e-01 6.866239309310913086e-01 9.405306577682495117e-01 3.850174546241760254e-01 4.311972856521606445e-02
9.458616375923156738e-01 5.161225795745849609e-02 5.412739515304565430e-02 1.709453463554382324e-01 7.711890935897827148e-01 9.927875399589538574e-01
8.305025696754455566e-01 1.391779780387878418e-01 2.235094308853149414e-01 1.040640473365783691e-01 2.570381760597229004e-01 3.838289380073547363e-01
1.176694631576538086e-01 4.365550875663757324e-01 3.299403190612792969e-01 7.811718583106994629e-01 5.186262130737304688e-01 4.931092262268066406e-03
8.901026248931884766e-01 5.218561887741088867e-01 9.969429373741149902e-01 4.595336318016052246e-01 4.600264430046081543e-01 5.075445175170898438e-01
0.000000000000000000e+00 1.000000000000000000e+00 1.000000000000000000e+00 1.000000000000000000e+00 0.000000000000000000e+00 1.000000000000000000e+00
0.000000000000000000e+00 1.000000000000000000e+00 1.000000000000000000e+00 0.000000000000000000e+00 0.000000000000000000e+00 0.000000000000000000e+00
0.000000000000000000e+00 0.000000000000000000e+00 1.000000000000000000e+00 1.000000000000000000e+00 0.000000000000000000e+00 1.000000000000000000e+00
0.000000000000000000e+00 1.000000000000000000e+00 1.000000000000000000e+00 0.000000000000000000e+00 0.000000000000000000e+00 1.000000000000000000e+00
0.000000000000000000e+00 1.000000000000000000e+00 1.000000000000000000e+00 1.000000000000000000e+00 1.000000000000000000e+00 0.000000000000000000e+00
0.000000000000000000e+00 1.000000000000000000e+00 1.000000000000000000e+00 0.000000000000000000e+00 0.000000000000000000e+00 1.000000000000000000e+00
0.000000000000000000e+00 1.000000000000000000e+00 1.000000000000000000e+00 0.000000000000000000e+00 0.000000000000000000e+00 1.000000000000000000e+00
0.000000000000000000e+00 1.000000000000000000e+00 1.000000000000000000e+00 0.000000000000000000e+00 6.030110648685381436e-02 1.000000000000000000e+00
0.000000000000000000e+00 0.000000000000000000e+00 1.000000000000000000e+00 0.000000000000000000e+00 0.000000000000000000e+00 0.000000000000000000e+00
0.000000000000000000e+00 1.000000000000000000e+00 1.000000000000000000e+00 0.000000000000000000e+00 0.000000000000000000e+00 1.000000000000000000e+00
1.000000000000000000e+00 1.000000000000000000e+00 1.000000000000000000e+00 5.551115123125782702e-17 0.000000000000000000e+00 0.000000000000000000e+00
0.000000000000000000e+00 8.947393941342093315e-01 1.000000000000000000e+00 0.000000000000000000e+00 0.000000000000000000e+00 1.000000000000000000e+00
0.000000000000000000e+00 7.680343545928193238e-01 1.000000000000000000e+00 0.000000000000000000e+00 0.000000000000000000e+00 1.000000000000000000e+00
0.000000000000000000e+00 8.538069608621359219e-01 9.946078644291530546e-01 0.000000000000000000e+00 0.000000000000000000e+00 1.000000000000000000e+00
0.000000000000000000e+00 8.509439656237974825e-01 1.000000000000000000e+00 0.000000000000000000e+00 0.000000000000000000e+00 9.832334071597007563e-01
0.000000000000000000e+00 1.000000000000000000e+00 4.965657492378757198e-01 0.000000000000000000e+00 0.000000000000000000e+00 0.000000000000000000e+00
0.000000000000000000e+00 8.539443285943478790e-01 1.000000000000000000e+00 0.000000000000000000e+00 0.000000000000000000e+00 1.000000000000000000e+00
0.000000000000000000e+00 1.000000000000000000e+00 0.000000000000000000e+00 1.000000000000000000e+00 0.000000000000000000e+00 1.000000000000000000e+00
0.000000000000000000e+00 7.050495438709387663e-01 1.000000000000000000e+00 1.000000000000000000e+00 0.000000000000000000e+00 1.000000000000000000e+00
0.000000000000000000e+00 0.000000000000000000e+00 1.000000000000000000e+00 1.000000000000000000e+00 6.985970133762614553e-01 0.000000000000000000e+00
0.000000000000000000e+00 7.764773501646421439e-01 1.000000000000000000e+00 5.073565368030424905e-01 0.000000000000000000e+00 1.000000000000000000e+00
0.000000000000000000e+00 8.293729576603793285e-01 1.000000000000000000e+00 4.896431924733602448e-01 0.000000000000000000e+00 1.000000000000000000e+00
6.885190232556426260e-02 9.143544130093964606e-01 1.000000000000000000e+00 4.853929999600815615e-01 0.000000000000000000e+00 1.000000000000000000e+00
0.000000000000000000e+00 7.797244980721802499e-01 1.000000000000000000e+00 4.822696507681216160e-01 0.000000000000000000e+00 7.786562057675951998e-01
0.000000000000000000e+00 1.939056322836242574e-01 1.000000000000000000e+00 1.000000000000000000e+00 1.000000000000000000e+00 1.000000000000000000e+00
1.000000000000000000e+00 8.815596653195496568e-01 1.000000000000000000e+00 1.000000000000000000e+00 0.000000000000000000e+00 1.000000000000000000e+00
3.408026723191142082e-01 4.784242687746882439e-01 6.801825389266014099e-02 9.776981705799698830e-01 9.289999091997742653e-01 1.843245038762688637e-01
9.161968335995291923e-01 7.748165116000060859e-02 8.126992718064588450e-01 9.978789744249730864e-01 8.662155094249870402e-01 9.735169763746636118e-01
5.223996751010417938e-02 9.094013730064034462e-01 7.174391653388738632e-01 4.171038465574383736e-01 2.465615049004554749e-02 9.614766659215092659e-01
9.958008071407675743e-01 7.860097978264093399e-01 1.228965716436505318e-01 9.498474961146712303e-01 3.774538263678550720e-02 4.661159673705697060e-01
0.000000000000000000e+00 0.000000000000000000e+00 0.000000000000000000e+00 0.000000000000000000e+00 1.000000000000000000e+00 0.000000000000000000e+00
8.193086501722846027e-03 6.549817349308655334e-01 7.117812767209463765e-03 9.642837423610735037e-01 9.099904129461758862e-01 8.428815410538427200e-01
3.819166682660579681e-02 3.878311775624752045e-01 1.409123623743653297e-01 1.200996264815330505e-01 3.562134969979524612e-02 8.988238666206598282e-01
3.736361479386687279e-01 4.052682407200336456e-02 9.764780588448047638e-01 2.785493992269039154e-02 8.567046755924820900e-01 9.296690672636032104e-02
1.542185451835393906e-01 9.857536209747195244e-01 9.173441231250762939e-01 9.328693458810448647e-01 8.110462790355086327e-01 8.858378110453486443e-01
2.359276451170444489e-02 8.967310218140482903e-01 7.768197497352957726e-01 3.070589527487754822e-02 9.614763492718338966e-01 4.106939490884542465e-02
4.524037800729274750e-02 9.749170048162341118e-01 3.943910822272300720e-03 2.870285697281360626e-02 4.290381111204624176e-01 9.897300628945231438e-01
9.716469207778573036e-01 7.184660062193870544e-03 8.567598806694149971e-01 8.905188599601387978e-01 8.786545014008879662e-01 4.667241405695676804e-02
7.759684603661298752e-01 1.252476219087839127e-01 2.489513438194990158e-02 9.625803139060735703e-01 8.248592307791113853e-01 1.000042445957660675e-02
8.737114882096648216e-01 6.359584163874387741e-02 7.122148023918271065e-01 9.516438096761703491e-01 7.784448564052581787e-03 3.448451869189739227e-03
8.175970176234841347e-01 4.200146533548831940e-02 7.781762415543198586e-01 9.864750001579523087e-01 2.238977514207363129e-02 9.635919127613306046e-01
1.194229070097208023e-02 1.332417409867048264e-02 1.703367689624428749e-01 9.088121326640248299e-01 8.423234680667519569e-01 2.174985473975539207e-01
4.699437320232391357e-02 9.084848575294017792e-01 9.432400260120630264e-01 9.546782290562987328e-01 5.266935285180807114e-02 7.350645307451486588e-02
2.213093917816877365e-02 4.000579910352826118e-01 5.585746839642524719e-03 4.201800813898444176e-01 1.578162787482142448e-01 1.052677882835268974e-01
1.195295341312885284e-02 7.524498673155903816e-01 8.596449717879295349e-02 4.888812843710184097e-01 9.458446912467479706e-01 4.053408186882734299e-02
3.108342923223972321e-02 9.701999621465802193e-01 8.955913968384265900e-02 7.870614472776651382e-01 1.779816569760441780e-01 8.106246590614318848e-03
9.416885124519467354e-01 9.106853790581226349e-01 5.572331137955188751e-02 2.785788802430033684e-01 7.858438529074192047e-01 5.151341669261455536e-03
5.892057809978723526e-02 8.556722477078437805e-02 3.298941999673843384e-02 2.616103384643793106e-01 6.551535986363887787e-02 7.966913282871246338e-03
3.913531256839632988e-01 5.900922510772943497e-02 2.547187358140945435e-02 9.276254652068018913e-01 8.312105014920234680e-02 7.624438311904668808e-02
6.633687224239110947e-01 5.623293872922658920e-01 3.113097501918673515e-01 6.329426551237702370e-01 6.738050337880849838e-01 6.288719512522220612e-01
