1.707788651786459333e+00
2.074918527358707188e+00
1.784685667208852689e+00
1.813654677878853816e+00
2.023663647620166373e+00
2.068668897574047705e+00
2.043922420804915596e+00
2.140752574938074027e+00
2.107837230501509396e+00
2.150675186492072122e+00
2.173842192988857835e+00
2.170605418292169464e+00
2.167237507819452791e+00
2.161595586336941821e+00
2.161693403268144742e+00
2.165870818748218074e+00
2.251682461013222891e+00
2.260422922160520542e+00
2.260795431475812300e+00
2.244208830455063364e+00
2.263576011718359648e+00
2.262056114829317899e+00
2.262276971129006498e+00
2.264595871317372389e+00
2.265804563329325116e+00
2.266657026301925448e+00
2.266564155619611221e+00
2.265311939630286098e+00
2.264630322214543412e+00
2.265021992601779832e+00
2.264705616573315261e+00
2.264602044766121480e+00
2.264400797808042487e+00
2.265306114459099351e+00
2.266484224076719123e+00
2.266574426000368181e+00
2.266615313178483859e+00
2.266491827812690651e+00
2.266484620264410665e+00
2.266139006989678517e+00
2.264588866419331659e+00
2.265330620474323986e+00
2.264721826164699969e+00
2.266606971923009084e+00
2.265876658624259132e+00
2.266775056567216229e+00
2.266849044106975519e+00
2.268077630815037882e+00
2.268075953428959401e+00
2.268075663094867078e+00
2.267822532775638056e+00
2.267781726641077356e+00
2.267775496111187117e+00
2.267699677650470758e+00
2.268275821260447689e+00
2.268542055854883888e+00
2.268499532356386794e+00
2.268602376352495398e+00
2.268585806073613931e+00
2.268585240827432958e+00
2.268547714845883245e+00
2.268542244344108116e+00
2.268731610990076142e+00
2.268785173772793762e+00
2.268770700847301036e+00
2.268814237160447611e+00
2.268827674771509262e+00
2.268852817724473336e+00
2.269089636755228234e+00
2.269104775364156446e+00
2.269062859432330104e+00
2.269056984043756220e+00
2.269035369976275973e+00
2.269085988189957881e+00
2.269083475261740812e+00
2.269098614080888865e+00
2.269211649388867880e+00
2.269212640675734249e+00
2.269212586979257207e+00
2.269225073339353749e+00
2.269130967296717927e+00
2.269127105162422886e+00
2.269120716498393087e+00
2.269080307872769708e+00
2.269132248257850648e+00
2.269169320001449552e+00
2.269158020283074784e+00
2.269172069533587521e+00
2.269186667738043894e+00
2.269171906247676951e+00
2.269198830664389543e+00
2.269205041189872318e+00
2.269093574622769616e+00
2.269088642856189608e+00
2.269082170506266927e+00
2.269053295502762246e+00
2.269047139184313444e+00
2.269158686073985187e+00
2.269166514155669390e+00
2.269144259748384851e+00
