1.000000000000000000e+00 1.000000000000000000e+00 1.000000000000000000e+00 0.000000000000000000e+00 0.000000000000000000e+00 8.093023163144466015e-01
4.896830306685586720e-01 0.000000000000000000e+00 1.000000000000000000e+00 1.197099830830170852e-01 0.000000000000000000e+00 1.000000000000000000e+00
3.920147792038353729e-01 8.058385341399405544e-01 1.000000000000000000e+00 9.379845975447231865e-02 0.000000000000000000e+00 1.000000000000000000e+00
1.000000000000000000e+00 2.336478910556366861e-01 1.000000000000000000e+00 4.192684012375753055e-01 2.462765657010879405e-01 5.754100091033934605e-01
5.677901135717371428e-01 0.000000000000000000e+00 1.000000000000000000e+00 3.186840952769111057e-01 0.000000000000000000e+00 1.000000000000000000e+00
6.791665075193920043e-01 4.624833512325961515e-01 1.000000000000000000e+00 4.681067254285250501e-01 0.000000000000000000e+00 9.155463886120180916e-01
3.793270107041299410e-01 0.000000000000000000e+00 1.000000000000000000e+00 0.000000000000000000e+00 0.000000000000000000e+00 7.665233915487089655e-01
5.901566819523444973e-01 2.123681628343943029e-01 9.818875876658023083e-01 9.727241670113402627e-02 0.000000000000000000e+00 1.000000000000000000e+00
5.861220787290006839e-01 2.407055291711943656e-01 1.000000000000000000e+00 0.000000000000000000e+00 0.000000000000000000e+00 1.000000000000000000e+00
6.055218039967651400e-01 2.982566778408725638e-01 1.000000000000000000e+00 6.943280306677973579e-02 0.000000000000000000e+00 1.000000000000000000e+00
6.042425582268542428e-01 2.786478659297655369e-01 1.000000000000000000e+00 1.385051861092893577e-01 0.000000000000000000e+00 1.000000000000000000e+00
5.966402708034792557e-01 2.787168606766960433e-01 1.000000000000000000e+00 1.225377394874746784e-01 0.000000000000000000e+00 1.000000000000000000e+00
6.235940779767824571e-01 2.531672378695947745e-01 1.000000000000000000e+00 1.170851685912153300e-01 0.000000000000000000e+00 1.000000000000000000e+00
6.248985856462434541e-01 2.441865283695082156e-01 1.000000000000000000e+00 1.014841486500917406e-01 0.000000000000000000e+00 1.000000000000000000e+00
6.300209070407845058e-01 2.528041355354398445e-01 1.000000000000000000e+00 1.006561902536786540e-01 0.000000000000000000e+00 1.000000000000000000e+00
6.286090408976829913e-01 2.550653681267109341e-01 1.000000000000000000e+00 1.130814431906602829e-01 0.000000000000000000e+00 1.000000000000000000e+00
6.461806036355126626e-01 2.819594313966235499e-01 1.000000000000000000e+00 2.181326969717103381e-01 0.000000000000000000e+00 8.638752552644763938e-01
7.079002482736027613e-01 3.215195918983150269e-01 1.000000000000000000e+00 2.515457200603445909e-01 0.000000000000000000e+00 7.145721524492710808e-01
7.100453383022488074e-01 3.127064920808119153e-01 1.000000000000000000e+00 2.488104103645175091e-01 0.000000000000000000e+00 7.195409137843484793e-01
7.436306374000158925e-01 3.214983059183256775e-01 1.000000000000000000e+00 2.558076105130792088e-01 0.000000000000000000e+00 6.657304471029144022e-01
6.874984888964580376e-01 3.139367372987252325e-01 1.000000000000000000e+00 2.437271444786604235e-01 0.000000000000000000e+00 7.160605835750890602e-01
6.879831149679797031e-01 3.194296423685278885e-01 1.000000000000000000e+00 2.413381399442946218e-01 0.000000000000000000e+00 7.056014807633842478e-01
6.912700066404250387e-01 3.169158654260442742e-01 1.000000000000000000e+00 2.432129774175431358e-01 0.000000000000000000e+00 7.092225576225786865e-01
6.848719714688233928e-01 3.199033044203971055e-01 1.000000000000000000e+00 2.502895909798641960e-01 0.000000000000000000e+00 7.304542428120341935e-01
6.855277430216741852e-01 3.143191322191176695e-01 1.000000000000000000e+00 2.426161832329614410e-01 0.000000000000000000e+00 7.422413636342169996e-01
6.782399062731894190e-01 3.136160888777645983e-01 1.000000000000000000e+00 2.410627186407491851e-01 0.000000000000000000e+00 7.466903085665536066e-01
6.785100162518065137e-01 3.117562413551084322e-01 1.000000000000000000e+00 2.429191781449086540e-01 0.000000000000000000e+00 7.462121389149697359e-01
6.675066145750188085e-01 3.165958342355986166e-01 1.000000000000000000e+00 2.535771228165342728e-01 0.000000000000000000e+00 7.270560161368826435e-01
6.700299449739148816e-01 3.186024952794536680e-01 1.000000000000000000e+00 2.531470515757791029e-01 0.000000000000000000e+00 7.208240826061691475e-01
6.686799958107759734e-01 3.199660768677831113e-01 1.000000000000000000e+00 2.476167013751209567e-01 0.000000000000000000e+00 7.212546214151906998e-01
6.752499648939360721e-01 3.196778138962519944e-01 1.000000000000000000e+00 2.412423865840699622e-01 0.000000000000000000e+00 7.184281311770048806e-01
6.751067072710017491e-01 3.200159238317247801e-01 1.000000000000000000e+00 2.408398516725206717e-01 0.000000000000000000e+00 7.174803729206247205e-01
6.751925431449785631e-01 3.211427023237109490e-01 1.000000000000000000e+00 2.389729841033956248e-01 0.000000000000000000e+00 7.159260870427398560e-01
6.694263349599763879e-01 3.133230839771708465e-01 1.000000000000000000e+00 2.303366914999489257e-01 0.000000000000000000e+00 7.173951692024849169e-01
6.637812069341534338e-01 3.056402673249368762e-01 1.000000000000000000e+00 2.309618146404146255e-01 0.000000000000000000e+00 7.232677138715859488e-01
6.638360556335548557e-01 3.045607119166472976e-01 1.000000000000000000e+00 2.295946251950741479e-01 0.000000000000000000e+00 7.239419421207602401e-01
6.639658594143889037e-01 3.032224512160281993e-01 1.000000000000000000e+00 2.303251977861239808e-01 0.000000000000000000e+00 7.242107768485006591e-01
6.691325928763833808e-01 2.986700951480390498e-01 1.000000000000000000e+00 2.362995706020366016e-01 0.000000000000000000e+00 7.266547972042755044e-01
6.673189685009358607e-01 3.020879390747553961e-01 1.000000000000000000e+00 2.356605637340319082e-01 0.000000000000000000e+00 7.251578624326170397e-01
6.701000526393209311e-01 3.024893290990238737e-01 1.000000000000000000e+00 2.464368342456186023e-01 0.000000000000000000e+00 7.281867695138515284e-01
6.744950296639324883e-01 3.043555282924306771e-01 1.000000000000000000e+00 2.533206221212463416e-01 0.000000000000000000e+00 7.193899569922187487e-01
6.750117653597623724e-01 3.001492897730306808e-01 1.000000000000000000e+00 2.499273640351781234e-01 0.000000000000000000e+00 7.255210682177060111e-01
6.719821977283905179e-01 3.078884569298246943e-01 1.000000000000000000e+00 2.543268506684819297e-01 0.000000000000000000e+00 7.201255372285112477e-01
6.738485006595666960e-01 2.938950894341690323e-01 1.000000000000000000e+00 2.382807960876745512e-01 0.000000000000000000e+00 7.343902698512525529e-01
6.757169649466271411e-01 2.942245844207306282e-01 1.000000000000000000e+00 2.434074648367255123e-01 0.000000000000000000e+00 7.296704476873236977e-01
6.712050767815861407e-01 2.915303062850062021e-01 1.000000000000000000e+00 2.419472823964315400e-01 0.000000000000000000e+00 7.376244170736596661e-01
6.698179070308594163e-01 2.914762214523399231e-01 1.000000000000000000e+00 2.420405779229845289e-01 0.000000000000000000e+00 7.371348503218881909e-01
6.597096533430344412e-01 2.894375558187645692e-01 1.000000000000000000e+00 2.362827891930871504e-01 0.000000000000000000e+00 7.445084041687409782e-01
6.603324652577877707e-01 2.899777287155715921e-01 1.000000000000000000e+00 2.359301051238418823e-01 0.000000000000000000e+00 7.445583758611207248e-01
6.602886596215332693e-01 2.898740556533321300e-01 1.000000000000000000e+00 2.356996068069327488e-01 0.000000000000000000e+00 7.443072314972521974e-01
6.637453884430390971e-01 2.885698114467785125e-01 1.000000000000000000e+00 2.367344924556921970e-01 0.000000000000000000e+00 7.451811561571336506e-01
6.641055574952574592e-01 2.888009301325830669e-01 1.000000000000000000e+00 2.368673296053216415e-01 0.000000000000000000e+00 7.446637780617556546e-01
6.643580994328630585e-01 2.896789764011530321e-01 1.000000000000000000e+00 2.365895292047916765e-01 0.000000000000000000e+00 7.438882103756070396e-01
6.656791170285231152e-01 2.899379755988564233e-01 1.000000000000000000e+00 2.362525360060895030e-01 0.000000000000000000e+00 7.436187052675611309e-01
6.595023456663660077e-01 2.923953760607663765e-01 1.000000000000000000e+00 2.290615103220949300e-01 0.000000000000000000e+00 7.424529536128173790e-01
6.574081248732289717e-01 2.925066507433364271e-01 1.000000000000000000e+00 2.300808584726114492e-01 0.000000000000000000e+00 7.466439068298482695e-01
6.577602637858560586e-01 2.923949897580197521e-01 1.000000000000000000e+00 2.305991444868465967e-01 0.000000000000000000e+00 7.463124384539792100e-01
6.564008407151366020e-01 2.920204383030799988e-01 1.000000000000000000e+00 2.296063247987028544e-01 0.000000000000000000e+00 7.469713932274409940e-01
6.565211505776145096e-01 2.923730902717395219e-01 1.000000000000000000e+00 2.296566125614930565e-01 0.000000000000000000e+00 7.465811809550774170e-01
6.576336155155777519e-01 2.922629025745117626e-01 1.000000000000000000e+00 2.289196763845852689e-01 0.000000000000000000e+00 7.474604110749910602e-01
6.571179941031349836e-01 2.886087873752667954e-01 1.000000000000000000e+00 2.295120804644074364e-01 0.000000000000000000e+00 7.480401638532901964e-01
6.536021223730655860e-01 2.911817168859076599e-01 1.000000000000000000e+00 2.346896392635381134e-01 0.000000000000000000e+00 7.473385846162095003e-01
6.458185191988210505e-01 2.857896546091662771e-01 1.000000000000000000e+00 2.343237410866061687e-01 0.000000000000000000e+00 7.494134219942231168e-01
6.448506955051812595e-01 2.854183277897960336e-01 1.000000000000000000e+00 2.341591516678644125e-01 0.000000000000000000e+00 7.509161283799523634e-01
6.446921371957040625e-01 2.848427250458694937e-01 1.000000000000000000e+00 2.346234447683362700e-01 0.000000000000000000e+00 7.517663729710020171e-01
6.540014839458420104e-01 2.874431500006469076e-01 1.000000000000000000e+00 2.292104321760235486e-01 0.000000000000000000e+00 7.540517659188067379e-01
6.536409651778651853e-01 2.875650484298948317e-01 1.000000000000000000e+00 2.294545382320534177e-01 0.000000000000000000e+00 7.542783171938887143e-01
6.533513808317369387e-01 2.877492546942228557e-01 1.000000000000000000e+00 2.287065372874430846e-01 0.000000000000000000e+00 7.535364654253282612e-01
6.494899913551323012e-01 2.897673854913117020e-01 1.000000000000000000e+00 2.252486299138174164e-01 0.000000000000000000e+00 7.537936202865548330e-01
6.477700528708447703e-01 2.885804675373568884e-01 1.000000000000000000e+00 2.262307069321408681e-01 0.000000000000000000e+00 7.539643041601850060e-01
6.478874610014263569e-01 2.881619384291090324e-01 1.000000000000000000e+00 2.266385431159941288e-01 0.000000000000000000e+00 7.527332007532364644e-01
6.480308548146400671e-01 2.878494516287642413e-01 1.000000000000000000e+00 2.266736632730136369e-01 0.000000000000000000e+00 7.528649802565974269e-01
6.482282524740635710e-01 2.874815189953422445e-01 1.000000000000000000e+00 2.271913536832435021e-01 0.000000000000000000e+00 7.528694131510619281e-01
6.470680432349210642e-01 2.870914441872068346e-01 1.000000000000000000e+00 2.268646001883003471e-01 0.000000000000000000e+00 7.539795199196055453e-01
6.466120287421130985e-01 2.872892221142739899e-01 1.000000000000000000e+00 2.270199683842470118e-01 0.000000000000000000e+00 7.533509026852235335e-01
6.448139731107400685e-01 2.854727155946276129e-01 1.000000000000000000e+00 2.268085178078840802e-01 0.000000000000000000e+00 7.537095797241601947e-01
6.370628691752880934e-01 2.835068742263445185e-01 1.000000000000000000e+00 2.238330072647314872e-01 0.000000000000000000e+00 7.549797887610154579e-01
6.383741959240921693e-01 2.840419814041792446e-01 1.000000000000000000e+00 2.236740680326467778e-01 0.000000000000000000e+00 7.545711230739603481e-01
6.383184673213853078e-01 2.839064470160477249e-01 1.000000000000000000e+00 2.236590732876011789e-01 0.000000000000000000e+00 7.546596978769770647e-01
6.376845528693162457e-01 2.843373819124762059e-01 1.000000000000000000e+00 2.230428614594716363e-01 0.000000000000000000e+00 7.545397221982590441e-01
6.371726914852670065e-01 2.815235572398203656e-01 1.000000000000000000e+00 2.258841374487504106e-01 0.000000000000000000e+00 7.547603981831623177e-01
6.372900708551388904e-01 2.818149918295419498e-01 1.000000000000000000e+00 2.258177508008582524e-01 0.000000000000000000e+00 7.541704038708457736e-01
6.374443871141590723e-01 2.812299575447413380e-01 1.000000000000000000e+00 2.255543983668992780e-01 0.000000000000000000e+00 7.542887190291117649e-01
6.382239621928563755e-01 2.816642462973332761e-01 1.000000000000000000e+00 2.275679646598112171e-01 0.000000000000000000e+00 7.542418806536659304e-01
6.384913847053227398e-01 2.836543571712406564e-01 1.000000000000000000e+00 2.272184425226929649e-01 0.000000000000000000e+00 7.543099010177234387e-01
6.387308565379242742e-01 2.854705109811903618e-01 1.000000000000000000e+00 2.262923592549541396e-01 0.000000000000000000e+00 7.536974332946684285e-01
6.406074269211404770e-01 2.946256844022334120e-01 1.000000000000000000e+00 2.201355017053872876e-01 0.000000000000000000e+00 7.516531604372842512e-01
6.392037065469649004e-01 2.943085544396042419e-01 1.000000000000000000e+00 2.187560390510273900e-01 0.000000000000000000e+00 7.524100186780503519e-01
6.412270075519177492e-01 2.925426073554075468e-01 1.000000000000000000e+00 2.214515294524685152e-01 0.000000000000000000e+00 7.517344363720870337e-01
6.418436153927669086e-01 2.931399777888041291e-01 1.000000000000000000e+00 2.212496820209639559e-01 0.000000000000000000e+00 7.514496205753746771e-01
6.409404220582948231e-01 2.928738357512681856e-01 1.000000000000000000e+00 2.206725363895201131e-01 0.000000000000000000e+00 7.522317565181051435e-01
6.404630477218092865e-01 2.924725686660257229e-01 1.000000000000000000e+00 2.207171557885882207e-01 0.000000000000000000e+00 7.523255224293317056e-01
6.386165586765447655e-01 2.939719900444033862e-01 1.000000000000000000e+00 2.189704042190040167e-01 0.000000000000000000e+00 7.500726740812854176e-01
6.385946105354639579e-01 2.940711396360342067e-01 1.000000000000000000e+00 2.189077639053441104e-01 0.000000000000000000e+00 7.500041571945460506e-01
6.384866153981428871e-01 2.942425080324637121e-01 1.000000000000000000e+00 2.187549125733378452e-01 0.000000000000000000e+00 7.499682536188329030e-01
6.372327831463944214e-01 2.950714749695991235e-01 1.000000000000000000e+00 2.176757598898897972e-01 0.000000000000000000e+00 7.502712383375225169e-01
6.364162093073475468e-01 2.951388595199635478e-01 1.000000000000000000e+00 2.173615549594246077e-01 0.000000000000000000e+00 7.505421702764061287e-01
6.402554003477407552e-01 2.940175829252277273e-01 1.000000000000000000e+00 2.222069902401610231e-01 0.000000000000000000e+00 7.513999334345746739e-01
6.404474861875556480e-01 2.937157874972149973e-01 1.000000000000000000e+00 2.233062675700009936e-01 0.000000000000000000e+00 7.517108603243290998e-01
6.406884019681647890e-01 2.941855898109357881e-01 1.000000000000000000e+00 2.236302650523866453e-01 0.000000000000000000e+00 7.512239929209628686e-01
