9.839238524436950684e-01 2.940763235092163086e-01 7.877119183540344238e-01 5.085937976837158203e-01 9.220839142799377441e-01 1.568705439567565918e-01
8.049849271774291992e-01 5.457781553268432617e-01 5.827252864837646484e-01 8.881736993789672852e-01 2.976924777030944824e-01 8.141723871231079102e-01
9.452491402626037598e-01 5.822008252143859863e-01 3.644610643386840820e-01 8.370326757431030273e-01 6.386628150939941406e-01 8.501570820808410645e-01
5.908232927322387695e-01 7.973061800003051758e-01 6.436506509780883789e-01 1.300060749053955078e-02 6.851494908332824707e-01 4.606503248214721680e-02
5.290284156799316406e-01 5.591025352478027344e-01 6.616507172584533691e-01 9.533022642135620117e-01 7.065504789352416992e-01 5.864138603210449219e-01
5.168213844299316406e-01 3.991585969924926758e-02 2.664250135421752930e-01 1.682323217391967773e-01 8.990025520324707031e-02 1.823290586471557617e-01
2.940378189086914062e-01 1.102244853973388672e-02 7.443112134933471680e-02 9.772495031356811523e-01 1.395615339279174805e-01 6.916511654853820801e-01
2.766805887222290039e-02 6.013022065162658691e-01 4.549061059951782227e-01 8.469737768173217773e-01 6.171485185623168945e-01 4.970183372497558594e-01
2.224363684654235840e-01 2.721719145774841309e-01 3.722257018089294434e-01 1.614981889724731445e-02 7.864129543304443359e-02 1.712791919708251953e-01
7.092657685279846191e-01 5.453907847404479980e-01 2.215138673782348633e-01 2.092326283454895020e-01 6.581119298934936523e-01 2.495302557945251465e-01
1.887244284152984619e-01 1.000000000000000000e+00 1.000000000000000000e+00 0.000000000000000000e+00 1.000000000000000000e+00 0.000000000000000000e+00
1.121462956070899963e-01 0.000000000000000000e+00 1.000000000000000000e+00 0.000000000000000000e+00 1.000000000000000000e+00 0.000000000000000000e+00
3.244876116514205933e-02 0.000000000000000000e+00 1.000000000000000000e+00 8.564791083335876465e-01 1.000000000000000000e+00 0.000000000000000000e+00
0.000000000000000000e+00 0.000000000000000000e+00 7.358966469764709473e-01 0.000000000000000000e+00 1.000000000000000000e+00 0.000000000000000000e+00
0.000000000000000000e+00 0.000000000000000000e+00 5.969149470329284668e-01 0.000000000000000000e+00 1.000000000000000000e+00 0.000000000000000000e+00
0.000000000000000000e+00 0.000000000000000000e+00 8.741236329078674316e-01 0.000000000000000000e+00 1.000000000000000000e+00 0.000000000000000000e+00
1.000000000000000000e+00 0.000000000000000000e+00 1.000000000000000000e+00 1.000000000000000000e+00 0.000000000000000000e+00 0.000000000000000000e+00
0.000000000000000000e+00 0.000000000000000000e+00 9.070087671279907227e-01 0.000000000000000000e+00 1.000000000000000000e+00 0.000000000000000000e+00
0.000000000000000000e+00 0.000000000000000000e+00 8.991805911064147949e-01 0.000000000000000000e+00 1.000000000000000000e+00 1.177098304033279419e-01
0.000000000000000000e+00 0.000000000000000000e+00 8.370781540870666504e-01 0.000000000000000000e+00 1.000000000000000000e+00 0.000000000000000000e+00
0.000000000000000000e+00 0.000000000000000000e+00 1.000000000000000000e+00 0.000000000000000000e+00 0.000000000000000000e+00 1.000000000000000000e+00
1.945892721414566040e-02 3.051928430795669556e-02 8.905474543571472168e-01 6.377676129341125488e-01 3.228781819343566895e-01 1.228603944182395935e-01
4.684390723705291748e-01 7.908640056848526001e-02 7.470967248082160950e-04 3.314438164234161377e-01 9.970358610153198242e-01 1.768305301666259766e-01
1.063297316431999207e-01 5.203127861022949219e-01 9.278253316879272461e-01 8.347430229187011719e-01 9.838789701461791992e-01 7.730109095573425293e-01
9.737279415130615234e-01 3.437320590019226074e-01 9.813129901885986328e-01 1.184858456254005432e-01 1.939060986042022705e-01 6.187978386878967285e-01
1.591480970382690430e-01 8.944668173789978027e-01 9.953964948654174805e-01 6.448709964752197266e-02 6.641293764114379883e-01 9.563611745834350586e-01
1.166173070669174194e-01 7.713181972503662109e-01 3.046872317790985107e-01 1.837878972291946411e-01 9.465042352676391602e-01 9.885733127593994141e-01
4.456442780792713165e-03 8.348200321197509766e-01 6.100074052810668945e-01 9.353983402252197266e-01 9.015028476715087891e-01 5.361484363675117493e-02
0.000000000000000000e+00 1.000000000000000000e+00 1.000000000000000000e+00 1.000000000000000000e+00 0.000000000000000000e+00 1.000000000000000000e+00
7.450832724571228027e-01 5.538096278905868530e-02 9.911702275276184082e-01 8.674560189247131348e-01 5.514920353889465332e-01 8.113760352134704590e-01
0.000000000000000000e+00 3.983074724674224854e-01 1.000000000000000000e+00 0.000000000000000000e+00 1.000000000000000000e+00 0.000000000000000000e+00
3.272351026535034180e-01 9.846270084381103516e-01 9.566481709480285645e-01 9.592143297195434570e-01 6.338536739349365234e-01 6.747613847255706787e-02
8.740136027336120605e-02 8.227934688329696655e-02 5.819308757781982422e-01 1.140963658690452576e-01 7.983462810516357422e-01 8.243353664875030518e-02
7.616118192672729492e-01 6.020758152008056641e-01 9.351739287376403809e-01 1.869927048683166504e-01 9.858381748199462891e-01 7.133630514144897461e-01
3.878604769706726074e-01 6.458705663681030273e-01 3.441528417170047760e-03 6.920693516731262207e-01 2.924414873123168945e-01 8.009163662791252136e-03
1.235628947615623474e-01 4.174783825874328613e-01 8.807595968246459961e-01 1.310154236853122711e-02 9.886651635169982910e-01 8.763443231582641602e-01
4.780294895172119141e-01 9.977007508277893066e-01 9.163563698530197144e-02 2.602099776268005371e-01 8.503981232643127441e-01 1.542991120368242264e-02
9.006496667861938477e-01 9.817070960998535156e-01 8.321774601936340332e-01 2.702685892581939697e-01 6.782222986221313477e-01 8.164912462234497070e-01
9.133338332176208496e-01 7.024929523468017578e-01 2.770535461604595184e-02 9.410589933395385742e-02 1.006599236279726028e-02 8.309370279312133789e-01
5.759282112121582031e-01 9.543612599372863770e-01 9.432128071784973145e-01 2.241141349077224731e-01 8.478502631187438965e-01 2.816150188446044922e-01
1.725022345781326294e-01 8.511598110198974609e-01 2.967305779457092285e-01 2.593510970473289490e-02 9.501410722732543945e-01 1.232322007417678833e-01
0.000000000000000000e+00 1.000000000000000000e+00 9.208631515502929688e-01 0.000000000000000000e+00 1.000000000000000000e+00 2.181212455034255981e-01
1.426980346441268921e-01 9.366352558135986328e-01 8.424246907234191895e-01 1.482322365045547485e-01 9.849377274513244629e-01 5.513170361518859863e-01
5.314500331878662109e-01 9.286891222000122070e-01 9.105009436607360840e-01 7.770227193832397461e-01 9.439744353294372559e-01 9.577898383140563965e-01
7.823944836854934692e-02 8.709793686866760254e-01 2.263768613338470459e-01 6.148283183574676514e-02 7.141421549022197723e-03 9.000272750854492188e-01
8.444510698318481445e-01 4.487936496734619141e-01 9.873966574668884277e-01 2.578808367252349854e-02 3.186964988708496094e-01 9.938820600509643555e-01
5.265574529767036438e-02 6.455324888229370117e-01 8.570420742034912109e-01 6.199799180030822754e-01 9.711228609085083008e-01 2.717063724994659424e-01
1.463927775621414185e-01 2.912609651684761047e-02 9.194756299257278442e-02 9.528847336769104004e-01 5.570265650749206543e-01 4.793653264641761780e-03
6.128516793251037598e-02 9.208756089210510254e-01 9.838123321533203125e-01 2.486340254545211792e-01 4.810986220836639404e-01 6.542257666587829590e-01
6.920256465673446655e-02 8.325884938240051270e-01 8.730331659317016602e-01 8.249316364526748657e-03 9.949765801429748535e-01 3.295431435108184814e-01
9.952968358993530273e-01 9.990505576133728027e-01 9.223446846008300781e-01 6.704521924257278442e-02 1.978119611740112305e-01 1.036711875349283218e-02
3.393759727478027344e-01 5.334912538528442383e-01 8.257158100605010986e-02 9.921605885028839111e-02 9.817417860031127930e-01 5.591201186180114746e-01
4.190467298030853271e-02 7.539564371109008789e-02 1.801595836877822876e-02 3.734683990478515625e-01 2.601983845233917236e-01 9.995189905166625977e-01
1.714457273483276367e-01 9.646679162979125977e-01 3.783801794052124023e-01 9.945810437202453613e-01 9.243423938751220703e-01 6.663410067558288574e-01
7.651092112064361572e-02 9.561423063278198242e-01 8.474115133285522461e-01 9.930575489997863770e-01 9.432563185691833496e-01 4.981527924537658691e-01
8.089039325714111328e-01 9.927216172218322754e-01 8.379065990447998047e-01 6.343188881874084473e-01 2.023846060037612915e-01 4.765803515911102295e-01
1.448345929384231567e-01 9.350162744522094727e-01 2.121142148971557617e-01 1.320309489965438843e-01 3.629483282566070557e-01 4.266748204827308655e-03
1.325081437826156616e-01 8.348529040813446045e-02 8.286435008049011230e-01 6.566859483718872070e-01 9.379246234893798828e-01 9.314194917678833008e-01
1.673763543367385864e-01 2.847688496112823486e-01 9.864122271537780762e-01 8.534821271896362305e-01 2.331402450799942017e-01 9.298301935195922852e-01
8.783602714538574219e-01 4.230917431414127350e-03 4.097880423069000244e-01 9.105869531631469727e-01 9.892390370368957520e-01 9.209869503974914551e-01
8.153732419013977051e-01 7.783026993274688721e-02 9.153532385826110840e-01 9.741292335093021393e-03 7.119368910789489746e-01 4.360065609216690063e-02
0.000000000000000000e+00 1.000000000000000000e+00 1.000000000000000000e+00 0.000000000000000000e+00 7.003409862518310547e-01 0.000000000000000000e+00
9.752899408340454102e-01 4.597574472427368164e-01 7.829564809799194336e-02 8.125861287117004395e-01 9.339611530303955078e-01 4.900447279214859009e-02
9.649950861930847168e-01 5.006507039070129395e-03 4.192465245723724365e-01 6.593546271324157715e-02 9.988501071929931641e-01 9.870015978813171387e-01
9.743871092796325684e-01 8.730052411556243896e-02 2.291450351476669312e-01 7.690150737762451172e-01 9.103733301162719727e-02 2.396681718528270721e-02
8.094610571861267090e-01 8.931363821029663086e-01 3.244127333164215088e-01 3.209776803851127625e-02 9.522364139556884766e-01 9.507697224617004395e-01
1.040114462375640869e-01 1.702985763549804688e-01 4.921635091304779053e-01 3.246740400791168213e-01 9.622890949249267578e-01 6.248672306537628174e-02
9.618991985917091370e-03 2.121720016002655029e-01 5.734156966209411621e-01 9.633559584617614746e-01 9.841048121452331543e-01 7.317616045475006104e-02
2.038375735282897949e-01 3.303887695074081421e-02 7.503833770751953125e-01 9.928438663482666016e-01 8.202611804008483887e-01 2.374996431171894073e-02
9.264631867408752441e-01 8.510148525238037109e-01 8.911364078521728516e-01 5.680693387985229492e-01 9.145975708961486816e-01 5.057366937398910522e-02
9.067516326904296875e-01 9.954355955123901367e-01 4.776816368103027344e-01 1.471671462059020996e-02 9.482659697532653809e-01 2.069705426692962646e-01
9.497133493423461914e-01 6.223661080002784729e-02 9.907841086387634277e-01 3.177307546138763428e-01 3.964245319366455078e-02 8.957742452621459961e-01
5.362743735313415527e-01 4.221514798700809479e-03 8.022962808609008789e-01 3.656753897666931152e-01 9.478092789649963379e-01 5.550727248191833496e-01
5.244264602661132812e-01 9.838991761207580566e-01 8.328194022178649902e-01 2.865728735923767090e-02 1.951894313097000122e-01 8.785108327865600586e-01
5.321772098541259766e-01 9.447273015975952148e-01 9.213613271713256836e-01 2.939063496887683868e-02 8.061419725418090820e-01 8.147448301315307617e-01
1.774714142084121704e-02 9.512959718704223633e-01 9.605401158332824707e-01 9.081531167030334473e-01 3.452579304575920105e-02 1.614336520433425903e-01
7.300515659153461456e-03 3.992874920368194580e-01 6.723577380180358887e-01 4.322675243020057678e-02 8.344652056694030762e-01 1.977258920669555664e-02
2.440594583749771118e-01 2.801740467548370361e-01 9.887887835502624512e-01 4.509025216102600098e-01 8.782800436019897461e-01 1.054673939943313599e-01
9.575574994087219238e-01 7.296100854873657227e-01 9.912560582160949707e-01 8.197433948516845703e-01 8.936006426811218262e-01 9.795972108840942383e-01
2.082070522010326385e-02 9.234082698822021484e-01 3.119435161352157593e-02 1.567452400922775269e-02 9.884586930274963379e-01 6.084586679935455322e-02
8.961139917373657227e-01 1.538371760398149490e-02 5.323767289519309998e-02 2.054420672357082367e-02 4.689395129680633545e-01 5.130014382302761078e-03
7.011842727661132812e-01 6.637661159038543701e-02 5.535722374916076660e-01 9.853857755661010742e-01 9.893090724945068359e-01 6.646016612648963928e-03
1.485041342675685883e-02 8.149114996194839478e-02 2.246072143316268921e-01 9.269804358482360840e-01 9.957976937294006348e-01 2.978274524211883545e-01
9.191143512725830078e-01 3.411222621798515320e-02 2.368216067552566528e-01 1.141787171363830566e-01 2.528290450572967529e-02 8.584226369857788086e-01
2.936756610870361328e-01 5.103484988212585449e-01 6.936433315277099609e-01 1.015364974737167358e-01 9.872646927833557129e-01 3.394486010074615479e-02
5.825635790824890137e-01 2.042473256587982178e-01 6.763615012168884277e-01 3.515890836715698242e-01 1.239339560270309448e-01 5.440570116043090820e-01
1.727231293916702271e-01 9.794816374778747559e-01 6.487100124359130859e-01 6.632379442453384399e-02 9.616271853446960449e-01 8.852142840623855591e-02
4.481212198734283447e-01 3.071468472480773926e-01 4.603098630905151367e-01 8.784389495849609375e-01 9.402828812599182129e-01 1.545060127973556519e-01
1.725903153419494629e-02 2.089673280715942383e-01 9.985486268997192383e-01 8.666005134582519531e-01 9.380707144737243652e-01 5.763239264488220215e-01
5.062507092952728271e-02 9.922478199005126953e-01 6.014819741249084473e-01 4.029782116413116455e-01 8.899429440498352051e-01 1.781858317553997040e-02
9.689720273017883301e-01 9.904862642288208008e-01 8.988121747970581055e-01 9.107315540313720703e-02 9.213820695877075195e-01 8.882014155387878418e-01
0.000000000000000000e+00 9.645765274763107300e-02 1.000000000000000000e+00 1.925928443670272827e-01 1.000000000000000000e+00 0.000000000000000000e+00
7.615325450897216797e-01 8.229449987411499023e-01 1.265497058629989624e-01 8.272450566291809082e-01 3.946151137351989746e-01 6.316602826118469238e-01
9.697369933128356934e-01 8.196560740470886230e-01 9.193347692489624023e-01 7.572655379772186279e-02 1.532900929450988770e-01 9.556075930595397949e-01
3.332234546542167664e-02 7.886277884244918823e-02 4.407051019370555878e-03 8.178741335868835449e-01 9.796787500381469727e-01 9.717724323272705078e-01
2.886620350182056427e-03 9.689197540283203125e-01 6.415714621543884277e-01 2.004061043262481689e-01 7.529265880584716797e-01 3.962590992450714111e-01
6.662992835044860840e-01 2.033877521753311157e-01 2.993936240673065186e-01 3.728902041912078857e-01 2.786239385604858398e-01 3.490789532661437988e-01
4.059121757745742798e-02 3.694589249789714813e-03 9.310694336891174316e-01 7.356660962104797363e-01 9.650760293006896973e-01 4.353221952915191650e-01
9.669401645660400391e-01 1.423140708357095718e-02 9.740548133850097656e-01 8.215787410736083984e-01 9.701172113418579102e-01 8.572399020195007324e-01
8.316254019737243652e-01 9.645290374755859375e-01 6.481670737266540527e-01 5.259461402893066406e-01 6.020393967628479004e-01 1.802262067794799805e-01
9.849736094474792480e-01 3.719881922006607056e-02 9.937303662300109863e-01 2.110197544097900391e-01 6.149276718497276306e-02 5.717378482222557068e-02
6.591023802757263184e-01 9.802089929580688477e-01 8.704324364662170410e-01 2.216892540454864502e-01 4.507156610488891602e-01 5.668143033981323242e-01
9.068881273269653320e-01 2.151621282100677490e-01 9.771746993064880371e-01 9.979466795921325684e-01 9.552964568138122559e-01 4.926133528351783752e-02
4.602752923965454102e-01 3.856806457042694092e-01 7.908991575241088867e-01 3.768719732761383057e-01 1.274648457765579224e-01 9.993111342191696167e-02
4.190484285354614258e-01 2.239833958446979523e-02 9.690492153167724609e-01 9.708568453788757324e-01 9.536665678024291992e-01 8.662196397781372070e-01
2.519559264183044434e-01 8.545411825180053711e-01 6.821011900901794434e-01 6.447439789772033691e-01 1.894065737724304199e-01 4.908449351787567139e-01
2.433821707963943481e-01 5.898857712745666504e-01 3.389883935451507568e-01 2.229904532432556152e-01 5.229076743125915527e-01 6.524836421012878418e-01
8.956997394561767578e-01 7.652689702808856964e-03 8.956107497215270996e-01 1.308372151106595993e-02 8.132582902908325195e-02 9.981465935707092285e-01
2.573293633759021759e-03 1.512503530830144882e-02 2.632231116294860840e-01 7.628902196884155273e-01 4.597665667533874512e-01 6.598190665245056152e-01
4.188430309295654297e-01 6.227577924728393555e-01 4.706038534641265869e-01 1.681983172893524170e-01 6.768428683280944824e-01 8.028804063796997070e-01
