4.624000787734985352e-01 1.093702316284179688e-01 5.881359577178955078e-01 8.904655575752258301e-01
7.990230321884155273e-01 7.499224543571472168e-01 8.732746839523315430e-01 2.563819885253906250e-01
1.908826828002929688e-01 5.432078838348388672e-01 9.149993658065795898e-01 8.965063691139221191e-01
3.073294162750244141e-01 7.091770768165588379e-01 5.355142951011657715e-01 9.631757736206054688e-01
4.757732748985290527e-01 2.484804391860961914e-02 9.003334641456604004e-01 7.139618992805480957e-01
6.163825988769531250e-01 7.375826835632324219e-01 7.075997591018676758e-01 3.261172771453857422e-01
8.423644304275512695e-01 8.494786024093627930e-01 2.579765915870666504e-01 6.812463402748107910e-01
9.537402987480163574e-01 5.216146111488342285e-01 5.023524165153503418e-01 1.886153817176818848e-01
2.402951717376708984e-01 3.407483696937561035e-01 3.058743476867675781e-01 5.447254776954650879e-01
6.155904531478881836e-01 1.769163608551025391e-01 7.748748660087585449e-01 4.780203104019165039e-01
0.000000000000000000e+00 0.000000000000000000e+00 1.000000000000000000e+00 4.523637890815734863e-02
8.189290761947631836e-01 0.000000000000000000e+00 1.000000000000000000e+00 0.000000000000000000e+00
1.000000000000000000e+00 1.000000000000000000e+00 1.000000000000000000e+00 9.869572520256042480e-02
1.000000000000000000e+00 1.000000000000000000e+00 1.000000000000000000e+00 2.734103612601757050e-02
6.150835156440734863e-01 1.000000000000000000e+00 1.000000000000000000e+00 0.000000000000000000e+00
7.383188605308532715e-01 1.000000000000000000e+00 9.097741246223449707e-01 0.000000000000000000e+00
0.000000000000000000e+00 1.000000000000000000e+00 1.000000000000000000e+00 0.000000000000000000e+00
0.000000000000000000e+00 1.000000000000000000e+00 3.177611231803894043e-01 0.000000000000000000e+00
0.000000000000000000e+00 1.000000000000000000e+00 1.000000000000000000e+00 0.000000000000000000e+00
1.000000000000000000e+00 0.000000000000000000e+00 0.000000000000000000e+00 1.000000000000000000e+00
1.000000000000000000e+00 0.000000000000000000e+00 0.000000000000000000e+00 0.000000000000000000e+00
0.000000000000000000e+00 1.000000000000000000e+00 1.000000000000000000e+00 0.000000000000000000e+00
1.000000000000000000e+00 0.000000000000000000e+00 1.000000000000000000e+00 1.000000000000000000e+00
0.000000000000000000e+00 1.000000000000000000e+00 1.000000000000000000e+00 1.000000000000000000e+00
0.000000000000000000e+00 1.000000000000000000e+00 1.000000000000000000e+00 0.000000000000000000e+00
0.000000000000000000e+00 9.376116991043090820e-01 1.000000000000000000e+00 0.000000000000000000e+00
1.000000000000000000e+00 3.033415973186492920e-01 1.000000000000000000e+00 1.000000000000000000e+00
0.000000000000000000e+00 6.373680830001831055e-01 0.000000000000000000e+00 1.000000000000000000e+00
1.000000000000000000e+00 4.335983395576477051e-01 1.000000000000000000e+00 0.000000000000000000e+00
0.000000000000000000e+00 5.698450803756713867e-01 1.000000000000000000e+00 0.000000000000000000e+00
0.000000000000000000e+00 0.000000000000000000e+00 0.000000000000000000e+00 0.000000000000000000e+00
1.000000000000000000e+00 0.000000000000000000e+00 6.535937190055847168e-01 1.000000000000000000e+00
0.000000000000000000e+00 1.000000000000000000e+00 8.860993981361389160e-01 0.000000000000000000e+00
0.000000000000000000e+00 1.000000000000000000e+00 1.000000000000000000e+00 2.660433650016784668e-01
8.851898461580276489e-02 1.000000000000000000e+00 1.000000000000000000e+00 1.868456006050109863e-01
0.000000000000000000e+00 1.000000000000000000e+00 6.689308285713195801e-01 5.351848602294921875e-01
1.000000000000000000e+00 0.000000000000000000e+00 6.511961817741394043e-01 8.553490638732910156e-01
1.000000000000000000e+00 0.000000000000000000e+00 6.932855248451232910e-01 4.595514535903930664e-01
0.000000000000000000e+00 0.000000000000000000e+00 6.685177087783813477e-01 1.000000000000000000e+00
1.000000000000000000e+00 1.000000000000000000e+00 0.000000000000000000e+00 0.000000000000000000e+00
1.313683688640594482e-01 9.768335223197937012e-01 8.709942549467086792e-02 9.568424224853515625e-01
1.000000000000000000e+00 0.000000000000000000e+00 6.389884948730468750e-01 0.000000000000000000e+00
5.937246084213256836e-01 5.952069759368896484e-01 2.021046876907348633e-01 2.063136175274848938e-02
9.660241007804870605e-01 2.214300446212291718e-02 5.476971268653869629e-01 7.891871929168701172e-01
6.180040836334228516e-01 9.723029732704162598e-01 9.463931322097778320e-01 8.167716264724731445e-01
5.019918084144592285e-02 5.112484097480773926e-01 5.608007907867431641e-01 4.935024678707122803e-01
5.189454182982444763e-02 7.484600543975830078e-01 8.359110951423645020e-01 4.638713896274566650e-01
9.948925971984863281e-01 1.245506852865219116e-01 9.400737881660461426e-01 5.471293926239013672e-01
1.976208761334419250e-03 5.255123972892761230e-01 9.882258772850036621e-01 4.150803089141845703e-01
1.179199200123548508e-02 6.170626282691955566e-01 6.133030652999877930e-01 8.880978226661682129e-01
3.807491809129714966e-02 8.332192301750183105e-01 7.101812213659286499e-02 3.933781385421752930e-01
9.827291369438171387e-01 1.562922000885009766e-01 5.911139249801635742e-01 9.961862564086914062e-01
9.943704009056091309e-01 2.583870589733123779e-01 4.371665045619010925e-02 5.442391037940979004e-01
3.342624306678771973e-01 4.072562605142593384e-02 6.767008304595947266e-01 3.468552529811859131e-01
2.704938650131225586e-01 2.064041979610919952e-02 6.198350340127944946e-02 9.633336067199707031e-01
5.571272373199462891e-01 9.980803728103637695e-01 7.425484061241149902e-02 4.792079702019691467e-02
9.843645691871643066e-01 9.250736236572265625e-01 4.635956883430480957e-01 1.494358927011489868e-01
1.867150887846946716e-03 7.950403690338134766e-01 4.726407825946807861e-01 4.721738398075103760e-01
3.106815516948699951e-01 6.829832196235656738e-01 9.675338864326477051e-01 5.701661109924316406e-03
9.870393276214599609e-01 4.591329693794250488e-01 2.813878655433654785e-02 1.342061161994934082e-02
5.982722640037536621e-01 5.319437384605407715e-01 9.496184065937995911e-04 8.923492431640625000e-01
9.887763857841491699e-01 7.199306488037109375e-01 1.807603053748607635e-03 9.932547807693481445e-01
9.926491975784301758e-01 9.117171168327331543e-01 6.145650744438171387e-01 9.516641497611999512e-01
1.544283702969551086e-03 6.472035050392150879e-01 6.375712752342224121e-01 1.703497022390365601e-02
2.727282792329788208e-02 8.683261275291442871e-01 9.977490305900573730e-01 4.935615956783294678e-01
8.381707072257995605e-01 1.733679696917533875e-02 7.232839465141296387e-01 9.682028889656066895e-01
9.730078279972076416e-03 9.984190464019775391e-01 3.745705187320709229e-01 9.785398840904235840e-01
1.467878073453903198e-01 8.903718590736389160e-01 5.820055007934570312e-01 9.014983177185058594e-01
3.863868713378906250e-01 4.707286655902862549e-01 3.983490765094757080e-01 5.361074805259704590e-01
5.951557755470275879e-01 3.143303692340850830e-01 2.450144141912460327e-01 4.736151099205017090e-01
9.199092388153076172e-01 7.796123623847961426e-01 9.646195173263549805e-01 2.854424342513084412e-02
7.331563234329223633e-01 5.913194417953491211e-01 2.091337367892265320e-02 5.737096071243286133e-01
7.430115342140197754e-01 7.360885143280029297e-01 1.347085386514663696e-01 9.726611375808715820e-01
1.090511381626129150e-01 3.567311763763427734e-01 4.517236948013305664e-01 3.366103470325469971e-01
7.124149203300476074e-01 6.165992021560668945e-01 5.543411374092102051e-01 5.378144979476928711e-01
4.600515589118003845e-03 8.879172801971435547e-01 9.877589344978332520e-01 1.155366003513336182e-01
7.047529816627502441e-01 7.421993464231491089e-02 4.150258898735046387e-01 3.513070344924926758e-01
9.730656743049621582e-01 7.070622406899929047e-03 7.806400060653686523e-01 9.268662929534912109e-01
2.833923399448394775e-01 2.198708355426788330e-01 2.196023911237716675e-01 4.702579379081726074e-01
9.947056174278259277e-01 8.557744622230529785e-01 7.017656564712524414e-01 4.805395603179931641e-01
5.437585115432739258e-01 6.181882619857788086e-01 2.464067339897155762e-01 6.735379248857498169e-02
9.620506167411804199e-01 1.227660290896892548e-02 4.577911496162414551e-01 9.667236208915710449e-01
3.839481249451637268e-02 2.888368666172027588e-01 8.492567539215087891e-01 9.158502221107482910e-01
7.448446750640869141e-01 7.763864099979400635e-02 3.163275718688964844e-01 8.255385756492614746e-01
6.746945977210998535e-01 8.242415785789489746e-01 3.894406557083129883e-02 3.792358189821243286e-02
3.241013586521148682e-01 5.010992288589477539e-01 9.242095947265625000e-01 3.129331469535827637e-01
9.139868617057800293e-01 7.785444855690002441e-01 7.119407653808593750e-01 3.737163543701171875e-01
3.259074091911315918e-01 9.142393469810485840e-01 5.156005620956420898e-01 7.397760152816772461e-01
5.325196981430053711e-01 5.653535723686218262e-01 6.411483883857727051e-01 5.366762280464172363e-01
3.393695056438446045e-01 4.696323871612548828e-01 1.029493585228919983e-01 1.637048572301864624e-01
4.980580508708953857e-01 8.924332261085510254e-01 3.865514993667602539e-01 5.519294738769531250e-01
2.174863219261169434e-01 4.410720169544219971e-01 4.272891581058502197e-02 1.687660664319992065e-01
2.536220252513885498e-01 3.595560491085052490e-01 5.618863701820373535e-01 9.586814045906066895e-01
6.121955811977386475e-04 9.646286368370056152e-01 9.425441622734069824e-01 2.648274004459381104e-01
4.701169133186340332e-01 2.032088339328765869e-01 2.687874138355255127e-01 7.370651364326477051e-01
3.628517314791679382e-02 7.899321913719177246e-01 1.332604289054870605e-01 2.978690862655639648e-01
4.832625016570091248e-02 1.933158785104751587e-01 9.858251810073852539e-01 3.954804241657257080e-01
2.214181125164031982e-01 9.632529020309448242e-01 5.994492769241333008e-01 6.713902950286865234e-01
5.355983972549438477e-01 4.210201203823089600e-01 4.936066456139087677e-03 8.740752339363098145e-01
4.408955276012420654e-01 8.766966462135314941e-01 5.191781520843505859e-01 3.688870966434478760e-01
9.500128030776977539e-02 6.188306212425231934e-01 3.759691119194030762e-02 1.203791797161102295e-01
3.281477689743041992e-01 7.599077820777893066e-01 9.273520112037658691e-01 7.645772397518157959e-02
8.538161516189575195e-01 7.606548070907592773e-01 2.546744048595428467e-01 3.049288690090179443e-01
6.082574725151062012e-01 5.981183648109436035e-01 6.288076639175415039e-01 6.155286431312561035e-01
3.842504024505615234e-01 9.260418415069580078e-01 9.179934859275817871e-01 2.476399950683116913e-02
7.481148242950439453e-01 4.885939359664916992e-01 8.803886175155639648e-01 9.384799748659133911e-02
4.403212070465087891e-01 2.164098322391510010e-01 2.067330181598663330e-01 3.792293965816497803e-01
9.320265650749206543e-01 4.679491221904754639e-01 9.803707003593444824e-01 5.652061104774475098e-01
2.354426085948944092e-01 7.478662133216857910e-01 8.040137887001037598e-01 3.642854988574981689e-01
9.720293283462524414e-01 8.561159372329711914e-01 7.404838800430297852e-01 5.842709541320800781e-01
