-9.880652213008156437e-01
-8.824429250102645561e-01
-1.259460247023885593e+00
4.443962000753766128e-01
8.901294506477327451e-01
-7.935740839070779540e-01
-1.249426034995762436e+00
-2.848181978868806752e-01
-1.119598473914483083e+00
-1.591832511389164040e-01
-6.381687397603799661e-02
6.712705720522688102e-01
6.266096117372316199e-01
1.397067070747339823e+00
9.066074614318797575e-03
1.449518484593595113e+00
-5.806492786212541501e-01
-2.255687522108503207e-01
1.364741354086442260e-01
6.840191583929278174e-01
-9.817088969663884113e-02
3.600115175248028709e-01
-2.962854820478867390e-01
1.483847254056871456e+00
1.480406130452070146e+00
1.499671088606949976e+00
-1.797784681935393536e+00
-5.892294209660979831e-01
-1.046609497422288815e+00
-8.386257396566388911e-01
5.949626487669363861e-01
-1.229718422778909526e+00
1.623388024155617282e-01
1.062819232578249840e-01
-1.760564634006422491e+00
1.490967626653417977e+00
-1.859944753952977647e+00
9.193135161952425971e-01
-1.252590739351734594e+00
-7.965430452707106257e-01
-5.564778100468414923e-01
-7.914962242696970129e-01
-1.346798876708771076e+00
-2.353284319938742652e-01
-7.688649345161755466e-01
2.094170812241589741e-01
-1.182029018275812415e+00
7.578269665586514492e-01
-1.158214277746777876e+00
-1.482443401596894805e+00
5.131081781186428437e-01
-1.104873521373515022e+00
-1.678456154203069373e+00
-1.693050375548790010e+00
1.294792025292631932e+00
5.568649698504217760e-01
7.286987510614059138e-01
-7.975527384591037938e-01
-1.358010541194599075e+00
-1.008266069111785068e+00
-3.236599059884817109e-01
-1.011597736631532296e+00
-6.983775109180840879e-01
-1.476584754123733134e+00
-1.608727676395337314e+00
-9.089259707133823252e-01
-1.601625478214931286e+00
-4.290292657098688789e-01
-1.040678795526039480e+00
-7.067287892546296746e-01
-1.624368469180536012e-01
-6.903543697401075541e-01
-1.213006147838281645e+00
-9.095996991061352510e-01
-3.596782666709569254e-01
-6.803727109251143101e-01
-1.767221362518779371e-01
-1.189473802659757551e+00
-1.146906173302174814e+00
-1.380381247439539161e+00
-3.665758426783529145e-01
-8.638219555385210358e-01
-2.489270372164352207e-01
-7.458315203117421577e-01
2.247336606152454674e-01
-1.445911762705017312e+00
-2.500400158343532575e-01
1.775552056486884300e-02
7.532040910719441928e-01
2.802162745438377955e-01
-1.113740756301176082e+00
-3.488159291899372572e-01
-8.372714410397638085e-01
1.182768567446285779e+00
-1.270171582359559181e+00
-1.851064079731097101e+00
-3.340260071288689292e-01
-7.404715945976282354e-01
-1.265548777018655091e+00
-1.146427260067802933e+00
-1.307331774636883770e+00
-1.341833714678703826e+00
-1.787317366492063853e-01
-1.749900838483231968e+00
-3.652298666092961693e-02
2.240649992073732166e-01
-3.165611414463551099e-02
-4.542669637259812987e-01
-1.112730471978971680e+00
-1.337186453239793904e+00
