-1.878099193160044922e-01
-2.861636907216026371e-01
-2.275609040348061662e-01
2.004892667367479120e-02
1.486651464018298174e-01
-5.904273396791270834e-02
1.084655271494626705e-01
-6.234262563657130829e-02
1.896027637761627804e-01
1.881553393594986856e-01
2.990232516633573590e-01
2.969495632513903249e-01
2.957959644517608178e-01
2.980601976355923832e-01
2.743452880299675489e-01
2.784483451503515505e-01
2.664632217586202501e-01
2.699546203711679082e-01
1.469163138243744782e-01
2.185345760158461104e-01
2.253968782103450974e-01
2.250919637173066645e-01
1.884436419663349793e-01
2.224936735369287544e-01
3.759778947200644872e-01
3.777262151383184996e-01
3.767092179220927206e-01
3.304744196616450913e-01
3.335409187490462890e-01
3.848941281804387771e-01
3.850239654781861809e-01
3.847664714496840110e-01
3.882431805337348552e-01
3.892108276649440257e-01
3.899447707629423165e-01
3.866077596543250894e-01
3.864013497281796328e-01
3.956090917689401576e-01
3.566684211259641413e-01
3.914195702367891383e-01
3.959218620136916722e-01
3.960867005992851908e-01
3.957143545300891851e-01
3.948335530651221337e-01
3.862745578850901307e-01
3.928398660450350133e-01
3.927698731057813197e-01
3.927680318785905511e-01
3.940999187477198240e-01
3.952908226239606471e-01
3.950953915443256026e-01
3.956776878113813511e-01
3.960227575714552750e-01
3.960700491430480530e-01
3.962123969126214451e-01
3.962526883387804677e-01
3.961781941685901809e-01
3.961498710146456603e-01
3.960778176371708703e-01
3.961052793465288935e-01
3.960888221473350401e-01
3.962004900589793377e-01
3.964647477794338015e-01
3.964448565972816252e-01
3.962681402072228964e-01
3.965328162766182940e-01
3.965429972472392373e-01
3.965720354891809629e-01
3.965383553212047940e-01
3.965445397716483300e-01
3.965551633839167756e-01
3.964470621823429908e-01
3.964570163647441747e-01
3.962073665769020869e-01
3.962758767244527469e-01
3.962452082159053091e-01
3.962437415460993706e-01
3.962338986140211405e-01
3.962311827433999678e-01
3.962322754135568226e-01
3.961988713819746266e-01
3.961672465100425367e-01
3.961708741755196050e-01
3.964640283921228581e-01
3.965968636715045958e-01
3.965325315396198147e-01
3.963744235170658103e-01
3.965262483602172705e-01
3.965182788424003180e-01
3.965169022480157235e-01
3.965078093528286440e-01
3.964998441716819366e-01
3.967365521629676595e-01
3.967167648617369591e-01
3.966956838855160150e-01
3.967088038750960499e-01
3.967162413253514375e-01
3.967241766105014666e-01
3.967953322231826951e-01
3.967735725083887388e-01
