1.288785462532345827e-01
-6.607782497673897470e-02
2.955628252550546176e-01
5.654678979982377118e-01
5.654678979982377118e-01
-4.205524676082698088e-01
3.209836041993696654e-01
5.420924704262065630e-01
3.509965378505044420e-01
5.760681435838663766e-01
5.761419752709124875e-01
5.765798540659781146e-01
5.775430212939948182e-01
5.774980224110799476e-01
5.775070680847258497e-01
5.907052234414760239e-01
5.914462305232118799e-01
5.971448477596728033e-01
5.978274131819777404e-01
5.979549098003081875e-01
6.026216412601768102e-01
6.026357903298691365e-01
6.023473093672730982e-01
6.022505966235781605e-01
6.019330734264044525e-01
6.018686065698416465e-01
6.016796928155530022e-01
6.016418895584159099e-01
6.022144936581478314e-01
6.024271935925367139e-01
6.024622191146115080e-01
6.024344163777632932e-01
6.024924532809244893e-01
6.024233552323047247e-01
6.023670559140155145e-01
6.023525091624362116e-01
6.022537514205866804e-01
6.022219727636776154e-01
6.022308301652130602e-01
6.022234272409938693e-01
6.021952182978170809e-01
6.021849685662600260e-01
6.027341812148915290e-01
6.027809241713874000e-01
6.026815080934820879e-01
6.027710242352761760e-01
6.027639400804092329e-01
6.027471173541102401e-01
6.027674240076417167e-01
6.027465422703583986e-01
