2.324020862579345703e-02 5.435103178024291992e-02 3.006873130798339844e-01 5.895872116088867188e-01 5.907377004623413086e-01 5.699290037155151367e-01
1.780224442481994629e-01 5.086845159530639648e-02 1.838704347610473633e-01 6.118964552879333496e-01 1.928915381431579590e-01 9.210918545722961426e-01
1.682397127151489258e-01 6.117205619812011719e-01 3.547250032424926758e-01 4.054448008537292480e-01 9.634661674499511719e-01 3.789538145065307617e-01
3.994554281234741211e-02 6.152055859565734863e-01 7.448509335517883301e-01 5.338742733001708984e-01 6.617276072502136230e-01 2.501628398895263672e-01
9.487265348434448242e-01 7.417488098144531250e-02 5.884801149368286133e-01 5.844703912734985352e-01 1.422047019004821777e-01 8.620560169219970703e-01
2.917397022247314453e-01 2.094065546989440918e-01 7.440176010131835938e-01 8.996202349662780762e-01 3.443276286125183105e-01 8.115446567535400391e-01
2.313296198844909668e-01 9.688042402267456055e-01 1.254655122756958008e-01 9.915770888328552246e-01 9.557675719261169434e-01 5.350822806358337402e-01
8.560135364532470703e-01 1.843369007110595703e-02 4.671359062194824219e-01 1.506279706954956055e-01 3.077700138092041016e-01 9.366756677627563477e-02
8.470332026481628418e-01 2.650008797645568848e-01 4.172906279563903809e-01 9.450507164001464844e-01 3.111344575881958008e-02 7.107092738151550293e-01
7.217013835906982422e-01 3.599016666412353516e-01 1.037982702255249023e-01 4.568113684654235840e-01 6.186560392379760742e-01 4.461261034011840820e-01
0.000000000000000000e+00 1.000000000000000000e+00 8.069384883513823492e-03 0.000000000000000000e+00 8.394225411429326322e-02 1.000000000000000000e+00
0.000000000000000000e+00 2.694734189054524554e-01 9.339068385705287436e-04 1.755043245024444365e-01 1.139859209143854746e-01 9.842091583453214110e-01
6.860659435737480327e-02 7.985893105624903843e-01 1.380261338440768627e-02 0.000000000000000000e+00 9.952384912945565487e-01 4.638415321583475026e-02
1.000000000000000000e+00 0.000000000000000000e+00 0.000000000000000000e+00 1.000000000000000000e+00 1.000000000000000000e+00 1.000000000000000000e+00
0.000000000000000000e+00 9.931029805336976102e-01 2.181949909436342941e-03 2.178418930703448012e-03 9.995333126337546670e-01 1.460629228054413642e-03
0.000000000000000000e+00 7.528830637662102532e-02 0.000000000000000000e+00 2.785300745762747110e-01 1.000000000000000000e+00 4.629689237655879551e-03
1.857224257875208151e-03 9.635987996555304136e-01 5.822840697888291839e-01 6.185538355703044250e-03 1.000000000000000000e+00 9.876318415300655573e-01
2.354310217651651299e-02 8.932943367821668534e-01 5.264660996171250523e-03 1.985692286879771513e-03 9.974095485823893936e-01 3.917743579220369643e-01
9.826407429277311811e-01 9.389582340660543869e-01 3.829542947054169200e-01 1.192650234382966988e-02 9.931142861443280623e-01 1.092749647103484316e-02
1.835077054605876168e-01 6.968830584994404331e-01 3.404984850748530439e-02 1.247857753281737814e-02 9.782103106627931810e-01 9.148199196362090391e-02
5.618270995005119478e-02 9.433100867231898334e-01 9.631127370494789730e-01 9.447018084329872334e-02 8.973162073967760888e-01 5.473827624524241209e-02
1.707856433653763550e-01 1.000000000000000000e+00 5.004712556880320379e-02 0.000000000000000000e+00 9.911253282688936572e-01 1.108219963713257955e-01
9.848661344667535289e-01 9.309992197890191168e-01 1.639940058739205661e-02 1.854742343123778198e-02 9.970170717563068274e-01 2.164479427870106068e-02
6.895062562327061717e-02 9.010318180877346927e-01 9.956188474386482717e-03 3.944231557968260436e-04 9.965065644857482585e-01 2.061898882930776958e-02
0.000000000000000000e+00 8.933200542297156099e-01 5.974265545175184815e-03 3.375551788159525564e-03 9.963226403547611465e-01 0.000000000000000000e+00
3.184575886910747528e-02 6.889507181540066583e-01 7.508747808672328050e-01 4.568474656391806055e-01 7.124630702350616129e-01 1.897542833081055924e-01
1.061543347878501908e-01 9.733273507242190536e-01 2.312697893955478201e-01 0.000000000000000000e+00 9.711181927595965435e-01 3.568517304284634650e-01
9.633275643559169321e-01 4.230558699296014247e-01 1.655028835778987045e-02 8.340312870356486608e-01 8.988117695942566820e-01 1.909269392060814752e-01
5.402514321212392029e-02 6.512955812909198006e-01 3.654022353689835578e-02 3.778631408942377812e-01 9.770312721062486272e-01 1.084514363258373519e-02
1.384635461225900976e-01 9.912445539956432627e-01 1.089957385049135641e-01 6.656302011536277367e-03 9.763966961018953894e-01 2.745254328891373330e-01
7.664086096550167815e-01 8.820212107820070147e-01 3.202458307514360197e-02 9.571286533997617196e-01 3.193098552437591553e-01 7.775003027580330850e-02
5.495927609306654471e-01 9.894898333082495778e-01 1.393664623862176342e-02 3.226099472938899482e-02 9.859374057683653048e-01 0.000000000000000000e+00
3.995899024693610468e-01 1.000000000000000000e+00 0.000000000000000000e+00 1.880502752137858807e-02 9.918401163741336068e-01 0.000000000000000000e+00
8.426959602843312469e-01 2.583233739473427826e-01 4.049453775617364304e-01 8.915260695367446253e-01 8.011093176346718858e-02 7.027136152078645726e-01
6.642166153270376294e-02 7.923523001883399364e-02 8.884241652273473511e-01 4.310409901761227403e-01 1.917361698823250582e-01 2.177708855810508992e-01
3.850149131857724671e-01 6.151245908136392382e-01 4.243644331799849984e-02 4.498615051947850163e-01 9.407997757346616696e-01 9.348295229007401452e-02
4.808881847707442529e-03 9.877219834616898231e-01 3.159329404297836312e-03 8.043940330035589947e-02 4.244170021935277093e-02 1.000000000000000000e+00
6.944526468194034234e-03 2.911781362398085382e-01 1.424658767347776293e-02 1.712656801462484057e-01 3.339563890940440705e-01 9.153829856453068459e-01
2.276598356692264014e-01 9.637710754141277647e-01 1.182280732934015144e-01 8.961302526888745845e-01 9.509201674456743136e-01 5.248115592629679638e-01
4.126965113132440022e-02 5.826914177658711891e-01 4.958952340656901797e-02 9.445351678947511154e-01 1.058825271585602384e-01 9.839639961936022527e-02
3.124594905500877040e-01 8.401705541896338225e-01 1.333656981290998710e-02 0.000000000000000000e+00 1.000000000000000000e+00 1.227007492245209969e-02
2.171814951363747748e-01 5.647089458732266198e-01 8.895504499055510994e-01 8.670417819180498142e-01 8.560946427396517455e-01 2.405360289979044386e-01
7.445834612715120093e-02 9.793473556014066217e-01 2.095586455807556259e-01 0.000000000000000000e+00 7.524006188837935039e-01 7.805477166059902050e-01
5.932264317689090599e-02 9.382974528130036962e-01 8.522728576252928956e-02 1.064112822661436725e-01 3.775189786303861372e-01 8.862028105984539605e-01
2.146383854290750404e-01 9.346262409286533179e-01 9.421272903894978290e-02 5.852145097815750763e-01 9.381903270912926862e-01 4.824657665109539084e-01
2.314368988939114469e-01 9.170400534084057753e-01 1.390170000217064994e-01 9.517778008025067349e-01 9.427239506852289619e-01 5.212903430402063831e-01
2.007729400289073873e-01 5.888399653954787816e-01 4.458677331075491801e-01 5.617231552476409373e-01 9.635704713602430971e-01 3.501175525420481272e-01
6.698547656599743161e-02 1.459278621992015357e-01 8.474501770539328849e-01 4.614275714408572204e-01 2.473938141171941885e-01 2.458827132040130592e-01
8.193233727512496678e-01 9.197138540158071862e-01 0.000000000000000000e+00 9.205018255020424034e-01 9.468326287342697656e-01 8.717141631045517425e-01
1.725939808196199077e-01 3.675202906014677362e-01 8.590099027299280543e-01 7.739155788409839420e-01 5.882280735778870895e-01 5.752196348351206190e-01
1.967489825329339637e-01 5.678058279169417855e-01 1.000000000000000000e+00 8.358007937747666816e-01 8.217487465913186906e-01 2.273742911665607991e-01
2.473529955878473463e-01 9.054477650235273067e-01 2.946546001127899328e-01 1.476808135948351475e-01 9.157068648605820593e-01 1.474585951053324351e-01
7.362207066432706615e-01 4.595196626995103339e-01 1.655539940838493262e-01 6.324100143942246177e-01 4.594847615555786580e-01 5.062623128033462150e-01
1.887881190667831666e-01 1.000000000000000000e+00 2.871784902697904762e-02 2.419002549110781386e-01 8.727278029839790063e-01 2.310188720093824810e-01
9.676104301256859275e-01 9.512366038338736507e-01 0.000000000000000000e+00 2.428132289870600091e-01 3.906595708514456478e-01 8.617947674207297737e-02
1.000000000000000000e+00 9.318720218677449818e-01 0.000000000000000000e+00 2.907987159822159051e-01 1.115748102780071832e-01 1.112445884613004893e-01
9.134374797228942411e-01 9.524634759624402980e-01 0.000000000000000000e+00 1.245375578849671760e-01 7.529710618326468374e-01 5.289954026441001655e-02
7.654442244736138212e-01 4.632107118399515500e-01 2.509417630062704130e-01 6.937495220068642388e-01 0.000000000000000000e+00 5.401166164495674327e-01
7.373669049541743403e-01 9.325850735449529513e-03 4.891099768685395199e-01 1.519961758078606506e-01 3.485342936850767681e-01 9.656143062821347101e-02
9.849516246119883744e-01 1.369182250662062325e-02 3.118039384038776701e-02 9.855626966055676119e-01 9.340077831006591280e-01 9.827938832147455894e-01
