8.606871337170560743e-01
8.606871337170560743e-01
8.606871337170560743e-01
8.606871337170560743e-01
1.205990496142125723e+00
1.205990496142125723e+00
1.221918947012146761e+00
1.234789428721188909e+00
1.234789428721188909e+00
1.234789428721188909e+00
1.234921749143387260e+00
1.234921749143387260e+00
1.234921749143387260e+00
1.234921749143387260e+00
1.234921749143387260e+00
1.234921749143387260e+00
1.234921749143387260e+00
1.234921749143387260e+00
1.234921749143387260e+00
1.234921749143387260e+00
1.234921749143387260e+00
1.234921749143387260e+00
1.234921749143387260e+00
1.234921749143387260e+00
1.234921749143387260e+00
1.234921749143387260e+00
1.234921749143387260e+00
1.245032762165965368e+00
1.319668298430162423e+00
1.319668298430162423e+00
1.319668298430162423e+00
1.319668298430162423e+00
1.319668298430162423e+00
1.319668298430162423e+00
1.319668298430162423e+00
1.319668298430162423e+00
1.319668298430162423e+00
1.319668298430162423e+00
1.319668298430162423e+00
1.319668298430162423e+00
1.319668298430162423e+00
1.326684226088304497e+00
1.326684226088304497e+00
1.326684226088304497e+00
1.326684226088304497e+00
1.326684226088304497e+00
1.326684226088304497e+00
1.326684226088304497e+00
1.327711389674282039e+00
1.328726786790211056e+00
1.328726786790211056e+00
1.328726786790211056e+00
1.328726786790211056e+00
1.328726786790211056e+00
1.328726786790211056e+00
1.328726786790211056e+00
1.328726786790211056e+00
1.328726786790211056e+00
1.328726786790211056e+00
1.328726786790211056e+00
1.328726786790211056e+00
1.328726786790211056e+00
1.328726786790211056e+00
1.328726786790211056e+00
1.328726786790211056e+00
1.328726786790211056e+00
1.328726786790211056e+00
1.328726786790211056e+00
1.328726786790211056e+00
1.328726786790211056e+00
1.328726786790211056e+00
1.328726786790211056e+00
1.328726786790211056e+00
1.328726786790211056e+00
1.328726786790211056e+00
1.328726786790211056e+00
1.328726786790211056e+00
1.328726786790211056e+00
1.328726786790211056e+00
1.328726786790211056e+00
1.328726786790211056e+00
1.328726786790211056e+00
1.328726786790211056e+00
1.328726786790211056e+00
1.328726786790211056e+00
1.328726786790211056e+00
1.328726786790211056e+00
1.328726786790211056e+00
1.328726786790211056e+00
1.328726786790211056e+00
1.328726786790211056e+00
1.328726786790211056e+00
1.328726786790211056e+00
1.328726786790211056e+00
1.328726786790211056e+00
1.328726786790211056e+00
1.328726786790211056e+00
1.328726786790211056e+00
1.328726786790211056e+00
1.328726786790211056e+00
