9.716883728485979921e-01
9.716883728485979921e-01
9.716883728485979921e-01
9.716883728485979921e-01
9.716883728485979921e-01
9.716883728485979921e-01
9.716883728485979921e-01
9.716883728485979921e-01
1.010685682509583350e+00
1.010685682509583350e+00
1.010685682509583350e+00
1.084704468715994130e+00
1.084704468715994130e+00
1.084704468715994130e+00
1.151573502587599496e+00
1.220038801097628411e+00
1.279171009606119735e+00
1.279171009606119735e+00
1.279171009606119735e+00
1.316409763906945196e+00
1.316409763906945196e+00
1.316409763906945196e+00
1.316409763906945196e+00
1.316409763906945196e+00
1.316409763906945196e+00
1.316409763906945196e+00
1.316409763906945196e+00
1.316409763906945196e+00
1.316409763906945196e+00
1.316409763906945196e+00
1.316409763906945196e+00
1.316409763906945196e+00
1.316409763906945196e+00
1.316409763906945196e+00
1.316409763906945196e+00
1.316409763906945196e+00
1.316409763906945196e+00
1.316409763906945196e+00
1.316409763906945196e+00
1.316409763906945196e+00
1.316409763906945196e+00
1.316409763906945196e+00
1.316409763906945196e+00
1.316409763906945196e+00
1.316409763906945196e+00
1.316409763906945196e+00
1.316409763906945196e+00
1.316409763906945196e+00
1.316409763906945196e+00
1.316409763906945196e+00
1.316409763906945196e+00
1.316409763906945196e+00
1.316409763906945196e+00
1.333050473016395010e+00
1.333050473016395010e+00
1.333050473016395010e+00
1.333050473016395010e+00
1.333050473016395010e+00
1.333050473016395010e+00
1.333050473016395010e+00
1.333050473016395010e+00
1.333050473016395010e+00
1.333050473016395010e+00
1.333050473016395010e+00
1.333050473016395010e+00
1.333050473016395010e+00
1.333050473016395010e+00
1.333050473016395010e+00
1.333050473016395010e+00
1.333050473016395010e+00
1.333050473016395010e+00
1.333050473016395010e+00
1.333050473016395010e+00
1.333050473016395010e+00
1.333050473016395010e+00
1.333050473016395010e+00
1.333050473016395010e+00
1.333050473016395010e+00
1.333050473016395010e+00
1.333050473016395010e+00
1.333050473016395010e+00
1.333050473016395010e+00
1.333050473016395010e+00
1.333050473016395010e+00
1.333050473016395010e+00
1.333050473016395010e+00
1.333050473016395010e+00
1.333050473016395010e+00
1.333050473016395010e+00
1.333050473016395010e+00
1.333050473016395010e+00
1.333050473016395010e+00
1.333050473016395010e+00
1.333050473016395010e+00
1.333050473016395010e+00
1.333050473016395010e+00
1.333050473016395010e+00
1.333050473016395010e+00
1.333050473016395010e+00
1.333050473016395010e+00
