8.157212672279529064e-01
7.073268522726706697e-01
-4.643876173738474555e-02
9.503671041839198974e-01
8.165657630101510467e-01
1.058745611474332549e+00
1.085647316448347111e+00
1.051388147729695355e+00
1.056408207345483463e+00
9.832548916234362668e-01
1.087116905716915882e+00
8.956028035397451958e-01
1.082610270204799940e+00
1.084216761712147648e+00
1.166780158994284555e+00
1.184652392587938863e+00
1.324560407115228378e+00
1.323125841397878588e+00
1.324428718249414549e+00
1.197133191568771293e+00
1.297807458563074112e+00
1.297411882514603487e+00
1.295902759293378947e+00
1.330776974277146696e+00
1.332955189266348706e+00
1.332998516317427384e+00
1.333013320915685584e+00
1.332866642305244875e+00
1.332870483919140314e+00
1.332839726458993512e+00
1.332509333405719865e+00
1.332100484584089584e+00
1.333169223608888343e+00
1.333207923600810973e+00
1.333187809762237608e+00
1.333169330173074263e+00
1.333100961904964965e+00
1.333416281565811046e+00
1.333400542691298263e+00
1.333380894705288311e+00
1.333354941376227343e+00
1.333326396610448050e+00
1.333159287209931376e+00
1.333237881860975582e+00
1.333222617627851880e+00
1.333127868306424491e+00
1.333123773450370475e+00
1.333079546369499324e+00
1.333157764972439097e+00
1.333117311712532116e+00
