-8.493159757518774500e-01
-1.204800593635396044e+00
-1.964105853299831894e+00
-2.189674096368104284e+00
-1.986587264012808829e+00
-1.815128874836674511e+00
-1.504375418856975788e+00
-2.346562833292339167e+00
-3.064515748428465969e+00
-3.118724918387492995e+00
-3.399898757879113997e+00
-6.307072066201470761e+00
-5.111186773688967122e+00
-6.320825408468472517e+00
-6.487187343038412379e+00
-5.949212208245174160e+00
-6.259479762759552202e+00
-6.266895968173249010e+00
-5.995319972452898050e+00
-5.890482447963096391e+00
-5.881052578923832819e+00
-6.152346741223893467e+00
-7.450289792766081831e+00
-7.702937145649149997e+00
-8.157375889036533323e+00
-7.837177172384236279e+00
-9.070332919491230328e+00
-1.018508667732501394e+01
-8.605524089928989540e+00
-1.022186112402788538e+01
-9.241764293552865439e+00
-1.012336321763832281e+01
-1.089837712901103117e+01
-9.335250197292676688e+00
-9.620786900494577409e+00
-1.217261558170272728e+01
-1.033752205498520027e+01
-8.377039989848299228e+00
-8.330026088357783465e+00
-7.580945052455922983e+00
-7.496445071943400151e+00
-7.517577562686839521e+00
-7.641220607409819010e+00
-7.655536449016164369e+00
-7.749863866508899690e+00
-7.839597678888320154e+00
-8.174187795648137467e+00
-8.130161449657933304e+00
-8.313632639557024362e+00
-8.352000217843821517e+00
