7.364158034324645996e-01 4.973125457763671875e-01 4.322239756584167480e-01 1.947087049484252930e-02 2.841257452964782715e-01 4.952394366264343262e-01
6.802479624748229980e-01 6.934977769851684570e-01 9.413972496986389160e-01 2.165053635835647583e-01 1.815392374992370605e-01 3.532220125198364258e-01
9.816727638244628906e-01 9.813601374626159668e-01 7.591397166252136230e-01 2.783927321434020996e-01 1.082693561911582947e-01 7.217111587524414062e-01
9.499926567077636719e-01 9.804399013519287109e-01 9.404930472373962402e-01 7.585224509239196777e-02 8.937624692916870117e-01 8.964483737945556641e-01
9.499926567077636719e-01 9.804399013519287109e-01 9.404930472373962402e-01 7.585224509239196777e-02 8.937624692916870117e-01 8.964483737945556641e-01
8.427900075912475586e-01 9.396002888679504395e-01 8.249253630638122559e-01 2.156373560428619385e-01 6.943894624710083008e-01 9.298489093780517578e-01
8.427900075912475586e-01 9.396002888679504395e-01 8.249253630638122559e-01 2.156373560428619385e-01 6.943894624710083008e-01 9.298489093780517578e-01
8.427900075912475586e-01 9.396002888679504395e-01 8.249253630638122559e-01 2.156373560428619385e-01 6.943894624710083008e-01 9.298489093780517578e-01
8.427900075912475586e-01 9.396002888679504395e-01 8.249253630638122559e-01 2.156373560428619385e-01 6.943894624710083008e-01 9.298489093780517578e-01
8.427900075912475586e-01 9.396002888679504395e-01 8.249253630638122559e-01 2.156373560428619385e-01 6.943894624710083008e-01 9.298489093780517578e-01
8.427900075912475586e-01 9.396002888679504395e-01 8.249253630638122559e-01 2.156373560428619385e-01 6.943894624710083008e-01 9.298489093780517578e-01
8.427900075912475586e-01 9.396002888679504395e-01 8.249253630638122559e-01 2.156373560428619385e-01 6.943894624710083008e-01 9.298489093780517578e-01
8.427900075912475586e-01 9.396002888679504395e-01 8.249253630638122559e-01 2.156373560428619385e-01 6.943894624710083008e-01 9.298489093780517578e-01
8.427900075912475586e-01 9.396002888679504395e-01 8.249253630638122559e-01 2.156373560428619385e-01 6.943894624710083008e-01 9.298489093780517578e-01
6.789541840553283691e-01 9.920487999916076660e-01 9.956039786338806152e-01 2.288614511489868164e-01 5.362128615379333496e-01 9.797726869583129883e-01
5.515354275703430176e-01 9.783193469047546387e-01 9.850875139236450195e-01 0.000000000000000000e+00 4.335079491138458252e-01 9.875486493110656738e-01
5.515354275703430176e-01 9.783193469047546387e-01 9.850875139236450195e-01 0.000000000000000000e+00 4.335079491138458252e-01 9.875486493110656738e-01
5.515354275703430176e-01 9.783193469047546387e-01 9.850875139236450195e-01 0.000000000000000000e+00 4.335079491138458252e-01 9.875486493110656738e-01
5.515354275703430176e-01 9.783193469047546387e-01 9.850875139236450195e-01 0.000000000000000000e+00 4.335079491138458252e-01 9.875486493110656738e-01
5.515354275703430176e-01 9.783193469047546387e-01 9.850875139236450195e-01 0.000000000000000000e+00 4.335079491138458252e-01 9.875486493110656738e-01
5.515354275703430176e-01 9.783193469047546387e-01 9.850875139236450195e-01 0.000000000000000000e+00 4.335079491138458252e-01 9.875486493110656738e-01
5.515354275703430176e-01 9.783193469047546387e-01 9.850875139236450195e-01 0.000000000000000000e+00 4.335079491138458252e-01 9.875486493110656738e-01
5.515354275703430176e-01 9.783193469047546387e-01 9.850875139236450195e-01 0.000000000000000000e+00 4.335079491138458252e-01 9.875486493110656738e-01
5.515354275703430176e-01 9.783193469047546387e-01 9.850875139236450195e-01 0.000000000000000000e+00 4.335079491138458252e-01 9.875486493110656738e-01
5.515354275703430176e-01 9.783193469047546387e-01 9.850875139236450195e-01 0.000000000000000000e+00 4.335079491138458252e-01 9.875486493110656738e-01
4.462729394435882568e-01 9.416595697402954102e-01 1.000000000000000000e+00 0.000000000000000000e+00 3.643693625926971436e-01 9.974793791770935059e-01
4.462729394435882568e-01 9.416595697402954102e-01 1.000000000000000000e+00 0.000000000000000000e+00 3.643693625926971436e-01 9.974793791770935059e-01
4.462729394435882568e-01 9.416595697402954102e-01 1.000000000000000000e+00 0.000000000000000000e+00 3.643693625926971436e-01 9.974793791770935059e-01
4.462729394435882568e-01 9.416595697402954102e-01 1.000000000000000000e+00 0.000000000000000000e+00 3.643693625926971436e-01 9.974793791770935059e-01
4.462729394435882568e-01 9.416595697402954102e-01 1.000000000000000000e+00 0.000000000000000000e+00 3.643693625926971436e-01 9.974793791770935059e-01
4.462729394435882568e-01 9.416595697402954102e-01 1.000000000000000000e+00 0.000000000000000000e+00 3.643693625926971436e-01 9.974793791770935059e-01
4.462729394435882568e-01 9.416595697402954102e-01 1.000000000000000000e+00 0.000000000000000000e+00 3.643693625926971436e-01 9.974793791770935059e-01
4.462729394435882568e-01 9.416595697402954102e-01 1.000000000000000000e+00 0.000000000000000000e+00 3.643693625926971436e-01 9.974793791770935059e-01
4.462729394435882568e-01 9.416595697402954102e-01 1.000000000000000000e+00 0.000000000000000000e+00 3.643693625926971436e-01 9.974793791770935059e-01
4.462729394435882568e-01 9.416595697402954102e-01 1.000000000000000000e+00 0.000000000000000000e+00 3.643693625926971436e-01 9.974793791770935059e-01
4.462729394435882568e-01 9.416595697402954102e-01 1.000000000000000000e+00 0.000000000000000000e+00 3.643693625926971436e-01 9.974793791770935059e-01
4.462729394435882568e-01 9.416595697402954102e-01 1.000000000000000000e+00 0.000000000000000000e+00 3.643693625926971436e-01 9.974793791770935059e-01
4.462729394435882568e-01 9.416595697402954102e-01 1.000000000000000000e+00 0.000000000000000000e+00 3.643693625926971436e-01 9.974793791770935059e-01
4.462729394435882568e-01 9.416595697402954102e-01 1.000000000000000000e+00 0.000000000000000000e+00 3.643693625926971436e-01 9.974793791770935059e-01
4.462729394435882568e-01 9.416595697402954102e-01 1.000000000000000000e+00 0.000000000000000000e+00 3.643693625926971436e-01 9.974793791770935059e-01
4.462729394435882568e-01 9.416595697402954102e-01 1.000000000000000000e+00 0.000000000000000000e+00 3.643693625926971436e-01 9.974793791770935059e-01
4.462729394435882568e-01 9.416595697402954102e-01 1.000000000000000000e+00 0.000000000000000000e+00 3.643693625926971436e-01 9.974793791770935059e-01
4.462729394435882568e-01 9.416595697402954102e-01 1.000000000000000000e+00 0.000000000000000000e+00 3.643693625926971436e-01 9.974793791770935059e-01
4.462729394435882568e-01 9.416595697402954102e-01 1.000000000000000000e+00 0.000000000000000000e+00 3.643693625926971436e-01 9.974793791770935059e-01
4.462729394435882568e-01 9.416595697402954102e-01 1.000000000000000000e+00 0.000000000000000000e+00 3.643693625926971436e-01 9.974793791770935059e-01
4.462729394435882568e-01 9.416595697402954102e-01 1.000000000000000000e+00 0.000000000000000000e+00 3.643693625926971436e-01 9.974793791770935059e-01
4.462729394435882568e-01 9.416595697402954102e-01 1.000000000000000000e+00 0.000000000000000000e+00 3.643693625926971436e-01 9.974793791770935059e-01
4.462729394435882568e-01 9.416595697402954102e-01 1.000000000000000000e+00 0.000000000000000000e+00 3.643693625926971436e-01 9.974793791770935059e-01
4.462729394435882568e-01 9.416595697402954102e-01 1.000000000000000000e+00 0.000000000000000000e+00 3.643693625926971436e-01 9.974793791770935059e-01
4.462729394435882568e-01 9.416595697402954102e-01 1.000000000000000000e+00 0.000000000000000000e+00 3.643693625926971436e-01 9.974793791770935059e-01
4.112624526023864746e-01 1.000000000000000000e+00 1.000000000000000000e+00 0.000000000000000000e+00 3.679441213607788086e-01 1.000000000000000000e+00
4.112624526023864746e-01 1.000000000000000000e+00 1.000000000000000000e+00 0.000000000000000000e+00 3.679441213607788086e-01 1.000000000000000000e+00
4.112624526023864746e-01 1.000000000000000000e+00 1.000000000000000000e+00 0.000000000000000000e+00 3.679441213607788086e-01 1.000000000000000000e+00
4.112624526023864746e-01 1.000000000000000000e+00 1.000000000000000000e+00 0.000000000000000000e+00 3.679441213607788086e-01 1.000000000000000000e+00
4.112624526023864746e-01 1.000000000000000000e+00 1.000000000000000000e+00 0.000000000000000000e+00 3.679441213607788086e-01 1.000000000000000000e+00
4.112624526023864746e-01 1.000000000000000000e+00 1.000000000000000000e+00 0.000000000000000000e+00 3.679441213607788086e-01 1.000000000000000000e+00
4.112624526023864746e-01 1.000000000000000000e+00 1.000000000000000000e+00 0.000000000000000000e+00 3.679441213607788086e-01 1.000000000000000000e+00
4.112624526023864746e-01 1.000000000000000000e+00 1.000000000000000000e+00 0.000000000000000000e+00 3.679441213607788086e-01 1.000000000000000000e+00
4.112624526023864746e-01 1.000000000000000000e+00 1.000000000000000000e+00 0.000000000000000000e+00 3.679441213607788086e-01 1.000000000000000000e+00
4.112624526023864746e-01 1.000000000000000000e+00 1.000000000000000000e+00 0.000000000000000000e+00 3.679441213607788086e-01 1.000000000000000000e+00
4.112624526023864746e-01 1.000000000000000000e+00 1.000000000000000000e+00 0.000000000000000000e+00 3.679441213607788086e-01 1.000000000000000000e+00
4.462729394435882568e-01 9.416595697402954102e-01 1.000000000000000000e+00 0.000000000000000000e+00 3.643693625926971436e-01 9.974793791770935059e-01
4.462729394435882568e-01 9.416595697402954102e-01 1.000000000000000000e+00 0.000000000000000000e+00 3.643693625926971436e-01 9.974793791770935059e-01
4.462729394435882568e-01 9.416595697402954102e-01 1.000000000000000000e+00 0.000000000000000000e+00 3.643693625926971436e-01 9.974793791770935059e-01
4.462729394435882568e-01 9.416595697402954102e-01 1.000000000000000000e+00 0.000000000000000000e+00 3.643693625926971436e-01 9.974793791770935059e-01
4.462729394435882568e-01 9.416595697402954102e-01 1.000000000000000000e+00 0.000000000000000000e+00 3.643693625926971436e-01 9.974793791770935059e-01
4.462729394435882568e-01 9.416595697402954102e-01 1.000000000000000000e+00 0.000000000000000000e+00 3.643693625926971436e-01 9.974793791770935059e-01
4.462729394435882568e-01 9.416595697402954102e-01 1.000000000000000000e+00 0.000000000000000000e+00 3.643693625926971436e-01 9.974793791770935059e-01
4.462729394435882568e-01 9.416595697402954102e-01 1.000000000000000000e+00 0.000000000000000000e+00 3.643693625926971436e-01 9.974793791770935059e-01
4.462729394435882568e-01 9.416595697402954102e-01 1.000000000000000000e+00 0.000000000000000000e+00 3.643693625926971436e-01 9.974793791770935059e-01
4.462729394435882568e-01 9.416595697402954102e-01 1.000000000000000000e+00 0.000000000000000000e+00 3.643693625926971436e-01 9.974793791770935059e-01
4.462729394435882568e-01 9.416595697402954102e-01 1.000000000000000000e+00 0.000000000000000000e+00 3.643693625926971436e-01 9.974793791770935059e-01
4.462729394435882568e-01 9.416595697402954102e-01 1.000000000000000000e+00 0.000000000000000000e+00 3.643693625926971436e-01 9.974793791770935059e-01
4.462729394435882568e-01 9.416595697402954102e-01 1.000000000000000000e+00 0.000000000000000000e+00 3.643693625926971436e-01 9.974793791770935059e-01
4.462729394435882568e-01 9.416595697402954102e-01 1.000000000000000000e+00 0.000000000000000000e+00 3.643693625926971436e-01 9.974793791770935059e-01
4.462729394435882568e-01 9.416595697402954102e-01 1.000000000000000000e+00 0.000000000000000000e+00 3.643693625926971436e-01 9.974793791770935059e-01
4.462729394435882568e-01 9.416595697402954102e-01 1.000000000000000000e+00 0.000000000000000000e+00 3.643693625926971436e-01 9.974793791770935059e-01
4.462729394435882568e-01 9.416595697402954102e-01 1.000000000000000000e+00 0.000000000000000000e+00 3.643693625926971436e-01 9.974793791770935059e-01
4.462729394435882568e-01 9.416595697402954102e-01 1.000000000000000000e+00 0.000000000000000000e+00 3.643693625926971436e-01 9.974793791770935059e-01
4.462729394435882568e-01 9.416595697402954102e-01 1.000000000000000000e+00 0.000000000000000000e+00 3.643693625926971436e-01 9.974793791770935059e-01
4.462729394435882568e-01 9.416595697402954102e-01 1.000000000000000000e+00 0.000000000000000000e+00 3.643693625926971436e-01 9.974793791770935059e-01
4.462729394435882568e-01 9.416595697402954102e-01 1.000000000000000000e+00 0.000000000000000000e+00 3.643693625926971436e-01 9.974793791770935059e-01
4.462729394435882568e-01 9.416595697402954102e-01 1.000000000000000000e+00 0.000000000000000000e+00 3.643693625926971436e-01 9.974793791770935059e-01
4.462729394435882568e-01 9.416595697402954102e-01 1.000000000000000000e+00 0.000000000000000000e+00 3.643693625926971436e-01 9.974793791770935059e-01
4.462729394435882568e-01 9.416595697402954102e-01 1.000000000000000000e+00 0.000000000000000000e+00 3.643693625926971436e-01 9.974793791770935059e-01
4.462729394435882568e-01 9.416595697402954102e-01 1.000000000000000000e+00 0.000000000000000000e+00 3.643693625926971436e-01 9.974793791770935059e-01
4.462729394435882568e-01 9.416595697402954102e-01 1.000000000000000000e+00 0.000000000000000000e+00 3.643693625926971436e-01 9.974793791770935059e-01
4.462729394435882568e-01 9.416595697402954102e-01 1.000000000000000000e+00 0.000000000000000000e+00 3.643693625926971436e-01 9.974793791770935059e-01
4.462729394435882568e-01 9.416595697402954102e-01 1.000000000000000000e+00 0.000000000000000000e+00 3.643693625926971436e-01 9.974793791770935059e-01
4.462729394435882568e-01 9.416595697402954102e-01 1.000000000000000000e+00 0.000000000000000000e+00 3.643693625926971436e-01 9.974793791770935059e-01
4.462729394435882568e-01 9.416595697402954102e-01 1.000000000000000000e+00 0.000000000000000000e+00 3.643693625926971436e-01 9.974793791770935059e-01
4.462729394435882568e-01 9.416595697402954102e-01 1.000000000000000000e+00 0.000000000000000000e+00 3.643693625926971436e-01 9.974793791770935059e-01
4.462729394435882568e-01 9.416595697402954102e-01 1.000000000000000000e+00 0.000000000000000000e+00 3.643693625926971436e-01 9.974793791770935059e-01
4.462729394435882568e-01 9.416595697402954102e-01 1.000000000000000000e+00 0.000000000000000000e+00 3.643693625926971436e-01 9.974793791770935059e-01
4.462729394435882568e-01 9.416595697402954102e-01 1.000000000000000000e+00 0.000000000000000000e+00 3.643693625926971436e-01 9.974793791770935059e-01
4.462729394435882568e-01 9.416595697402954102e-01 1.000000000000000000e+00 0.000000000000000000e+00 3.643693625926971436e-01 9.974793791770935059e-01
4.462729394435882568e-01 9.416595697402954102e-01 1.000000000000000000e+00 0.000000000000000000e+00 3.643693625926971436e-01 9.974793791770935059e-01
4.462729394435882568e-01 9.416595697402954102e-01 1.000000000000000000e+00 0.000000000000000000e+00 3.643693625926971436e-01 9.974793791770935059e-01
4.462729394435882568e-01 9.416595697402954102e-01 1.000000000000000000e+00 0.000000000000000000e+00 3.643693625926971436e-01 9.974793791770935059e-01
4.462729394435882568e-01 9.416595697402954102e-01 1.000000000000000000e+00 0.000000000000000000e+00 3.643693625926971436e-01 9.974793791770935059e-01
