9.543893990902048152e-01
9.543893990902048152e-01
9.543893990902048152e-01
9.543893990902048152e-01
9.543893990902048152e-01
9.543893990902048152e-01
9.543893990902048152e-01
9.543893990902048152e-01
9.543893990902048152e-01
9.543893990902048152e-01
9.543893990902048152e-01
9.543893990902048152e-01
9.543893990902048152e-01
9.543893990902048152e-01
9.543893990902048152e-01
9.543893990902048152e-01
9.543893990902048152e-01
9.543893990902048152e-01
9.543893990902048152e-01
9.543893990902048152e-01
9.543893990902048152e-01
9.543893990902048152e-01
9.543893990902048152e-01
9.543893990902048152e-01
9.543893990902048152e-01
9.543893990902048152e-01
9.543893990902048152e-01
9.543893990902048152e-01
9.543893990902048152e-01
9.543893990902048152e-01
9.543893990902048152e-01
9.543893990902048152e-01
9.543893990902048152e-01
9.543893990902048152e-01
9.638087320432852101e-01
9.638087320432852101e-01
1.041790594044360807e+00
1.041790594044360807e+00
1.041790594044360807e+00
1.041790594044360807e+00
1.041790594044360807e+00
1.041790594044360807e+00
1.041790594044360807e+00
1.041790594044360807e+00
1.041790594044360807e+00
1.041790594044360807e+00
1.041790594044360807e+00
1.041790594044360807e+00
1.041790594044360807e+00
1.041790594044360807e+00
1.041790594044360807e+00
1.041790594044360807e+00
1.041790594044360807e+00
1.041790594044360807e+00
1.041790594044360807e+00
1.041790594044360807e+00
1.041790594044360807e+00
1.041790594044360807e+00
1.041790594044360807e+00
1.041790594044360807e+00
1.041790594044360807e+00
1.041790594044360807e+00
1.041790594044360807e+00
1.041790594044360807e+00
1.041790594044360807e+00
1.041790594044360807e+00
1.041790594044360807e+00
1.041790594044360807e+00
1.041790594044360807e+00
1.041790594044360807e+00
1.041790594044360807e+00
1.041790594044360807e+00
1.211129661227371423e+00
1.211129661227371423e+00
1.211129661227371423e+00
1.211129661227371423e+00
1.211129661227371423e+00
1.211129661227371423e+00
1.211129661227371423e+00
1.211129661227371423e+00
1.211129661227371423e+00
1.211129661227371423e+00
1.211129661227371423e+00
1.211129661227371423e+00
1.211129661227371423e+00
1.211129661227371423e+00
1.211129661227371423e+00
1.211129661227371423e+00
1.289171461719691880e+00
1.289171461719691880e+00
1.289171461719691880e+00
1.289171461719691880e+00
1.289171461719691880e+00
1.289171461719691880e+00
1.289171461719691880e+00
1.289171461719691880e+00
1.289171461719691880e+00
1.289171461719691880e+00
1.289171461719691880e+00
1.289171461719691880e+00
