-1.736518325973194221e-01
8.910457624082079864e-01
1.008557129352862569e+00
1.008523999576263819e+00
1.008475350162912898e+00
1.008570178720361366e+00
1.007560065242519620e+00
6.342930238526439668e-01
8.550442080860947147e-01
1.246448246385079894e+00
1.244633115908415633e+00
7.824390897032521552e-01
8.388758923272138235e-01
2.378382050498448197e-01
7.416786478972127172e-01
6.174805394680118464e-01
6.036432225418770781e-01
5.776491970591907110e-01
1.282315299022384059e+00
5.663639455998968897e-01
1.190209295742679529e+00
1.186583145845018672e+00
5.723016814248814699e-01
5.871384081781150233e-01
1.226068958436216993e+00
1.105314128757788339e+00
1.108742017935653079e+00
1.110927135362056450e+00
1.195607742658821859e+00
1.192083387639025549e+00
8.547036645904027008e-01
1.269623162531442473e+00
1.258661771647453298e+00
1.254948394976714399e+00
1.282844524110268614e+00
1.285542896109919564e+00
1.283956894579860064e+00
1.292078575840547305e+00
1.291857221462411109e+00
1.291810173188902233e+00
1.291894143375571735e+00
1.287558059101879593e+00
1.285958961227429809e+00
1.282967233250748018e+00
1.278052281900207809e+00
1.291680832720152772e+00
1.291993976236927022e+00
1.291044573093763193e+00
1.291560824878812852e+00
1.289357308991447848e+00
1.289400349070678242e+00
1.288952816847363625e+00
1.295489449296930218e+00
1.295579787353820844e+00
1.295561883396401326e+00
1.295556162313854509e+00
1.295556187773997170e+00
1.295302943489693659e+00
1.294384104255648094e+00
1.294270568420532896e+00
1.294336618654352566e+00
1.294124742201669509e+00
1.294900042216315716e+00
1.294995998335860321e+00
1.295009612462222126e+00
1.294804870893739412e+00
1.294702164309520898e+00
1.294813326958479838e+00
1.295650481110776298e+00
8.814294755498732759e-01
1.295666473156576348e+00
1.295661790696065463e+00
1.295618016627150482e+00
1.295610870764284162e+00
1.295573267513112636e+00
1.295617364378643721e+00
1.295624464977132240e+00
1.295632394190223913e+00
1.295640909090959081e+00
1.295588476660815225e+00
1.295531032029419993e+00
1.295536067475117736e+00
1.295603199550616313e+00
1.295610430856197537e+00
1.295635075942929149e+00
1.295641122935625722e+00
1.295643299107919422e+00
1.295650323912997282e+00
1.295646663994072911e+00
1.295632346594244977e+00
1.295436865592985765e+00
1.295435435657023238e+00
1.295466741150929080e+00
1.295431852007666418e+00
1.295458960326227871e+00
1.295455313570498923e+00
1.295406281908725976e+00
1.295515611547443990e+00
1.295527894112225686e+00
1.295513483986688641e+00
