2.469734990299135013e-01
2.469734990299135013e-01
2.469734990299135013e-01
2.469734990299135013e-01
5.265551016127021366e-01
5.265551016127021366e-01
5.265551016127021366e-01
5.265551016127021366e-01
5.265551016127021366e-01
5.265551016127021366e-01
6.455901756741437847e-01
1.029000392903641314e+00
1.029000392903641314e+00
1.029000392903641314e+00
1.029000392903641314e+00
1.029000392903641314e+00
1.029000392903641314e+00
1.029000392903641314e+00
1.029000392903641314e+00
1.029000392903641314e+00
1.029000392903641314e+00
1.029000392903641314e+00
1.029000392903641314e+00
1.029000392903641314e+00
1.029000392903641314e+00
1.029000392903641314e+00
1.029000392903641314e+00
1.029000392903641314e+00
9.608614952005176679e-01
1.029000392903641314e+00
9.812534568654345257e-01
8.909371486915663718e-01
9.574426229071913985e-01
9.723570971264159368e-01
9.638693596091493232e-01
9.916505782554654314e-01
1.002189852577741958e+00
1.029000392903641314e+00
1.007921173266485448e+00
1.011024463964310005e+00
1.029000392903641314e+00
1.029000392903641314e+00
1.029000392903641314e+00
1.012189948379260240e+00
1.024734905389643069e+00
1.029000392903641314e+00
1.029000392903641314e+00
1.029000392903641314e+00
1.029000392903641314e+00
1.029000392903641314e+00
1.029000392903641314e+00
1.029000392903641314e+00
1.029000392903641314e+00
1.029000392903641314e+00
1.029000392903641314e+00
1.029000392903641314e+00
1.029000392903641314e+00
1.016653492444584916e+00
1.008598780742795853e+00
1.015947212330523541e+00
1.007382076959854267e+00
9.965502492031992343e-01
9.912884423908064901e-01
1.013903681983401972e+00
1.013035511092601704e+00
1.015796663728496085e+00
6.776746565179406767e-01
1.018938232773212604e+00
1.019499857296518819e+00
1.023303218327796804e+00
1.020608106564584450e+00
1.025552721893589592e+00
1.029000392903641314e+00
1.020186924552567431e+00
1.023607694394553125e+00
1.024215926663402332e+00
1.027939778527690917e+00
1.028810208518717850e+00
1.029000392903641314e+00
1.029000392903641314e+00
1.029000392903641314e+00
1.029000392903641314e+00
1.029000392903641314e+00
1.029000392903641314e+00
1.029000392903641314e+00
1.029000392903641314e+00
1.029000392903641314e+00
1.029000392903641314e+00
1.029000392903641314e+00
1.029000392903641314e+00
1.029000392903641314e+00
1.029000392903641314e+00
1.029000392903641314e+00
1.029000392903641314e+00
1.029000392903641314e+00
1.029000392903641314e+00
1.029000392903641314e+00
1.029000392903641314e+00
1.029000392903641314e+00
1.029000392903641314e+00
