1.393626928329467773e-01 3.527423143386840820e-01 8.318507075309753418e-01 1.581943035125732422e-02 6.243541836738586426e-01 5.094200968742370605e-01
1.329523883759975433e-02 2.313791587948799133e-02 9.556608200073242188e-01 3.448260948061943054e-02 9.761735796928405762e-01 5.802157893776893616e-02
1.329523883759975433e-02 2.313791587948799133e-02 9.556608200073242188e-01 3.448260948061943054e-02 9.761735796928405762e-01 5.802157893776893616e-02
1.329523883759975433e-02 2.313791587948799133e-02 9.556608200073242188e-01 3.448260948061943054e-02 9.761735796928405762e-01 5.802157893776893616e-02
1.567556336522102356e-02 2.172894775867462158e-02 0.000000000000000000e+00 0.000000000000000000e+00 9.852917790412902832e-01 5.135997384786605835e-02
1.567556336522102356e-02 2.172894775867462158e-02 0.000000000000000000e+00 0.000000000000000000e+00 9.852917790412902832e-01 5.135997384786605835e-02
1.567556336522102356e-02 2.172894775867462158e-02 0.000000000000000000e+00 0.000000000000000000e+00 9.852917790412902832e-01 5.135997384786605835e-02
1.567556336522102356e-02 2.172894775867462158e-02 0.000000000000000000e+00 0.000000000000000000e+00 9.852917790412902832e-01 5.135997384786605835e-02
1.567556336522102356e-02 2.172894775867462158e-02 0.000000000000000000e+00 0.000000000000000000e+00 9.852917790412902832e-01 5.135997384786605835e-02
1.567556336522102356e-02 2.172894775867462158e-02 0.000000000000000000e+00 0.000000000000000000e+00 9.852917790412902832e-01 5.135997384786605835e-02
4.325425624847412109e-02 1.856420934200286865e-02 9.676085114479064941e-01 1.740041002631187439e-02 1.000000000000000000e+00 9.665114879608154297e-01
9.700590372085571289e-01 2.218138240277767181e-02 7.530097849667072296e-03 0.000000000000000000e+00 9.970153570175170898e-01 3.443879634141921997e-02
9.700590372085571289e-01 2.218138240277767181e-02 7.530097849667072296e-03 0.000000000000000000e+00 9.970153570175170898e-01 3.443879634141921997e-02
9.700590372085571289e-01 2.218138240277767181e-02 7.530097849667072296e-03 0.000000000000000000e+00 9.970153570175170898e-01 3.443879634141921997e-02
9.700590372085571289e-01 2.218138240277767181e-02 7.530097849667072296e-03 0.000000000000000000e+00 9.970153570175170898e-01 3.443879634141921997e-02
9.700590372085571289e-01 2.218138240277767181e-02 7.530097849667072296e-03 0.000000000000000000e+00 9.970153570175170898e-01 3.443879634141921997e-02
9.700590372085571289e-01 2.218138240277767181e-02 7.530097849667072296e-03 0.000000000000000000e+00 9.970153570175170898e-01 3.443879634141921997e-02
9.700590372085571289e-01 2.218138240277767181e-02 7.530097849667072296e-03 0.000000000000000000e+00 9.970153570175170898e-01 3.443879634141921997e-02
9.700590372085571289e-01 2.218138240277767181e-02 7.530097849667072296e-03 0.000000000000000000e+00 9.970153570175170898e-01 3.443879634141921997e-02
9.700590372085571289e-01 2.218138240277767181e-02 7.530097849667072296e-03 0.000000000000000000e+00 9.970153570175170898e-01 3.443879634141921997e-02
9.700590372085571289e-01 2.218138240277767181e-02 7.530097849667072296e-03 0.000000000000000000e+00 9.970153570175170898e-01 3.443879634141921997e-02
9.700590372085571289e-01 2.218138240277767181e-02 7.530097849667072296e-03 0.000000000000000000e+00 9.970153570175170898e-01 3.443879634141921997e-02
1.000000000000000000e+00 5.503160879015922546e-03 2.065321896225214005e-03 1.244421233423054218e-03 9.992200732231140137e-01 0.000000000000000000e+00
1.000000000000000000e+00 0.000000000000000000e+00 8.609245996922254562e-04 8.521805284544825554e-04 9.997606873512268066e-01 0.000000000000000000e+00
1.000000000000000000e+00 0.000000000000000000e+00 8.609245996922254562e-04 8.521805284544825554e-04 9.997606873512268066e-01 0.000000000000000000e+00
1.000000000000000000e+00 0.000000000000000000e+00 8.609245996922254562e-04 8.521805284544825554e-04 9.997606873512268066e-01 0.000000000000000000e+00
1.000000000000000000e+00 0.000000000000000000e+00 8.609245996922254562e-04 8.521805284544825554e-04 9.997606873512268066e-01 0.000000000000000000e+00
1.000000000000000000e+00 0.000000000000000000e+00 8.609245996922254562e-04 8.521805284544825554e-04 9.997606873512268066e-01 0.000000000000000000e+00
1.000000000000000000e+00 0.000000000000000000e+00 8.609245996922254562e-04 8.521805284544825554e-04 9.997606873512268066e-01 0.000000000000000000e+00
1.000000000000000000e+00 0.000000000000000000e+00 8.609245996922254562e-04 8.521805284544825554e-04 9.997606873512268066e-01 0.000000000000000000e+00
1.000000000000000000e+00 0.000000000000000000e+00 8.609245996922254562e-04 8.521805284544825554e-04 9.997606873512268066e-01 0.000000000000000000e+00
1.000000000000000000e+00 0.000000000000000000e+00 8.609245996922254562e-04 8.521805284544825554e-04 9.997606873512268066e-01 0.000000000000000000e+00
1.000000000000000000e+00 0.000000000000000000e+00 8.609245996922254562e-04 8.521805284544825554e-04 9.997606873512268066e-01 0.000000000000000000e+00
1.000000000000000000e+00 0.000000000000000000e+00 8.609245996922254562e-04 8.521805284544825554e-04 9.997606873512268066e-01 0.000000000000000000e+00
1.000000000000000000e+00 0.000000000000000000e+00 8.609245996922254562e-04 8.521805284544825554e-04 9.997606873512268066e-01 0.000000000000000000e+00
1.000000000000000000e+00 0.000000000000000000e+00 8.609245996922254562e-04 8.521805284544825554e-04 9.997606873512268066e-01 0.000000000000000000e+00
1.000000000000000000e+00 0.000000000000000000e+00 8.609245996922254562e-04 8.521805284544825554e-04 9.997606873512268066e-01 0.000000000000000000e+00
1.000000000000000000e+00 0.000000000000000000e+00 8.609245996922254562e-04 8.521805284544825554e-04 9.997606873512268066e-01 0.000000000000000000e+00
1.000000000000000000e+00 0.000000000000000000e+00 8.609245996922254562e-04 8.521805284544825554e-04 9.997606873512268066e-01 0.000000000000000000e+00
1.000000000000000000e+00 0.000000000000000000e+00 8.609245996922254562e-04 8.521805284544825554e-04 9.997606873512268066e-01 0.000000000000000000e+00
1.000000000000000000e+00 0.000000000000000000e+00 8.609245996922254562e-04 8.521805284544825554e-04 9.997606873512268066e-01 0.000000000000000000e+00
1.000000000000000000e+00 0.000000000000000000e+00 8.609245996922254562e-04 8.521805284544825554e-04 9.997606873512268066e-01 0.000000000000000000e+00
1.000000000000000000e+00 0.000000000000000000e+00 8.609245996922254562e-04 8.521805284544825554e-04 9.997606873512268066e-01 0.000000000000000000e+00
1.000000000000000000e+00 0.000000000000000000e+00 8.609245996922254562e-04 8.521805284544825554e-04 9.997606873512268066e-01 0.000000000000000000e+00
1.000000000000000000e+00 0.000000000000000000e+00 8.609245996922254562e-04 8.521805284544825554e-04 9.997606873512268066e-01 0.000000000000000000e+00
1.000000000000000000e+00 0.000000000000000000e+00 8.609245996922254562e-04 8.521805284544825554e-04 9.997606873512268066e-01 0.000000000000000000e+00
1.000000000000000000e+00 0.000000000000000000e+00 8.609245996922254562e-04 8.521805284544825554e-04 9.997606873512268066e-01 0.000000000000000000e+00
1.000000000000000000e+00 0.000000000000000000e+00 8.609245996922254562e-04 8.521805284544825554e-04 9.997606873512268066e-01 0.000000000000000000e+00
1.000000000000000000e+00 0.000000000000000000e+00 8.609245996922254562e-04 8.521805284544825554e-04 9.997606873512268066e-01 0.000000000000000000e+00
1.000000000000000000e+00 0.000000000000000000e+00 8.609245996922254562e-04 8.521805284544825554e-04 9.997606873512268066e-01 0.000000000000000000e+00
1.000000000000000000e+00 0.000000000000000000e+00 8.609245996922254562e-04 8.521805284544825554e-04 9.997606873512268066e-01 0.000000000000000000e+00
1.000000000000000000e+00 0.000000000000000000e+00 8.609245996922254562e-04 8.521805284544825554e-04 9.997606873512268066e-01 0.000000000000000000e+00
1.000000000000000000e+00 0.000000000000000000e+00 8.609245996922254562e-04 8.521805284544825554e-04 9.997606873512268066e-01 0.000000000000000000e+00
1.000000000000000000e+00 0.000000000000000000e+00 8.609245996922254562e-04 8.521805284544825554e-04 9.997606873512268066e-01 0.000000000000000000e+00
1.000000000000000000e+00 0.000000000000000000e+00 8.609245996922254562e-04 8.521805284544825554e-04 9.997606873512268066e-01 0.000000000000000000e+00
1.000000000000000000e+00 0.000000000000000000e+00 8.609245996922254562e-04 8.521805284544825554e-04 9.997606873512268066e-01 0.000000000000000000e+00
1.000000000000000000e+00 0.000000000000000000e+00 8.609245996922254562e-04 8.521805284544825554e-04 9.997606873512268066e-01 0.000000000000000000e+00
1.000000000000000000e+00 0.000000000000000000e+00 8.609245996922254562e-04 8.521805284544825554e-04 9.997606873512268066e-01 0.000000000000000000e+00
1.000000000000000000e+00 0.000000000000000000e+00 8.609245996922254562e-04 8.521805284544825554e-04 9.997606873512268066e-01 0.000000000000000000e+00
1.000000000000000000e+00 0.000000000000000000e+00 8.609245996922254562e-04 8.521805284544825554e-04 9.997606873512268066e-01 0.000000000000000000e+00
1.000000000000000000e+00 0.000000000000000000e+00 8.609245996922254562e-04 8.521805284544825554e-04 9.997606873512268066e-01 0.000000000000000000e+00
1.000000000000000000e+00 0.000000000000000000e+00 8.609245996922254562e-04 8.521805284544825554e-04 9.997606873512268066e-01 0.000000000000000000e+00
1.000000000000000000e+00 0.000000000000000000e+00 8.609245996922254562e-04 8.521805284544825554e-04 9.997606873512268066e-01 0.000000000000000000e+00
1.000000000000000000e+00 0.000000000000000000e+00 8.609245996922254562e-04 8.521805284544825554e-04 9.997606873512268066e-01 0.000000000000000000e+00
1.000000000000000000e+00 0.000000000000000000e+00 8.609245996922254562e-04 8.521805284544825554e-04 9.997606873512268066e-01 0.000000000000000000e+00
1.000000000000000000e+00 0.000000000000000000e+00 8.609245996922254562e-04 8.521805284544825554e-04 9.997606873512268066e-01 0.000000000000000000e+00
1.000000000000000000e+00 0.000000000000000000e+00 8.609245996922254562e-04 8.521805284544825554e-04 9.997606873512268066e-01 0.000000000000000000e+00
1.000000000000000000e+00 0.000000000000000000e+00 8.609245996922254562e-04 8.521805284544825554e-04 9.997606873512268066e-01 0.000000000000000000e+00
1.000000000000000000e+00 0.000000000000000000e+00 8.609245996922254562e-04 8.521805284544825554e-04 9.997606873512268066e-01 0.000000000000000000e+00
1.000000000000000000e+00 0.000000000000000000e+00 8.609245996922254562e-04 8.521805284544825554e-04 9.997606873512268066e-01 0.000000000000000000e+00
1.000000000000000000e+00 0.000000000000000000e+00 8.609245996922254562e-04 8.521805284544825554e-04 9.997606873512268066e-01 0.000000000000000000e+00
1.000000000000000000e+00 0.000000000000000000e+00 8.609245996922254562e-04 8.521805284544825554e-04 9.997606873512268066e-01 0.000000000000000000e+00
1.000000000000000000e+00 0.000000000000000000e+00 8.609245996922254562e-04 8.521805284544825554e-04 9.997606873512268066e-01 0.000000000000000000e+00
1.000000000000000000e+00 0.000000000000000000e+00 8.609245996922254562e-04 8.521805284544825554e-04 9.997606873512268066e-01 0.000000000000000000e+00
1.000000000000000000e+00 0.000000000000000000e+00 8.609245996922254562e-04 8.521805284544825554e-04 9.997606873512268066e-01 0.000000000000000000e+00
1.000000000000000000e+00 0.000000000000000000e+00 8.609245996922254562e-04 8.521805284544825554e-04 9.997606873512268066e-01 0.000000000000000000e+00
1.000000000000000000e+00 0.000000000000000000e+00 8.609245996922254562e-04 8.521805284544825554e-04 9.997606873512268066e-01 0.000000000000000000e+00
1.000000000000000000e+00 0.000000000000000000e+00 8.609245996922254562e-04 8.521805284544825554e-04 9.997606873512268066e-01 0.000000000000000000e+00
1.000000000000000000e+00 0.000000000000000000e+00 8.609245996922254562e-04 8.521805284544825554e-04 9.997606873512268066e-01 0.000000000000000000e+00
1.000000000000000000e+00 0.000000000000000000e+00 8.609245996922254562e-04 8.521805284544825554e-04 9.997606873512268066e-01 0.000000000000000000e+00
1.000000000000000000e+00 0.000000000000000000e+00 8.609245996922254562e-04 8.521805284544825554e-04 9.997606873512268066e-01 0.000000000000000000e+00
1.000000000000000000e+00 0.000000000000000000e+00 8.609245996922254562e-04 8.521805284544825554e-04 9.997606873512268066e-01 0.000000000000000000e+00
1.000000000000000000e+00 0.000000000000000000e+00 8.609245996922254562e-04 8.521805284544825554e-04 9.997606873512268066e-01 0.000000000000000000e+00
1.000000000000000000e+00 0.000000000000000000e+00 8.609245996922254562e-04 8.521805284544825554e-04 9.997606873512268066e-01 0.000000000000000000e+00
1.000000000000000000e+00 0.000000000000000000e+00 8.609245996922254562e-04 8.521805284544825554e-04 9.997606873512268066e-01 0.000000000000000000e+00
1.000000000000000000e+00 0.000000000000000000e+00 8.609245996922254562e-04 8.521805284544825554e-04 9.997606873512268066e-01 0.000000000000000000e+00
1.000000000000000000e+00 0.000000000000000000e+00 8.609245996922254562e-04 8.521805284544825554e-04 9.997606873512268066e-01 0.000000000000000000e+00
1.000000000000000000e+00 0.000000000000000000e+00 8.609245996922254562e-04 8.521805284544825554e-04 9.997606873512268066e-01 0.000000000000000000e+00
1.000000000000000000e+00 0.000000000000000000e+00 8.609245996922254562e-04 8.521805284544825554e-04 9.997606873512268066e-01 0.000000000000000000e+00
1.000000000000000000e+00 0.000000000000000000e+00 8.609245996922254562e-04 8.521805284544825554e-04 9.997606873512268066e-01 0.000000000000000000e+00
1.000000000000000000e+00 0.000000000000000000e+00 8.609245996922254562e-04 8.521805284544825554e-04 9.997606873512268066e-01 0.000000000000000000e+00
1.000000000000000000e+00 0.000000000000000000e+00 8.609245996922254562e-04 8.521805284544825554e-04 9.997606873512268066e-01 0.000000000000000000e+00
1.000000000000000000e+00 0.000000000000000000e+00 8.609245996922254562e-04 8.521805284544825554e-04 9.997606873512268066e-01 0.000000000000000000e+00
1.000000000000000000e+00 0.000000000000000000e+00 8.609245996922254562e-04 8.521805284544825554e-04 9.997606873512268066e-01 0.000000000000000000e+00
1.000000000000000000e+00 0.000000000000000000e+00 8.609245996922254562e-04 8.521805284544825554e-04 9.997606873512268066e-01 0.000000000000000000e+00
1.000000000000000000e+00 0.000000000000000000e+00 8.609245996922254562e-04 8.521805284544825554e-04 9.997606873512268066e-01 0.000000000000000000e+00
1.000000000000000000e+00 0.000000000000000000e+00 8.609245996922254562e-04 8.521805284544825554e-04 9.997606873512268066e-01 0.000000000000000000e+00
1.000000000000000000e+00 0.000000000000000000e+00 8.609245996922254562e-04 8.521805284544825554e-04 9.997606873512268066e-01 0.000000000000000000e+00
1.000000000000000000e+00 0.000000000000000000e+00 8.609245996922254562e-04 8.521805284544825554e-04 9.997606873512268066e-01 0.000000000000000000e+00
1.000000000000000000e+00 0.000000000000000000e+00 8.609245996922254562e-04 8.521805284544825554e-04 9.997606873512268066e-01 0.000000000000000000e+00
