7.959786363862993985e-01
7.968004758654568809e-01
1.313209174725043171e+00
1.615582722181984732e+00
1.606225451746633892e+00
1.536883334660718470e+00
1.532940561939188928e+00
1.793846837352809365e+00
1.707868111982100423e+00
1.670781756257145867e+00
1.860772059639819176e+00
1.861088445539896608e+00
1.811789628013168008e+00
1.938931032608885108e+00
1.980161852099149522e+00
1.904640107064242915e+00
1.892143544145223233e+00
1.889287715731150286e+00
1.986766883792727700e+00
1.978595298947892100e+00
1.979961682787726662e+00
1.976248044488014388e+00
1.984291399198281125e+00
2.040387934895379285e+00
2.053809238344942667e+00
2.054592764602617194e+00
2.044784867200007294e+00
2.049372886384396963e+00
2.053276922267831761e+00
2.030547946754210908e+00
2.051866267347616457e+00
2.048994057458720430e+00
2.039224325723720810e+00
2.040427839308273317e+00
2.042201372649645297e+00
2.047416730589707079e+00
2.043060049032183301e+00
2.039244104756790410e+00
2.041205210185372376e+00
2.040503358639459641e+00
2.009740394032077493e+00
2.002751210106433977e+00
2.003994330385690414e+00
2.004800993633065076e+00
1.999006211677285316e+00
2.017884879580874369e+00
2.011863866573904591e+00
2.004872608115451982e+00
2.015032220617012371e+00
2.016343707127786544e+00
