1.682397127151489258e-01 6.117205619812011719e-01 3.547250032424926758e-01 4.054448008537292480e-01 9.634661674499511719e-01 3.789538145065307617e-01
1.682397127151489258e-01 6.117205619812011719e-01 3.547250032424926758e-01 4.054448008537292480e-01 9.634661674499511719e-01 3.789538145065307617e-01
1.682397127151489258e-01 6.117205619812011719e-01 3.547250032424926758e-01 4.054448008537292480e-01 9.634661674499511719e-01 3.789538145065307617e-01
1.682397127151489258e-01 6.117205619812011719e-01 3.547250032424926758e-01 4.054448008537292480e-01 9.634661674499511719e-01 3.789538145065307617e-01
1.682397127151489258e-01 6.117205619812011719e-01 3.547250032424926758e-01 4.054448008537292480e-01 9.634661674499511719e-01 3.789538145065307617e-01
1.682397127151489258e-01 6.117205619812011719e-01 3.547250032424926758e-01 4.054448008537292480e-01 9.634661674499511719e-01 3.789538145065307617e-01
1.682397127151489258e-01 6.117205619812011719e-01 3.547250032424926758e-01 4.054448008537292480e-01 9.634661674499511719e-01 3.789538145065307617e-01
1.682397127151489258e-01 6.117205619812011719e-01 3.547250032424926758e-01 4.054448008537292480e-01 9.634661674499511719e-01 3.789538145065307617e-01
1.682397127151489258e-01 6.117205619812011719e-01 3.547250032424926758e-01 4.054448008537292480e-01 9.634661674499511719e-01 3.789538145065307617e-01
1.682397127151489258e-01 6.117205619812011719e-01 3.547250032424926758e-01 4.054448008537292480e-01 9.634661674499511719e-01 3.789538145065307617e-01
1.682397127151489258e-01 6.117205619812011719e-01 3.547250032424926758e-01 4.054448008537292480e-01 9.634661674499511719e-01 3.789538145065307617e-01
1.682397127151489258e-01 6.117205619812011719e-01 3.547250032424926758e-01 4.054448008537292480e-01 9.634661674499511719e-01 3.789538145065307617e-01
1.682397127151489258e-01 6.117205619812011719e-01 3.547250032424926758e-01 4.054448008537292480e-01 9.634661674499511719e-01 3.789538145065307617e-01
1.682397127151489258e-01 6.117205619812011719e-01 3.547250032424926758e-01 4.054448008537292480e-01 9.634661674499511719e-01 3.789538145065307617e-01
1.682397127151489258e-01 6.117205619812011719e-01 3.547250032424926758e-01 4.054448008537292480e-01 9.634661674499511719e-01 3.789538145065307617e-01
9.337732195854187012e-01 5.400815606117248535e-01 2.536249160766601562e-02 6.485409140586853027e-01 9.290909171104431152e-01 2.946968674659729004e-01
9.337732195854187012e-01 5.400815606117248535e-01 2.536249160766601562e-02 6.485409140586853027e-01 9.290909171104431152e-01 2.946968674659729004e-01
9.337732195854187012e-01 5.400815606117248535e-01 2.536249160766601562e-02 6.485409140586853027e-01 9.290909171104431152e-01 2.946968674659729004e-01
9.337732195854187012e-01 5.400815606117248535e-01 2.536249160766601562e-02 6.485409140586853027e-01 9.290909171104431152e-01 2.946968674659729004e-01
9.337732195854187012e-01 5.400815606117248535e-01 2.536249160766601562e-02 6.485409140586853027e-01 9.290909171104431152e-01 2.946968674659729004e-01
9.337732195854187012e-01 5.400815606117248535e-01 2.536249160766601562e-02 6.485409140586853027e-01 9.290909171104431152e-01 2.946968674659729004e-01
9.337732195854187012e-01 5.400815606117248535e-01 2.536249160766601562e-02 6.485409140586853027e-01 9.290909171104431152e-01 2.946968674659729004e-01
9.337732195854187012e-01 5.400815606117248535e-01 2.536249160766601562e-02 6.485409140586853027e-01 9.290909171104431152e-01 2.946968674659729004e-01
9.337732195854187012e-01 5.400815606117248535e-01 2.536249160766601562e-02 6.485409140586853027e-01 9.290909171104431152e-01 2.946968674659729004e-01
9.337732195854187012e-01 5.400815606117248535e-01 2.536249160766601562e-02 6.485409140586853027e-01 9.290909171104431152e-01 2.946968674659729004e-01
9.337732195854187012e-01 5.400815606117248535e-01 2.536249160766601562e-02 6.485409140586853027e-01 9.290909171104431152e-01 2.946968674659729004e-01
9.337732195854187012e-01 5.400815606117248535e-01 2.536249160766601562e-02 6.485409140586853027e-01 9.290909171104431152e-01 2.946968674659729004e-01
9.337732195854187012e-01 5.400815606117248535e-01 2.536249160766601562e-02 6.485409140586853027e-01 9.290909171104431152e-01 2.946968674659729004e-01
9.337732195854187012e-01 5.400815606117248535e-01 2.536249160766601562e-02 6.485409140586853027e-01 9.290909171104431152e-01 2.946968674659729004e-01
9.337732195854187012e-01 5.400815606117248535e-01 2.536249160766601562e-02 6.485409140586853027e-01 9.290909171104431152e-01 2.946968674659729004e-01
9.337732195854187012e-01 5.400815606117248535e-01 2.536249160766601562e-02 6.485409140586853027e-01 9.290909171104431152e-01 2.946968674659729004e-01
9.337732195854187012e-01 5.400815606117248535e-01 2.536249160766601562e-02 6.485409140586853027e-01 9.290909171104431152e-01 2.946968674659729004e-01
9.337732195854187012e-01 5.400815606117248535e-01 2.536249160766601562e-02 6.485409140586853027e-01 9.290909171104431152e-01 2.946968674659729004e-01
9.337732195854187012e-01 5.400815606117248535e-01 2.536249160766601562e-02 6.485409140586853027e-01 9.290909171104431152e-01 2.946968674659729004e-01
9.337732195854187012e-01 5.400815606117248535e-01 2.536249160766601562e-02 6.485409140586853027e-01 9.290909171104431152e-01 2.946968674659729004e-01
9.337732195854187012e-01 5.400815606117248535e-01 2.536249160766601562e-02 6.485409140586853027e-01 9.290909171104431152e-01 2.946968674659729004e-01
9.337732195854187012e-01 5.400815606117248535e-01 2.536249160766601562e-02 6.485409140586853027e-01 9.290909171104431152e-01 2.946968674659729004e-01
9.337732195854187012e-01 5.400815606117248535e-01 2.536249160766601562e-02 6.485409140586853027e-01 9.290909171104431152e-01 2.946968674659729004e-01
9.337732195854187012e-01 5.400815606117248535e-01 2.536249160766601562e-02 6.485409140586853027e-01 9.290909171104431152e-01 2.946968674659729004e-01
9.337732195854187012e-01 5.400815606117248535e-01 2.536249160766601562e-02 6.485409140586853027e-01 9.290909171104431152e-01 2.946968674659729004e-01
9.337732195854187012e-01 5.400815606117248535e-01 2.536249160766601562e-02 6.485409140586853027e-01 9.290909171104431152e-01 2.946968674659729004e-01
9.337732195854187012e-01 5.400815606117248535e-01 2.536249160766601562e-02 6.485409140586853027e-01 9.290909171104431152e-01 2.946968674659729004e-01
9.337732195854187012e-01 5.400815606117248535e-01 2.536249160766601562e-02 6.485409140586853027e-01 9.290909171104431152e-01 2.946968674659729004e-01
9.337732195854187012e-01 5.400815606117248535e-01 2.536249160766601562e-02 6.485409140586853027e-01 9.290909171104431152e-01 2.946968674659729004e-01
9.337732195854187012e-01 5.400815606117248535e-01 2.536249160766601562e-02 6.485409140586853027e-01 9.290909171104431152e-01 2.946968674659729004e-01
9.337732195854187012e-01 5.400815606117248535e-01 2.536249160766601562e-02 6.485409140586853027e-01 9.290909171104431152e-01 2.946968674659729004e-01
9.337732195854187012e-01 5.400815606117248535e-01 2.536249160766601562e-02 6.485409140586853027e-01 9.290909171104431152e-01 2.946968674659729004e-01
9.337732195854187012e-01 5.400815606117248535e-01 2.536249160766601562e-02 6.485409140586853027e-01 9.290909171104431152e-01 2.946968674659729004e-01
9.337732195854187012e-01 5.400815606117248535e-01 2.536249160766601562e-02 6.485409140586853027e-01 9.290909171104431152e-01 2.946968674659729004e-01
9.337732195854187012e-01 5.400815606117248535e-01 2.536249160766601562e-02 6.485409140586853027e-01 9.290909171104431152e-01 2.946968674659729004e-01
