1.392775618619586764e+00
1.358453909372188351e+00
1.367095645160796735e+00
1.736925211975808514e+00
2.029363145853897876e+00
1.753095754780049198e+00
1.883570309471189530e+00
2.737281992472793135e+00
2.683933527114830131e+00
2.692063693357582110e+00
2.694289716127540313e+00
2.687284553095339312e+00
2.660634095675338262e+00
2.727908171805796478e+00
2.785203105595654982e+00
2.772485678221388916e+00
2.765677973671488044e+00
2.757050988234619471e+00
2.794106438935402892e+00
2.793021008539875005e+00
2.780660590469300697e+00
2.782910730037079894e+00
2.799084357990210048e+00
2.786716785938100127e+00
2.785485148063930438e+00
2.786128771159489759e+00
2.784335522914003658e+00
2.822389751598270102e+00
2.844544566654527706e+00
2.844996491315904930e+00
2.808912419984344488e+00
2.926941721169773913e+00
2.931672652801357692e+00
2.952679091913364751e+00
2.955500254151104844e+00
2.951914918550909928e+00
2.948813697128449540e+00
2.949362825506084640e+00
2.951613108898598625e+00
2.889586797295494947e+00
2.913195396021992511e+00
2.948556538601279975e+00
2.947943436742115342e+00
2.954940927715904220e+00
2.958662556875605976e+00
2.958673293907664537e+00
2.958550592441838045e+00
2.958537149732830773e+00
2.958524701501052956e+00
2.958704927053627642e+00
2.956343018830168035e+00
2.956281875232583900e+00
2.954780186184613022e+00
2.955147847757633173e+00
2.956502001568174887e+00
2.956041993179050031e+00
2.956071284067217864e+00
2.956056551386742726e+00
2.953523647361928628e+00
2.953566196600823535e+00
2.953306454244728485e+00
2.953250480298251990e+00
2.950599239693713294e+00
2.947987053952087599e+00
2.952086362540024211e+00
2.952305630909236811e+00
2.955929938379015631e+00
2.957944207200196463e+00
2.958104105269306228e+00
2.956634796449855607e+00
2.957415795288801608e+00
2.958073942889588359e+00
2.958728066951088032e+00
2.958650276141120194e+00
2.958289246922469307e+00
2.958044722269335569e+00
2.958029301811563094e+00
2.957413117283675064e+00
2.957308697230638828e+00
2.956804508335584725e+00
2.956879104757771159e+00
2.956925650614136813e+00
2.955959675542183085e+00
2.955557112708124379e+00
2.956196382902797737e+00
2.956361383036008039e+00
2.956511878116836023e+00
2.953893202022846332e+00
2.952243549929295607e+00
2.953065268839680790e+00
2.953010110880504246e+00
2.948587221979694917e+00
2.950442698476342329e+00
2.951045301733915771e+00
2.949369765735296411e+00
2.951965351917201552e+00
2.952127167177905243e+00
2.952097443515568465e+00
2.952411017190009535e+00
2.952303325489380459e+00
