8.546215211772383302e-01
7.195492856632773604e-01
1.396586355485203823e+00
6.588785226193243361e-01
1.003650771514858153e+00
3.133572914383088159e-01
6.007098066853968632e-01
7.955553211042580841e-01
4.783986298485900512e-01
3.372781872810019510e-01
5.888955032749032537e-01
7.478462798539244893e-01
3.339537927365686665e-01
3.757688939731083089e-01
1.038504008507003196e+00
1.378782429319690639e+00
6.997590034234849599e-01
7.404458418533406139e-01
-2.401081061866869315e-01
-1.646109686305696762e-02
9.604022859830524395e-02
6.566250353825198172e-02
4.129349799534639542e-01
4.209252969362727859e-01
4.657311204535007354e-01
4.042066213554499354e-01
6.387391477468612466e-01
1.432750448343997896e+00
1.094224070512031410e+00
1.076837223049425640e+00
5.230036885490760845e-01
1.309011087802425255e+00
4.143442214484757136e-01
4.085958412139478191e-01
6.263652418614589212e-01
5.255340633185129340e-02
6.883447950860227538e-01
8.208246895615853855e-01
8.479879434619603806e-01
6.451040393952385266e-01
5.569958435036919120e-01
8.803463121131505087e-02
8.441775209272395220e-02
1.218978826308419472e-01
5.917866992427813777e-01
1.181935384248627319e+00
7.468872366885118685e-01
3.579835817987697122e-01
4.998912737998165157e-01
6.165824938003655609e-01
3.860111256434040627e-01
5.803124004649569123e-01
6.351928590577901046e-01
6.463048506743351851e-01
7.144329345967498357e-01
4.155018672527464041e-01
5.580120474260932273e-01
4.657396456825883546e-01
1.504490854360778895e+00
2.679007980184291426e-01
7.632592748260659254e-01
-5.314118210553464561e-02
5.902758181461649212e-01
8.542947908123079692e-01
1.119738290722425589e+00
-3.152672938194794883e-02
2.161511194603792374e-01
1.373448339160898146e-01
6.269011618233145677e-01
9.452800672712333707e-01
7.522796852613878871e-01
3.934262631962650025e-01
9.906866149841613289e-01
2.217090886092730750e-01
4.025573505175428224e-01
2.648583006501664672e-02
7.747773795612891146e-01
6.942495191145046096e-01
9.603112041610506466e-02
3.680342702709151204e-01
3.317449527007343413e-01
1.007837968845804344e+00
7.327052591421767680e-01
1.060803397952529314e+00
3.389574410080749001e-01
4.379560933940203626e-01
5.172685988252431200e-01
-1.669173697257337885e-01
-5.238504557039663778e-02
5.006279688751043011e-01
6.198039112538322737e-01
1.171123812544778153e-01
4.880523817672541287e-01
4.690274098560394123e-01
1.081433817387421836e+00
7.593833154723775847e-01
1.070857634050593088e+00
6.723840131327250003e-01
1.115977187324841413e-01
4.795122935388708152e-01
4.514289121336255151e-01
8.853993953677281592e-01
8.005500551500349671e-01
4.977441400910928015e-01
5.233629394931497147e-01
8.019766807469762560e-01
3.599163025160467821e-02
3.986354327595927338e-01
4.334090241438335878e-01
9.608947722739384911e-01
