8.441570401191711426e-01 5.794284343719482422e-01 9.404773116111755371e-01 9.652328491210937500e-01
6.454288959503173828e-01 1.145708560943603516e-02 5.682449340820312500e-01 8.795811533927917480e-01
5.909281373023986816e-01 9.105394482612609863e-01 7.631518244743347168e-01 3.999288082122802734e-01
1.986708641052246094e-01 4.369934797286987305e-01 6.797300577163696289e-01 9.442794919013977051e-01
2.125009894371032715e-01 4.434150457382202148e-01 4.494258761405944824e-01 7.632113695144653320e-01
6.100971102714538574e-01 2.014234662055969238e-01 7.896539568901062012e-01 2.892797589302062988e-01
3.943947553634643555e-01 8.678919672966003418e-01 8.535339236259460449e-01 7.166680097579956055e-01
3.832210898399353027e-01 4.373381137847900391e-01 7.346249222755432129e-01 4.521011710166931152e-01
5.496981739997863770e-01 2.081040740013122559e-01 3.136506080627441406e-01 9.909425973892211914e-01
1.329630613327026367e-02 2.191896438598632812e-01 6.638228893280029297e-01 7.994670271873474121e-01
0.000000000000000000e+00 1.000000000000000000e+00 3.550064637475103257e-02 9.915694639444554426e-01
9.206372257406622017e-01 7.762377294895671243e-02 6.113243637886756066e-01 2.092544265765001743e-01
1.000000000000000000e+00 1.107519637911958668e-03 3.419871907875899342e-01 1.354810678862455042e-01
9.660304624750010172e-01 3.579174869523821939e-02 8.781515741863546998e-01 7.236797002871971085e-02
7.954900854087272599e-02 9.104807775527851144e-01 1.000000000000000000e+00 8.594117842725096379e-01
9.914808012401877813e-01 5.318531401573432967e-03 6.952222471402608184e-01 1.982230347779166124e-01
9.902085259223170066e-01 1.177126727804285802e-02 7.041937989357260896e-01 2.785480781888718949e-02
1.000000000000000000e+00 1.640465313597350584e-03 7.189335387693989166e-01 3.050143784166957084e-01
0.000000000000000000e+00 9.942867095280673029e-01 6.253775889138740718e-01 1.000000000000000000e+00
9.998429822085300733e-01 0.000000000000000000e+00 6.078636590864761047e-01 2.732837535810348495e-01
9.736306358740745015e-01 1.523092041091094265e-02 7.345534601571718225e-01 4.692634470313014616e-01
8.804575725011531961e-01 1.692569784782698428e-01 5.510422104533705401e-01 2.190379488775699435e-01
1.336717187680031005e-01 1.000000000000000000e+00 0.000000000000000000e+00 2.709656812151571281e-01
9.811036771516848942e-01 4.316362662039012607e-04 5.015050566093155471e-01 4.676439428395522957e-01
9.350857131897676311e-01 3.509043505011054109e-01 1.130462438397134839e-01 5.372649347020894695e-01
9.218586270022187668e-01 5.205999614523367652e-02 9.280524181701695907e-01 1.525727549292302254e-01
8.720052902826131991e-01 7.761814703166761698e-01 0.000000000000000000e+00 7.076215846139347621e-01
8.582487923495653037e-01 4.172271240423838096e-02 3.841798872112571206e-01 7.445240933304615449e-01
8.703944051312569874e-01 1.707814442303966784e-01 8.184993932082137436e-01 8.645898366871661578e-01
1.694306258727993064e-01 1.724650717328000404e-01 9.113981752853352880e-01 9.180624568337232283e-01
9.594442413262354030e-01 6.271854962424212587e-01 1.251922920157195196e-01 1.173613529181133652e-01
8.647640608227896708e-01 2.456972075936790859e-02 6.948848034055232770e-01 4.007514213620952948e-01
8.930426061375762448e-01 2.879342056502980363e-01 1.563246536336498349e-01 6.482272926269450064e-01
7.353364184025404926e-01 0.000000000000000000e+00 6.178867537840967428e-01 6.748157422929219607e-01
4.082403601110345392e-01 3.137348982891243754e-01 3.155115470998778315e-01 1.000000000000000000e+00
8.799634688510650227e-01 1.730967705578874138e-01 9.026426862444035804e-01 0.000000000000000000e+00
1.000000000000000000e+00 3.949660871714181544e-03 8.201254471339211038e-01 1.280466169026901191e-01
9.843994934407149788e-01 2.010405462056417264e-02 1.401974922263045653e-01 1.227838733960085749e-01
9.794259086013928917e-01 7.821000592555565900e-02 1.000000000000000000e+00 4.585744197815107004e-01
4.968830830172526469e-01 9.097359172454562437e-02 6.417562635222484602e-01 1.000000000000000000e+00
1.849188776390444655e-01 5.324367474340367945e-01 7.315212619400260907e-01 8.582243214841902557e-01
8.296882862679593185e-01 3.159720403399368660e-01 8.468962765975091012e-01 9.623302091593585184e-01
4.833095998455804732e-01 1.139182552861943004e-01 7.527208396674037738e-01 4.723518304991279892e-01
3.411505752350557086e-01 1.177696648490924453e-01 7.353510101524343145e-01 5.702180460550967389e-01
2.605764307434756399e-01 4.419185271692307460e-01 3.429281106383258448e-01 9.159869136544845913e-01
2.696062154743705461e-02 9.476165040072326295e-01 9.754740079009954767e-01 9.422996374830315824e-01
2.513476262844394071e-01 5.661423837362241640e-01 8.030861932554248517e-01 5.663595800645809808e-01
4.046447384487673049e-01 4.526071648366869482e-01 8.580225343631217028e-01 3.441119313759671283e-01
9.435597155253151458e-01 5.630597577880463306e-02 4.228996122936396485e-01 3.444326160025947270e-01
8.934335549900319640e-01 1.864481384440153933e-01 2.362790363719332876e-01 5.103362554657625560e-01
7.263382299322822533e-01 1.509764809898593851e-01 9.591144430773247409e-01 1.624344079209069647e-01
0.000000000000000000e+00 3.168504086051194268e-01 6.515878347194451470e-01 8.988118274237180128e-01
6.673525416797047027e-01 6.603480279283945320e-01 9.107717139296934716e-01 9.371375125774542569e-01
9.372972024288843684e-01 4.290228282535239468e-01 8.851059169791423986e-02 8.079325629750433446e-01
5.539502130488269671e-01 3.500001103140710224e-01 8.982084971594178624e-01 2.068829786596144138e-01
4.167856785969636380e-01 5.657866736165099164e-01 9.746542173091647943e-01 2.462969277684363412e-01
2.656508621640796264e-02 8.335386870162266870e-01 1.511610893102103836e-01 8.284928290239953474e-01
2.138480928858274011e-01 8.104199111553757051e-01 9.901439716332388619e-01 5.162087595803676043e-01
5.304327505238967122e-01 2.586102194798626241e-01 2.841019305210947810e-01 9.443183129977001933e-01
5.334416624597718704e-01 1.486666217406799051e-01 9.820540699744962909e-01 3.205859458561952646e-01
