5.781371593475341797e-01 9.037880301475524902e-01 4.782037138938903809e-01 2.352327108383178711e-02 5.062043070793151855e-01 1.956087350845336914e-01
5.781371593475341797e-01 9.037880301475524902e-01 4.782037138938903809e-01 2.352327108383178711e-02 5.062043070793151855e-01 1.956087350845336914e-01
2.274013161659240723e-01 8.843511939048767090e-01 8.375041484832763672e-01 2.473767474293708801e-02 1.976394057273864746e-01 3.066281229257583618e-02
2.274013161659240723e-01 8.843511939048767090e-01 8.375041484832763672e-01 2.473767474293708801e-02 1.976394057273864746e-01 3.066281229257583618e-02
2.274013161659240723e-01 8.843511939048767090e-01 8.375041484832763672e-01 2.473767474293708801e-02 1.976394057273864746e-01 3.066281229257583618e-02
2.274013161659240723e-01 8.843511939048767090e-01 8.375041484832763672e-01 2.473767474293708801e-02 1.976394057273864746e-01 3.066281229257583618e-02
2.274013161659240723e-01 8.843511939048767090e-01 8.375041484832763672e-01 2.473767474293708801e-02 1.976394057273864746e-01 3.066281229257583618e-02
2.274013161659240723e-01 8.843511939048767090e-01 8.375041484832763672e-01 2.473767474293708801e-02 1.976394057273864746e-01 3.066281229257583618e-02
2.274013161659240723e-01 8.843511939048767090e-01 8.375041484832763672e-01 2.473767474293708801e-02 1.976394057273864746e-01 3.066281229257583618e-02
1.505276840180158615e-02 9.942236542701721191e-01 8.966239690780639648e-01 1.336064748466014862e-02 6.862521767616271973e-01 2.887909067794680595e-03
1.505276840180158615e-02 9.942236542701721191e-01 8.966239690780639648e-01 1.336064748466014862e-02 6.862521767616271973e-01 2.887909067794680595e-03
1.505276840180158615e-02 9.942236542701721191e-01 8.966239690780639648e-01 1.336064748466014862e-02 6.862521767616271973e-01 2.887909067794680595e-03
1.505276840180158615e-02 9.942236542701721191e-01 8.966239690780639648e-01 1.336064748466014862e-02 6.862521767616271973e-01 2.887909067794680595e-03
1.505276840180158615e-02 9.942236542701721191e-01 8.966239690780639648e-01 1.336064748466014862e-02 6.862521767616271973e-01 2.887909067794680595e-03
1.505276840180158615e-02 9.942236542701721191e-01 8.966239690780639648e-01 1.336064748466014862e-02 6.862521767616271973e-01 2.887909067794680595e-03
1.505276840180158615e-02 9.942236542701721191e-01 8.966239690780639648e-01 1.336064748466014862e-02 6.862521767616271973e-01 2.887909067794680595e-03
1.505276840180158615e-02 9.942236542701721191e-01 8.966239690780639648e-01 1.336064748466014862e-02 6.862521767616271973e-01 2.887909067794680595e-03
1.505276840180158615e-02 9.942236542701721191e-01 8.966239690780639648e-01 1.336064748466014862e-02 6.862521767616271973e-01 2.887909067794680595e-03
1.505276840180158615e-02 9.942236542701721191e-01 8.966239690780639648e-01 1.336064748466014862e-02 6.862521767616271973e-01 2.887909067794680595e-03
1.505276840180158615e-02 9.942236542701721191e-01 8.966239690780639648e-01 1.336064748466014862e-02 6.862521767616271973e-01 2.887909067794680595e-03
1.505276840180158615e-02 9.942236542701721191e-01 8.966239690780639648e-01 1.336064748466014862e-02 6.862521767616271973e-01 2.887909067794680595e-03
1.505276840180158615e-02 9.942236542701721191e-01 8.966239690780639648e-01 1.336064748466014862e-02 6.862521767616271973e-01 2.887909067794680595e-03
1.505276840180158615e-02 9.942236542701721191e-01 8.966239690780639648e-01 1.336064748466014862e-02 6.862521767616271973e-01 2.887909067794680595e-03
1.505276840180158615e-02 9.942236542701721191e-01 8.966239690780639648e-01 1.336064748466014862e-02 6.862521767616271973e-01 2.887909067794680595e-03
1.505276840180158615e-02 9.942236542701721191e-01 8.966239690780639648e-01 1.336064748466014862e-02 6.862521767616271973e-01 2.887909067794680595e-03
1.505276840180158615e-02 9.942236542701721191e-01 8.966239690780639648e-01 1.336064748466014862e-02 6.862521767616271973e-01 2.887909067794680595e-03
1.505276840180158615e-02 9.942236542701721191e-01 8.966239690780639648e-01 1.336064748466014862e-02 6.862521767616271973e-01 2.887909067794680595e-03
1.505276840180158615e-02 9.942236542701721191e-01 8.966239690780639648e-01 1.336064748466014862e-02 6.862521767616271973e-01 2.887909067794680595e-03
1.505276840180158615e-02 9.942236542701721191e-01 8.966239690780639648e-01 1.336064748466014862e-02 6.862521767616271973e-01 2.887909067794680595e-03
1.505276840180158615e-02 9.942236542701721191e-01 8.966239690780639648e-01 1.336064748466014862e-02 6.862521767616271973e-01 2.887909067794680595e-03
1.505276840180158615e-02 9.942236542701721191e-01 8.966239690780639648e-01 1.336064748466014862e-02 6.862521767616271973e-01 2.887909067794680595e-03
1.505276840180158615e-02 9.942236542701721191e-01 8.966239690780639648e-01 1.336064748466014862e-02 6.862521767616271973e-01 2.887909067794680595e-03
1.505276840180158615e-02 9.942236542701721191e-01 8.966239690780639648e-01 1.336064748466014862e-02 6.862521767616271973e-01 2.887909067794680595e-03
1.505276840180158615e-02 9.942236542701721191e-01 8.966239690780639648e-01 1.336064748466014862e-02 6.862521767616271973e-01 2.887909067794680595e-03
1.505276840180158615e-02 9.942236542701721191e-01 8.966239690780639648e-01 1.336064748466014862e-02 6.862521767616271973e-01 2.887909067794680595e-03
1.505276840180158615e-02 9.942236542701721191e-01 8.966239690780639648e-01 1.336064748466014862e-02 6.862521767616271973e-01 2.887909067794680595e-03
1.505276840180158615e-02 9.942236542701721191e-01 8.966239690780639648e-01 1.336064748466014862e-02 6.862521767616271973e-01 2.887909067794680595e-03
0.000000000000000000e+00 1.000000000000000000e+00 8.901189565658569336e-01 0.000000000000000000e+00 7.328931093215942383e-01 7.118356297723948956e-04
0.000000000000000000e+00 1.000000000000000000e+00 8.901189565658569336e-01 0.000000000000000000e+00 7.328931093215942383e-01 7.118356297723948956e-04
0.000000000000000000e+00 1.000000000000000000e+00 8.901189565658569336e-01 0.000000000000000000e+00 7.328931093215942383e-01 7.118356297723948956e-04
0.000000000000000000e+00 1.000000000000000000e+00 8.901189565658569336e-01 0.000000000000000000e+00 7.328931093215942383e-01 7.118356297723948956e-04
0.000000000000000000e+00 1.000000000000000000e+00 8.901189565658569336e-01 0.000000000000000000e+00 7.328931093215942383e-01 7.118356297723948956e-04
0.000000000000000000e+00 1.000000000000000000e+00 8.901189565658569336e-01 0.000000000000000000e+00 7.328931093215942383e-01 7.118356297723948956e-04
0.000000000000000000e+00 1.000000000000000000e+00 8.901189565658569336e-01 0.000000000000000000e+00 7.328931093215942383e-01 7.118356297723948956e-04
0.000000000000000000e+00 1.000000000000000000e+00 8.901189565658569336e-01 0.000000000000000000e+00 7.328931093215942383e-01 7.118356297723948956e-04
0.000000000000000000e+00 1.000000000000000000e+00 8.901189565658569336e-01 0.000000000000000000e+00 7.328931093215942383e-01 7.118356297723948956e-04
0.000000000000000000e+00 1.000000000000000000e+00 8.901189565658569336e-01 0.000000000000000000e+00 7.328931093215942383e-01 7.118356297723948956e-04
0.000000000000000000e+00 1.000000000000000000e+00 8.944001793861389160e-01 0.000000000000000000e+00 7.528979778289794922e-01 0.000000000000000000e+00
0.000000000000000000e+00 1.000000000000000000e+00 8.944001793861389160e-01 0.000000000000000000e+00 7.528979778289794922e-01 0.000000000000000000e+00
0.000000000000000000e+00 1.000000000000000000e+00 8.944001793861389160e-01 0.000000000000000000e+00 7.528979778289794922e-01 0.000000000000000000e+00
0.000000000000000000e+00 1.000000000000000000e+00 8.944001793861389160e-01 0.000000000000000000e+00 7.528979778289794922e-01 0.000000000000000000e+00
0.000000000000000000e+00 1.000000000000000000e+00 8.944001793861389160e-01 0.000000000000000000e+00 7.528979778289794922e-01 0.000000000000000000e+00
0.000000000000000000e+00 1.000000000000000000e+00 8.944001793861389160e-01 0.000000000000000000e+00 7.528979778289794922e-01 0.000000000000000000e+00
0.000000000000000000e+00 1.000000000000000000e+00 8.944001793861389160e-01 0.000000000000000000e+00 7.528979778289794922e-01 0.000000000000000000e+00
0.000000000000000000e+00 1.000000000000000000e+00 8.944001793861389160e-01 0.000000000000000000e+00 7.528979778289794922e-01 0.000000000000000000e+00
0.000000000000000000e+00 1.000000000000000000e+00 8.944001793861389160e-01 0.000000000000000000e+00 7.528979778289794922e-01 0.000000000000000000e+00
0.000000000000000000e+00 1.000000000000000000e+00 8.944001793861389160e-01 0.000000000000000000e+00 7.528979778289794922e-01 0.000000000000000000e+00
0.000000000000000000e+00 1.000000000000000000e+00 8.944001793861389160e-01 0.000000000000000000e+00 7.528979778289794922e-01 0.000000000000000000e+00
0.000000000000000000e+00 1.000000000000000000e+00 8.944001793861389160e-01 0.000000000000000000e+00 7.528979778289794922e-01 0.000000000000000000e+00
0.000000000000000000e+00 1.000000000000000000e+00 8.944001793861389160e-01 0.000000000000000000e+00 7.528979778289794922e-01 0.000000000000000000e+00
0.000000000000000000e+00 1.000000000000000000e+00 8.944001793861389160e-01 0.000000000000000000e+00 7.528979778289794922e-01 0.000000000000000000e+00
0.000000000000000000e+00 1.000000000000000000e+00 8.944001793861389160e-01 0.000000000000000000e+00 7.528979778289794922e-01 0.000000000000000000e+00
0.000000000000000000e+00 1.000000000000000000e+00 8.944001793861389160e-01 0.000000000000000000e+00 7.528979778289794922e-01 0.000000000000000000e+00
0.000000000000000000e+00 1.000000000000000000e+00 8.944001793861389160e-01 0.000000000000000000e+00 7.528979778289794922e-01 0.000000000000000000e+00
0.000000000000000000e+00 1.000000000000000000e+00 8.944001793861389160e-01 0.000000000000000000e+00 7.528979778289794922e-01 0.000000000000000000e+00
0.000000000000000000e+00 1.000000000000000000e+00 8.944001793861389160e-01 0.000000000000000000e+00 7.528979778289794922e-01 0.000000000000000000e+00
0.000000000000000000e+00 1.000000000000000000e+00 8.944001793861389160e-01 0.000000000000000000e+00 7.528979778289794922e-01 0.000000000000000000e+00
0.000000000000000000e+00 1.000000000000000000e+00 8.944001793861389160e-01 0.000000000000000000e+00 7.528979778289794922e-01 0.000000000000000000e+00
0.000000000000000000e+00 1.000000000000000000e+00 8.944001793861389160e-01 0.000000000000000000e+00 7.528979778289794922e-01 0.000000000000000000e+00
0.000000000000000000e+00 1.000000000000000000e+00 8.944001793861389160e-01 0.000000000000000000e+00 7.528979778289794922e-01 0.000000000000000000e+00
0.000000000000000000e+00 1.000000000000000000e+00 8.944001793861389160e-01 0.000000000000000000e+00 7.528979778289794922e-01 0.000000000000000000e+00
0.000000000000000000e+00 1.000000000000000000e+00 8.944001793861389160e-01 0.000000000000000000e+00 7.528979778289794922e-01 0.000000000000000000e+00
0.000000000000000000e+00 1.000000000000000000e+00 8.944001793861389160e-01 0.000000000000000000e+00 7.528979778289794922e-01 0.000000000000000000e+00
0.000000000000000000e+00 1.000000000000000000e+00 8.944001793861389160e-01 0.000000000000000000e+00 7.528979778289794922e-01 0.000000000000000000e+00
0.000000000000000000e+00 1.000000000000000000e+00 8.944001793861389160e-01 0.000000000000000000e+00 7.528979778289794922e-01 0.000000000000000000e+00
0.000000000000000000e+00 1.000000000000000000e+00 8.944001793861389160e-01 0.000000000000000000e+00 7.528979778289794922e-01 0.000000000000000000e+00
0.000000000000000000e+00 1.000000000000000000e+00 8.944001793861389160e-01 0.000000000000000000e+00 7.528979778289794922e-01 0.000000000000000000e+00
0.000000000000000000e+00 1.000000000000000000e+00 8.944001793861389160e-01 0.000000000000000000e+00 7.528979778289794922e-01 0.000000000000000000e+00
0.000000000000000000e+00 1.000000000000000000e+00 8.944001793861389160e-01 0.000000000000000000e+00 7.528979778289794922e-01 0.000000000000000000e+00
0.000000000000000000e+00 1.000000000000000000e+00 8.944001793861389160e-01 0.000000000000000000e+00 7.528979778289794922e-01 0.000000000000000000e+00
0.000000000000000000e+00 1.000000000000000000e+00 8.944001793861389160e-01 0.000000000000000000e+00 7.528979778289794922e-01 0.000000000000000000e+00
0.000000000000000000e+00 1.000000000000000000e+00 9.253926277160644531e-01 0.000000000000000000e+00 7.977955341339111328e-01 0.000000000000000000e+00
0.000000000000000000e+00 1.000000000000000000e+00 9.253926277160644531e-01 0.000000000000000000e+00 7.977955341339111328e-01 0.000000000000000000e+00
0.000000000000000000e+00 1.000000000000000000e+00 9.253926277160644531e-01 0.000000000000000000e+00 7.977955341339111328e-01 0.000000000000000000e+00
0.000000000000000000e+00 1.000000000000000000e+00 9.253926277160644531e-01 0.000000000000000000e+00 7.977955341339111328e-01 0.000000000000000000e+00
0.000000000000000000e+00 1.000000000000000000e+00 9.253926277160644531e-01 0.000000000000000000e+00 7.977955341339111328e-01 0.000000000000000000e+00
0.000000000000000000e+00 1.000000000000000000e+00 9.253926277160644531e-01 0.000000000000000000e+00 7.977955341339111328e-01 0.000000000000000000e+00
0.000000000000000000e+00 1.000000000000000000e+00 9.253926277160644531e-01 0.000000000000000000e+00 7.977955341339111328e-01 0.000000000000000000e+00
0.000000000000000000e+00 1.000000000000000000e+00 9.253926277160644531e-01 0.000000000000000000e+00 7.977955341339111328e-01 0.000000000000000000e+00
0.000000000000000000e+00 1.000000000000000000e+00 9.253926277160644531e-01 0.000000000000000000e+00 7.977955341339111328e-01 0.000000000000000000e+00
0.000000000000000000e+00 1.000000000000000000e+00 9.253926277160644531e-01 0.000000000000000000e+00 7.977955341339111328e-01 0.000000000000000000e+00
0.000000000000000000e+00 1.000000000000000000e+00 9.253926277160644531e-01 0.000000000000000000e+00 7.977955341339111328e-01 0.000000000000000000e+00
0.000000000000000000e+00 1.000000000000000000e+00 9.253926277160644531e-01 0.000000000000000000e+00 7.977955341339111328e-01 0.000000000000000000e+00
0.000000000000000000e+00 1.000000000000000000e+00 9.253926277160644531e-01 0.000000000000000000e+00 7.977955341339111328e-01 0.000000000000000000e+00
0.000000000000000000e+00 1.000000000000000000e+00 9.253926277160644531e-01 0.000000000000000000e+00 7.977955341339111328e-01 0.000000000000000000e+00
0.000000000000000000e+00 1.000000000000000000e+00 9.253926277160644531e-01 0.000000000000000000e+00 7.977955341339111328e-01 0.000000000000000000e+00
0.000000000000000000e+00 1.000000000000000000e+00 9.253926277160644531e-01 0.000000000000000000e+00 7.977955341339111328e-01 0.000000000000000000e+00
0.000000000000000000e+00 1.000000000000000000e+00 9.253926277160644531e-01 0.000000000000000000e+00 7.977955341339111328e-01 0.000000000000000000e+00
0.000000000000000000e+00 1.000000000000000000e+00 9.253926277160644531e-01 0.000000000000000000e+00 7.977955341339111328e-01 0.000000000000000000e+00
0.000000000000000000e+00 1.000000000000000000e+00 9.253926277160644531e-01 0.000000000000000000e+00 7.977955341339111328e-01 0.000000000000000000e+00
