6.514881849288940430e-01 8.752242326736450195e-01 3.991292119026184082e-01 4.168859124183654785e-01
6.514881849288940430e-01 8.752242326736450195e-01 3.991292119026184082e-01 4.168859124183654785e-01
6.514881849288940430e-01 8.752242326736450195e-01 3.991292119026184082e-01 4.168859124183654785e-01
6.514881849288940430e-01 8.752242326736450195e-01 3.991292119026184082e-01 4.168859124183654785e-01
6.514881849288940430e-01 8.752242326736450195e-01 3.991292119026184082e-01 4.168859124183654785e-01
6.514881849288940430e-01 8.752242326736450195e-01 3.991292119026184082e-01 4.168859124183654785e-01
9.947406299979686395e-01 8.379428910445030354e-01 5.028395969459518167e-01 3.852612437678722968e-01
9.947406299979686395e-01 8.379428910445030354e-01 5.028395969459518167e-01 3.852612437678722968e-01
8.388965725246524396e-01 7.952455457757782176e-01 5.141097275373875952e-01 3.972115904250013152e-01
8.388965725246524396e-01 7.952455457757782176e-01 5.141097275373875952e-01 3.972115904250013152e-01
8.388965725246524396e-01 7.952455457757782176e-01 5.141097275373875952e-01 3.972115904250013152e-01
8.388965725246524396e-01 7.952455457757782176e-01 5.141097275373875952e-01 3.972115904250013152e-01
8.388965725246524396e-01 7.952455457757782176e-01 5.141097275373875952e-01 3.972115904250013152e-01
8.388965725246524396e-01 7.952455457757782176e-01 5.141097275373875952e-01 3.972115904250013152e-01
8.388965725246524396e-01 7.952455457757782176e-01 5.141097275373875952e-01 3.972115904250013152e-01
5.311024994870415794e-01 7.093591531606848744e-01 4.913212477210758267e-01 3.631639992293708707e-01
5.311024994870415794e-01 7.093591531606848744e-01 4.913212477210758267e-01 3.631639992293708707e-01
5.528920473670646540e-01 7.060009506921841593e-01 5.822796292767594695e-01 4.249138411519309266e-01
5.764649239842934980e-01 7.343441195986351033e-01 5.429151888770691325e-01 3.674383016170281180e-01
5.764649239842934980e-01 7.343441195986351033e-01 5.429151888770691325e-01 3.674383016170281180e-01
5.764649239842934980e-01 7.343441195986351033e-01 5.429151888770691325e-01 3.674383016170281180e-01
5.764649239842934980e-01 7.343441195986351033e-01 5.429151888770691325e-01 3.674383016170281180e-01
5.764649239842934980e-01 7.343441195986351033e-01 5.429151888770691325e-01 3.674383016170281180e-01
5.764649239842934980e-01 7.343441195986351033e-01 5.429151888770691325e-01 3.674383016170281180e-01
5.764649239842934980e-01 7.343441195986351033e-01 5.429151888770691325e-01 3.674383016170281180e-01
5.764649239842934980e-01 7.343441195986351033e-01 5.429151888770691325e-01 3.674383016170281180e-01
5.764649239842934980e-01 7.343441195986351033e-01 5.429151888770691325e-01 3.674383016170281180e-01
5.764649239842934980e-01 7.343441195986351033e-01 5.429151888770691325e-01 3.674383016170281180e-01
5.764649239842934980e-01 7.343441195986351033e-01 5.429151888770691325e-01 3.674383016170281180e-01
5.869519191666587865e-01 7.442051268384732854e-01 5.379419682182853268e-01 3.825962997501632934e-01
5.869519191666587865e-01 7.442051268384732854e-01 5.379419682182853268e-01 3.825962997501632934e-01
5.869519191666587865e-01 7.442051268384732854e-01 5.379419682182853268e-01 3.825962997501632934e-01
5.869519191666587865e-01 7.442051268384732854e-01 5.379419682182853268e-01 3.825962997501632934e-01
5.869519191666587865e-01 7.442051268384732854e-01 5.379419682182853268e-01 3.825962997501632934e-01
5.869519191666587865e-01 7.442051268384732854e-01 5.379419682182853268e-01 3.825962997501632934e-01
5.869519191666587865e-01 7.442051268384732854e-01 5.379419682182853268e-01 3.825962997501632934e-01
5.869519191666587865e-01 7.442051268384732854e-01 5.379419682182853268e-01 3.825962997501632934e-01
5.869519191666587865e-01 7.442051268384732854e-01 5.379419682182853268e-01 3.825962997501632934e-01
5.869519191666587865e-01 7.442051268384732854e-01 5.379419682182853268e-01 3.825962997501632934e-01
5.869519191666587865e-01 7.442051268384732854e-01 5.379419682182853268e-01 3.825962997501632934e-01
5.869519191666587865e-01 7.442051268384732854e-01 5.379419682182853268e-01 3.825962997501632934e-01
5.869519191666587865e-01 7.442051268384732854e-01 5.379419682182853268e-01 3.825962997501632934e-01
5.869519191666587865e-01 7.442051268384732854e-01 5.379419682182853268e-01 3.825962997501632934e-01
5.869519191666587865e-01 7.442051268384732854e-01 5.379419682182853268e-01 3.825962997501632934e-01
5.869519191666587865e-01 7.442051268384732854e-01 5.379419682182853268e-01 3.825962997501632934e-01
5.869519191666587865e-01 7.442051268384732854e-01 5.379419682182853268e-01 3.825962997501632934e-01
5.869519191666587865e-01 7.442051268384732854e-01 5.379419682182853268e-01 3.825962997501632934e-01
5.869519191666587865e-01 7.442051268384732854e-01 5.379419682182853268e-01 3.825962997501632934e-01
5.869519191666587865e-01 7.442051268384732854e-01 5.379419682182853268e-01 3.825962997501632934e-01
5.869519191666587865e-01 7.442051268384732854e-01 5.379419682182853268e-01 3.825962997501632934e-01
5.869519191666587865e-01 7.442051268384732854e-01 5.379419682182853268e-01 3.825962997501632934e-01
5.869519191666587865e-01 7.442051268384732854e-01 5.379419682182853268e-01 3.825962997501632934e-01
5.869519191666587865e-01 7.442051268384732854e-01 5.379419682182853268e-01 3.825962997501632934e-01
5.869519191666587865e-01 7.442051268384732854e-01 5.379419682182853268e-01 3.825962997501632934e-01
5.869519191666587865e-01 7.442051268384732854e-01 5.379419682182853268e-01 3.825962997501632934e-01
5.869519191666587865e-01 7.442051268384732854e-01 5.379419682182853268e-01 3.825962997501632934e-01
5.869519191666587865e-01 7.442051268384732854e-01 5.379419682182853268e-01 3.825962997501632934e-01
5.869519191666587865e-01 7.442051268384732854e-01 5.379419682182853268e-01 3.825962997501632934e-01
5.869519191666587865e-01 7.442051268384732854e-01 5.379419682182853268e-01 3.825962997501632934e-01
5.869519191666587865e-01 7.442051268384732854e-01 5.379419682182853268e-01 3.825962997501632934e-01
5.869519191666587865e-01 7.442051268384732854e-01 5.379419682182853268e-01 3.825962997501632934e-01
5.796445612273898318e-01 7.453476428106852181e-01 5.396347998211584729e-01 3.876194232980585963e-01
5.869519191666587865e-01 7.442051268384732854e-01 5.379419682182853268e-01 3.825962997501632934e-01
5.869519191666587865e-01 7.442051268384732854e-01 5.379419682182853268e-01 3.825962997501632934e-01
5.869519191666587865e-01 7.442051268384732854e-01 5.379419682182853268e-01 3.825962997501632934e-01
5.869519191666587865e-01 7.442051268384732854e-01 5.379419682182853268e-01 3.825962997501632934e-01
5.869519191666587865e-01 7.442051268384732854e-01 5.379419682182853268e-01 3.825962997501632934e-01
5.869519191666587865e-01 7.442051268384732854e-01 5.379419682182853268e-01 3.825962997501632934e-01
5.869519191666587865e-01 7.442051268384732854e-01 5.379419682182853268e-01 3.825962997501632934e-01
5.869519191666587865e-01 7.442051268384732854e-01 5.379419682182853268e-01 3.825962997501632934e-01
5.869519191666587865e-01 7.442051268384732854e-01 5.379419682182853268e-01 3.825962997501632934e-01
5.869519191666587865e-01 7.442051268384732854e-01 5.379419682182853268e-01 3.825962997501632934e-01
5.869519191666587865e-01 7.442051268384732854e-01 5.379419682182853268e-01 3.825962997501632934e-01
5.869519191666587865e-01 7.442051268384732854e-01 5.379419682182853268e-01 3.825962997501632934e-01
5.869519191666587865e-01 7.442051268384732854e-01 5.379419682182853268e-01 3.825962997501632934e-01
5.869519191666587865e-01 7.442051268384732854e-01 5.379419682182853268e-01 3.825962997501632934e-01
5.869519191666587865e-01 7.442051268384732854e-01 5.379419682182853268e-01 3.825962997501632934e-01
5.869519191666587865e-01 7.442051268384732854e-01 5.379419682182853268e-01 3.825962997501632934e-01
5.869519191666587865e-01 7.442051268384732854e-01 5.379419682182853268e-01 3.825962997501632934e-01
5.869519191666587865e-01 7.442051268384732854e-01 5.379419682182853268e-01 3.825962997501632934e-01
5.869519191666587865e-01 7.442051268384732854e-01 5.379419682182853268e-01 3.825962997501632934e-01
5.869519191666587865e-01 7.442051268384732854e-01 5.379419682182853268e-01 3.825962997501632934e-01
5.869519191666587865e-01 7.442051268384732854e-01 5.379419682182853268e-01 3.825962997501632934e-01
5.869519191666587865e-01 7.442051268384732854e-01 5.379419682182853268e-01 3.825962997501632934e-01
5.869519191666587865e-01 7.442051268384732854e-01 5.379419682182853268e-01 3.825962997501632934e-01
5.869519191666587865e-01 7.442051268384732854e-01 5.379419682182853268e-01 3.825962997501632934e-01
5.869519191666587865e-01 7.442051268384732854e-01 5.379419682182853268e-01 3.825962997501632934e-01
5.869519191666587865e-01 7.442051268384732854e-01 5.379419682182853268e-01 3.825962997501632934e-01
5.869519191666587865e-01 7.442051268384732854e-01 5.379419682182853268e-01 3.825962997501632934e-01
5.869519191666587865e-01 7.442051268384732854e-01 5.379419682182853268e-01 3.825962997501632934e-01
5.607492776658126177e-01 7.416946714951199171e-01 5.431471736726528610e-01 3.797297484807632406e-01
5.607492776658126177e-01 7.416946714951199171e-01 5.431471736726528610e-01 3.797297484807632406e-01
5.869519191666587865e-01 7.442051268384732854e-01 5.379419682182853268e-01 3.825962997501632934e-01
5.607492776658126177e-01 7.416946714951199171e-01 5.431471736726528610e-01 3.797297484807632406e-01
5.869519191666587865e-01 7.442051268384732854e-01 5.379419682182853268e-01 3.825962997501632934e-01
5.607492776658126177e-01 7.416946714951199171e-01 5.431471736726528610e-01 3.797297484807632406e-01
5.869519191666587865e-01 7.442051268384732854e-01 5.379419682182853268e-01 3.825962997501632934e-01
5.869519191666587865e-01 7.442051268384732854e-01 5.379419682182853268e-01 3.825962997501632934e-01
5.869519191666587865e-01 7.442051268384732854e-01 5.379419682182853268e-01 3.825962997501632934e-01
5.869519191666587865e-01 7.442051268384732854e-01 5.379419682182853268e-01 3.825962997501632934e-01
