5.422972782476650488e-01 1.000000000000000000e+00 8.077693854929173245e-01 0.000000000000000000e+00
5.388982357487002162e-01 1.000000000000000000e+00 8.146300134332762344e-01 0.000000000000000000e+00
5.351649685904138476e-01 1.000000000000000000e+00 8.297767334926156035e-01 0.000000000000000000e+00
0.000000000000000000e+00 1.315797015832988193e-01 8.529207672288715569e-01 1.263885214449456396e-01
6.918124203390634275e-01 1.000000000000000000e+00 1.000000000000000000e+00 0.000000000000000000e+00
6.845092527897639334e-01 1.000000000000000000e+00 1.000000000000000000e+00 0.000000000000000000e+00
7.045288202673118949e-01 1.000000000000000000e+00 1.000000000000000000e+00 0.000000000000000000e+00
0.000000000000000000e+00 0.000000000000000000e+00 1.000000000000000000e+00 0.000000000000000000e+00
0.000000000000000000e+00 0.000000000000000000e+00 1.000000000000000000e+00 0.000000000000000000e+00
0.000000000000000000e+00 0.000000000000000000e+00 1.000000000000000000e+00 1.000000000000000000e+00
0.000000000000000000e+00 0.000000000000000000e+00 1.000000000000000000e+00 1.000000000000000000e+00
0.000000000000000000e+00 0.000000000000000000e+00 1.000000000000000000e+00 1.000000000000000000e+00
0.000000000000000000e+00 0.000000000000000000e+00 7.931354054404655685e-01 1.000000000000000000e+00
0.000000000000000000e+00 0.000000000000000000e+00 7.783909781967268682e-01 1.000000000000000000e+00
0.000000000000000000e+00 0.000000000000000000e+00 7.810366268602020323e-01 1.000000000000000000e+00
0.000000000000000000e+00 0.000000000000000000e+00 6.548141491448519202e-01 1.000000000000000000e+00
0.000000000000000000e+00 0.000000000000000000e+00 7.464167046582732556e-01 1.000000000000000000e+00
0.000000000000000000e+00 0.000000000000000000e+00 7.456293694281527218e-01 1.000000000000000000e+00
0.000000000000000000e+00 0.000000000000000000e+00 7.449729552947327305e-01 1.000000000000000000e+00
0.000000000000000000e+00 0.000000000000000000e+00 7.449887141797728596e-01 1.000000000000000000e+00
0.000000000000000000e+00 0.000000000000000000e+00 7.452467411738126213e-01 1.000000000000000000e+00
0.000000000000000000e+00 0.000000000000000000e+00 7.493445460572784045e-01 1.000000000000000000e+00
0.000000000000000000e+00 0.000000000000000000e+00 7.503716329049238132e-01 1.000000000000000000e+00
0.000000000000000000e+00 0.000000000000000000e+00 7.508052027769028802e-01 1.000000000000000000e+00
0.000000000000000000e+00 0.000000000000000000e+00 7.500323389296678078e-01 1.000000000000000000e+00
0.000000000000000000e+00 0.000000000000000000e+00 7.380108252279433678e-01 1.000000000000000000e+00
1.919338991278666529e-01 1.000000000000000000e+00 4.114620787441826688e-01 0.000000000000000000e+00
0.000000000000000000e+00 0.000000000000000000e+00 7.387063952463234218e-01 1.000000000000000000e+00
1.951148019789404886e-01 1.000000000000000000e+00 4.125308130611806678e-01 0.000000000000000000e+00
0.000000000000000000e+00 0.000000000000000000e+00 7.391334778013105566e-01 1.000000000000000000e+00
0.000000000000000000e+00 0.000000000000000000e+00 7.416335503446351840e-01 1.000000000000000000e+00
2.030495179081165114e-01 1.000000000000000000e+00 4.241270862732920421e-01 0.000000000000000000e+00
0.000000000000000000e+00 0.000000000000000000e+00 7.427528600063881825e-01 1.000000000000000000e+00
0.000000000000000000e+00 0.000000000000000000e+00 7.411812182983353869e-01 1.000000000000000000e+00
0.000000000000000000e+00 0.000000000000000000e+00 7.422965607060638682e-01 1.000000000000000000e+00
0.000000000000000000e+00 0.000000000000000000e+00 7.411638800576049180e-01 1.000000000000000000e+00
0.000000000000000000e+00 0.000000000000000000e+00 7.412027164702765791e-01 1.000000000000000000e+00
1.927648951770014329e-01 1.000000000000000000e+00 4.243696801838982013e-01 0.000000000000000000e+00
0.000000000000000000e+00 0.000000000000000000e+00 7.420532857352749589e-01 1.000000000000000000e+00
0.000000000000000000e+00 0.000000000000000000e+00 7.422463812445622144e-01 1.000000000000000000e+00
0.000000000000000000e+00 0.000000000000000000e+00 7.432894712065635234e-01 1.000000000000000000e+00
0.000000000000000000e+00 0.000000000000000000e+00 7.412953376037408892e-01 1.000000000000000000e+00
0.000000000000000000e+00 0.000000000000000000e+00 7.411568478127225079e-01 1.000000000000000000e+00
0.000000000000000000e+00 0.000000000000000000e+00 7.396015485966486169e-01 1.000000000000000000e+00
0.000000000000000000e+00 0.000000000000000000e+00 7.400586094673295978e-01 1.000000000000000000e+00
0.000000000000000000e+00 0.000000000000000000e+00 7.400289431241110494e-01 1.000000000000000000e+00
0.000000000000000000e+00 0.000000000000000000e+00 7.401723345312896107e-01 1.000000000000000000e+00
0.000000000000000000e+00 0.000000000000000000e+00 7.393501976186214186e-01 1.000000000000000000e+00
0.000000000000000000e+00 0.000000000000000000e+00 7.380953443445665840e-01 1.000000000000000000e+00
0.000000000000000000e+00 0.000000000000000000e+00 7.382033951492593671e-01 1.000000000000000000e+00
0.000000000000000000e+00 0.000000000000000000e+00 7.383374236432098670e-01 1.000000000000000000e+00
0.000000000000000000e+00 0.000000000000000000e+00 7.383673201418402554e-01 1.000000000000000000e+00
3.706104564207083341e-01 1.000000000000000000e+00 5.215028201634460681e-01 7.692489353921930229e-03
3.719399558417904039e-01 1.000000000000000000e+00 5.158588131359940210e-01 0.000000000000000000e+00
0.000000000000000000e+00 0.000000000000000000e+00 7.380683159884373623e-01 1.000000000000000000e+00
3.703137818601690556e-01 1.000000000000000000e+00 5.140456151187801082e-01 0.000000000000000000e+00
0.000000000000000000e+00 0.000000000000000000e+00 7.380638348938033388e-01 1.000000000000000000e+00
0.000000000000000000e+00 0.000000000000000000e+00 7.380182545977820308e-01 1.000000000000000000e+00
0.000000000000000000e+00 0.000000000000000000e+00 7.381092402147607645e-01 1.000000000000000000e+00
3.729204467425609737e-01 1.000000000000000000e+00 5.098626282114584463e-01 0.000000000000000000e+00
0.000000000000000000e+00 0.000000000000000000e+00 7.384845269331017370e-01 1.000000000000000000e+00
0.000000000000000000e+00 0.000000000000000000e+00 7.386498304330173514e-01 1.000000000000000000e+00
0.000000000000000000e+00 0.000000000000000000e+00 7.385562901410478442e-01 1.000000000000000000e+00
3.780483722052703777e-01 1.000000000000000000e+00 5.033753726683733998e-01 0.000000000000000000e+00
0.000000000000000000e+00 0.000000000000000000e+00 7.389481081997404388e-01 1.000000000000000000e+00
3.797526001755882619e-01 1.000000000000000000e+00 5.038257627321689469e-01 0.000000000000000000e+00
3.809802632742509965e-01 1.000000000000000000e+00 5.017631167628432420e-01 0.000000000000000000e+00
3.788521323060756729e-01 1.000000000000000000e+00 5.069986635579548651e-01 0.000000000000000000e+00
0.000000000000000000e+00 0.000000000000000000e+00 7.402137849400995950e-01 1.000000000000000000e+00
0.000000000000000000e+00 0.000000000000000000e+00 7.399262993314381642e-01 1.000000000000000000e+00
0.000000000000000000e+00 0.000000000000000000e+00 7.390323891290258018e-01 1.000000000000000000e+00
3.769916604321784104e-01 1.000000000000000000e+00 5.035245721783003781e-01 1.672141455704726637e-02
3.814351612895034438e-01 1.000000000000000000e+00 4.885333238433733904e-01 0.000000000000000000e+00
3.820534835022463271e-01 1.000000000000000000e+00 4.800137342672236573e-01 0.000000000000000000e+00
3.848192136772397576e-01 1.000000000000000000e+00 4.716943431868187431e-01 0.000000000000000000e+00
3.762815333908895998e-01 1.000000000000000000e+00 4.906947145063561555e-01 0.000000000000000000e+00
0.000000000000000000e+00 0.000000000000000000e+00 7.376009131793359597e-01 1.000000000000000000e+00
3.797132975415558054e-01 1.000000000000000000e+00 4.870959119899418988e-01 0.000000000000000000e+00
0.000000000000000000e+00 0.000000000000000000e+00 7.375327602412102834e-01 1.000000000000000000e+00
0.000000000000000000e+00 0.000000000000000000e+00 7.380109535634491458e-01 1.000000000000000000e+00
3.857734237719570580e-01 1.000000000000000000e+00 4.735338998297482505e-01 0.000000000000000000e+00
3.754925511011926731e-01 1.000000000000000000e+00 4.713782383586898606e-01 0.000000000000000000e+00
0.000000000000000000e+00 0.000000000000000000e+00 7.383799460257023384e-01 1.000000000000000000e+00
3.816593051495233979e-01 1.000000000000000000e+00 4.731340542293802631e-01 0.000000000000000000e+00
0.000000000000000000e+00 0.000000000000000000e+00 7.377034140132870954e-01 1.000000000000000000e+00
0.000000000000000000e+00 0.000000000000000000e+00 7.376652704798187798e-01 1.000000000000000000e+00
3.926251396894870904e-01 1.000000000000000000e+00 4.635832059290032059e-01 0.000000000000000000e+00
0.000000000000000000e+00 0.000000000000000000e+00 7.375273022275322665e-01 1.000000000000000000e+00
3.930291000860949846e-01 1.000000000000000000e+00 4.658314954551767140e-01 0.000000000000000000e+00
3.903112582039988121e-01 1.000000000000000000e+00 4.731709574812126284e-01 0.000000000000000000e+00
0.000000000000000000e+00 0.000000000000000000e+00 7.378543302129519921e-01 1.000000000000000000e+00
0.000000000000000000e+00 0.000000000000000000e+00 7.378086029434327564e-01 1.000000000000000000e+00
3.998210416491360109e-01 1.000000000000000000e+00 4.700341266233664106e-01 0.000000000000000000e+00
3.995269380174434337e-01 1.000000000000000000e+00 4.620218759327904268e-01 0.000000000000000000e+00
4.008221257193469445e-01 1.000000000000000000e+00 4.638107699510168880e-01 0.000000000000000000e+00
4.007622710020332657e-01 1.000000000000000000e+00 4.622693966961382017e-01 0.000000000000000000e+00
4.020058584439674676e-01 1.000000000000000000e+00 4.607796332853555388e-01 0.000000000000000000e+00
4.012282191218775051e-01 1.000000000000000000e+00 4.616136122444386980e-01 0.000000000000000000e+00
4.028688621269232439e-01 1.000000000000000000e+00 4.501935633224388722e-01 0.000000000000000000e+00
0.000000000000000000e+00 0.000000000000000000e+00 7.376991315844636521e-01 1.000000000000000000e+00
