1.713628172874450684e-01 4.173628091812133789e-01 1.979582905769348145e-01 5.019009113311767578e-02
1.713628172874450684e-01 4.173628091812133789e-01 1.979582905769348145e-01 5.019009113311767578e-02
1.713628172874450684e-01 4.173628091812133789e-01 1.979582905769348145e-01 5.019009113311767578e-02
1.713628172874450684e-01 4.173628091812133789e-01 1.979582905769348145e-01 5.019009113311767578e-02
5.132719041249789171e-01 3.566889325335894645e-01 2.662139751156994971e-01 0.000000000000000000e+00
5.132719041249789171e-01 3.566889325335894645e-01 2.662139751156994971e-01 0.000000000000000000e+00
5.132719041249789171e-01 3.566889325335894645e-01 2.662139751156994971e-01 0.000000000000000000e+00
5.132719041249789171e-01 3.566889325335894645e-01 2.662139751156994971e-01 0.000000000000000000e+00
5.132719041249789171e-01 3.566889325335894645e-01 2.662139751156994971e-01 0.000000000000000000e+00
5.132719041249789171e-01 3.566889325335894645e-01 2.662139751156994971e-01 0.000000000000000000e+00
5.132719041249789171e-01 3.566889325335894645e-01 2.662139751156994971e-01 0.000000000000000000e+00
5.132719041249789171e-01 3.566889325335894645e-01 2.662139751156994971e-01 0.000000000000000000e+00
5.132719041249789171e-01 3.566889325335894645e-01 2.662139751156994971e-01 0.000000000000000000e+00
3.736161897915658558e-01 1.000000000000000000e+00 0.000000000000000000e+00 3.140344993764256354e-01
3.736161897915658558e-01 1.000000000000000000e+00 0.000000000000000000e+00 3.140344993764256354e-01
3.736161897915658558e-01 1.000000000000000000e+00 0.000000000000000000e+00 3.140344993764256354e-01
3.736161897915658558e-01 1.000000000000000000e+00 0.000000000000000000e+00 3.140344993764256354e-01
2.003349828359910767e-01 1.000000000000000000e+00 0.000000000000000000e+00 3.604381921206449846e-01
2.003349828359910767e-01 1.000000000000000000e+00 0.000000000000000000e+00 3.604381921206449846e-01
2.003349828359910767e-01 1.000000000000000000e+00 0.000000000000000000e+00 3.604381921206449846e-01
2.003349828359910767e-01 1.000000000000000000e+00 0.000000000000000000e+00 3.604381921206449846e-01
2.652498593744013755e-01 9.331197886343718384e-01 0.000000000000000000e+00 3.493925546675142879e-01
2.652498593744013755e-01 9.331197886343718384e-01 0.000000000000000000e+00 3.493925546675142879e-01
2.735021585703826807e-01 9.003602769389986715e-01 0.000000000000000000e+00 3.479233411056105174e-01
2.735021585703826807e-01 9.003602769389986715e-01 0.000000000000000000e+00 3.479233411056105174e-01
