1.141716659742764373e+00
1.141716659742764373e+00
1.566358064761213642e+00
1.566358064761213642e+00
1.566358064761213642e+00
1.566358064761213642e+00
1.566358064761213642e+00
1.566358064761213642e+00
1.859702591429173157e+00
1.859702591429173157e+00
1.940361392906077453e+00
1.940361392906077453e+00
1.940361392906077453e+00
1.940361392906077453e+00
2.041521904330247938e+00
2.041521904330247938e+00
2.041521904330247938e+00
2.041521904330247938e+00
2.041521904330247938e+00
2.041521904330247938e+00
2.041521904330247938e+00
2.041521904330247938e+00
2.041521904330247938e+00
2.041521904330247938e+00
2.041521904330247938e+00
2.041521904330247938e+00
2.041521904330247938e+00
2.041521904330247938e+00
2.041521904330247938e+00
2.051883438028710316e+00
2.051883438028710316e+00
2.051883438028710316e+00
2.051883438028710316e+00
2.051883438028710316e+00
2.051883438028710316e+00
2.051883438028710316e+00
2.051883438028710316e+00
2.051883438028710316e+00
2.051883438028710316e+00
2.051883438028710316e+00
2.051883438028710316e+00
2.051883438028710316e+00
2.051883438028710316e+00
2.051883438028710316e+00
2.051883438028710316e+00
2.051883438028710316e+00
2.051883438028710316e+00
2.051883438028710316e+00
2.051883438028710316e+00
2.051883438028710316e+00
2.051883438028710316e+00
2.051883438028710316e+00
2.051883438028710316e+00
2.051883438028710316e+00
2.051883438028710316e+00
2.051883438028710316e+00
2.051883438028710316e+00
2.053345734889803431e+00
2.053345734889803431e+00
2.053345734889803431e+00
2.053345734889803431e+00
2.053345734889803431e+00
2.053345734889803431e+00
2.053345734889803431e+00
2.053345734889803431e+00
2.053345734889803431e+00
2.053345734889803431e+00
2.053345734889803431e+00
2.053345734889803431e+00
2.053345734889803431e+00
2.053345734889803431e+00
2.053345734889803431e+00
2.053345734889803431e+00
2.053345734889803431e+00
2.053345734889803431e+00
2.053345734889803431e+00
2.053345734889803431e+00
2.053345734889803431e+00
2.053345734889803431e+00
2.053345734889803431e+00
2.053345734889803431e+00
2.053345734889803431e+00
2.053345734889803431e+00
2.053345734889803431e+00
2.053345734889803431e+00
2.053345734889803431e+00
2.053345734889803431e+00
2.053345734889803431e+00
2.053345734889803431e+00
2.053345734889803431e+00
2.053345734889803431e+00
2.053345734889803431e+00
2.053345734889803431e+00
2.053345734889803431e+00
2.053345734889803431e+00
2.053345734889803431e+00
2.053345734889803431e+00
2.053345734889803431e+00
2.053345734889803431e+00
2.053345734889803431e+00
