-1.241237167640953043e+00
-3.042918595786692215e-01
-1.405919930610965096e+00
-3.319839157274377950e-01
-5.166425167232608917e-01
-1.741843382509947968e+00
1.196596907779219343e+00
7.200701388311765427e-01
-3.444917389853779932e-01
9.645690372630736364e-01
-1.372281612001598150e+00
-1.394374553831698949e+00
-1.422276245978531861e+00
-1.826067277851829429e-01
1.128234397410720957e+00
-6.149190348137434370e-02
-6.936686069795351406e-01
-8.021413246805010333e-01
-8.186011742731870156e-01
6.756957805393374317e-01
-4.956455857858516056e-01
-1.426484620887289889e+00
-1.626374897664784047e-01
-9.966904325984040636e-01
-1.578681545103042039e+00
4.831306552879372634e-02
-1.057735569742472570e-03
1.402565465395933852e+00
-1.089725495056850235e+00
1.331381425659726059e+00
1.103176805806328625e-01
-6.897579400075699585e-01
7.126430052844917595e-01
-5.744144790915683974e-01
1.424892382690890802e+00
-1.385359037716478614e+00
-1.594133932828161182e+00
-4.412795963930085108e-01
-2.777620347297932168e-01
-3.559189798375025915e-01
4.395358301650119648e-01
-5.631018059233831030e-01
-1.341336491909207451e+00
-9.386817600720297472e-01
-9.386817600720297472e-01
