-1.119108093698112594e+00
-3.033074832507204333e-01
-2.627977970262515006e-01
-6.836649999586041915e-01
-8.202537550452653203e-01
-7.938899222672324285e-01
-7.499204219933968130e-01
-1.076458989020742774e+00
-8.705240747600745399e-01
-5.832282751812043475e-01
6.832030232736389097e-01
6.283128431944799974e-01
-2.190075582869684123e-01
-5.602497731855476948e-01
-1.199323608331759466e-01
8.039719755913932175e-01
5.442173272287805785e-01
-2.293354660716881432e-01
7.068210936821709423e-01
-7.343075432528032298e-01
8.390200829477201250e-01
8.313359117815309896e-01
-6.482965597103096389e-01
-4.719002338950195052e-01
-8.218529561192660093e-01
-6.307852604842465460e-01
3.404560728408115300e-01
-5.174154941855775292e-01
-3.966863842176319155e-01
6.074676281903954589e-01
-2.470966773480074985e-01
-2.887518653819873826e-01
-6.325770407229478476e-01
1.858323549314374046e-01
2.902196533520704502e-01
3.682999064318434601e-01
-1.871861958883569432e-02
-7.248102193732386400e-02
-4.394731723377812149e-01
-9.487464634941716879e-02
-6.236736188862326280e-01
4.461692116351076987e-01
-3.103461342649402877e-01
8.498465083860513580e-01
8.483252244196353153e-01
8.400449435456969205e-01
5.374172467491781235e-01
-5.483688334549773336e-01
-7.045742876539964339e-01
-7.852411941054111555e-01
-1.102770474489053187e-01
2.373841737636156468e-01
1.380928870934727271e-01
-6.554805550879185816e-01
-8.341579920589609065e-01
-2.775133608810825825e-01
8.447407919432150525e-01
4.210235189745497042e-01
-7.247720782274664764e-01
-3.261315535151685374e-01
-5.835841817562000822e-01
8.479419958878131602e-01
8.527236978036998316e-01
-1.042073169208087985e-01
-9.380249446174597772e-01
-4.617258520729921045e-01
-6.256794509966820961e-01
-3.286398600023710537e-01
-8.016859655117133387e-01
-6.821935222309689628e-01
-4.446519417976613209e-01
-6.266061355579768399e-01
-8.501526252064037781e-01
8.444164151107051985e-01
-5.245058851207724526e-01
-3.064367736142440402e-01
-6.800739110659302922e-01
-8.594022154842981820e-01
7.933319971395322856e-01
8.389890944204654311e-01
8.533499599067883024e-01
8.522382066981796234e-01
8.482745204706318987e-01
2.561787103151685896e-01
-9.072166463070331366e-01
-8.682823792534928309e-01
8.498379067622193750e-01
-6.938135721673548417e-01
8.493032658319811246e-01
-6.184792486269105050e-01
-4.319707287906171533e-02
-6.135002980538998285e-01
-5.098008294007108088e-01
-1.256713375946072464e+00
-9.269425364017912505e-01
8.438075745346238499e-01
-5.247160398383086122e-01
-1.027641480756219305e+00
-8.918626210523870057e-01
-4.582156343155857070e-01
8.521315147927244205e-01
-4.693344387585072219e-01
-7.793597396895016738e-01
8.347388328262034252e-01
8.530979020852892392e-01
-3.129199113602780247e-01
-7.153514527554676317e-01
8.451223389996009860e-01
-3.661126204356066616e-01
-1.113440535283024557e-01
