1.311504926086718203e+00
1.433221243592077920e+00
1.435599618585136739e+00
1.435599618585136739e+00
1.531145719873028277e+00
1.561257972536457705e+00
1.561989041522936938e+00
1.563293239069136309e+00
1.563403179248753716e+00
1.576879260348621248e+00
1.605614477934062201e+00
1.606458514826126116e+00
1.606325482509428859e+00
1.606269276503230703e+00
1.609064761060744031e+00
1.608419181821211907e+00
1.608459855727169874e+00
1.608495075003649077e+00
1.608147131823448373e+00
1.607432089475218540e+00
1.604946512868226982e+00
1.605249096761085070e+00
1.605465508998369595e+00
1.606574618393926457e+00
1.606476935817203966e+00
1.605987469875109763e+00
1.605706177400436196e+00
1.605600414113891317e+00
1.605204611570533180e+00
1.604940522866222796e+00
1.604487198167541262e+00
1.604084145786747406e+00
1.604066411593087382e+00
1.602461251414012189e+00
1.601584027406817157e+00
1.605878412815306300e+00
1.607264664448674107e+00
1.607351593155992742e+00
1.607246022805774111e+00
1.606821927994382282e+00
1.606162249750086701e+00
1.608178160488971997e+00
1.608098099063797193e+00
1.563728816124103638e+00
1.599716122195469215e+00
1.600986609121572091e+00
1.601201723623399742e+00
1.600979149011928504e+00
1.600966356249081457e+00
1.598671903767181046e+00
1.598829947349357905e+00
1.605148521875854328e+00
1.601942811141922940e+00
1.602815151460908583e+00
1.603101291639618786e+00
1.604555988677322853e+00
1.604140272106020504e+00
1.604523705774548059e+00
1.603261694182783970e+00
1.606343670911068333e+00
1.606501736310784523e+00
1.606306547004637819e+00
1.605702731682943529e+00
1.604262399749358137e+00
1.603918663821318980e+00
1.604753013873964518e+00
1.604459618100805507e+00
1.606696855729516038e+00
1.606700187831883397e+00
1.604098307074680374e+00
1.602593840133266667e+00
1.602441221490129797e+00
1.608198896002297928e+00
1.610339077851958844e+00
1.608565497925266818e+00
1.609005303766329664e+00
1.608641221864974380e+00
1.608845328020225285e+00
1.605868544812540488e+00
1.605964071680668237e+00
1.605883039715339411e+00
1.605910683905079406e+00
1.606159335423844148e+00
1.609468976089506231e+00
1.608995092494581725e+00
1.609011270998851550e+00
1.609608162768762618e+00
1.607211991688897168e+00
1.607523323142361793e+00
1.606845050481585435e+00
1.609051545336748656e+00
1.609105134481982446e+00
1.609168060908117592e+00
1.609157643859707054e+00
1.609831427877561172e+00
1.611515350071441866e+00
1.610920815038035414e+00
1.610118331192742502e+00
1.609745087540791486e+00
1.609657809683266549e+00
