0.000000000000000000e+00 1.000000000000000000e+00 6.272408135031347642e-01 0.000000000000000000e+00 1.000000000000000000e+00 0.000000000000000000e+00
0.000000000000000000e+00 0.000000000000000000e+00 8.175565380901272938e-01 0.000000000000000000e+00 1.000000000000000000e+00 0.000000000000000000e+00
0.000000000000000000e+00 1.000000000000000000e+00 1.000000000000000000e+00 0.000000000000000000e+00 1.000000000000000000e+00 0.000000000000000000e+00
0.000000000000000000e+00 1.000000000000000000e+00 1.000000000000000000e+00 0.000000000000000000e+00 1.000000000000000000e+00 0.000000000000000000e+00
0.000000000000000000e+00 5.237216802849029573e-01 9.102553860616463544e-01 0.000000000000000000e+00 1.000000000000000000e+00 0.000000000000000000e+00
0.000000000000000000e+00 3.623805777467169476e-01 1.000000000000000000e+00 0.000000000000000000e+00 1.000000000000000000e+00 0.000000000000000000e+00
0.000000000000000000e+00 3.715971848094720142e-01 1.000000000000000000e+00 0.000000000000000000e+00 1.000000000000000000e+00 0.000000000000000000e+00
0.000000000000000000e+00 3.897333059004337019e-01 1.000000000000000000e+00 0.000000000000000000e+00 1.000000000000000000e+00 0.000000000000000000e+00
0.000000000000000000e+00 3.913915396775349831e-01 1.000000000000000000e+00 0.000000000000000000e+00 1.000000000000000000e+00 0.000000000000000000e+00
0.000000000000000000e+00 3.586897877600896956e-01 1.000000000000000000e+00 5.654094228500234492e-02 1.000000000000000000e+00 0.000000000000000000e+00
0.000000000000000000e+00 2.477814275595483784e-01 1.000000000000000000e+00 1.894988601027178809e-01 1.000000000000000000e+00 0.000000000000000000e+00
0.000000000000000000e+00 1.916840865348559964e-01 1.000000000000000000e+00 2.199661425852956487e-01 1.000000000000000000e+00 0.000000000000000000e+00
0.000000000000000000e+00 1.796217330191336170e-01 1.000000000000000000e+00 2.281810317216958484e-01 1.000000000000000000e+00 0.000000000000000000e+00
0.000000000000000000e+00 1.766768477367811063e-01 1.000000000000000000e+00 2.303101027883978913e-01 1.000000000000000000e+00 0.000000000000000000e+00
0.000000000000000000e+00 2.149530230671071462e-01 1.000000000000000000e+00 2.261216368793002029e-01 1.000000000000000000e+00 0.000000000000000000e+00
0.000000000000000000e+00 2.143661971135848998e-01 1.000000000000000000e+00 2.210612635612453913e-01 1.000000000000000000e+00 0.000000000000000000e+00
0.000000000000000000e+00 2.045158605371402427e-01 1.000000000000000000e+00 2.276694961217174684e-01 1.000000000000000000e+00 0.000000000000000000e+00
0.000000000000000000e+00 2.034574081829630954e-01 1.000000000000000000e+00 2.287450144458915979e-01 1.000000000000000000e+00 0.000000000000000000e+00
0.000000000000000000e+00 2.322003057543346183e-01 1.000000000000000000e+00 2.103682293375936929e-01 1.000000000000000000e+00 0.000000000000000000e+00
0.000000000000000000e+00 2.168774565544427380e-01 1.000000000000000000e+00 2.123239391585085567e-01 1.000000000000000000e+00 0.000000000000000000e+00
0.000000000000000000e+00 1.841294607262650151e-01 1.000000000000000000e+00 2.138934225741302986e-01 1.000000000000000000e+00 0.000000000000000000e+00
0.000000000000000000e+00 1.789592574289092797e-01 1.000000000000000000e+00 2.197879770341041039e-01 1.000000000000000000e+00 0.000000000000000000e+00
0.000000000000000000e+00 1.767180701334973569e-01 1.000000000000000000e+00 2.232618410861085256e-01 1.000000000000000000e+00 0.000000000000000000e+00
0.000000000000000000e+00 2.019639344848238316e-01 1.000000000000000000e+00 2.143057603822388912e-01 1.000000000000000000e+00 0.000000000000000000e+00
0.000000000000000000e+00 1.973415322624754165e-01 1.000000000000000000e+00 2.163913213882016628e-01 1.000000000000000000e+00 0.000000000000000000e+00
0.000000000000000000e+00 1.894278802586417676e-01 1.000000000000000000e+00 2.179110207494972251e-01 1.000000000000000000e+00 0.000000000000000000e+00
0.000000000000000000e+00 2.009186824798470383e-01 1.000000000000000000e+00 2.089151507176527922e-01 1.000000000000000000e+00 0.000000000000000000e+00
0.000000000000000000e+00 1.993764857389310474e-01 1.000000000000000000e+00 2.090669568572640913e-01 1.000000000000000000e+00 0.000000000000000000e+00
0.000000000000000000e+00 1.947114359181725818e-01 1.000000000000000000e+00 2.090897725009873975e-01 1.000000000000000000e+00 0.000000000000000000e+00
0.000000000000000000e+00 1.915999700222331958e-01 1.000000000000000000e+00 2.091602630593054346e-01 1.000000000000000000e+00 0.000000000000000000e+00
0.000000000000000000e+00 1.870323378748070808e-01 1.000000000000000000e+00 2.089090611167017386e-01 1.000000000000000000e+00 0.000000000000000000e+00
0.000000000000000000e+00 1.863262193303810710e-01 1.000000000000000000e+00 2.067135096722689525e-01 1.000000000000000000e+00 0.000000000000000000e+00
0.000000000000000000e+00 1.862102251813164688e-01 1.000000000000000000e+00 2.066690591671005717e-01 1.000000000000000000e+00 0.000000000000000000e+00
0.000000000000000000e+00 1.768708198331068460e-01 1.000000000000000000e+00 2.022740272539728934e-01 1.000000000000000000e+00 0.000000000000000000e+00
0.000000000000000000e+00 1.736096468693992534e-01 1.000000000000000000e+00 1.990087163425942052e-01 1.000000000000000000e+00 0.000000000000000000e+00
0.000000000000000000e+00 2.143205197185418243e-01 1.000000000000000000e+00 2.032751151569479331e-01 1.000000000000000000e+00 0.000000000000000000e+00
0.000000000000000000e+00 2.494331999674247180e-01 1.000000000000000000e+00 1.986458141878019446e-01 1.000000000000000000e+00 0.000000000000000000e+00
0.000000000000000000e+00 2.503402224966017608e-01 1.000000000000000000e+00 1.989177048602078779e-01 1.000000000000000000e+00 0.000000000000000000e+00
0.000000000000000000e+00 2.493288950955340755e-01 1.000000000000000000e+00 1.985618786017597504e-01 1.000000000000000000e+00 0.000000000000000000e+00
0.000000000000000000e+00 2.413172632502483539e-01 1.000000000000000000e+00 1.984600270069744044e-01 1.000000000000000000e+00 0.000000000000000000e+00
0.000000000000000000e+00 2.269151447451382420e-01 1.000000000000000000e+00 1.996557743833921594e-01 1.000000000000000000e+00 0.000000000000000000e+00
0.000000000000000000e+00 2.457752237076994140e-01 1.000000000000000000e+00 2.055992862708182489e-01 1.000000000000000000e+00 0.000000000000000000e+00
0.000000000000000000e+00 2.438629264168916400e-01 1.000000000000000000e+00 2.056991372863294087e-01 1.000000000000000000e+00 0.000000000000000000e+00
1.318978531939613563e-01 1.197552145078466385e-01 1.000000000000000000e+00 3.113090916224870996e-01 1.000000000000000000e+00 0.000000000000000000e+00
0.000000000000000000e+00 1.324736475883209197e-01 1.000000000000000000e+00 2.174921433351207911e-01 1.000000000000000000e+00 0.000000000000000000e+00
0.000000000000000000e+00 1.519632427189857582e-01 1.000000000000000000e+00 2.098404584863862166e-01 1.000000000000000000e+00 0.000000000000000000e+00
0.000000000000000000e+00 1.579450371805231346e-01 1.000000000000000000e+00 2.068306492574412403e-01 1.000000000000000000e+00 0.000000000000000000e+00
0.000000000000000000e+00 1.537030528379174366e-01 1.000000000000000000e+00 2.084762966270989892e-01 1.000000000000000000e+00 0.000000000000000000e+00
0.000000000000000000e+00 1.536290435882340655e-01 1.000000000000000000e+00 2.084475313592091261e-01 1.000000000000000000e+00 0.000000000000000000e+00
0.000000000000000000e+00 1.311833060603796730e-01 1.000000000000000000e+00 2.111435965571857032e-01 1.000000000000000000e+00 0.000000000000000000e+00
0.000000000000000000e+00 1.262033528777848912e-01 1.000000000000000000e+00 2.168665059715919330e-01 1.000000000000000000e+00 0.000000000000000000e+00
0.000000000000000000e+00 1.761532273151683869e-01 1.000000000000000000e+00 2.211640420764491854e-01 1.000000000000000000e+00 0.000000000000000000e+00
0.000000000000000000e+00 1.708781887656130039e-01 1.000000000000000000e+00 2.028103067855761554e-01 1.000000000000000000e+00 0.000000000000000000e+00
0.000000000000000000e+00 1.818738909855568964e-01 1.000000000000000000e+00 2.014577411697784926e-01 1.000000000000000000e+00 0.000000000000000000e+00
0.000000000000000000e+00 1.431944209327646600e-01 1.000000000000000000e+00 2.356334682880774634e-01 1.000000000000000000e+00 0.000000000000000000e+00
0.000000000000000000e+00 1.536976654638234907e-01 1.000000000000000000e+00 2.379241206319216151e-01 1.000000000000000000e+00 0.000000000000000000e+00
0.000000000000000000e+00 1.521040638999700545e-01 1.000000000000000000e+00 2.354173329546970783e-01 1.000000000000000000e+00 0.000000000000000000e+00
0.000000000000000000e+00 1.493914466958838616e-01 1.000000000000000000e+00 2.435811194106723143e-01 1.000000000000000000e+00 0.000000000000000000e+00
0.000000000000000000e+00 1.356013991272500274e-01 1.000000000000000000e+00 2.499266912040680189e-01 1.000000000000000000e+00 0.000000000000000000e+00
0.000000000000000000e+00 1.639911879044090859e-01 1.000000000000000000e+00 2.457641157405475452e-01 1.000000000000000000e+00 0.000000000000000000e+00
0.000000000000000000e+00 1.658689559076161613e-01 1.000000000000000000e+00 2.451591569415159655e-01 1.000000000000000000e+00 0.000000000000000000e+00
0.000000000000000000e+00 1.613233783545744982e-01 1.000000000000000000e+00 2.494979538864774138e-01 1.000000000000000000e+00 0.000000000000000000e+00
0.000000000000000000e+00 1.524831895594378484e-01 1.000000000000000000e+00 2.567750151217485510e-01 1.000000000000000000e+00 0.000000000000000000e+00
0.000000000000000000e+00 1.406460416279171621e-01 1.000000000000000000e+00 2.566941246116608011e-01 1.000000000000000000e+00 0.000000000000000000e+00
0.000000000000000000e+00 1.390110209707085542e-01 1.000000000000000000e+00 2.538781754588029238e-01 1.000000000000000000e+00 0.000000000000000000e+00
0.000000000000000000e+00 1.442816900128590651e-01 1.000000000000000000e+00 2.575607995508555903e-01 1.000000000000000000e+00 0.000000000000000000e+00
0.000000000000000000e+00 1.414378280909610597e-01 1.000000000000000000e+00 2.589620572540837218e-01 1.000000000000000000e+00 0.000000000000000000e+00
0.000000000000000000e+00 1.654621346317373121e-01 1.000000000000000000e+00 2.485618548928908433e-01 1.000000000000000000e+00 0.000000000000000000e+00
0.000000000000000000e+00 1.667017993670655840e-01 1.000000000000000000e+00 2.466724339294850965e-01 1.000000000000000000e+00 0.000000000000000000e+00
0.000000000000000000e+00 1.396737944949441312e-01 1.000000000000000000e+00 2.557993921258501224e-01 1.000000000000000000e+00 0.000000000000000000e+00
0.000000000000000000e+00 1.263297349510526524e-01 1.000000000000000000e+00 2.617830430269025843e-01 1.000000000000000000e+00 0.000000000000000000e+00
0.000000000000000000e+00 1.249262251647602767e-01 1.000000000000000000e+00 2.630297346151131421e-01 1.000000000000000000e+00 0.000000000000000000e+00
0.000000000000000000e+00 1.826026199353950885e-01 1.000000000000000000e+00 2.452499710822367562e-01 1.000000000000000000e+00 0.000000000000000000e+00
0.000000000000000000e+00 2.120250599359290167e-01 1.000000000000000000e+00 2.412541452223176397e-01 1.000000000000000000e+00 0.000000000000000000e+00
0.000000000000000000e+00 2.011490527424896479e-01 1.000000000000000000e+00 2.311348374998144495e-01 1.000000000000000000e+00 0.000000000000000000e+00
0.000000000000000000e+00 2.021091264864542658e-01 1.000000000000000000e+00 2.347382690765663915e-01 1.000000000000000000e+00 0.000000000000000000e+00
0.000000000000000000e+00 1.986219313299084355e-01 1.000000000000000000e+00 2.339193628881330311e-01 1.000000000000000000e+00 0.000000000000000000e+00
0.000000000000000000e+00 2.002581061350638680e-01 1.000000000000000000e+00 2.346310259791311859e-01 1.000000000000000000e+00 0.000000000000000000e+00
0.000000000000000000e+00 2.045977194672142230e-01 1.000000000000000000e+00 2.080049826444857197e-01 1.000000000000000000e+00 0.000000000000000000e+00
0.000000000000000000e+00 2.053057471978713688e-01 1.000000000000000000e+00 2.082609545016828601e-01 1.000000000000000000e+00 0.000000000000000000e+00
0.000000000000000000e+00 2.050405673244630744e-01 1.000000000000000000e+00 2.078670322343651178e-01 1.000000000000000000e+00 0.000000000000000000e+00
0.000000000000000000e+00 2.214543318344890377e-01 1.000000000000000000e+00 2.003452050209916790e-01 1.000000000000000000e+00 0.000000000000000000e+00
0.000000000000000000e+00 2.283915991520955313e-01 1.000000000000000000e+00 1.990648004980663799e-01 1.000000000000000000e+00 0.000000000000000000e+00
0.000000000000000000e+00 2.419002979685091759e-01 1.000000000000000000e+00 2.161422991713158326e-01 1.000000000000000000e+00 0.000000000000000000e+00
0.000000000000000000e+00 2.412440129531099320e-01 1.000000000000000000e+00 2.128518315532994531e-01 1.000000000000000000e+00 0.000000000000000000e+00
0.000000000000000000e+00 2.421610500221116347e-01 1.000000000000000000e+00 2.126300121746045324e-01 1.000000000000000000e+00 0.000000000000000000e+00
0.000000000000000000e+00 2.401837442612703155e-01 1.000000000000000000e+00 2.178953333055580754e-01 1.000000000000000000e+00 0.000000000000000000e+00
0.000000000000000000e+00 2.307034353088869283e-01 1.000000000000000000e+00 2.047139976913851522e-01 1.000000000000000000e+00 0.000000000000000000e+00
0.000000000000000000e+00 2.300317975103637058e-01 1.000000000000000000e+00 2.070187554359169957e-01 1.000000000000000000e+00 0.000000000000000000e+00
0.000000000000000000e+00 2.241811003314560236e-01 1.000000000000000000e+00 2.050254345636288722e-01 1.000000000000000000e+00 0.000000000000000000e+00
0.000000000000000000e+00 2.467380271156599525e-01 1.000000000000000000e+00 2.113089196341171039e-01 1.000000000000000000e+00 0.000000000000000000e+00
0.000000000000000000e+00 2.454923614609742510e-01 1.000000000000000000e+00 2.121219305067009453e-01 1.000000000000000000e+00 0.000000000000000000e+00
0.000000000000000000e+00 2.489324750074819181e-01 1.000000000000000000e+00 2.114206931767896869e-01 1.000000000000000000e+00 0.000000000000000000e+00
0.000000000000000000e+00 2.480045282071529633e-01 1.000000000000000000e+00 2.116501881664014373e-01 1.000000000000000000e+00 0.000000000000000000e+00
0.000000000000000000e+00 2.473485883078970771e-01 1.000000000000000000e+00 2.169368913478972871e-01 1.000000000000000000e+00 0.000000000000000000e+00
0.000000000000000000e+00 2.615160087328520233e-01 1.000000000000000000e+00 2.267765172506727434e-01 1.000000000000000000e+00 0.000000000000000000e+00
0.000000000000000000e+00 2.569150786493759053e-01 1.000000000000000000e+00 2.227360647222409451e-01 1.000000000000000000e+00 0.000000000000000000e+00
0.000000000000000000e+00 2.620009699026254468e-01 1.000000000000000000e+00 2.147040332677546959e-01 1.000000000000000000e+00 0.000000000000000000e+00
0.000000000000000000e+00 2.446390580045212926e-01 1.000000000000000000e+00 2.172450280689185165e-01 1.000000000000000000e+00 0.000000000000000000e+00
0.000000000000000000e+00 2.449221699246865447e-01 1.000000000000000000e+00 2.164616806503583957e-01 1.000000000000000000e+00 0.000000000000000000e+00
