7.623988796145240165e-01
8.263560852073330576e-01
6.489110364310558543e-01
8.263560852073330576e-01
8.263560852073330576e-01
1.099401739785978993e+00
1.385855272831329366e+00
1.914268479002046552e+00
1.857901605280522617e+00
1.913502900402713758e+00
1.913457885671169922e+00
1.913128876186227290e+00
1.913276128788103270e+00
1.913240881620578815e+00
1.913206033985565657e+00
1.913200152399379572e+00
1.913405116491102564e+00
1.913443341945470610e+00
1.913446335953778110e+00
1.913433310076020355e+00
1.913463547078886773e+00
1.913468506496830646e+00
1.913469864220542327e+00
1.950268994695387059e+00
1.955092010935775892e+00
1.951788100625732714e+00
1.953004363682610212e+00
1.952993179252809020e+00
1.952083840103601142e+00
1.951260364056065066e+00
1.954720335427793110e+00
1.954815741509827953e+00
1.954914566009423149e+00
1.954924747583828948e+00
1.954611458541542834e+00
1.954960667420224230e+00
1.954929421647650267e+00
1.954863319722320414e+00
1.954952733972780354e+00
1.955170605734116052e+00
1.955059075281575964e+00
1.955186635766023029e+00
1.955164799681152088e+00
1.955129834691345714e+00
1.955081965361471497e+00
1.955089424148950261e+00
1.955063917402905416e+00
1.955063267346727862e+00
1.955063545250026458e+00
1.955052313674114028e+00
1.955051115631023517e+00
1.955333259497006537e+00
1.955388759099846441e+00
1.955415348210365778e+00
1.955397901664983173e+00
1.955398191649786233e+00
1.955441474673250468e+00
1.955441075146823637e+00
1.955430830692409305e+00
1.955408059289059253e+00
1.955447493064266684e+00
1.955426273215359778e+00
1.955623422905100828e+00
1.955605844983758113e+00
1.955610890515703915e+00
1.955646566520561347e+00
1.955643538633817347e+00
1.955646727605696800e+00
1.955646607059808861e+00
1.955641602319776018e+00
1.955641944713101044e+00
1.955643933943106205e+00
1.955618000983073479e+00
1.955621936483659118e+00
1.955622579310757780e+00
1.955667674263521949e+00
1.955685617756283801e+00
1.955665234670503017e+00
1.955661294198799638e+00
1.955663077153187768e+00
1.955673247122583946e+00
1.955675851795078524e+00
1.955676557256166959e+00
1.955666182927809249e+00
1.955666834777068042e+00
1.955670397514241099e+00
1.955670590365036654e+00
1.955674390929659889e+00
1.955668830155521176e+00
1.955670441334975695e+00
1.955665291716565779e+00
1.955666458790097817e+00
1.955565797156664676e+00
1.955562652483909591e+00
1.955565458021403691e+00
1.955551428498099709e+00
1.955554671116325638e+00
1.955546908043099830e+00
1.955547305094312849e+00
1.955552988089807265e+00
