2.338284779110572087e-01
2.338284779110572087e-01
2.338284779110572087e-01
2.516994843215730193e-01
2.516994843215730193e-01
2.516994843215730193e-01
2.516994843215730193e-01
2.516994843215730193e-01
2.516994843215730193e-01
2.516994843215730193e-01
5.697108301995933433e-01
5.697108301995933433e-01
5.697108301995933433e-01
5.755196919876512940e-01
5.755196919876512940e-01
9.587604771113886759e-01
9.587604771113886759e-01
9.587604771113886759e-01
9.587604771113886759e-01
9.587604771113886759e-01
9.587604771113886759e-01
9.587604771113886759e-01
9.587604771113886759e-01
9.587604771113886759e-01
9.587604771113886759e-01
9.587604771113886759e-01
9.587604771113886759e-01
9.587604771113886759e-01
9.587604771113886759e-01
9.587604771113886759e-01
9.587604771113886759e-01
9.587604771113886759e-01
9.587604771113886759e-01
9.587604771113886759e-01
9.587604771113886759e-01
9.587604771113886759e-01
9.587604771113886759e-01
9.587604771113886759e-01
9.587604771113886759e-01
9.587604771113886759e-01
9.587604771113886759e-01
9.587604771113886759e-01
9.587604771113886759e-01
9.587604771113886759e-01
9.587604771113886759e-01
9.587604771113886759e-01
9.587604771113886759e-01
9.587604771113886759e-01
9.587604771113886759e-01
9.587604771113886759e-01
