3.035641908645629883e-01 4.381245374679565430e-02 2.550604343414306641e-01 6.976336836814880371e-01 3.808795809745788574e-01 8.824684023857116699e-01
3.035641908645629883e-01 4.381245374679565430e-02 2.550604343414306641e-01 6.976336836814880371e-01 3.808795809745788574e-01 8.824684023857116699e-01
7.841789722442626953e-01 4.052674770355224609e-01 7.673472166061401367e-02 9.380432367324829102e-01 3.463805317878723145e-01 3.374773263931274414e-02
7.841789722442626953e-01 4.052674770355224609e-01 7.673472166061401367e-02 9.380432367324829102e-01 3.463805317878723145e-01 3.374773263931274414e-02
7.841789722442626953e-01 4.052674770355224609e-01 7.673472166061401367e-02 9.380432367324829102e-01 3.463805317878723145e-01 3.374773263931274414e-02
7.841789722442626953e-01 4.052674770355224609e-01 7.673472166061401367e-02 9.380432367324829102e-01 3.463805317878723145e-01 3.374773263931274414e-02
7.841789722442626953e-01 4.052674770355224609e-01 7.673472166061401367e-02 9.380432367324829102e-01 3.463805317878723145e-01 3.374773263931274414e-02
7.841789722442626953e-01 4.052674770355224609e-01 7.673472166061401367e-02 9.380432367324829102e-01 3.463805317878723145e-01 3.374773263931274414e-02
5.686067938804626465e-01 9.880681633949279785e-01 2.494994997978210449e-01 7.493542432785034180e-01 8.249464631080627441e-01 5.972855091094970703e-01
5.686067938804626465e-01 9.880681633949279785e-01 2.494994997978210449e-01 7.493542432785034180e-01 8.249464631080627441e-01 5.972855091094970703e-01
5.686067938804626465e-01 9.880681633949279785e-01 2.494994997978210449e-01 7.493542432785034180e-01 8.249464631080627441e-01 5.972855091094970703e-01
5.686067938804626465e-01 9.880681633949279785e-01 2.494994997978210449e-01 7.493542432785034180e-01 8.249464631080627441e-01 5.972855091094970703e-01
5.686067938804626465e-01 9.880681633949279785e-01 2.494994997978210449e-01 7.493542432785034180e-01 8.249464631080627441e-01 5.972855091094970703e-01
5.686067938804626465e-01 9.880681633949279785e-01 2.494994997978210449e-01 7.493542432785034180e-01 8.249464631080627441e-01 5.972855091094970703e-01
5.686067938804626465e-01 9.880681633949279785e-01 2.494994997978210449e-01 7.493542432785034180e-01 8.249464631080627441e-01 5.972855091094970703e-01
5.686067938804626465e-01 9.880681633949279785e-01 2.494994997978210449e-01 7.493542432785034180e-01 8.249464631080627441e-01 5.972855091094970703e-01
1.185297966003417969e-03 7.145304679870605469e-01 9.397732615470886230e-01 8.675928711891174316e-01 6.103414893150329590e-01 4.734194278717041016e-02
1.185297966003417969e-03 7.145304679870605469e-01 9.397732615470886230e-01 8.675928711891174316e-01 6.103414893150329590e-01 4.734194278717041016e-02
1.185297966003417969e-03 7.145304679870605469e-01 9.397732615470886230e-01 8.675928711891174316e-01 6.103414893150329590e-01 4.734194278717041016e-02
1.185297966003417969e-03 7.145304679870605469e-01 9.397732615470886230e-01 8.675928711891174316e-01 6.103414893150329590e-01 4.734194278717041016e-02
1.185297966003417969e-03 7.145304679870605469e-01 9.397732615470886230e-01 8.675928711891174316e-01 6.103414893150329590e-01 4.734194278717041016e-02
1.185297966003417969e-03 7.145304679870605469e-01 9.397732615470886230e-01 8.675928711891174316e-01 6.103414893150329590e-01 4.734194278717041016e-02
1.185297966003417969e-03 7.145304679870605469e-01 9.397732615470886230e-01 8.675928711891174316e-01 6.103414893150329590e-01 4.734194278717041016e-02
1.185297966003417969e-03 7.145304679870605469e-01 9.397732615470886230e-01 8.675928711891174316e-01 6.103414893150329590e-01 4.734194278717041016e-02
1.185297966003417969e-03 7.145304679870605469e-01 9.397732615470886230e-01 8.675928711891174316e-01 6.103414893150329590e-01 4.734194278717041016e-02
1.185297966003417969e-03 7.145304679870605469e-01 9.397732615470886230e-01 8.675928711891174316e-01 6.103414893150329590e-01 4.734194278717041016e-02
1.185297966003417969e-03 7.145304679870605469e-01 9.397732615470886230e-01 8.675928711891174316e-01 6.103414893150329590e-01 4.734194278717041016e-02
1.185297966003417969e-03 7.145304679870605469e-01 9.397732615470886230e-01 8.675928711891174316e-01 6.103414893150329590e-01 4.734194278717041016e-02
1.185297966003417969e-03 7.145304679870605469e-01 9.397732615470886230e-01 8.675928711891174316e-01 6.103414893150329590e-01 4.734194278717041016e-02
1.185297966003417969e-03 7.145304679870605469e-01 9.397732615470886230e-01 8.675928711891174316e-01 6.103414893150329590e-01 4.734194278717041016e-02
1.185297966003417969e-03 7.145304679870605469e-01 9.397732615470886230e-01 8.675928711891174316e-01 6.103414893150329590e-01 4.734194278717041016e-02
1.185297966003417969e-03 7.145304679870605469e-01 9.397732615470886230e-01 8.675928711891174316e-01 6.103414893150329590e-01 4.734194278717041016e-02
1.185297966003417969e-03 7.145304679870605469e-01 9.397732615470886230e-01 8.675928711891174316e-01 6.103414893150329590e-01 4.734194278717041016e-02
1.185297966003417969e-03 7.145304679870605469e-01 9.397732615470886230e-01 8.675928711891174316e-01 6.103414893150329590e-01 4.734194278717041016e-02
1.185297966003417969e-03 7.145304679870605469e-01 9.397732615470886230e-01 8.675928711891174316e-01 6.103414893150329590e-01 4.734194278717041016e-02
1.185297966003417969e-03 7.145304679870605469e-01 9.397732615470886230e-01 8.675928711891174316e-01 6.103414893150329590e-01 4.734194278717041016e-02
7.710408568382263184e-01 8.142174482345581055e-01 3.830924630165100098e-01 9.903952479362487793e-01 8.777598738670349121e-01 3.772983551025390625e-01
7.710408568382263184e-01 8.142174482345581055e-01 3.830924630165100098e-01 9.903952479362487793e-01 8.777598738670349121e-01 3.772983551025390625e-01
7.710408568382263184e-01 8.142174482345581055e-01 3.830924630165100098e-01 9.903952479362487793e-01 8.777598738670349121e-01 3.772983551025390625e-01
7.710408568382263184e-01 8.142174482345581055e-01 3.830924630165100098e-01 9.903952479362487793e-01 8.777598738670349121e-01 3.772983551025390625e-01
7.710408568382263184e-01 8.142174482345581055e-01 3.830924630165100098e-01 9.903952479362487793e-01 8.777598738670349121e-01 3.772983551025390625e-01
7.710408568382263184e-01 8.142174482345581055e-01 3.830924630165100098e-01 9.903952479362487793e-01 8.777598738670349121e-01 3.772983551025390625e-01
7.710408568382263184e-01 8.142174482345581055e-01 3.830924630165100098e-01 9.903952479362487793e-01 8.777598738670349121e-01 3.772983551025390625e-01
7.710408568382263184e-01 8.142174482345581055e-01 3.830924630165100098e-01 9.903952479362487793e-01 8.777598738670349121e-01 3.772983551025390625e-01
7.710408568382263184e-01 8.142174482345581055e-01 3.830924630165100098e-01 9.903952479362487793e-01 8.777598738670349121e-01 3.772983551025390625e-01
7.710408568382263184e-01 8.142174482345581055e-01 3.830924630165100098e-01 9.903952479362487793e-01 8.777598738670349121e-01 3.772983551025390625e-01
7.710408568382263184e-01 8.142174482345581055e-01 3.830924630165100098e-01 9.903952479362487793e-01 8.777598738670349121e-01 3.772983551025390625e-01
7.710408568382263184e-01 8.142174482345581055e-01 3.830924630165100098e-01 9.903952479362487793e-01 8.777598738670349121e-01 3.772983551025390625e-01
7.710408568382263184e-01 8.142174482345581055e-01 3.830924630165100098e-01 9.903952479362487793e-01 8.777598738670349121e-01 3.772983551025390625e-01
7.710408568382263184e-01 8.142174482345581055e-01 3.830924630165100098e-01 9.903952479362487793e-01 8.777598738670349121e-01 3.772983551025390625e-01
7.710408568382263184e-01 8.142174482345581055e-01 3.830924630165100098e-01 9.903952479362487793e-01 8.777598738670349121e-01 3.772983551025390625e-01
7.710408568382263184e-01 8.142174482345581055e-01 3.830924630165100098e-01 9.903952479362487793e-01 8.777598738670349121e-01 3.772983551025390625e-01
7.710408568382263184e-01 8.142174482345581055e-01 3.830924630165100098e-01 9.903952479362487793e-01 8.777598738670349121e-01 3.772983551025390625e-01
7.710408568382263184e-01 8.142174482345581055e-01 3.830924630165100098e-01 9.903952479362487793e-01 8.777598738670349121e-01 3.772983551025390625e-01
7.710408568382263184e-01 8.142174482345581055e-01 3.830924630165100098e-01 9.903952479362487793e-01 8.777598738670349121e-01 3.772983551025390625e-01
7.710408568382263184e-01 8.142174482345581055e-01 3.830924630165100098e-01 9.903952479362487793e-01 8.777598738670349121e-01 3.772983551025390625e-01
7.710408568382263184e-01 8.142174482345581055e-01 3.830924630165100098e-01 9.903952479362487793e-01 8.777598738670349121e-01 3.772983551025390625e-01
7.710408568382263184e-01 8.142174482345581055e-01 3.830924630165100098e-01 9.903952479362487793e-01 8.777598738670349121e-01 3.772983551025390625e-01
7.710408568382263184e-01 8.142174482345581055e-01 3.830924630165100098e-01 9.903952479362487793e-01 8.777598738670349121e-01 3.772983551025390625e-01
7.710408568382263184e-01 8.142174482345581055e-01 3.830924630165100098e-01 9.903952479362487793e-01 8.777598738670349121e-01 3.772983551025390625e-01
7.710408568382263184e-01 8.142174482345581055e-01 3.830924630165100098e-01 9.903952479362487793e-01 8.777598738670349121e-01 3.772983551025390625e-01
7.710408568382263184e-01 8.142174482345581055e-01 3.830924630165100098e-01 9.903952479362487793e-01 8.777598738670349121e-01 3.772983551025390625e-01
7.710408568382263184e-01 8.142174482345581055e-01 3.830924630165100098e-01 9.903952479362487793e-01 8.777598738670349121e-01 3.772983551025390625e-01
7.710408568382263184e-01 8.142174482345581055e-01 3.830924630165100098e-01 9.903952479362487793e-01 8.777598738670349121e-01 3.772983551025390625e-01
7.710408568382263184e-01 8.142174482345581055e-01 3.830924630165100098e-01 9.903952479362487793e-01 8.777598738670349121e-01 3.772983551025390625e-01
7.710408568382263184e-01 8.142174482345581055e-01 3.830924630165100098e-01 9.903952479362487793e-01 8.777598738670349121e-01 3.772983551025390625e-01
7.710408568382263184e-01 8.142174482345581055e-01 3.830924630165100098e-01 9.903952479362487793e-01 8.777598738670349121e-01 3.772983551025390625e-01
7.710408568382263184e-01 8.142174482345581055e-01 3.830924630165100098e-01 9.903952479362487793e-01 8.777598738670349121e-01 3.772983551025390625e-01
7.710408568382263184e-01 8.142174482345581055e-01 3.830924630165100098e-01 9.903952479362487793e-01 8.777598738670349121e-01 3.772983551025390625e-01
7.710408568382263184e-01 8.142174482345581055e-01 3.830924630165100098e-01 9.903952479362487793e-01 8.777598738670349121e-01 3.772983551025390625e-01
7.710408568382263184e-01 8.142174482345581055e-01 3.830924630165100098e-01 9.903952479362487793e-01 8.777598738670349121e-01 3.772983551025390625e-01
7.710408568382263184e-01 8.142174482345581055e-01 3.830924630165100098e-01 9.903952479362487793e-01 8.777598738670349121e-01 3.772983551025390625e-01
7.710408568382263184e-01 8.142174482345581055e-01 3.830924630165100098e-01 9.903952479362487793e-01 8.777598738670349121e-01 3.772983551025390625e-01
7.710408568382263184e-01 8.142174482345581055e-01 3.830924630165100098e-01 9.903952479362487793e-01 8.777598738670349121e-01 3.772983551025390625e-01
7.710408568382263184e-01 8.142174482345581055e-01 3.830924630165100098e-01 9.903952479362487793e-01 8.777598738670349121e-01 3.772983551025390625e-01
7.710408568382263184e-01 8.142174482345581055e-01 3.830924630165100098e-01 9.903952479362487793e-01 8.777598738670349121e-01 3.772983551025390625e-01
7.710408568382263184e-01 8.142174482345581055e-01 3.830924630165100098e-01 9.903952479362487793e-01 8.777598738670349121e-01 3.772983551025390625e-01
7.710408568382263184e-01 8.142174482345581055e-01 3.830924630165100098e-01 9.903952479362487793e-01 8.777598738670349121e-01 3.772983551025390625e-01
7.710408568382263184e-01 8.142174482345581055e-01 3.830924630165100098e-01 9.903952479362487793e-01 8.777598738670349121e-01 3.772983551025390625e-01
7.710408568382263184e-01 8.142174482345581055e-01 3.830924630165100098e-01 9.903952479362487793e-01 8.777598738670349121e-01 3.772983551025390625e-01
7.710408568382263184e-01 8.142174482345581055e-01 3.830924630165100098e-01 9.903952479362487793e-01 8.777598738670349121e-01 3.772983551025390625e-01
7.710408568382263184e-01 8.142174482345581055e-01 3.830924630165100098e-01 9.903952479362487793e-01 8.777598738670349121e-01 3.772983551025390625e-01
7.710408568382263184e-01 8.142174482345581055e-01 3.830924630165100098e-01 9.903952479362487793e-01 8.777598738670349121e-01 3.772983551025390625e-01
7.710408568382263184e-01 8.142174482345581055e-01 3.830924630165100098e-01 9.903952479362487793e-01 8.777598738670349121e-01 3.772983551025390625e-01
7.710408568382263184e-01 8.142174482345581055e-01 3.830924630165100098e-01 9.903952479362487793e-01 8.777598738670349121e-01 3.772983551025390625e-01
7.710408568382263184e-01 8.142174482345581055e-01 3.830924630165100098e-01 9.903952479362487793e-01 8.777598738670349121e-01 3.772983551025390625e-01
7.710408568382263184e-01 8.142174482345581055e-01 3.830924630165100098e-01 9.903952479362487793e-01 8.777598738670349121e-01 3.772983551025390625e-01
7.710408568382263184e-01 8.142174482345581055e-01 3.830924630165100098e-01 9.903952479362487793e-01 8.777598738670349121e-01 3.772983551025390625e-01
7.710408568382263184e-01 8.142174482345581055e-01 3.830924630165100098e-01 9.903952479362487793e-01 8.777598738670349121e-01 3.772983551025390625e-01
7.710408568382263184e-01 8.142174482345581055e-01 3.830924630165100098e-01 9.903952479362487793e-01 8.777598738670349121e-01 3.772983551025390625e-01
7.710408568382263184e-01 8.142174482345581055e-01 3.830924630165100098e-01 9.903952479362487793e-01 8.777598738670349121e-01 3.772983551025390625e-01
7.710408568382263184e-01 8.142174482345581055e-01 3.830924630165100098e-01 9.903952479362487793e-01 8.777598738670349121e-01 3.772983551025390625e-01
7.710408568382263184e-01 8.142174482345581055e-01 3.830924630165100098e-01 9.903952479362487793e-01 8.777598738670349121e-01 3.772983551025390625e-01
7.710408568382263184e-01 8.142174482345581055e-01 3.830924630165100098e-01 9.903952479362487793e-01 8.777598738670349121e-01 3.772983551025390625e-01
7.710408568382263184e-01 8.142174482345581055e-01 3.830924630165100098e-01 9.903952479362487793e-01 8.777598738670349121e-01 3.772983551025390625e-01
7.710408568382263184e-01 8.142174482345581055e-01 3.830924630165100098e-01 9.903952479362487793e-01 8.777598738670349121e-01 3.772983551025390625e-01
7.710408568382263184e-01 8.142174482345581055e-01 3.830924630165100098e-01 9.903952479362487793e-01 8.777598738670349121e-01 3.772983551025390625e-01
7.710408568382263184e-01 8.142174482345581055e-01 3.830924630165100098e-01 9.903952479362487793e-01 8.777598738670349121e-01 3.772983551025390625e-01
7.710408568382263184e-01 8.142174482345581055e-01 3.830924630165100098e-01 9.903952479362487793e-01 8.777598738670349121e-01 3.772983551025390625e-01
7.710408568382263184e-01 8.142174482345581055e-01 3.830924630165100098e-01 9.903952479362487793e-01 8.777598738670349121e-01 3.772983551025390625e-01
