3.035641908645629883e-01 4.381245374679565430e-02 2.550604343414306641e-01 6.976336836814880371e-01 3.808795809745788574e-01 8.824684023857116699e-01
3.035641908645629883e-01 4.381245374679565430e-02 2.550604343414306641e-01 6.976336836814880371e-01 3.808795809745788574e-01 8.824684023857116699e-01
3.035641908645629883e-01 4.381245374679565430e-02 2.550604343414306641e-01 6.976336836814880371e-01 3.808795809745788574e-01 8.824684023857116699e-01
6.796708106994628906e-01 4.491653442382812500e-01 9.482101202011108398e-01 6.388106942176818848e-01 9.755037426948547363e-01 6.201168298721313477e-01
6.796708106994628906e-01 4.491653442382812500e-01 9.482101202011108398e-01 6.388106942176818848e-01 9.755037426948547363e-01 6.201168298721313477e-01
6.796708106994628906e-01 4.491653442382812500e-01 9.482101202011108398e-01 6.388106942176818848e-01 9.755037426948547363e-01 6.201168298721313477e-01
6.796708106994628906e-01 4.491653442382812500e-01 9.482101202011108398e-01 6.388106942176818848e-01 9.755037426948547363e-01 6.201168298721313477e-01
6.796708106994628906e-01 4.491653442382812500e-01 9.482101202011108398e-01 6.388106942176818848e-01 9.755037426948547363e-01 6.201168298721313477e-01
6.796708106994628906e-01 4.491653442382812500e-01 9.482101202011108398e-01 6.388106942176818848e-01 9.755037426948547363e-01 6.201168298721313477e-01
6.796708106994628906e-01 4.491653442382812500e-01 9.482101202011108398e-01 6.388106942176818848e-01 9.755037426948547363e-01 6.201168298721313477e-01
9.108483791351318359e-01 3.419440388679504395e-01 7.182666063308715820e-01 9.463399052619934082e-01 8.943966031074523926e-01 4.938145875930786133e-01
9.108483791351318359e-01 3.419440388679504395e-01 7.182666063308715820e-01 9.463399052619934082e-01 8.943966031074523926e-01 4.938145875930786133e-01
9.108483791351318359e-01 3.419440388679504395e-01 7.182666063308715820e-01 9.463399052619934082e-01 8.943966031074523926e-01 4.938145875930786133e-01
4.535820484161376953e-01 3.177839517593383789e-01 8.901467919349670410e-01 8.454531431198120117e-01 6.121398210525512695e-01 5.557477474212646484e-02
4.535820484161376953e-01 3.177839517593383789e-01 8.901467919349670410e-01 8.454531431198120117e-01 6.121398210525512695e-01 5.557477474212646484e-02
4.225623607635498047e-02 9.621971845626831055e-01 8.333164453506469727e-02 9.716036915779113770e-01 3.861824870109558105e-01 1.796498298645019531e-01
4.225623607635498047e-02 9.621971845626831055e-01 8.333164453506469727e-02 9.716036915779113770e-01 3.861824870109558105e-01 1.796498298645019531e-01
4.225623607635498047e-02 9.621971845626831055e-01 8.333164453506469727e-02 9.716036915779113770e-01 3.861824870109558105e-01 1.796498298645019531e-01
4.225623607635498047e-02 9.621971845626831055e-01 8.333164453506469727e-02 9.716036915779113770e-01 3.861824870109558105e-01 1.796498298645019531e-01
4.225623607635498047e-02 9.621971845626831055e-01 8.333164453506469727e-02 9.716036915779113770e-01 3.861824870109558105e-01 1.796498298645019531e-01
4.225623607635498047e-02 9.621971845626831055e-01 8.333164453506469727e-02 9.716036915779113770e-01 3.861824870109558105e-01 1.796498298645019531e-01
4.225623607635498047e-02 9.621971845626831055e-01 8.333164453506469727e-02 9.716036915779113770e-01 3.861824870109558105e-01 1.796498298645019531e-01
4.225623607635498047e-02 9.621971845626831055e-01 8.333164453506469727e-02 9.716036915779113770e-01 3.861824870109558105e-01 1.796498298645019531e-01
4.225623607635498047e-02 9.621971845626831055e-01 8.333164453506469727e-02 9.716036915779113770e-01 3.861824870109558105e-01 1.796498298645019531e-01
4.225623607635498047e-02 9.621971845626831055e-01 8.333164453506469727e-02 9.716036915779113770e-01 3.861824870109558105e-01 1.796498298645019531e-01
4.225623607635498047e-02 9.621971845626831055e-01 8.333164453506469727e-02 9.716036915779113770e-01 3.861824870109558105e-01 1.796498298645019531e-01
4.225623607635498047e-02 9.621971845626831055e-01 8.333164453506469727e-02 9.716036915779113770e-01 3.861824870109558105e-01 1.796498298645019531e-01
4.225623607635498047e-02 9.621971845626831055e-01 8.333164453506469727e-02 9.716036915779113770e-01 3.861824870109558105e-01 1.796498298645019531e-01
4.225623607635498047e-02 9.621971845626831055e-01 8.333164453506469727e-02 9.716036915779113770e-01 3.861824870109558105e-01 1.796498298645019531e-01
4.225623607635498047e-02 9.621971845626831055e-01 8.333164453506469727e-02 9.716036915779113770e-01 3.861824870109558105e-01 1.796498298645019531e-01
4.225623607635498047e-02 9.621971845626831055e-01 8.333164453506469727e-02 9.716036915779113770e-01 3.861824870109558105e-01 1.796498298645019531e-01
4.225623607635498047e-02 9.621971845626831055e-01 8.333164453506469727e-02 9.716036915779113770e-01 3.861824870109558105e-01 1.796498298645019531e-01
4.225623607635498047e-02 9.621971845626831055e-01 8.333164453506469727e-02 9.716036915779113770e-01 3.861824870109558105e-01 1.796498298645019531e-01
4.225623607635498047e-02 9.621971845626831055e-01 8.333164453506469727e-02 9.716036915779113770e-01 3.861824870109558105e-01 1.796498298645019531e-01
4.225623607635498047e-02 9.621971845626831055e-01 8.333164453506469727e-02 9.716036915779113770e-01 3.861824870109558105e-01 1.796498298645019531e-01
4.225623607635498047e-02 9.621971845626831055e-01 8.333164453506469727e-02 9.716036915779113770e-01 3.861824870109558105e-01 1.796498298645019531e-01
4.225623607635498047e-02 9.621971845626831055e-01 8.333164453506469727e-02 9.716036915779113770e-01 3.861824870109558105e-01 1.796498298645019531e-01
4.225623607635498047e-02 9.621971845626831055e-01 8.333164453506469727e-02 9.716036915779113770e-01 3.861824870109558105e-01 1.796498298645019531e-01
4.225623607635498047e-02 9.621971845626831055e-01 8.333164453506469727e-02 9.716036915779113770e-01 3.861824870109558105e-01 1.796498298645019531e-01
4.225623607635498047e-02 9.621971845626831055e-01 8.333164453506469727e-02 9.716036915779113770e-01 3.861824870109558105e-01 1.796498298645019531e-01
4.225623607635498047e-02 9.621971845626831055e-01 8.333164453506469727e-02 9.716036915779113770e-01 3.861824870109558105e-01 1.796498298645019531e-01
4.225623607635498047e-02 9.621971845626831055e-01 8.333164453506469727e-02 9.716036915779113770e-01 3.861824870109558105e-01 1.796498298645019531e-01
4.225623607635498047e-02 9.621971845626831055e-01 8.333164453506469727e-02 9.716036915779113770e-01 3.861824870109558105e-01 1.796498298645019531e-01
4.225623607635498047e-02 9.621971845626831055e-01 8.333164453506469727e-02 9.716036915779113770e-01 3.861824870109558105e-01 1.796498298645019531e-01
4.225623607635498047e-02 9.621971845626831055e-01 8.333164453506469727e-02 9.716036915779113770e-01 3.861824870109558105e-01 1.796498298645019531e-01
4.225623607635498047e-02 9.621971845626831055e-01 8.333164453506469727e-02 9.716036915779113770e-01 3.861824870109558105e-01 1.796498298645019531e-01
4.225623607635498047e-02 9.621971845626831055e-01 8.333164453506469727e-02 9.716036915779113770e-01 3.861824870109558105e-01 1.796498298645019531e-01
4.225623607635498047e-02 9.621971845626831055e-01 8.333164453506469727e-02 9.716036915779113770e-01 3.861824870109558105e-01 1.796498298645019531e-01
4.225623607635498047e-02 9.621971845626831055e-01 8.333164453506469727e-02 9.716036915779113770e-01 3.861824870109558105e-01 1.796498298645019531e-01
4.225623607635498047e-02 9.621971845626831055e-01 8.333164453506469727e-02 9.716036915779113770e-01 3.861824870109558105e-01 1.796498298645019531e-01
