1.000000000000000000e+00 1.000000000000000000e+00 0.000000000000000000e+00 9.242633227713236144e-01 6.191663699245227859e-01 3.537685663295158101e-01
1.000000000000000000e+00 1.000000000000000000e+00 0.000000000000000000e+00 9.570912440457085557e-01 8.487390413337533301e-01 6.975613301003359412e-01
1.000000000000000000e+00 1.000000000000000000e+00 1.202794339064899021e-01 1.000000000000000000e+00 1.000000000000000000e+00 6.677691326925823123e-01
1.000000000000000000e+00 1.000000000000000000e+00 6.615883801678180687e-01 7.600945020530704976e-01 1.000000000000000000e+00 5.934604818352263722e-01
1.000000000000000000e+00 1.000000000000000000e+00 8.837856349937093237e-01 7.356113757633763184e-01 1.000000000000000000e+00 6.444251268042680003e-01
1.000000000000000000e+00 1.000000000000000000e+00 0.000000000000000000e+00 7.856387234248427553e-01 8.647735972976825503e-01 5.343787478687400672e-01
0.000000000000000000e+00 1.000000000000000000e+00 1.722128878108001304e-01 1.000000000000000000e+00 1.000000000000000000e+00 0.000000000000000000e+00
0.000000000000000000e+00 1.000000000000000000e+00 3.821916983722756789e-01 1.000000000000000000e+00 1.000000000000000000e+00 2.106280765266569655e-01
0.000000000000000000e+00 1.000000000000000000e+00 1.000000000000000000e+00 6.448919462994416874e-01 1.000000000000000000e+00 1.000000000000000000e+00
3.779631994301186348e-01 1.000000000000000000e+00 4.202259133151024506e-01 1.000000000000000000e+00 1.000000000000000000e+00 0.000000000000000000e+00
4.272059277330248483e-01 1.000000000000000000e+00 4.182225829281895901e-01 1.000000000000000000e+00 1.000000000000000000e+00 0.000000000000000000e+00
4.222706252444208830e-01 1.000000000000000000e+00 4.193403902981122089e-01 1.000000000000000000e+00 1.000000000000000000e+00 0.000000000000000000e+00
6.908847653340928208e-01 1.000000000000000000e+00 4.197052053734821597e-01 1.000000000000000000e+00 1.000000000000000000e+00 0.000000000000000000e+00
0.000000000000000000e+00 1.000000000000000000e+00 4.273205024145822484e-01 1.000000000000000000e+00 1.000000000000000000e+00 0.000000000000000000e+00
0.000000000000000000e+00 1.000000000000000000e+00 4.259785849203349128e-01 1.000000000000000000e+00 1.000000000000000000e+00 6.514679894296683538e-02
1.000000000000000000e+00 1.000000000000000000e+00 4.105721696954609534e-01 1.000000000000000000e+00 1.000000000000000000e+00 0.000000000000000000e+00
1.000000000000000000e+00 9.175180174622802332e-01 4.102897315370886422e-01 1.000000000000000000e+00 1.000000000000000000e+00 0.000000000000000000e+00
1.000000000000000000e+00 9.567235102077734643e-01 4.118543178196765187e-01 1.000000000000000000e+00 1.000000000000000000e+00 0.000000000000000000e+00
1.000000000000000000e+00 9.399162689832313289e-01 4.142819374912530273e-01 1.000000000000000000e+00 1.000000000000000000e+00 0.000000000000000000e+00
1.000000000000000000e+00 1.000000000000000000e+00 0.000000000000000000e+00 1.000000000000000000e+00 1.000000000000000000e+00 0.000000000000000000e+00
1.000000000000000000e+00 1.000000000000000000e+00 0.000000000000000000e+00 1.000000000000000000e+00 1.000000000000000000e+00 0.000000000000000000e+00
1.000000000000000000e+00 1.000000000000000000e+00 0.000000000000000000e+00 1.000000000000000000e+00 1.000000000000000000e+00 0.000000000000000000e+00
1.000000000000000000e+00 1.000000000000000000e+00 0.000000000000000000e+00 1.000000000000000000e+00 1.000000000000000000e+00 0.000000000000000000e+00
1.000000000000000000e+00 1.000000000000000000e+00 0.000000000000000000e+00 1.000000000000000000e+00 1.000000000000000000e+00 9.712765971417443300e-02
1.000000000000000000e+00 1.000000000000000000e+00 0.000000000000000000e+00 1.000000000000000000e+00 1.000000000000000000e+00 1.106495449368446321e-01
1.000000000000000000e+00 1.000000000000000000e+00 0.000000000000000000e+00 1.000000000000000000e+00 1.000000000000000000e+00 0.000000000000000000e+00
1.000000000000000000e+00 1.000000000000000000e+00 0.000000000000000000e+00 1.000000000000000000e+00 1.000000000000000000e+00 0.000000000000000000e+00
1.000000000000000000e+00 1.000000000000000000e+00 0.000000000000000000e+00 1.000000000000000000e+00 1.000000000000000000e+00 0.000000000000000000e+00
1.000000000000000000e+00 1.000000000000000000e+00 0.000000000000000000e+00 1.000000000000000000e+00 1.000000000000000000e+00 0.000000000000000000e+00
1.000000000000000000e+00 1.000000000000000000e+00 0.000000000000000000e+00 1.000000000000000000e+00 1.000000000000000000e+00 0.000000000000000000e+00
1.000000000000000000e+00 1.000000000000000000e+00 0.000000000000000000e+00 1.000000000000000000e+00 1.000000000000000000e+00 0.000000000000000000e+00
1.000000000000000000e+00 1.000000000000000000e+00 0.000000000000000000e+00 1.000000000000000000e+00 1.000000000000000000e+00 0.000000000000000000e+00
1.000000000000000000e+00 1.000000000000000000e+00 0.000000000000000000e+00 1.000000000000000000e+00 1.000000000000000000e+00 0.000000000000000000e+00
1.000000000000000000e+00 1.000000000000000000e+00 0.000000000000000000e+00 1.000000000000000000e+00 1.000000000000000000e+00 0.000000000000000000e+00
1.000000000000000000e+00 1.000000000000000000e+00 0.000000000000000000e+00 1.000000000000000000e+00 1.000000000000000000e+00 0.000000000000000000e+00
1.000000000000000000e+00 1.000000000000000000e+00 0.000000000000000000e+00 1.000000000000000000e+00 1.000000000000000000e+00 0.000000000000000000e+00
1.000000000000000000e+00 1.000000000000000000e+00 0.000000000000000000e+00 1.000000000000000000e+00 1.000000000000000000e+00 0.000000000000000000e+00
1.000000000000000000e+00 1.000000000000000000e+00 0.000000000000000000e+00 1.000000000000000000e+00 1.000000000000000000e+00 0.000000000000000000e+00
1.000000000000000000e+00 1.000000000000000000e+00 0.000000000000000000e+00 1.000000000000000000e+00 1.000000000000000000e+00 0.000000000000000000e+00
1.000000000000000000e+00 1.000000000000000000e+00 0.000000000000000000e+00 1.000000000000000000e+00 1.000000000000000000e+00 0.000000000000000000e+00
1.000000000000000000e+00 1.000000000000000000e+00 0.000000000000000000e+00 1.000000000000000000e+00 1.000000000000000000e+00 2.641609096826714742e-01
1.000000000000000000e+00 1.000000000000000000e+00 0.000000000000000000e+00 1.000000000000000000e+00 1.000000000000000000e+00 2.708212964503858289e-01
1.000000000000000000e+00 1.000000000000000000e+00 0.000000000000000000e+00 1.000000000000000000e+00 1.000000000000000000e+00 2.808954328490532171e-01
9.869026954170083688e-01 1.000000000000000000e+00 0.000000000000000000e+00 1.000000000000000000e+00 1.000000000000000000e+00 2.249807412818247698e-01
9.694231868761999937e-01 1.000000000000000000e+00 0.000000000000000000e+00 1.000000000000000000e+00 1.000000000000000000e+00 2.429073599466122224e-01
9.764240258879210987e-01 1.000000000000000000e+00 0.000000000000000000e+00 1.000000000000000000e+00 1.000000000000000000e+00 2.428423545203491629e-01
9.747782041893572336e-01 1.000000000000000000e+00 0.000000000000000000e+00 1.000000000000000000e+00 1.000000000000000000e+00 2.491539217746233104e-01
9.434959103101953071e-01 1.000000000000000000e+00 0.000000000000000000e+00 1.000000000000000000e+00 1.000000000000000000e+00 2.254594259255001676e-01
9.424665616847925920e-01 1.000000000000000000e+00 0.000000000000000000e+00 1.000000000000000000e+00 1.000000000000000000e+00 2.210859852503172518e-01
9.688885868437531190e-01 1.000000000000000000e+00 0.000000000000000000e+00 1.000000000000000000e+00 1.000000000000000000e+00 2.368121691710323717e-01
