-4.707913635726111989e-01
4.754140532463754232e-01
6.820798447265876696e-01
8.582310116448736981e-01
8.474982985059742457e-01
9.021087468282620314e-01
9.021087468282620314e-01
9.060427029942865751e-01
9.054761820365513358e-01
7.858598707372271841e-01
7.854350609620034396e-01
9.063057738625732718e-01
8.975685981132262015e-01
9.005385844308053667e-01
9.064821505940011681e-01
9.064666035979302983e-01
9.064479430298840734e-01
9.035861076071578513e-01
9.062755239091568882e-01
9.062816450786201905e-01
9.063484074869054830e-01
8.740071486696810998e-01
9.064073204537119732e-01
9.064388124401736579e-01
9.064469179898487772e-01
9.064730158576556063e-01
9.064742317280918282e-01
9.064751198926488396e-01
9.064751358527489700e-01
9.064882214758160917e-01
9.064879270575132431e-01
9.064885256751049614e-01
9.064887112455675133e-01
9.064921360324122990e-01
9.064925789179187898e-01
9.064933823867572515e-01
8.357523550455320249e-01
9.064960687041694332e-01
9.064878094778224815e-01
9.064852466037032208e-01
9.063673676791093037e-01
9.063307138769884919e-01
9.063613237863339389e-01
9.063672804369906633e-01
9.063716351583731567e-01
9.063565748389341703e-01
9.063545032776906263e-01
9.063887484036141640e-01
9.063950685441856114e-01
8.601493621258206046e-01
