2.151653766632080078e-01 5.765292644500732422e-01 4.040364027023315430e-01 3.198723196983337402e-01
3.304400444030761719e-01 2.662990689277648926e-01 2.671718597412109375e-01 9.692762494087219238e-01
6.420714855194091797e-01 5.288227200508117676e-01 9.688401222229003906e-02 7.937898039817810059e-01
6.257565617561340332e-01 9.431038498878479004e-01 4.010276794433593750e-01 1.883543729782104492e-01
9.442643523216247559e-01 5.045473575592041016e-03 3.076870441436767578e-01 2.510349154472351074e-01
2.334589362144470215e-01 4.692636132240295410e-01 2.276211977005004883e-01 4.888141155242919922e-02
2.598313689231872559e-01 8.643289804458618164e-01 3.957570195198059082e-01 5.816586613655090332e-01
6.394158601760864258e-01 8.200395107269287109e-02 8.453090190887451172e-01 6.482011079788208008e-01
7.135427594184875488e-01 1.730867624282836914e-01 6.813015937805175781e-01 1.058958768844604492e-01
5.394029617309570312e-01 6.811490058898925781e-01 2.778786420822143555e-01 9.016560316085815430e-01
0.000000000000000000e+00 1.000000000000000000e+00 1.000000000000000000e+00 1.000000000000000000e+00
3.981359601020812988e-01 1.000000000000000000e+00 0.000000000000000000e+00 5.349892973899841309e-01
1.000000000000000000e+00 1.000000000000000000e+00 1.000000000000000000e+00 0.000000000000000000e+00
1.000000000000000000e+00 1.000000000000000000e+00 1.000000000000000000e+00 9.597350656986236572e-02
8.823770880699157715e-01 1.000000000000000000e+00 1.000000000000000000e+00 0.000000000000000000e+00
7.504445314407348633e-01 1.000000000000000000e+00 1.000000000000000000e+00 0.000000000000000000e+00
5.966938138008117676e-01 1.000000000000000000e+00 1.000000000000000000e+00 0.000000000000000000e+00
0.000000000000000000e+00 1.000000000000000000e+00 1.000000000000000000e+00 0.000000000000000000e+00
2.462188899517059326e-01 0.000000000000000000e+00 1.000000000000000000e+00 0.000000000000000000e+00
3.051751554012298584e-01 1.000000000000000000e+00 1.000000000000000000e+00 0.000000000000000000e+00
2.981958091259002686e-01 1.000000000000000000e+00 1.000000000000000000e+00 0.000000000000000000e+00
3.018549084663391113e-01 1.000000000000000000e+00 1.000000000000000000e+00 2.008061669766902924e-02
3.031502366065979004e-01 1.000000000000000000e+00 1.000000000000000000e+00 0.000000000000000000e+00
1.000000000000000000e+00 0.000000000000000000e+00 1.000000000000000000e+00 1.000000000000000000e+00
1.000000000000000000e+00 1.000000000000000000e+00 1.000000000000000000e+00 9.030093550682067871e-01
1.000000000000000000e+00 0.000000000000000000e+00 3.124340772628784180e-01 1.000000000000000000e+00
0.000000000000000000e+00 1.000000000000000000e+00 0.000000000000000000e+00 1.000000000000000000e+00
2.771557569503784180e-01 1.000000000000000000e+00 9.483860135078430176e-01 0.000000000000000000e+00
1.919865161180496216e-01 1.000000000000000000e+00 8.710107207298278809e-01 0.000000000000000000e+00
3.063513338565826416e-01 1.000000000000000000e+00 1.000000000000000000e+00 0.000000000000000000e+00
2.964906990528106689e-01 1.000000000000000000e+00 1.000000000000000000e+00 0.000000000000000000e+00
1.000000000000000000e+00 0.000000000000000000e+00 1.000000000000000000e+00 0.000000000000000000e+00
1.749219894409179688e-01 9.680333137512207031e-01 3.461036682128906250e-01 2.644067630171775818e-02
1.724305897951126099e-01 7.583004832267761230e-01 9.469946622848510742e-01 5.402203649282455444e-02
4.058586657047271729e-01 8.156184554100036621e-01 1.000000000000000000e+00 0.000000000000000000e+00
9.784528613090515137e-01 6.278943419456481934e-01 5.185597538948059082e-01 9.687972068786621094e-01
0.000000000000000000e+00 0.000000000000000000e+00 0.000000000000000000e+00 1.000000000000000000e+00
8.268514871597290039e-01 5.707808732986450195e-01 9.996650218963623047e-01 4.738495945930480957e-01
9.939221739768981934e-01 9.269058704376220703e-01 5.402209162712097168e-01 9.289497733116149902e-01
1.649603992700576782e-02 6.657573580741882324e-01 7.380658388137817383e-01 3.123448789119720459e-02
9.898717999458312988e-01 4.786291122436523438e-01 3.803369030356407166e-02 1.547941863536834717e-01
1.692381501197814941e-02 4.975076019763946533e-02 8.676379919052124023e-01 5.918377637863159180e-01
9.948114156723022461e-01 6.526365876197814941e-01 6.659476161003112793e-01 4.971205592155456543e-01
7.999847531318664551e-01 4.027654230594635010e-02 6.349831819534301758e-02 7.962035536766052246e-01
1.015261262655258179e-01 9.321761727333068848e-01 8.610236048698425293e-01 1.033320575952529907e-01
4.969292879104614258e-01 4.507504999637603760e-01 9.330912232398986816e-01 4.842184484004974365e-03
2.563118375837802887e-02 5.724209547042846680e-01 1.992466486990451813e-02 9.140388965606689453e-01
8.286213129758834839e-02 8.986131548881530762e-01 6.638636589050292969e-01 4.365076310932636261e-03
1.580336391925811768e-01 9.094206616282463074e-04 1.607431024312973022e-01 3.615574911236763000e-02
9.274327754974365234e-01 9.903605580329895020e-01 1.932676136493682861e-01 8.738865852355957031e-01
8.737681806087493896e-02 4.539446234703063965e-01 8.668877482414245605e-01 9.530893564224243164e-01
9.939551949501037598e-01 2.698642611503601074e-01 7.834642380475997925e-02 9.722383022308349609e-01
1.870083212852478027e-01 8.431996107101440430e-01 1.000000000000000000e+00 0.000000000000000000e+00
3.623914122581481934e-01 9.061063528060913086e-01 9.033030271530151367e-01 2.590522915124893188e-02
9.672942757606506348e-01 2.282455191016197205e-02 5.375945568084716797e-02 1.339751854538917542e-02
9.020335078239440918e-01 5.774343609809875488e-01 9.744743704795837402e-01 2.436110749840736389e-03
1.423154622316360474e-01 8.316792249679565430e-01 9.164317250251770020e-01 1.616152003407478333e-02
6.318794190883636475e-02 8.428122103214263916e-02 6.409561634063720703e-01 9.833535179495811462e-03
3.468369841575622559e-01 9.975616335868835449e-01 4.701378941535949707e-01 9.789044857025146484e-01
4.555750638246536255e-05 9.346438050270080566e-01 1.989060938358306885e-01 1.803642660379409790e-01
9.827427864074707031e-01 4.163417592644691467e-02 8.880954384803771973e-01 5.043763518333435059e-01
6.568881869316101074e-02 9.796047583222389221e-03 1.119475662708282471e-01 3.966000080108642578e-01
4.023406803607940674e-01 9.933275580406188965e-01 9.873776435852050781e-01 4.081316888332366943e-01
9.952276349067687988e-01 9.842606782913208008e-01 2.867931425571441650e-01 6.413345932960510254e-01
5.479190945625305176e-01 7.815547287464141846e-04 8.775213360786437988e-01 9.920198917388916016e-01
9.548351168632507324e-01 9.340720772743225098e-01 2.105696797370910645e-01 2.366607822477817535e-02
8.938372135162353516e-01 8.188667148351669312e-02 4.504541456699371338e-01 6.390487551689147949e-01
9.952062368392944336e-01 6.069669723510742188e-01 7.238407433032989502e-02 9.886859655380249023e-01
9.395194649696350098e-01 5.408530235290527344e-01 9.978636503219604492e-01 9.833989739418029785e-01
3.055671751499176025e-01 3.464067876338958740e-01 2.916180193424224854e-01 5.603218674659729004e-01
1.540471017360687256e-01 1.800366938114166260e-01 9.494982361793518066e-01 4.294861555099487305e-01
7.319240570068359375e-01 4.492078721523284912e-01 7.033150196075439453e-01 5.559262633323669434e-01
8.089486360549926758e-01 9.740625619888305664e-01 8.127179145812988281e-01 4.686588048934936523e-02
0.000000000000000000e+00 1.000000000000000000e+00 8.022394180297851562e-01 0.000000000000000000e+00
1.236143242567777634e-02 9.359126091003417969e-01 4.297689795494079590e-01 8.132760524749755859e-01
3.925252854824066162e-01 2.294178903102874756e-01 8.797327280044555664e-01 9.375487565994262695e-01
3.130105733871459961e-01 8.892667293548583984e-01 1.000000000000000000e+00 0.000000000000000000e+00
4.514011442661285400e-01 3.843832612037658691e-01 1.164206042885780334e-01 1.332997381687164307e-01
7.934272289276123047e-02 6.473565101623535156e-01 9.706523418426513672e-01 2.941193059086799622e-02
3.134362697601318359e-01 8.947592377662658691e-01 1.000000000000000000e+00 0.000000000000000000e+00
4.496102631092071533e-01 6.656299233436584473e-01 2.375159859657287598e-01 7.320978492498397827e-02
2.122062295675277710e-01 2.106987237930297852e-01 1.352795809507369995e-01 4.071539044380187988e-01
8.588543534278869629e-02 3.188914805650711060e-02 4.609872698783874512e-01 9.763302803039550781e-01
6.875503808259963989e-02 5.568867921829223633e-01 4.222851246595382690e-03 1.531246025115251541e-02
9.844239354133605957e-01 9.229041934013366699e-01 4.787622950971126556e-03 3.787315189838409424e-01
2.750269770622253418e-01 8.487797379493713379e-01 9.112887382507324219e-01 4.626359790563583374e-03
6.992052793502807617e-01 3.327827751636505127e-01 7.371127605438232422e-01 7.968852669000625610e-02
6.456980705261230469e-01 9.948736429214477539e-01 9.705306887626647949e-01 9.774371385574340820e-01
5.894516706466674805e-01 9.910545349121093750e-01 1.102884672582149506e-02 8.634596131742000580e-03
6.335167884826660156e-01 9.635796546936035156e-01 6.204467415809631348e-01 8.674553036689758301e-01
8.588619828224182129e-01 7.333681583404541016e-01 1.539999246597290039e-01 3.137795925140380859e-01
1.409744098782539368e-02 1.367824971675872803e-01 7.446793317794799805e-01 9.625893235206604004e-01
1.470513939857482910e-01 4.129938781261444092e-01 3.286399319767951965e-02 9.373639822006225586e-01
3.280874788761138916e-01 3.445679545402526855e-01 2.843754589557647705e-01 1.604436635971069336e-01
4.203205108642578125e-01 8.326982259750366211e-01 5.800365284085273743e-02 3.707306087017059326e-01
7.470843791961669922e-01 4.562892615795135498e-01 6.848931908607482910e-01 3.243488073348999023e-01
5.904759764671325684e-01 5.501031875610351562e-01 3.201308250427246094e-01 3.810684755444526672e-02
1.418260633945465088e-01 9.358167648315429688e-01 8.533201217651367188e-01 2.936075441539287567e-03
6.320601105690002441e-01 7.026833891868591309e-01 4.459338486194610596e-01 6.651770472526550293e-01
9.691361188888549805e-01 9.415062069892883301e-01 2.898540496826171875e-01 2.123087197542190552e-01
9.551142454147338867e-01 7.366120815277099609e-01 5.962262153625488281e-01 4.116188883781433105e-01
7.608906626701354980e-01 5.060185119509696960e-02 1.987584680318832397e-02 9.934328198432922363e-01
9.356032013893127441e-01 9.906570911407470703e-01 8.971822857856750488e-01 4.768610000610351562e-01
8.690705150365829468e-02 5.749097466468811035e-01 4.992334544658660889e-01 6.913174390792846680e-01
8.656549453735351562e-02 3.304799646139144897e-02 8.896068930625915527e-01 7.385941743850708008e-01
7.169908285140991211e-01 9.658028483390808105e-01 8.413999676704406738e-01 9.126238822937011719e-01
8.725355267524719238e-01 9.574435949325561523e-01 3.395992517471313477e-01 1.814864724874496460e-01
1.907584071159362793e-01 9.222491979598999023e-01 9.073565006256103516e-01 4.495894536375999451e-03
2.215292751789093018e-01 9.019048810005187988e-01 9.863375425338745117e-01 1.102176960557699203e-02
5.025164484977722168e-01 7.017810344696044922e-01 8.377509117126464844e-01 9.577333927154541016e-02
