7.008237242698669434e-01 6.152835488319396973e-01 6.376628875732421875e-01 5.963545441627502441e-01
4.587451219558715820e-01 2.904355525970458984e-01 4.864070415496826172e-01 5.998249053955078125e-01
9.343470931053161621e-01 6.465787291526794434e-01 1.983336210250854492e-01 4.099581241607666016e-01
7.448084354400634766e-01 6.501174569129943848e-01 9.447333812713623047e-01 7.482767105102539062e-04
9.257684946060180664e-01 8.692916035652160645e-01 7.808643579483032227e-01 7.685471177101135254e-01
8.984057307243347168e-01 1.454071402549743652e-01 1.013883352279663086e-01 6.952250003814697266e-01
7.697466611862182617e-01 1.600455045700073242e-01 6.039543747901916504e-01 4.512110352516174316e-01
2.982026338577270508e-01 5.964607596397399902e-01 3.253037929534912109e-01 5.108575224876403809e-01
4.919048547744750977e-01 7.127237915992736816e-01 4.669412374496459961e-01 1.636628508567810059e-01
8.773611783981323242e-01 2.509977817535400391e-01 6.435995101928710938e-01 9.800447225570678711e-01
9.976667551289594149e-01 4.887149501622282677e-01 7.368020982654512746e-03 5.049770576045223835e-01
8.899576324150082485e-01 1.000000000000000000e+00 1.898724629048876011e-01 8.713413919190741153e-01
8.332096709964011971e-01 9.412207804804596512e-01 5.219155930980890618e-02 4.641157264893716050e-01
8.310489165332627381e-01 9.913020511430368220e-01 4.763119387283160089e-02 4.065091068699157595e-01
6.754498874143138876e-01 1.000000000000000000e+00 7.045371487661829246e-02 5.086179946566508070e-01
7.906306092902934957e-01 1.000000000000000000e+00 2.975463633142031578e-02 5.333254891490663008e-01
5.932563960533349112e-01 8.724410091114703780e-01 9.017153141192175980e-03 5.144429326518613621e-01
1.327579373732396539e-01 1.992380653711734451e-01 3.265769836608917870e-02 7.556037139513551715e-01
3.995815305751406754e-01 9.009824337392488003e-01 1.342054294777452307e-03 9.531644988081240388e-01
4.972851943821324783e-01 4.650005682699500653e-01 0.000000000000000000e+00 1.000000000000000000e+00
4.877153709617330635e-01 7.024790509033950192e-01 2.732834530045833571e-03 9.452082555671754704e-01
4.305402966366898010e-01 6.668629805010333200e-01 0.000000000000000000e+00 1.000000000000000000e+00
4.156268479236095437e-01 7.285594911450312683e-01 1.586430339332342392e-04 1.000000000000000000e+00
5.259905390028651873e-01 6.817359157958843285e-01 1.406932462545895744e-03 1.000000000000000000e+00
3.149303752442447202e-01 5.670950538202738089e-01 3.370126542737756845e-03 9.866761450797090216e-01
2.181943057540272068e-01 4.736687513995396781e-01 3.228654015421113244e-02 9.162757477258360872e-01
3.759089770506840456e-01 5.363865595898578142e-01 0.000000000000000000e+00 9.995302186367058805e-01
2.940090441319797021e-01 5.878873228275423024e-01 4.850386193441392352e-02 8.556562102847843354e-01
5.144729101723791720e-01 7.834526147042985000e-01 2.206693316326293897e-01 2.311041851828097848e-01
2.894463229924701952e-01 1.278453329457384380e-01 8.467591160774226022e-01 5.561718014438725710e-01
6.592777616519817085e-01 6.147086915142884189e-01 4.153671577845779311e-02 2.211199285538695825e-01
1.125549207337228075e-01 1.857170643098338680e-01 4.833856363027513869e-02 7.146840973051837853e-01
1.539539578094484829e-01 9.373013025737944037e-01 4.831538642136066208e-01 9.038903587907556325e-01
9.430289364960022791e-01 7.632495799547492910e-01 1.131330855238435740e-01 1.289386735387401117e-01
3.285316179812663440e-01 5.394413155500972223e-01 1.589320017103887372e-01 9.583576702952869564e-01
2.141765425733134776e-01 9.063870748886420081e-01 6.453331641919062001e-02 4.012315991037345569e-02
5.520793749571318437e-02 1.023544778224783763e-01 1.507916284018775421e-01 4.649234636673380550e-01
6.896813418005979246e-01 5.303780284583552440e-01 3.787551237026601236e-02 1.473763551677271799e-01
4.437615186951569535e-01 1.663733381253443833e-01 7.434584386561294833e-01 5.470922155770981954e-01
0.000000000000000000e+00 6.842398487983696320e-01 7.483187418937822799e-02 9.492700238819395953e-01
8.938394064819547014e-01 8.595551055795686013e-02 1.092118751653086556e-01 7.337618337081046604e-01
0.000000000000000000e+00 8.784634297502481592e-01 2.575552418278623593e-02 9.713480576393309640e-01
2.371575371410990229e-02 9.603997315602836871e-01 8.807556489033348257e-02 6.982443821058468281e-01
1.183454817086805611e-01 5.746412963033882271e-01 8.729111852248573333e-01 8.627586934688672438e-01
0.000000000000000000e+00 9.900193246373469869e-01 1.105324536299624044e-02 9.782095020295908938e-01
6.132506121008006739e-01 9.290338169937319979e-01 3.464817337435129041e-02 8.711295659277412673e-01
7.311821513432499309e-01 2.789048292623356184e-01 2.786611914351552061e-02 1.672662502191258824e-02
5.371794487239345273e-01 5.583451426425685149e-01 1.922397140759006615e-03 9.275356256105941055e-01
9.528930640849174738e-01 8.085182950260835222e-01 1.085235180138917066e-01 0.000000000000000000e+00
5.727153298298340856e-01 5.627817071514114033e-01 1.299112560043262990e-02 6.813974671312574838e-01
5.945032542568169376e-01 3.958485832119849612e-01 1.824499765242599061e-02 8.992394882767287267e-01
9.261250909668016229e-01 5.261028548910011704e-01 2.718131852260086134e-01 4.412931522954363084e-01
7.363499472014251035e-01 2.311539739796924509e-01 2.637462449578690388e-02 0.000000000000000000e+00
8.719870405266872959e-01 8.288061075470392058e-01 1.016953688986143717e-01 4.882546879278212848e-01
3.549941733885316753e-01 6.562864389733291670e-01 1.812239704654580730e-01 8.715961078724717703e-01
2.774328796083347926e-01 5.767029068994101726e-01 2.028716459769556169e-01 6.329061180922397334e-01
5.396445315911914120e-01 3.283662556963960477e-01 4.658456264434150673e-02 7.665262412528686120e-01
5.618972774371233658e-01 2.430783433342149080e-01 6.637815851273401457e-02 6.766138780418767817e-01
5.003219577487799663e-01 7.419482847936171854e-01 3.589331324171679549e-01 1.877204260425079096e-01
4.123009719588685562e-01 3.272416872352243988e-01 4.145113213139827169e-01 6.239687005381844287e-01
