-3.051708389090556084e-01
-2.012468123044594548e-01
4.332461392235827935e-01
-5.773345898110060492e-01
-6.636620737119188762e-01
-2.400458734064270239e-01
-7.849946563994378845e-01
1.196738063155282639e-01
-1.595250148042670901e-01
-1.132159273642072916e+00
1.456108917998880092e-01
3.337817085869084766e-01
9.596122773799060646e-01
9.255775061108366675e-01
9.471832218198454889e-01
9.362763285769346577e-01
1.072754803622993469e+00
4.946641059663904882e-01
1.233146118298088068e+00
1.228738058271348299e+00
1.339926671985163464e+00
1.389028071458463742e+00
1.360049588215081817e+00
1.327612544609444001e+00
1.388397924946207729e+00
1.221610934310135343e+00
1.405463722490459588e+00
1.191459628210367772e+00
6.975530255046452632e-01
-7.566019730416242428e-01
9.411532750422617610e-01
3.211298671723685216e-01
-5.682753838561746540e-02
7.975469813442247480e-01
1.178928667018571685e+00
5.374694042160718110e-01
-6.856782550594743286e-01
8.682456937416498377e-01
-6.810933295475395388e-01
9.742524866084375512e-01
-3.867007348534212685e-01
1.142801526882915031e+00
7.644011057554449540e-01
-4.520692353879295355e-01
1.211863451092149324e+00
1.045659833715924414e+00
7.879436495165361709e-01
1.281392698284062437e+00
9.091239263009172067e-01
1.119548692667075906e+00
8.775275722067832351e-01
2.467150651750438239e-01
7.564193682614913650e-01
8.769214391373078010e-01
1.079408489083490963e+00
5.908395340754447611e-01
7.429028832827743178e-01
4.948721450053127358e-01
2.285895231746352119e-01
-7.568783604455782410e-02
