6.434922058261935973e-01
6.434922058261935973e-01
9.238261363560109629e-01
1.009310808751271216e+00
1.115329728712928459e+00
1.115329728712928459e+00
1.115329728712928459e+00
1.185432848655357363e+00
1.185432848655357363e+00
1.185432848655357363e+00
1.185432848655357363e+00
1.185432848655357363e+00
1.185432848655357363e+00
1.185432848655357363e+00
1.185432848655357363e+00
1.185432848655357363e+00
1.185432848655357363e+00
1.185432848655357363e+00
1.185432848655357363e+00
1.185432848655357363e+00
1.185432848655357363e+00
1.185432848655357363e+00
1.185432848655357363e+00
1.185432848655357363e+00
1.185432848655357363e+00
1.185432848655357363e+00
1.185432848655357363e+00
1.185432848655357363e+00
1.185432848655357363e+00
1.185432848655357363e+00
1.250412631131736507e+00
1.250412631131736507e+00
1.250412631131736507e+00
1.250412631131736507e+00
1.250412631131736507e+00
1.254401953934759284e+00
1.254401953934759284e+00
1.254401953934759284e+00
1.254401953934759284e+00
1.254401953934759284e+00
1.254401953934759284e+00
1.254401953934759284e+00
1.254401953934759284e+00
1.254401953934759284e+00
1.254401953934759284e+00
1.254401953934759284e+00
1.254401953934759284e+00
1.258874843017082634e+00
1.258874843017082634e+00
1.258874843017082634e+00
1.258874843017082634e+00
1.258874843017082634e+00
1.258874843017082634e+00
1.259741836181398122e+00
1.259741836181398122e+00
1.259741836181398122e+00
1.259741836181398122e+00
1.259741836181398122e+00
1.259741836181398122e+00
1.259741836181398122e+00
1.259741836181398122e+00
1.259741836181398122e+00
1.259741836181398122e+00
1.259741836181398122e+00
1.259741836181398122e+00
1.259741836181398122e+00
1.259741836181398122e+00
1.260044286461607044e+00
1.260044286461607044e+00
1.260044286461607044e+00
1.260044286461607044e+00
1.260044286461607044e+00
1.260044286461607044e+00
1.260044286461607044e+00
1.260044286461607044e+00
1.260044286461607044e+00
1.260044286461607044e+00
1.260044286461607044e+00
1.260044286461607044e+00
1.260044286461607044e+00
1.260044286461607044e+00
1.260044286461607044e+00
1.260044286461607044e+00
1.260044286461607044e+00
1.260044286461607044e+00
1.260044286461607044e+00
1.260044286461607044e+00
1.260044286461607044e+00
1.261926314277916461e+00
1.261926314277916461e+00
1.261926314277916461e+00
1.261926314277916461e+00
1.261926314277916461e+00
1.261926314277916461e+00
1.261926314277916461e+00
1.261926314277916461e+00
1.261926314277916461e+00
1.261926314277916461e+00
1.261926314277916461e+00
1.261926314277916461e+00
