1.000000000000000000e+00 1.000000000000000000e+00 1.000000000000000000e+00 0.000000000000000000e+00
1.000000000000000000e+00 1.000000000000000000e+00 1.000000000000000000e+00 0.000000000000000000e+00
1.000000000000000000e+00 0.000000000000000000e+00 1.000000000000000000e+00 1.000000000000000000e+00
1.000000000000000000e+00 0.000000000000000000e+00 1.000000000000000000e+00 1.000000000000000000e+00
1.000000000000000000e+00 0.000000000000000000e+00 1.000000000000000000e+00 1.000000000000000000e+00
1.000000000000000000e+00 0.000000000000000000e+00 1.000000000000000000e+00 0.000000000000000000e+00
8.403307380952038663e-01 0.000000000000000000e+00 1.000000000000000000e+00 9.953401865038677965e-01
8.328409435628612023e-01 0.000000000000000000e+00 1.000000000000000000e+00 1.000000000000000000e+00
0.000000000000000000e+00 1.000000000000000000e+00 9.600288799605093404e-01 1.000000000000000000e+00
1.000000000000000000e+00 4.267180179425132391e-01 1.000000000000000000e+00 0.000000000000000000e+00
1.000000000000000000e+00 4.118398663402789150e-01 1.000000000000000000e+00 0.000000000000000000e+00
1.000000000000000000e+00 4.573803465967302695e-01 1.000000000000000000e+00 0.000000000000000000e+00
1.000000000000000000e+00 4.985643837262772604e-01 1.000000000000000000e+00 0.000000000000000000e+00
1.000000000000000000e+00 5.409749951686312341e-01 1.000000000000000000e+00 0.000000000000000000e+00
8.379887766338727229e-01 1.000000000000000000e+00 1.000000000000000000e+00 0.000000000000000000e+00
6.991705098598756107e-01 1.000000000000000000e+00 1.000000000000000000e+00 0.000000000000000000e+00
1.472460298591794503e-01 1.000000000000000000e+00 1.000000000000000000e+00 0.000000000000000000e+00
1.395687231942810136e-01 1.000000000000000000e+00 1.000000000000000000e+00 0.000000000000000000e+00
9.430064738306469518e-01 8.419507218893982348e-01 1.000000000000000000e+00 1.000000000000000000e+00
9.796851576168061904e-01 6.475355174028623040e-01 1.000000000000000000e+00 1.000000000000000000e+00
9.724889770086513341e-01 8.078210899428968084e-01 1.000000000000000000e+00 1.000000000000000000e+00
9.816184077283276466e-01 9.561629286196189348e-01 1.000000000000000000e+00 1.000000000000000000e+00
1.000000000000000000e+00 1.000000000000000000e+00 1.000000000000000000e+00 1.000000000000000000e+00
1.000000000000000000e+00 1.000000000000000000e+00 1.000000000000000000e+00 1.000000000000000000e+00
1.000000000000000000e+00 1.000000000000000000e+00 1.000000000000000000e+00 1.000000000000000000e+00
1.000000000000000000e+00 1.000000000000000000e+00 1.000000000000000000e+00 1.000000000000000000e+00
1.000000000000000000e+00 1.000000000000000000e+00 1.000000000000000000e+00 1.000000000000000000e+00
1.000000000000000000e+00 1.000000000000000000e+00 1.000000000000000000e+00 1.000000000000000000e+00
1.000000000000000000e+00 1.000000000000000000e+00 1.000000000000000000e+00 1.000000000000000000e+00
1.000000000000000000e+00 1.000000000000000000e+00 1.000000000000000000e+00 9.589740171152206782e-01
1.000000000000000000e+00 1.000000000000000000e+00 1.000000000000000000e+00 8.553462502211718332e-01
1.000000000000000000e+00 1.000000000000000000e+00 1.000000000000000000e+00 8.750495856677562578e-01
1.000000000000000000e+00 1.000000000000000000e+00 1.000000000000000000e+00 9.052275340149561478e-01
1.000000000000000000e+00 1.000000000000000000e+00 1.000000000000000000e+00 3.215959503130534913e-01
1.000000000000000000e+00 1.000000000000000000e+00 1.000000000000000000e+00 5.270463461345794576e-01
1.000000000000000000e+00 1.000000000000000000e+00 1.000000000000000000e+00 6.963084057612751732e-01
8.300407849306425945e-01 1.000000000000000000e+00 1.000000000000000000e+00 0.000000000000000000e+00
1.000000000000000000e+00 1.000000000000000000e+00 1.000000000000000000e+00 6.244194613034073083e-01
1.000000000000000000e+00 1.000000000000000000e+00 1.000000000000000000e+00 5.728036889941445775e-01
1.000000000000000000e+00 1.000000000000000000e+00 1.000000000000000000e+00 5.890166126113673961e-01
1.000000000000000000e+00 1.000000000000000000e+00 1.000000000000000000e+00 5.748307976308906220e-01
1.000000000000000000e+00 1.000000000000000000e+00 1.000000000000000000e+00 5.433225251267694844e-01
1.000000000000000000e+00 1.000000000000000000e+00 1.000000000000000000e+00 5.597989676953439853e-01
1.000000000000000000e+00 1.000000000000000000e+00 1.000000000000000000e+00 5.323843285936998848e-01
1.000000000000000000e+00 1.000000000000000000e+00 1.000000000000000000e+00 6.251595827796463389e-01
1.000000000000000000e+00 1.000000000000000000e+00 1.000000000000000000e+00 6.321079903140995881e-01
1.000000000000000000e+00 1.000000000000000000e+00 1.000000000000000000e+00 5.435197519513577102e-01
1.000000000000000000e+00 1.000000000000000000e+00 1.000000000000000000e+00 4.813244618848480649e-01
1.000000000000000000e+00 1.000000000000000000e+00 1.000000000000000000e+00 4.751737802245169506e-01
1.000000000000000000e+00 1.000000000000000000e+00 1.000000000000000000e+00 4.403466394120046923e-01
1.000000000000000000e+00 1.000000000000000000e+00 1.000000000000000000e+00 4.688746517674883263e-01
1.000000000000000000e+00 1.000000000000000000e+00 1.000000000000000000e+00 4.675641349379698886e-01
1.000000000000000000e+00 1.000000000000000000e+00 1.000000000000000000e+00 4.790110399346396153e-01
1.000000000000000000e+00 1.000000000000000000e+00 1.000000000000000000e+00 4.821114988102703780e-01
1.000000000000000000e+00 1.000000000000000000e+00 1.000000000000000000e+00 4.681474116228485083e-01
1.000000000000000000e+00 1.000000000000000000e+00 1.000000000000000000e+00 4.521848560565467912e-01
1.000000000000000000e+00 1.000000000000000000e+00 1.000000000000000000e+00 3.963370016067839230e-01
1.000000000000000000e+00 1.000000000000000000e+00 1.000000000000000000e+00 3.731698611592431103e-01
1.000000000000000000e+00 1.000000000000000000e+00 1.000000000000000000e+00 3.733881297826658341e-01
1.000000000000000000e+00 1.000000000000000000e+00 1.000000000000000000e+00 3.875465164178474864e-01
1.000000000000000000e+00 1.000000000000000000e+00 1.000000000000000000e+00 3.705294863137309491e-01
1.000000000000000000e+00 1.000000000000000000e+00 1.000000000000000000e+00 3.857542045131144848e-01
1.000000000000000000e+00 1.000000000000000000e+00 1.000000000000000000e+00 3.852282861799010139e-01
1.000000000000000000e+00 1.000000000000000000e+00 1.000000000000000000e+00 4.573121444794726598e-01
1.000000000000000000e+00 1.000000000000000000e+00 1.000000000000000000e+00 3.750311049903604643e-01
1.000000000000000000e+00 1.000000000000000000e+00 1.000000000000000000e+00 3.731151191650773913e-01
1.000000000000000000e+00 1.000000000000000000e+00 1.000000000000000000e+00 3.767547240948638243e-01
1.000000000000000000e+00 1.000000000000000000e+00 1.000000000000000000e+00 3.581526250080747098e-01
1.000000000000000000e+00 1.000000000000000000e+00 1.000000000000000000e+00 3.686274512899110900e-01
1.000000000000000000e+00 1.000000000000000000e+00 1.000000000000000000e+00 3.543719120699195813e-01
1.000000000000000000e+00 1.000000000000000000e+00 1.000000000000000000e+00 3.556460900350646437e-01
1.000000000000000000e+00 1.000000000000000000e+00 1.000000000000000000e+00 3.569406775575680868e-01
1.000000000000000000e+00 1.000000000000000000e+00 1.000000000000000000e+00 3.565120221617540386e-01
1.000000000000000000e+00 1.000000000000000000e+00 1.000000000000000000e+00 3.520569591855361447e-01
1.000000000000000000e+00 1.000000000000000000e+00 1.000000000000000000e+00 3.516706090135754414e-01
1.000000000000000000e+00 1.000000000000000000e+00 1.000000000000000000e+00 3.544096194050473381e-01
1.000000000000000000e+00 1.000000000000000000e+00 1.000000000000000000e+00 3.592887662982720554e-01
1.000000000000000000e+00 1.000000000000000000e+00 1.000000000000000000e+00 3.491822944867186695e-01
1.000000000000000000e+00 1.000000000000000000e+00 1.000000000000000000e+00 3.737164393994431566e-01
1.000000000000000000e+00 1.000000000000000000e+00 1.000000000000000000e+00 3.736030630032514122e-01
1.000000000000000000e+00 1.000000000000000000e+00 1.000000000000000000e+00 3.731251132294258754e-01
1.000000000000000000e+00 1.000000000000000000e+00 1.000000000000000000e+00 3.695404502087029641e-01
1.000000000000000000e+00 1.000000000000000000e+00 1.000000000000000000e+00 3.655125728596721468e-01
1.000000000000000000e+00 1.000000000000000000e+00 1.000000000000000000e+00 3.654680625607025224e-01
1.000000000000000000e+00 1.000000000000000000e+00 1.000000000000000000e+00 3.671063661654949128e-01
1.000000000000000000e+00 1.000000000000000000e+00 1.000000000000000000e+00 3.668736446225717707e-01
1.000000000000000000e+00 1.000000000000000000e+00 1.000000000000000000e+00 3.794165127548669858e-01
1.000000000000000000e+00 1.000000000000000000e+00 1.000000000000000000e+00 3.818832541653521817e-01
1.000000000000000000e+00 1.000000000000000000e+00 1.000000000000000000e+00 3.891223803205634546e-01
1.000000000000000000e+00 1.000000000000000000e+00 1.000000000000000000e+00 3.888544238275440934e-01
1.000000000000000000e+00 1.000000000000000000e+00 1.000000000000000000e+00 3.859845776526653061e-01
1.000000000000000000e+00 1.000000000000000000e+00 1.000000000000000000e+00 3.848200518646731627e-01
1.000000000000000000e+00 1.000000000000000000e+00 1.000000000000000000e+00 3.883488877776571369e-01
1.000000000000000000e+00 1.000000000000000000e+00 1.000000000000000000e+00 3.887006391974498487e-01
1.000000000000000000e+00 1.000000000000000000e+00 1.000000000000000000e+00 3.891324175158453191e-01
1.000000000000000000e+00 1.000000000000000000e+00 1.000000000000000000e+00 3.897476006908895396e-01
1.000000000000000000e+00 1.000000000000000000e+00 1.000000000000000000e+00 3.986224915561781268e-01
1.000000000000000000e+00 1.000000000000000000e+00 1.000000000000000000e+00 3.977935161780133400e-01
1.000000000000000000e+00 1.000000000000000000e+00 1.000000000000000000e+00 3.942645873855890604e-01
1.000000000000000000e+00 1.000000000000000000e+00 1.000000000000000000e+00 3.975019891041470799e-01
