1.375892926294742247e-01
3.765696645542630505e-01
3.765696645542630505e-01
3.765696645542630505e-01
3.765696645542630505e-01
3.765696645542630505e-01
3.765696645542630505e-01
3.765696645542630505e-01
3.765696645542630505e-01
3.765696645542630505e-01
3.765696645542630505e-01
3.765696645542630505e-01
3.765696645542630505e-01
3.765696645542630505e-01
3.765696645542630505e-01
3.765696645542630505e-01
3.765696645542630505e-01
3.765696645542630505e-01
3.765696645542630505e-01
3.765696645542630505e-01
3.765696645542630505e-01
3.765696645542630505e-01
4.396312294158108980e-01
4.396312294158108980e-01
4.396312294158108980e-01
4.396312294158108980e-01
4.396312294158108980e-01
4.396312294158108980e-01
4.396312294158108980e-01
4.396312294158108980e-01
4.396312294158108980e-01
4.396312294158108980e-01
4.396312294158108980e-01
4.396312294158108980e-01
4.396312294158108980e-01
4.396312294158108980e-01
4.396312294158108980e-01
4.396312294158108980e-01
4.396312294158108980e-01
4.396312294158108980e-01
4.396312294158108980e-01
4.396312294158108980e-01
4.396312294158108980e-01
4.396312294158108980e-01
4.396312294158108980e-01
4.396312294158108980e-01
4.396312294158108980e-01
4.396312294158108980e-01
4.396312294158108980e-01
4.396312294158108980e-01
4.396312294158108980e-01
4.396312294158108980e-01
4.396312294158108980e-01
4.396312294158108980e-01
4.396312294158108980e-01
4.396312294158108980e-01
4.396312294158108980e-01
4.396312294158108980e-01
4.396312294158108980e-01
4.396312294158108980e-01
4.396312294158108980e-01
4.396312294158108980e-01
4.396312294158108980e-01
4.396312294158108980e-01
4.396312294158108980e-01
4.396312294158108980e-01
4.396312294158108980e-01
4.396312294158108980e-01
4.396312294158108980e-01
4.396312294158108980e-01
4.396312294158108980e-01
4.396312294158108980e-01
4.396312294158108980e-01
4.396312294158108980e-01
4.396312294158108980e-01
4.396312294158108980e-01
4.396312294158108980e-01
4.396312294158108980e-01
4.396312294158108980e-01
4.396312294158108980e-01
4.396312294158108980e-01
4.396312294158108980e-01
4.396312294158108980e-01
4.396312294158108980e-01
4.396312294158108980e-01
4.396312294158108980e-01
4.396312294158108980e-01
4.396312294158108980e-01
4.396312294158108980e-01
4.396312294158108980e-01
4.396312294158108980e-01
4.396312294158108980e-01
4.396312294158108980e-01
4.396312294158108980e-01
4.396312294158108980e-01
4.396312294158108980e-01
4.396312294158108980e-01
4.396312294158108980e-01
4.396312294158108980e-01
4.396312294158108980e-01
