-6.043237386342270590e-02
-1.001348904142270291e+00
5.115798605898829177e-01
-2.371007771396701214e-01
7.034697551626263312e-01
-1.030883757021091807e+00
1.889173777629076234e-01
-1.172915909552145752e+00
3.120308159951468707e-01
4.947708987894615662e-01
2.146402563764431837e-01
7.701719395692860903e-01
8.370527418966186572e-02
7.591452792331010446e-01
1.495821589442611621e-01
6.352210615882116773e-01
9.062784180979026605e-01
-3.099861776399696622e-01
8.936802489083451873e-01
5.073927255570448436e-01
7.694863415087028757e-01
-7.513987867183103964e-01
-1.782595889091039554e-01
-9.627778745080566025e-02
2.556807944435721125e-02
7.342074993624052304e-02
2.456777100648587786e-01
9.096541575297976134e-01
9.113697593836554978e-01
-3.672160491015822315e-01
-1.067806238738154612e+00
8.624162153792733765e-01
9.035609463318142742e-01
9.085353044816598667e-01
5.249465725750203093e-01
5.462551292149316895e-01
-7.274676715932170135e-01
9.182669735996320526e-01
-1.195374578981985292e-01
9.213763388843198010e-01
9.187942447484235275e-01
3.473825574273677885e-01
9.231606669612837379e-01
9.220677622781241478e-01
9.244832096902506624e-01
9.248904925785199627e-01
-3.681171383195024349e-01
9.229194175908281839e-01
9.264932313423077659e-01
9.273961675947041128e-01
9.267184940326497200e-01
9.281390350250143806e-01
9.071288681332160264e-01
4.742041754191498870e-01
7.615992369460572453e-02
6.331991566241593761e-01
9.276355780602094647e-01
-1.637253991455556834e+00
-2.171869571350943662e-01
2.752233817289680973e-01
9.277007374287666863e-01
9.277075208568825726e-01
9.277877494962848415e-01
-3.860710598000338667e-01
6.628720239296652661e-01
6.968964325162861906e-01
7.722449721952343582e-01
2.354803225607138562e-01
7.482663385077120699e-01
3.865555080005494415e-01
8.628903523606161752e-01
9.277282314737523850e-01
8.929432122567177998e-01
3.114628489574859313e-02
-4.566982426598707456e-01
9.074583791163799429e-01
3.454201559148901979e-02
-2.812318816855566284e-01
-1.210738546050123876e+00
3.215952206479505970e-01
3.222481671643229739e-01
7.463664668789884438e-01
6.918037007429265195e-01
-5.889632129544243311e-01
9.004492152203822375e-01
8.094828031253482603e-01
-6.554798426686377910e-01
5.945619694643455855e-01
9.153998730594796740e-01
7.174453382794904188e-01
9.289704706389065869e-01
9.215069545657812444e-01
-1.324150923650392553e+00
9.072014686859320998e-01
2.073620582961163694e-01
-8.744352405210410739e-02
9.248369081688583293e-01
7.988128276064115907e-01
9.245017104308613787e-01
-7.458888152023949170e-01
9.291925186383828139e-01
2.959631695259967721e-01
9.237044162888947696e-01
9.291587375952231609e-01
5.857580627120442252e-01
-1.378875837540068927e+00
-6.862743384894104404e-02
-1.206630298867656381e-01
6.415913626157714322e-01
4.248664177901343986e-01
