8.969360589981079102e-02 7.954149246215820312e-01 7.167575359344482422e-01 1.290429830551147461e-01
8.969360589981079102e-02 7.954149246215820312e-01 7.167575359344482422e-01 1.290429830551147461e-01
8.969360589981079102e-02 7.954149246215820312e-01 7.167575359344482422e-01 1.290429830551147461e-01
8.969360589981079102e-02 7.954149246215820312e-01 7.167575359344482422e-01 1.290429830551147461e-01
8.969360589981079102e-02 7.954149246215820312e-01 7.167575359344482422e-01 1.290429830551147461e-01
4.426413774490356445e-02 3.598458766937255859e-01 7.714800834655761719e-01 2.010905742645263672e-01
4.426413774490356445e-02 3.598458766937255859e-01 7.714800834655761719e-01 2.010905742645263672e-01
4.426413774490356445e-02 3.598458766937255859e-01 7.714800834655761719e-01 2.010905742645263672e-01
4.426413774490356445e-02 3.598458766937255859e-01 7.714800834655761719e-01 2.010905742645263672e-01
4.426413774490356445e-02 3.598458766937255859e-01 7.714800834655761719e-01 2.010905742645263672e-01
4.426413774490356445e-02 3.598458766937255859e-01 7.714800834655761719e-01 2.010905742645263672e-01
4.426413774490356445e-02 3.598458766937255859e-01 7.714800834655761719e-01 2.010905742645263672e-01
4.426413774490356445e-02 3.598458766937255859e-01 7.714800834655761719e-01 2.010905742645263672e-01
4.426413774490356445e-02 3.598458766937255859e-01 7.714800834655761719e-01 2.010905742645263672e-01
4.426413774490356445e-02 3.598458766937255859e-01 7.714800834655761719e-01 2.010905742645263672e-01
4.426413774490356445e-02 3.598458766937255859e-01 7.714800834655761719e-01 2.010905742645263672e-01
4.426413774490356445e-02 3.598458766937255859e-01 7.714800834655761719e-01 2.010905742645263672e-01
4.426413774490356445e-02 3.598458766937255859e-01 7.714800834655761719e-01 2.010905742645263672e-01
4.426413774490356445e-02 3.598458766937255859e-01 7.714800834655761719e-01 2.010905742645263672e-01
4.426413774490356445e-02 3.598458766937255859e-01 7.714800834655761719e-01 2.010905742645263672e-01
4.426413774490356445e-02 3.598458766937255859e-01 7.714800834655761719e-01 2.010905742645263672e-01
4.426413774490356445e-02 3.598458766937255859e-01 7.714800834655761719e-01 2.010905742645263672e-01
4.426413774490356445e-02 3.598458766937255859e-01 7.714800834655761719e-01 2.010905742645263672e-01
4.426413774490356445e-02 3.598458766937255859e-01 7.714800834655761719e-01 2.010905742645263672e-01
4.426413774490356445e-02 3.598458766937255859e-01 7.714800834655761719e-01 2.010905742645263672e-01
4.426413774490356445e-02 3.598458766937255859e-01 7.714800834655761719e-01 2.010905742645263672e-01
4.426413774490356445e-02 3.598458766937255859e-01 7.714800834655761719e-01 2.010905742645263672e-01
4.426413774490356445e-02 3.598458766937255859e-01 7.714800834655761719e-01 2.010905742645263672e-01
4.426413774490356445e-02 3.598458766937255859e-01 7.714800834655761719e-01 2.010905742645263672e-01
4.426413774490356445e-02 3.598458766937255859e-01 7.714800834655761719e-01 2.010905742645263672e-01
4.426413774490356445e-02 3.598458766937255859e-01 7.714800834655761719e-01 2.010905742645263672e-01
4.426413774490356445e-02 3.598458766937255859e-01 7.714800834655761719e-01 2.010905742645263672e-01
4.426413774490356445e-02 3.598458766937255859e-01 7.714800834655761719e-01 2.010905742645263672e-01
4.426413774490356445e-02 3.598458766937255859e-01 7.714800834655761719e-01 2.010905742645263672e-01
4.426413774490356445e-02 3.598458766937255859e-01 7.714800834655761719e-01 2.010905742645263672e-01
4.426413774490356445e-02 3.598458766937255859e-01 7.714800834655761719e-01 2.010905742645263672e-01
4.426413774490356445e-02 3.598458766937255859e-01 7.714800834655761719e-01 2.010905742645263672e-01
4.426413774490356445e-02 3.598458766937255859e-01 7.714800834655761719e-01 2.010905742645263672e-01
4.426413774490356445e-02 3.598458766937255859e-01 7.714800834655761719e-01 2.010905742645263672e-01
4.426413774490356445e-02 3.598458766937255859e-01 7.714800834655761719e-01 2.010905742645263672e-01
4.426413774490356445e-02 3.598458766937255859e-01 7.714800834655761719e-01 2.010905742645263672e-01
4.426413774490356445e-02 3.598458766937255859e-01 7.714800834655761719e-01 2.010905742645263672e-01
4.426413774490356445e-02 3.598458766937255859e-01 7.714800834655761719e-01 2.010905742645263672e-01
2.262377738952636719e-02 2.973188757896423340e-01 4.026222825050354004e-01 6.591421365737915039e-02
2.262377738952636719e-02 2.973188757896423340e-01 4.026222825050354004e-01 6.591421365737915039e-02
2.262377738952636719e-02 2.973188757896423340e-01 4.026222825050354004e-01 6.591421365737915039e-02
2.262377738952636719e-02 2.973188757896423340e-01 4.026222825050354004e-01 6.591421365737915039e-02
2.262377738952636719e-02 2.973188757896423340e-01 4.026222825050354004e-01 6.591421365737915039e-02
2.262377738952636719e-02 2.973188757896423340e-01 4.026222825050354004e-01 6.591421365737915039e-02
2.262377738952636719e-02 2.973188757896423340e-01 4.026222825050354004e-01 6.591421365737915039e-02
