5.712560848045526996e-01
5.757955924443924900e-01
5.481811176743623948e-01
5.481811176743623948e-01
5.481811176743623948e-01
5.481811176743623948e-01
5.490741126336262656e-01
4.819445177246202694e-01
4.819445177246202694e-01
4.819445177246202694e-01
5.481811176743623948e-01
5.481811176743623948e-01
5.481811176743623948e-01
5.481811176743623948e-01
5.481811176743623948e-01
5.481811176743623948e-01
5.481811176743623948e-01
5.481811176743623948e-01
5.484679660567359782e-01
5.546613416826835508e-01
5.600141417296786717e-01
5.481811176743623948e-01
5.481811176743623948e-01
5.481811176743623948e-01
5.481811176743623948e-01
5.481811176743623948e-01
5.481811176743623948e-01
5.481811176743623948e-01
5.986998155180766057e-01
5.955632251605328387e-01
6.134031023750129430e-01
5.781678186017845666e-01
5.796903414424242618e-01
5.801900841641898232e-01
5.902590767159459073e-01
5.720704260655204987e-01
5.576535327403036035e-01
5.643259399949143162e-01
5.632768292460126336e-01
5.549602834834029830e-01
5.547014427497111155e-01
5.561937963678437180e-01
4.129331612794860940e-01
3.852431676205790856e-01
3.768702412695257298e-01
4.924953407149797457e-01
4.549197811386999080e-01
5.296856510170722121e-01
6.127625762742099358e-01
6.069698157050920084e-01
6.078872416789270483e-01
5.505801940866963395e-01
5.583210102861067003e-01
5.884288595236037978e-01
3.848960529647719175e-01
3.994539451268404595e-01
5.830524992410357488e-01
4.916475357128947121e-01
4.675663959912881862e-01
3.817382833612274484e-01
3.992271808842256520e-01
5.529306928824444523e-01
4.185709491565652307e-01
3.246209219339665775e-01
3.747327033893871340e-01
5.026661381422949937e-01
5.008572863267788389e-01
4.839741911564379162e-01
5.205711892417927977e-01
5.457409586497832255e-01
5.367336932244317627e-01
5.730652883470326309e-01
5.768636048086488444e-01
5.857711089135040350e-01
5.298226127572809308e-01
5.410482993107574856e-01
6.572660090618352990e-01
6.583042534309242466e-01
6.416573309251742963e-01
6.435504222497892002e-01
6.671188522784494701e-01
5.735935760756540880e-01
5.895010473865385237e-01
5.911507756068414832e-01
5.764185223536981706e-01
5.809779851185447042e-01
5.615442285968978986e-01
5.594193487191105874e-01
5.262224204920870063e-01
5.239897030876504713e-01
7.292700177288262697e-01
7.678560606689812662e-01
7.774394478354900162e-01
7.589367833088416226e-01
7.588198967951869101e-01
7.635056401565809558e-01
7.287233297535955501e-01
7.244264893134435557e-01
7.229370396812866417e-01
7.504807786138492087e-01
