-3.815631909965415680e-01
-3.815631909965415680e-01
-3.815631909965415680e-01
-3.815631909965415680e-01
-3.815631909965415680e-01
-3.815631909965415680e-01
-3.815631909965415680e-01
-3.815631909965415680e-01
-3.815631909965415680e-01
-3.815631909965415680e-01
-3.815631909965415680e-01
-3.815631909965415680e-01
-3.815631909965415680e-01
-3.815631909965415680e-01
-3.815631909965415680e-01
-3.815631909965415680e-01
-3.815631909965415680e-01
-3.815631909965415680e-01
-3.815631909965415680e-01
-3.815631909965415680e-01
-3.815631909965415680e-01
-3.815631909965415680e-01
-3.815631909965415680e-01
-3.815631909965415680e-01
-3.815631909965415680e-01
-3.815631909965415680e-01
-3.815631909965415680e-01
-3.815631909965415680e-01
-3.815631909965415680e-01
-3.815631909965415680e-01
-3.767727073669341342e-01
-3.767727073669341342e-01
-3.767727073669341342e-01
-3.767727073669341342e-01
-3.767727073669341342e-01
-3.767727073669341342e-01
-3.767727073669341342e-01
-3.767727073669341342e-01
-3.767727073669341342e-01
-3.767727073669341342e-01
-3.767727073669341342e-01
-3.767727073669341342e-01
-3.767727073669341342e-01
-3.767727073669341342e-01
-3.767727073669341342e-01
-3.767727073669341342e-01
-3.767727073669341342e-01
-3.767727073669341342e-01
-3.767727073669341342e-01
-3.767727073669341342e-01
-3.767727073669341342e-01
-3.767727073669341342e-01
-3.767727073669341342e-01
-3.767727073669341342e-01
-9.954256507997825965e-03
-9.954256507997825965e-03
-9.954256507997825965e-03
-9.954256507997825965e-03
-9.954256507997825965e-03
-9.954256507997825965e-03
-9.954256507997825965e-03
-9.954256507997825965e-03
-9.954256507997825965e-03
-9.954256507997825965e-03
-9.954256507997825965e-03
-9.954256507997825965e-03
-9.954256507997825965e-03
-9.954256507997825965e-03
-9.954256507997825965e-03
-9.954256507997825965e-03
-9.954256507997825965e-03
-9.954256507997825965e-03
-9.954256507997825965e-03
-9.954256507997825965e-03
-9.954256507997825965e-03
-9.954256507997825965e-03
-9.954256507997825965e-03
-9.954256507997825965e-03
-9.954256507997825965e-03
-9.954256507997825965e-03
-9.954256507997825965e-03
-9.954256507997825965e-03
-9.954256507997825965e-03
-9.954256507997825965e-03
-9.954256507997825965e-03
-9.954256507997825965e-03
-9.954256507997825965e-03
-9.954256507997825965e-03
-9.954256507997825965e-03
-9.954256507997825965e-03
-9.954256507997825965e-03
1.037953870618854302e-01
1.037953870618854302e-01
1.037953870618854302e-01
1.037953870618854302e-01
1.037953870618854302e-01
1.037953870618854302e-01
1.037953870618854302e-01
1.037953870618854302e-01
1.037953870618854302e-01
