1.000000000000000000e+00 0.000000000000000000e+00 0.000000000000000000e+00 0.000000000000000000e+00 1.000000000000000000e+00 1.000000000000000000e+00
1.000000000000000000e+00 0.000000000000000000e+00 1.291857739514578884e-01 0.000000000000000000e+00 1.000000000000000000e+00 1.000000000000000000e+00
5.796874299734591229e-01 0.000000000000000000e+00 0.000000000000000000e+00 0.000000000000000000e+00 1.000000000000000000e+00 1.000000000000000000e+00
1.000000000000000000e+00 0.000000000000000000e+00 1.000000000000000000e+00 0.000000000000000000e+00 1.000000000000000000e+00 7.581766449674599562e-01
1.000000000000000000e+00 0.000000000000000000e+00 1.000000000000000000e+00 1.000000000000000000e+00 1.000000000000000000e+00 1.000000000000000000e+00
1.000000000000000000e+00 0.000000000000000000e+00 9.707410817209677356e-01 1.000000000000000000e+00 1.000000000000000000e+00 1.000000000000000000e+00
0.000000000000000000e+00 0.000000000000000000e+00 2.177594522005996958e-01 0.000000000000000000e+00 1.000000000000000000e+00 1.000000000000000000e+00
5.392863655792797806e-01 0.000000000000000000e+00 3.289874532682250385e-01 0.000000000000000000e+00 1.000000000000000000e+00 1.000000000000000000e+00
6.309617384149668329e-01 0.000000000000000000e+00 3.019540429763675760e-01 0.000000000000000000e+00 1.000000000000000000e+00 1.000000000000000000e+00
8.509381359871228678e-01 0.000000000000000000e+00 1.000000000000000000e+00 1.000000000000000000e+00 1.000000000000000000e+00 1.000000000000000000e+00
8.548223259325896661e-01 0.000000000000000000e+00 1.000000000000000000e+00 1.000000000000000000e+00 1.000000000000000000e+00 1.000000000000000000e+00
8.746955005068878242e-01 0.000000000000000000e+00 1.000000000000000000e+00 1.000000000000000000e+00 1.000000000000000000e+00 1.000000000000000000e+00
5.466814367166827893e-01 0.000000000000000000e+00 3.463953714068369050e-01 0.000000000000000000e+00 1.000000000000000000e+00 1.000000000000000000e+00
8.717832457683235559e-01 0.000000000000000000e+00 1.000000000000000000e+00 1.000000000000000000e+00 1.000000000000000000e+00 1.000000000000000000e+00
7.879989783894824074e-01 0.000000000000000000e+00 1.000000000000000000e+00 1.000000000000000000e+00 1.000000000000000000e+00 1.000000000000000000e+00
6.995744667572931785e-01 0.000000000000000000e+00 1.000000000000000000e+00 1.000000000000000000e+00 1.000000000000000000e+00 1.000000000000000000e+00
6.320496452749759797e-01 0.000000000000000000e+00 1.000000000000000000e+00 1.000000000000000000e+00 1.000000000000000000e+00 1.000000000000000000e+00
6.268653107163837390e-01 0.000000000000000000e+00 1.000000000000000000e+00 1.000000000000000000e+00 1.000000000000000000e+00 1.000000000000000000e+00
6.441957045928489167e-01 0.000000000000000000e+00 1.000000000000000000e+00 1.000000000000000000e+00 1.000000000000000000e+00 8.545872746072470383e-01
6.225045738854366739e-01 0.000000000000000000e+00 1.000000000000000000e+00 1.000000000000000000e+00 1.000000000000000000e+00 1.000000000000000000e+00
6.216749645739664265e-01 0.000000000000000000e+00 1.000000000000000000e+00 1.000000000000000000e+00 1.000000000000000000e+00 1.000000000000000000e+00
6.226719955809000284e-01 0.000000000000000000e+00 1.000000000000000000e+00 1.000000000000000000e+00 1.000000000000000000e+00 1.000000000000000000e+00
6.251531011848251440e-01 0.000000000000000000e+00 1.000000000000000000e+00 1.000000000000000000e+00 1.000000000000000000e+00 1.000000000000000000e+00
6.251441453457570185e-01 0.000000000000000000e+00 1.000000000000000000e+00 1.000000000000000000e+00 1.000000000000000000e+00 1.000000000000000000e+00
6.210857666158454693e-01 0.000000000000000000e+00 1.000000000000000000e+00 1.000000000000000000e+00 1.000000000000000000e+00 1.000000000000000000e+00
6.220025485861192527e-01 0.000000000000000000e+00 1.000000000000000000e+00 1.000000000000000000e+00 1.000000000000000000e+00 1.000000000000000000e+00
7.578774523000303409e-01 0.000000000000000000e+00 1.000000000000000000e+00 1.000000000000000000e+00 7.728011004730550582e-01 1.000000000000000000e+00
6.250537969267347949e-01 4.548137878759981462e-02 1.000000000000000000e+00 1.000000000000000000e+00 1.000000000000000000e+00 1.000000000000000000e+00
7.519819741328881424e-01 0.000000000000000000e+00 1.000000000000000000e+00 1.000000000000000000e+00 7.821564008294766834e-01 1.000000000000000000e+00
7.263720014713695994e-01 0.000000000000000000e+00 1.000000000000000000e+00 1.000000000000000000e+00 8.357839260316449748e-01 1.000000000000000000e+00
7.572836243224541075e-01 0.000000000000000000e+00 1.000000000000000000e+00 1.000000000000000000e+00 7.695411569198883361e-01 1.000000000000000000e+00
7.542472282646947024e-01 0.000000000000000000e+00 1.000000000000000000e+00 1.000000000000000000e+00 7.793601112468707681e-01 1.000000000000000000e+00
7.328477617998527816e-01 1.424485086866204148e-02 1.000000000000000000e+00 1.000000000000000000e+00 8.217538009108208419e-01 1.000000000000000000e+00
6.360092140298467811e-01 6.418465621738556059e-02 1.000000000000000000e+00 1.000000000000000000e+00 1.000000000000000000e+00 1.000000000000000000e+00
7.559023685257937331e-01 0.000000000000000000e+00 1.000000000000000000e+00 1.000000000000000000e+00 7.502816516154848792e-01 1.000000000000000000e+00
7.547248374746070576e-01 0.000000000000000000e+00 1.000000000000000000e+00 1.000000000000000000e+00 7.466341633332761463e-01 1.000000000000000000e+00
7.525796815104647264e-01 0.000000000000000000e+00 1.000000000000000000e+00 1.000000000000000000e+00 7.390193205178680058e-01 1.000000000000000000e+00
7.521409667964598089e-01 0.000000000000000000e+00 1.000000000000000000e+00 1.000000000000000000e+00 7.389305213809163053e-01 1.000000000000000000e+00
7.537747483631040968e-01 0.000000000000000000e+00 1.000000000000000000e+00 1.000000000000000000e+00 7.418978448307129714e-01 1.000000000000000000e+00
7.521000290583463865e-01 0.000000000000000000e+00 1.000000000000000000e+00 1.000000000000000000e+00 7.416263330735178849e-01 1.000000000000000000e+00
7.595940884642010671e-01 1.628967571487481211e-02 1.000000000000000000e+00 1.000000000000000000e+00 7.371689178280218524e-01 1.000000000000000000e+00
7.592099849369152720e-01 2.035941780215377514e-02 1.000000000000000000e+00 1.000000000000000000e+00 7.375714534363435604e-01 1.000000000000000000e+00
7.590170314723856393e-01 3.014871696627921885e-02 1.000000000000000000e+00 1.000000000000000000e+00 7.388520113313624682e-01 1.000000000000000000e+00
7.609885970594910676e-01 3.823091448126689912e-02 1.000000000000000000e+00 1.000000000000000000e+00 7.332993531375329166e-01 1.000000000000000000e+00
7.592086315845955058e-01 3.543429609622184701e-02 1.000000000000000000e+00 1.000000000000000000e+00 7.333454702308186413e-01 1.000000000000000000e+00
7.587771180816292871e-01 3.435640081844775623e-02 1.000000000000000000e+00 1.000000000000000000e+00 7.333506831052561958e-01 1.000000000000000000e+00
7.607486258155132797e-01 3.528565848668861055e-02 1.000000000000000000e+00 1.000000000000000000e+00 7.316208293806102381e-01 1.000000000000000000e+00
7.590465897117615324e-01 2.984972219799673573e-02 1.000000000000000000e+00 1.000000000000000000e+00 7.320493313019239556e-01 1.000000000000000000e+00
7.384603012891659546e-01 0.000000000000000000e+00 1.000000000000000000e+00 1.000000000000000000e+00 7.387417165845641120e-01 1.000000000000000000e+00
7.388506466352462443e-01 0.000000000000000000e+00 1.000000000000000000e+00 1.000000000000000000e+00 7.398818120718139157e-01 1.000000000000000000e+00
7.394366824513296521e-01 0.000000000000000000e+00 1.000000000000000000e+00 1.000000000000000000e+00 7.426044845958547080e-01 1.000000000000000000e+00
7.434587176141519427e-01 0.000000000000000000e+00 1.000000000000000000e+00 1.000000000000000000e+00 7.412375548907551570e-01 1.000000000000000000e+00
7.417606592701269097e-01 0.000000000000000000e+00 1.000000000000000000e+00 1.000000000000000000e+00 7.409345800271922577e-01 1.000000000000000000e+00
7.424590866830885760e-01 0.000000000000000000e+00 1.000000000000000000e+00 1.000000000000000000e+00 7.404412065846734947e-01 1.000000000000000000e+00
7.416397162364639639e-01 0.000000000000000000e+00 1.000000000000000000e+00 1.000000000000000000e+00 7.376447970297788093e-01 1.000000000000000000e+00
7.286030629702420214e-01 0.000000000000000000e+00 1.000000000000000000e+00 1.000000000000000000e+00 7.334736283452092387e-01 1.000000000000000000e+00
7.323683203077309134e-01 0.000000000000000000e+00 1.000000000000000000e+00 1.000000000000000000e+00 7.305862805476276423e-01 1.000000000000000000e+00
7.329871886479505383e-01 0.000000000000000000e+00 1.000000000000000000e+00 1.000000000000000000e+00 7.299240650106871842e-01 1.000000000000000000e+00
7.256663950615777070e-01 0.000000000000000000e+00 1.000000000000000000e+00 1.000000000000000000e+00 7.343003794889446656e-01 1.000000000000000000e+00
7.284567512840148806e-01 0.000000000000000000e+00 1.000000000000000000e+00 1.000000000000000000e+00 7.277376018453417528e-01 1.000000000000000000e+00
9.722140698458464625e-01 0.000000000000000000e+00 1.000000000000000000e+00 1.000000000000000000e+00 5.699516796324577417e-01 8.534696557736060063e-01
7.365468362827588544e-01 0.000000000000000000e+00 1.000000000000000000e+00 1.000000000000000000e+00 7.447551986360906318e-01 1.000000000000000000e+00
7.276392339537496312e-01 0.000000000000000000e+00 1.000000000000000000e+00 1.000000000000000000e+00 7.575814871911458193e-01 1.000000000000000000e+00
7.241573918281656308e-01 0.000000000000000000e+00 1.000000000000000000e+00 1.000000000000000000e+00 7.584031391052564741e-01 1.000000000000000000e+00
7.202168708328473556e-01 0.000000000000000000e+00 1.000000000000000000e+00 1.000000000000000000e+00 7.586618056141470889e-01 1.000000000000000000e+00
7.183602859209488045e-01 0.000000000000000000e+00 1.000000000000000000e+00 1.000000000000000000e+00 7.600318544136731580e-01 1.000000000000000000e+00
7.184589361663472618e-01 0.000000000000000000e+00 1.000000000000000000e+00 1.000000000000000000e+00 7.587945354379177498e-01 1.000000000000000000e+00
7.193558663750027060e-01 0.000000000000000000e+00 1.000000000000000000e+00 1.000000000000000000e+00 7.577364811456800409e-01 1.000000000000000000e+00
7.199024639754366683e-01 0.000000000000000000e+00 1.000000000000000000e+00 1.000000000000000000e+00 7.574695686418559948e-01 1.000000000000000000e+00
7.204620581824274783e-01 0.000000000000000000e+00 1.000000000000000000e+00 1.000000000000000000e+00 7.570782300307221657e-01 1.000000000000000000e+00
7.217393996727066163e-01 0.000000000000000000e+00 1.000000000000000000e+00 1.000000000000000000e+00 7.548690024277462385e-01 1.000000000000000000e+00
7.254668122611733772e-01 0.000000000000000000e+00 1.000000000000000000e+00 1.000000000000000000e+00 7.541962697511893632e-01 1.000000000000000000e+00
7.130887076842866712e-01 0.000000000000000000e+00 1.000000000000000000e+00 1.000000000000000000e+00 7.591011176213603440e-01 1.000000000000000000e+00
7.186106056616516913e-01 0.000000000000000000e+00 1.000000000000000000e+00 1.000000000000000000e+00 7.383547298571094819e-01 1.000000000000000000e+00
7.182683681709689516e-01 0.000000000000000000e+00 1.000000000000000000e+00 1.000000000000000000e+00 7.374092526553374105e-01 1.000000000000000000e+00
7.186926517961769179e-01 0.000000000000000000e+00 1.000000000000000000e+00 1.000000000000000000e+00 7.403025950794493992e-01 1.000000000000000000e+00
7.157329233517696343e-01 0.000000000000000000e+00 1.000000000000000000e+00 1.000000000000000000e+00 7.339669245754592009e-01 1.000000000000000000e+00
7.124961949357868640e-01 0.000000000000000000e+00 1.000000000000000000e+00 1.000000000000000000e+00 7.364926780527244476e-01 1.000000000000000000e+00
7.136565174132791789e-01 0.000000000000000000e+00 1.000000000000000000e+00 1.000000000000000000e+00 7.351402269896155639e-01 1.000000000000000000e+00
7.134370951435972108e-01 0.000000000000000000e+00 1.000000000000000000e+00 1.000000000000000000e+00 7.361204578799067644e-01 1.000000000000000000e+00
7.079551945523028245e-01 0.000000000000000000e+00 1.000000000000000000e+00 1.000000000000000000e+00 7.404268407170377930e-01 1.000000000000000000e+00
7.059176559020361452e-01 0.000000000000000000e+00 1.000000000000000000e+00 1.000000000000000000e+00 7.426079743274647260e-01 1.000000000000000000e+00
7.058214114120958671e-01 0.000000000000000000e+00 1.000000000000000000e+00 1.000000000000000000e+00 7.423170028980132784e-01 1.000000000000000000e+00
7.059677136747000148e-01 0.000000000000000000e+00 1.000000000000000000e+00 1.000000000000000000e+00 7.416175034750193129e-01 1.000000000000000000e+00
7.013966467008430072e-01 0.000000000000000000e+00 1.000000000000000000e+00 1.000000000000000000e+00 7.456916635243516778e-01 1.000000000000000000e+00
6.965311079831648655e-01 0.000000000000000000e+00 1.000000000000000000e+00 1.000000000000000000e+00 7.515092538222100105e-01 1.000000000000000000e+00
6.946877938821642839e-01 0.000000000000000000e+00 1.000000000000000000e+00 1.000000000000000000e+00 7.530019344710615625e-01 1.000000000000000000e+00
6.946639223905579641e-01 0.000000000000000000e+00 1.000000000000000000e+00 1.000000000000000000e+00 7.528607887808491661e-01 1.000000000000000000e+00
6.998647153434666146e-01 0.000000000000000000e+00 1.000000000000000000e+00 1.000000000000000000e+00 7.521648230849604655e-01 1.000000000000000000e+00
6.926736805752297110e-01 0.000000000000000000e+00 1.000000000000000000e+00 1.000000000000000000e+00 7.495248097978303159e-01 1.000000000000000000e+00
7.480396219294138671e-01 0.000000000000000000e+00 1.000000000000000000e+00 1.000000000000000000e+00 7.324458963591302663e-01 1.000000000000000000e+00
7.467561475180537478e-01 0.000000000000000000e+00 1.000000000000000000e+00 1.000000000000000000e+00 7.325812225630287111e-01 1.000000000000000000e+00
7.531894018725028284e-01 0.000000000000000000e+00 1.000000000000000000e+00 1.000000000000000000e+00 7.319470110349649561e-01 1.000000000000000000e+00
7.500726539370717871e-01 0.000000000000000000e+00 1.000000000000000000e+00 1.000000000000000000e+00 7.470397048645213145e-01 1.000000000000000000e+00
7.501287994700532868e-01 0.000000000000000000e+00 1.000000000000000000e+00 1.000000000000000000e+00 7.472820808328971554e-01 1.000000000000000000e+00
7.540757270608826612e-01 0.000000000000000000e+00 1.000000000000000000e+00 1.000000000000000000e+00 7.491856219180111909e-01 1.000000000000000000e+00
7.541367231552924544e-01 0.000000000000000000e+00 1.000000000000000000e+00 1.000000000000000000e+00 7.517268601758867463e-01 1.000000000000000000e+00
7.492009555647463070e-01 0.000000000000000000e+00 1.000000000000000000e+00 1.000000000000000000e+00 7.498519493821346193e-01 1.000000000000000000e+00
7.505790554756204269e-01 0.000000000000000000e+00 1.000000000000000000e+00 1.000000000000000000e+00 7.490674695627407287e-01 1.000000000000000000e+00
7.335018417102041610e-01 0.000000000000000000e+00 1.000000000000000000e+00 1.000000000000000000e+00 7.733637377139408464e-01 1.000000000000000000e+00
