6.380673926375076688e-01
7.427051499322236960e-01
1.927678257416311491e-01
8.820651477178684807e-01
5.263544477858848880e-02
1.835211280801158085e-01
7.409616197463549936e-01
4.796401612044378648e-01
3.811325367138612141e-01
2.273150674647865244e-01
9.222152583641465284e-01
4.254740956206062297e-01
4.705901609539154817e-01
6.433576013669894955e-01
-4.310624747583120531e-01
5.193063917717889721e-02
-8.419402841242168423e-02
8.319980950597308800e-01
8.320890172635293514e-01
9.289662508342720892e-01
8.946619661534568335e-01
1.043886460503276936e+00
1.822347570775878500e-02
8.354595847398262887e-01
1.579087922457021176e-01
2.372207216633298588e-01
1.049601575163481515e+00
1.259613226218823989e+00
2.168081272913720270e-01
1.220133265966172775e+00
5.993179667042802805e-02
1.050973322735496929e+00
1.330715765914865401e+00
1.306109569945114401e+00
1.322234964221918663e+00
6.795185471411003819e-01
1.228336262214749786e+00
5.734804982702348397e-01
9.713067557839454302e-01
7.593960181580580726e-02
3.284344598649824865e-01
2.371889887869454983e-01
4.368343504169498459e-01
-2.418878352624098949e-01
-9.447706721995907664e-03
-9.125796556027412909e-02
4.010752948237089610e-01
-1.387983790227696468e-01
2.678390454267803866e-01
4.474351375681132059e-01
8.972156290610999729e-01
-6.112401205235155899e-02
1.113257310978785108e+00
5.566567731767667615e-01
4.968388040405563588e-01
-9.256164284477266802e-02
5.072186461835547222e-01
3.837166588658311728e-01
5.760186110058083120e-01
1.062300021348885626e-01
5.200887079405341895e-01
2.568682105757235101e-01
4.798647077475670653e-01
7.713653465018259769e-01
5.327488439016458965e-02
5.178310997034829555e-01
8.502258260649591115e-01
1.160078785218542130e+00
1.341403217369472045e-01
9.248564284400270230e-01
1.063461107476113110e+00
8.222294261221114731e-01
1.975944342522971964e-01
8.443815571417434551e-01
4.907012385360609019e-01
6.698289245238749912e-01
5.881240527394029360e-01
4.756868217169768487e-02
8.077622734215892386e-01
5.190867209416928363e-01
8.084836979309537597e-01
7.585614537589800976e-01
7.075606612373419591e-01
7.787141425038931475e-01
2.614126289527204383e-01
9.834115065607846873e-01
9.255451384859334496e-01
8.307799735734167079e-01
5.665191555587266725e-01
1.908225652422004814e-01
9.745614769300472435e-01
4.080977273203219569e-01
1.175809727346134315e+00
1.044236123627204638e+00
5.335614937095078947e-01
7.388234115246965494e-01
2.916087875740415725e-01
1.173398216738640976e+00
1.204261059208692197e+00
9.615073177701345397e-01
8.846060802709782012e-01
8.665407382329937125e-01
9.843350354550021164e-01
1.622918725656937455e-01
-4.240817792810853692e-01
7.895256901255062187e-01
7.900333938944341661e-01
4.777123246586303384e-01
5.704865562488878883e-01
3.535865802907411926e-01
