1.015857458114624023e-01 4.702726602554321289e-01 6.468264460563659668e-01 9.215685725212097168e-01 7.625168561935424805e-01 8.015846610069274902e-01
5.300029516220092773e-01 1.513815522193908691e-01 6.761707663536071777e-01 9.423460960388183594e-01 8.616046309471130371e-01 9.181977510452270508e-01
3.211801052093505859e-01 6.730965971946716309e-01 1.712739467620849609e-01 3.632068634033203125e-03 3.022866249084472656e-01 3.390169143676757812e-02
7.339218854904174805e-01 4.188761711120605469e-01 9.589606523513793945e-02 2.475097775459289551e-01 2.462383508682250977e-01 1.145135760307312012e-01
2.837924361228942871e-01 4.855232238769531250e-01 1.244322061538696289e-01 4.243078827857971191e-01 5.845245718955993652e-01 1.109333634376525879e-01
7.322357296943664551e-01 2.449467182159423828e-01 1.399838924407958984e-01 4.522395730018615723e-01 2.593334913253784180e-01 1.221252679824829102e-01
6.637181043624877930e-01 6.805642247200012207e-01 7.286734580993652344e-01 4.932224750518798828e-02 4.176514148712158203e-01 4.199849963188171387e-01
5.810250639915466309e-01 8.978654146194458008e-01 3.010973930358886719e-01 4.117154479026794434e-01 8.951372504234313965e-01 4.178014397621154785e-01
8.221949338912963867e-01 3.891787528991699219e-01 4.547992348670959473e-01 3.876234292984008789e-01 9.328340291976928711e-01 2.203093171119689941e-01
7.561013102531433105e-01 5.450937747955322266e-01 4.280938506126403809e-01 4.825568199157714844e-02 2.491122484207153320e-01 6.537081599235534668e-01
7.529235482215881348e-01 4.744911789894104004e-01 7.380633354187011719e-01 8.308299779891967773e-01 5.595995783805847168e-01 5.217238664627075195e-01
9.052884578704833984e-02 6.547059416770935059e-01 1.883091926574707031e-01 4.189389348030090332e-01 5.606840848922729492e-01 1.317607760429382324e-01
2.404889464378356934e-01 6.738254427909851074e-01 3.448199033737182617e-01 8.420330286026000977e-01 9.025769233703613281e-01 8.758147358894348145e-01
2.278807163238525391e-01 4.703430533409118652e-01 1.845160126686096191e-01 7.965701818466186523e-02 9.888696670532226562e-01 6.145211458206176758e-01
8.401399254798889160e-01 2.107793092727661133e-01 7.387378215789794922e-01 2.977494597434997559e-01 2.679066658020019531e-01 5.236461758613586426e-01
8.702878355979919434e-01 7.376201748847961426e-01 7.485299706459045410e-01 3.573395609855651855e-01 7.495329380035400391e-01 8.630713820457458496e-01
2.776273488998413086e-01 5.754475593566894531e-01 7.963235378265380859e-01 8.362396359443664551e-01 1.386586427688598633e-01 4.204160571098327637e-01
4.017186164855957031e-01 2.763076424598693848e-01 3.168629407882690430e-01 6.792635917663574219e-01 4.542673230171203613e-01 2.103806734085083008e-01
3.643701672554016113e-01 6.973032951354980469e-01 3.960547447204589844e-01 6.882392168045043945e-01 5.142919421195983887e-01 5.975406765937805176e-01
7.813699841499328613e-01 4.396576881408691406e-01 1.391080021858215332e-01 9.682604074478149414e-01 9.967712759971618652e-01 1.994180083274841309e-01
7.521591186523437500e-01 5.910685658454895020e-01 7.345690131187438965e-01 4.584760665893554688e-01 5.763262510299682617e-02 1.234274506568908691e-01
5.664944648742675781e-03 7.211113572120666504e-01 9.389678239822387695e-01 6.682834625244140625e-01 4.321958422660827637e-01 9.265722632408142090e-01
2.537828087806701660e-01 5.655428171157836914e-01 9.891779422760009766e-01 6.018402576446533203e-01 2.502426505088806152e-01 3.094139099121093750e-01
8.572576642036437988e-01 9.097842574119567871e-01 6.431611776351928711e-01 5.764769911766052246e-01 3.221828937530517578e-01 1.079348921775817871e-01
3.894313573837280273e-01 1.199834346771240234e-01 5.257985591888427734e-01 8.671975135803222656e-02 3.266473412513732910e-01 1.314165592193603516e-01
3.483598828315734863e-01 8.426117897033691406e-01 8.722484111785888672e-03 5.572130084037780762e-01 3.580219745635986328e-01 2.378123998641967773e-01
3.989753127098083496e-01 8.832766413688659668e-01 6.591343879699707031e-02 7.601446509361267090e-01 4.476993680000305176e-01 4.862563610076904297e-01
8.375872373580932617e-01 4.331475496292114258e-02 8.970054984092712402e-01 2.695590257644653320e-01 6.365125775337219238e-01 6.018885374069213867e-01
5.050937533378601074e-01 4.277639389038085938e-01 7.688981890678405762e-01 2.452379465103149414e-02 1.189537048339843750e-01 1.421021223068237305e-01
1.338198781013488770e-01 1.908459663391113281e-01 4.129231572151184082e-01 9.989529252052307129e-01 8.381503820419311523e-01 9.599297642707824707e-01
8.942860960960388184e-01 4.165045619010925293e-01 4.453206062316894531e-02 4.246450662612915039e-01 2.559911608695983887e-01 2.063469290733337402e-01
3.038809895515441895e-01 6.166663169860839844e-01 1.714018583297729492e-01 9.267266988754272461e-01 2.251714468002319336e-01 1.258259415626525879e-01
4.058034420013427734e-01 6.441390514373779297e-01 5.491223931312561035e-01 6.316469311714172363e-01 7.697104215621948242e-01 6.306010484695434570e-01
8.002938032150268555e-01 6.647254228591918945e-01 1.881132721900939941e-01 8.381392359733581543e-01 3.604755401611328125e-01 9.490128755569458008e-01
1.666795015335083008e-01 4.669141769409179688e-02 6.069350242614746094e-01 9.446018934249877930e-01 3.855526447296142578e-01 3.808175921440124512e-01
1.736340522766113281e-01 6.814575195312500000e-01 3.084562420845031738e-01 1.326587796211242676e-01 7.053827643394470215e-01 3.823477029800415039e-02
2.517517209053039551e-01 9.695813655853271484e-01 7.979983091354370117e-02 5.074760913848876953e-01 6.336015462875366211e-01 5.023477077484130859e-01
2.607942819595336914e-01 6.358659267425537109e-01 9.313289523124694824e-01 1.960837841033935547e-02 3.080367445945739746e-01 7.670603990554809570e-01
3.481027483940124512e-01 5.155446529388427734e-01 3.882566094398498535e-01 3.501009941101074219e-02 8.032903075218200684e-01 6.340907812118530273e-01
3.580099940299987793e-01 8.225660920143127441e-01 6.112535595893859863e-01 9.127799272537231445e-01 1.280131340026855469e-01 6.039195656776428223e-01
6.513193249702453613e-01 6.959862112998962402e-01 6.513010859489440918e-01 1.085754632949829102e-01 1.243895292282104492e-01 7.329323291778564453e-01
6.497722864151000977e-01 6.972071528434753418e-01 8.219915628433227539e-02 6.314723491668701172e-01 8.664976358413696289e-01 4.677015542984008789e-01
9.214302301406860352e-01 6.365147829055786133e-01 8.167384266853332520e-01 7.277876734733581543e-01 2.806900739669799805e-01 8.597906231880187988e-01
6.877941489219665527e-01 6.075943112373352051e-01 8.866506814956665039e-02 2.711832523345947266e-02 8.965272307395935059e-01 6.513615250587463379e-01
5.808234214782714844e-01 8.388014435768127441e-01 2.232254147529602051e-01 2.679143548011779785e-01 5.379414558410644531e-02 3.426634073257446289e-01
8.788058757781982422e-01 8.439326286315917969e-01 4.673880338668823242e-01 2.743623256683349609e-01 2.725631594657897949e-01 8.236426115036010742e-01
8.699716329574584961e-01 5.069673061370849609e-03 8.252071738243103027e-01 6.009060144424438477e-02 6.958361864089965820e-01 8.731262683868408203e-01
3.564469814300537109e-01 4.505357146263122559e-01 2.299867272377014160e-01 7.531087994575500488e-01 5.307241678237915039e-01 6.342667341232299805e-01
4.802742600440979004e-01 1.289792060852050781e-01 1.497131586074829102e-01 8.834183216094970703e-03 2.527604699134826660e-01 7.441660761833190918e-01
3.638266921043395996e-01 7.726060748100280762e-01 6.125785708427429199e-01 8.901391029357910156e-01 7.714959979057312012e-01 6.672396659851074219e-01
6.550645828247070312e-01 8.521615862846374512e-01 9.193345904350280762e-01 6.600818634033203125e-01 2.974854707717895508e-01 8.921670913696289062e-02
3.715931177139282227e-01 9.371381998062133789e-01 4.326885938644409180e-01 2.069309353828430176e-01 3.517709970474243164e-01 4.430639147758483887e-01
1.006689071655273438e-01 4.699583053588867188e-01 6.072369813919067383e-01 5.438083410263061523e-02 2.471862435340881348e-01 7.796372771263122559e-01
8.636407256126403809e-01 6.293407678604125977e-01 4.308899641036987305e-01 5.581915974617004395e-01 1.769658923149108887e-01 1.815829873085021973e-01
5.378454327583312988e-01 7.735365629196166992e-01 9.275901317596435547e-01 1.194285154342651367e-01 7.509258985519409180e-01 7.454298138618469238e-01
8.529468774795532227e-01 3.847332596778869629e-01 6.950581669807434082e-01 7.439411282539367676e-01 7.649236321449279785e-01 6.876762509346008301e-01
9.043335914611816406e-03 2.635740637779235840e-01 1.028180122375488281e-02 7.229340076446533203e-02 7.116124033927917480e-01 8.130004405975341797e-01
4.482737779617309570e-01 8.213917016983032227e-01 5.544514060020446777e-01 7.390999794006347656e-01 2.378588914871215820e-02 2.915894985198974609e-01
3.518679738044738770e-01 6.314923167228698730e-01 7.054572105407714844e-01 4.971927404403686523e-01 3.064929246902465820e-01 7.151408791542053223e-01
8.094998598098754883e-01 3.361350297927856445e-01 6.674858331680297852e-01 8.635092377662658691e-01 5.439613461494445801e-01 9.217072129249572754e-01
7.501272559165954590e-01 6.161126494407653809e-01 7.437446117401123047e-01 1.417458057403564453e-01 4.935809969902038574e-01 9.017103910446166992e-01
5.625550746917724609e-01 4.601281881332397461e-02 9.715932011604309082e-01 1.031915545463562012e-01 7.244356274604797363e-01 5.754178762435913086e-01
7.012538313865661621e-01 2.365036010742187500e-01 7.339551448822021484e-01 7.934428453445434570e-01 6.040407419204711914e-01 3.486055135726928711e-01
4.135628938674926758e-01 1.509088277816772461e-02 3.674927353858947754e-01 1.523523330688476562e-01 5.846768021583557129e-01 5.276024341583251953e-02
2.672467231750488281e-01 4.197276234626770020e-01 9.044412970542907715e-01 9.064924716949462891e-02 7.434509992599487305e-01 9.575218558311462402e-01
2.086312174797058105e-01 2.139796614646911621e-01 1.758297681808471680e-01 1.543200016021728516e-01 8.591039776802062988e-01 8.354426026344299316e-01
1.485776901245117188e-01 2.243036627769470215e-01 7.238158583641052246e-01 7.020868062973022461e-01 4.861305356025695801e-01 5.600888133049011230e-01
2.656912803649902344e-01 9.334583878517150879e-01 7.468953728675842285e-01 5.228114128112792969e-02 4.584562778472900391e-01 4.455035924911499023e-01
5.426791310310363770e-01 7.876064777374267578e-01 5.690669417381286621e-01 7.736413478851318359e-01 7.215306758880615234e-01 5.337330698966979980e-01
7.911589741706848145e-01 7.571350336074829102e-01 5.347752571105957031e-02 9.689405560493469238e-01 7.146397829055786133e-01 1.746762394905090332e-01
4.954278469085693359e-02 2.118321657180786133e-01 6.431342363357543945e-01 2.655222415924072266e-01 3.818954825401306152e-01 3.701522350311279297e-01
2.046610713005065918e-01 5.831024050712585449e-01 4.763305187225341797e-03 5.236343741416931152e-01 3.035850524902343750e-01 9.526582360267639160e-01
4.236696362495422363e-01 5.975310802459716797e-01 6.690486669540405273e-01 4.421456456184387207e-01 1.531702280044555664e-02 6.500061154365539551e-01
7.717464566230773926e-01 7.047813534736633301e-01 3.542803525924682617e-01 9.107025265693664551e-01 2.837430238723754883e-01 8.818346261978149414e-01
8.139154911041259766e-01 9.305398464202880859e-01 2.162569761276245117e-01 5.135387182235717773e-02 7.652968168258666992e-02 4.492156505584716797e-01
9.797569513320922852e-01 8.241176605224609375e-01 1.054931879043579102e-01 6.375792026519775391e-01 3.774828910827636719e-01 7.305043935775756836e-02
2.992452383041381836e-01 6.944860816001892090e-01 2.922333478927612305e-01 1.463714838027954102e-01 6.600520610809326172e-01 6.765149831771850586e-01
2.369042634963989258e-01 6.616622209548950195e-02 4.734797477722167969e-01 7.870981693267822266e-01 3.873766064643859863e-01 3.373372554779052734e-01
2.288826704025268555e-01 4.377099871635437012e-01 8.502041697502136230e-01 9.019077420234680176e-01 2.975286841392517090e-01 2.912642359733581543e-01
6.601657867431640625e-01 2.971286177635192871e-01 8.571275472640991211e-01 7.616592645645141602e-01 6.129753589630126953e-01 3.573305606842041016e-01
2.913220524787902832e-01 4.104138016700744629e-01 4.219395518302917480e-01 5.958312749862670898e-01 1.600920557975769043e-01 7.941062450408935547e-01
6.091716289520263672e-01 1.175802350044250488e-01 5.012421011924743652e-01 2.392364144325256348e-01 2.168536782264709473e-01 8.032482266426086426e-01
3.493330478668212891e-01 3.679183721542358398e-01 3.144383430480957031e-01 2.444366216659545898e-01 7.389307022094726562e-02 5.151755213737487793e-01
7.846856713294982910e-01 1.907666325569152832e-01 1.634049415588378906e-01 1.586652398109436035e-01 5.930917859077453613e-01 2.598870992660522461e-01
8.394564986228942871e-01 6.622789502143859863e-01 9.084151983261108398e-01 9.387453198432922363e-01 2.154685258865356445e-01 2.894269227981567383e-01
8.295680284500122070e-01 4.851105213165283203e-01 3.479088544845581055e-01 8.491092920303344727e-02 5.795848965644836426e-01 2.817437648773193359e-01
4.760442972183227539e-01 5.278724431991577148e-01 8.002048730850219727e-02 9.018611311912536621e-01 1.133611202239990234e-01 5.994200110435485840e-01
7.633716464042663574e-01 6.509649753570556641e-02 3.154224157333374023e-01 6.709900498390197754e-01 9.219059944152832031e-01 2.670472860336303711e-02
9.462503790855407715e-01 4.712875485420227051e-01 3.641703128814697266e-01 3.746920228004455566e-01 1.869004964828491211e-01 1.107398271560668945e-01
1.216255426406860352e-01 8.086456656455993652e-01 8.910155892372131348e-01 8.520990014076232910e-01 1.815039515495300293e-01 5.881283283233642578e-01
4.536032676696777344e-03 4.047262072563171387e-01 6.444916129112243652e-01 5.727526545524597168e-01 6.110654473304748535e-01 3.594453334808349609e-01
6.531424522399902344e-01 5.642879009246826172e-02 1.687826514244079590e-01 4.398563504219055176e-01 6.903825998306274414e-01 8.262491822242736816e-01
5.793995857238769531e-01 9.334998726844787598e-01 7.555223107337951660e-01 2.635084986686706543e-01 7.977723479270935059e-01 4.657449126243591309e-01
9.202203750610351562e-01 4.206529259681701660e-01 2.769225835800170898e-01 3.702225685119628906e-01 9.403222203254699707e-01 4.847258925437927246e-01
3.621730804443359375e-01 6.935606002807617188e-01 9.262150526046752930e-01 9.095668792724609375e-01 2.347414493560791016e-01 3.820002079010009766e-02
2.835672497749328613e-01 5.444747209548950195e-01 1.726298928260803223e-01 8.774015307426452637e-01 4.112626910209655762e-01 1.122175455093383789e-01
9.309335350990295410e-01 3.901826739311218262e-01 5.293560028076171875e-01 6.162065863609313965e-01 3.905483484268188477e-01 8.170306682586669922e-01
8.204482793807983398e-01 8.138019442558288574e-01 4.804757237434387207e-01 3.119019269943237305e-01 8.780246376991271973e-01 8.197753429412841797e-01
6.710754036903381348e-01 1.877710223197937012e-01 9.853464365005493164e-02 7.627972960472106934e-01 1.403720974922180176e-01 1.439135074615478516e-01
1.371078491210937500e-01 6.150023937225341797e-01 5.524337291717529297e-01 9.812927842140197754e-01 6.050603389739990234e-01 9.010989665985107422e-01
5.943451523780822754e-01 2.079167962074279785e-01 9.183679223060607910e-01 9.385475516319274902e-01 8.054420948028564453e-01 5.652063488960266113e-01
6.345282793045043945e-01 1.597318053245544434e-01 5.742594599723815918e-01 6.196382045745849609e-01 1.457605361938476562e-01 9.260607957839965820e-01
5.649519562721252441e-01 8.639439344406127930e-01 5.748433470726013184e-01 1.000096201896667480e-01 1.214914917945861816e-01 2.779943943023681641e-01
9.762766361236572266e-01 8.544934988021850586e-01 1.251733303070068359e-01 1.215248703956604004e-01 7.356995940208435059e-01 2.897987365722656250e-01
9.322573542594909668e-01 3.391993641853332520e-01 6.870036721229553223e-01 8.501011133193969727e-01 4.307667613029479980e-01 1.398144960403442383e-01
7.151635289192199707e-01 7.396991848945617676e-01 4.093618392944335938e-01 3.854711055755615234e-01 7.716880440711975098e-01 3.191301226615905762e-01
3.260675072669982910e-01 6.190027594566345215e-01 6.293256282806396484e-01 2.850667834281921387e-01 6.765414476394653320e-01 5.571109056472778320e-02
6.808074712753295898e-01 9.995235800743103027e-01 3.486665487289428711e-01 4.963948726654052734e-01 8.861148357391357422e-01 4.518731236457824707e-01
7.460932135581970215e-01 9.971992969512939453e-01 2.008057236671447754e-01 2.848140001296997070e-01 4.438822865486145020e-01 9.530395269393920898e-01
3.626954555511474609e-02 1.700837612152099609e-01 1.259585022926330566e-01 2.126467227935791016e-02 2.983406186103820801e-01 7.574183940887451172e-01
