-6.355698809044082465e-01
-5.165641059980744521e-01
-1.581037167091012829e-01
1.878369838598737962e-01
2.797637873294933630e-02
3.066958022998774736e-01
-1.526069535697048840e-01
2.352441678552323334e-01
4.334004386968226541e-02
-4.632525059657608968e-01
2.406653768002294247e-01
-2.790684330627073440e-01
-7.188999668023415834e-02
-3.183075092109046711e-01
-2.677190286541186737e-01
-6.124081873218913952e-01
-8.226134089738601496e-03
9.005194923127068929e-02
5.118461309414068516e-03
7.501826678568987994e-01
4.431380507291793336e-01
-8.225608484312971758e-01
-1.358651549616438636e-01
9.612885729655380462e-01
1.981746534136643589e-01
1.318646082079254489e-01
3.764409999525559769e-01
-7.515821623683421882e-01
2.782015707439756680e-01
-8.818158603231283088e-01
4.023732212101805983e-01
3.390377227884936451e-01
-1.895283708488645358e-01
6.293152810010262943e-01
-4.548394529356687421e-01
-1.529185911999337844e-01
6.433017199205326442e-02
-5.370292614849510038e-01
-5.037357667011099771e-01
2.942019048715467378e-01
-3.409578741067322283e-01
4.153159328779133519e-01
2.008131716714415815e-01
-3.523317179440814684e-01
2.855795943326078223e-01
-5.670646261761558282e-02
-1.120360804652645204e+00
-2.084931908962265323e-01
-6.724290137182682425e-01
6.607572113930482161e-02
5.028945042147248135e-01
1.060033214188593753e-02
-6.819298570364471512e-01
7.056529592011118179e-01
-6.484280848419201604e-01
-5.253001909298998795e-02
-7.553508408043847488e-01
4.251024152976878856e-01
-3.709238390549954856e-01
4.627972661963164480e-02
-9.140392566756763149e-01
-6.161461640830037112e-01
1.228490508450618135e-01
1.242532312593507271e-01
-8.759592881306248469e-01
-6.411742469958165991e-01
-5.813030800374088258e-01
-9.787356641193978302e-02
2.456619790968450068e-01
9.857733806090258621e-01
-2.813585676004327629e-01
-6.840971103239312789e-01
-1.483143685396468570e-01
7.275533342311918394e-01
4.223279183657639435e-01
1.093462190738096584e+00
-4.877893333867181491e-01
-3.615720862336269104e-01
-6.023072973023713139e-02
3.387386460978142333e-02
-5.219324367476544380e-01
-6.573183455949154208e-01
-2.975229644969357157e-01
-1.326997567399545996e-01
5.912034032305528708e-01
-1.471757333585015370e-01
2.194255245857927861e-01
3.298599543471871232e-01
5.064150685548811648e-01
-2.169248659295669457e-01
-5.369989784101125707e-01
-7.139823937769306239e-01
-3.914955783910623044e-02
-1.292631777791745651e-01
1.719204499504647377e-01
2.708586081180720528e-01
6.306756019364256893e-03
-4.339779825585029505e-01
4.125822200397424311e-01
-2.921074753528062340e-01
-2.233361276328729716e-01
-4.461075263949192404e-01
3.926316572416072015e-01
2.543804765042785299e-01
6.675872091936384534e-01
1.777980216184918416e-01
9.415698156763230298e-02
3.840372985364650660e-01
-5.259070490599848657e-02
-8.591293343207946354e-01
