1.067211400004991262e+00
9.514380545135755485e-01
1.039584797781606840e+00
8.402619973221294725e-01
8.402619973221294725e-01
8.402619973221294725e-01
8.402619973221294725e-01
7.907774156619173933e-01
7.869813722432491554e-01
7.567328909199759757e-01
1.141879216627458504e+00
1.071007146508336838e+00
9.365612667369653810e-01
9.890922057259989852e-01
1.017444205758005760e+00
7.223631189085198967e-01
7.298870516207390802e-01
7.135139481581029841e-01
1.157429114452908525e+00
4.714350352693204571e-01
1.245641199259632792e+00
1.226314407056205535e+00
1.245757356945135230e+00
1.446320667445533781e+00
1.156952571823459452e+00
1.220799483853829415e+00
1.156952571823459452e+00
1.156952571823459452e+00
1.156952571823459452e+00
1.171076323897015214e+00
1.450366153666712954e+00
1.388402585426662617e+00
1.278913691703559063e+00
1.271189335252986830e+00
1.233629916316174135e+00
1.236238169650522689e+00
1.236872709018519867e+00
1.230996855585812622e+00
1.163478404133181376e+00
1.158528790378322570e+00
1.159361362408650953e+00
1.161839040630878728e+00
1.159917175371010467e+00
1.169276337101676777e+00
1.171417939775653672e+00
1.171183693321441011e+00
1.173366224674142533e+00
1.160022054136234049e+00
1.158541786933977358e+00
1.159353079756499927e+00
1.158084830871633608e+00
1.195188953897219353e+00
1.205409799371811363e+00
1.211048123683604150e+00
1.197117543923274186e+00
1.172285358435003477e+00
1.223369017287424310e+00
1.211839893663114509e+00
1.200416874652247001e+00
1.199389824613414923e+00
1.177673248883380097e+00
1.199633532821110737e+00
1.185049901171302045e+00
1.136924954493341078e+00
1.153378470984226301e+00
1.135320439859944130e+00
1.164297448325012141e+00
1.183380913189012507e+00
1.092256018758136049e+00
1.132031642803012605e+00
1.139717569152863597e+00
1.171825826267391735e+00
1.048724074126880401e+00
1.048297805832217211e+00
1.063567821521433920e+00
1.460987163528785215e+00
1.485819362713648228e+00
1.502893992852387672e+00
1.285606338851062125e+00
1.360836673974635147e+00
1.293076219341668498e+00
1.334425224665838128e+00
1.365239775757086882e+00
1.337632629368872728e+00
1.342922755529430745e+00
1.507691258139026491e+00
1.430436219826491717e+00
1.468879957686238136e+00
1.461624284804284191e+00
1.333758637718786222e+00
1.421235662919679843e+00
1.329372604874044628e+00
1.327184451107332741e+00
1.366191906047085736e+00
1.371999065922826055e+00
1.456842545310627290e+00
1.455029366175799588e+00
1.454483584970327925e+00
1.390634159517095458e+00
1.392671575323271682e+00
