1.000000000000000000e+00 0.000000000000000000e+00 1.000000000000000000e+00 0.000000000000000000e+00 4.868624333569132601e-01 0.000000000000000000e+00
7.081444203933112691e-01 0.000000000000000000e+00 1.000000000000000000e+00 2.385147105853393235e-01 3.423557511627384198e-01 0.000000000000000000e+00
6.775552949387195767e-01 0.000000000000000000e+00 1.000000000000000000e+00 2.803836376011396569e-01 3.542747124909315648e-01 0.000000000000000000e+00
0.000000000000000000e+00 0.000000000000000000e+00 1.000000000000000000e+00 1.999615776667877098e-01 3.507580003338372499e-01 0.000000000000000000e+00
0.000000000000000000e+00 0.000000000000000000e+00 1.000000000000000000e+00 0.000000000000000000e+00 3.480053139359002845e-01 0.000000000000000000e+00
0.000000000000000000e+00 0.000000000000000000e+00 1.000000000000000000e+00 1.916093805497157826e-02 3.475104079219130115e-01 0.000000000000000000e+00
0.000000000000000000e+00 0.000000000000000000e+00 8.500922932409262778e-01 0.000000000000000000e+00 3.546663929520105230e-01 0.000000000000000000e+00
0.000000000000000000e+00 6.976406068155550921e-02 1.000000000000000000e+00 4.367668412576092285e-02 3.522282280957835798e-01 0.000000000000000000e+00
0.000000000000000000e+00 4.749654397751644497e-02 1.000000000000000000e+00 3.278649103206406068e-02 3.541502937784666294e-01 0.000000000000000000e+00
0.000000000000000000e+00 0.000000000000000000e+00 1.000000000000000000e+00 8.660784611884023848e-03 3.563423064463125955e-01 0.000000000000000000e+00
0.000000000000000000e+00 0.000000000000000000e+00 1.000000000000000000e+00 1.400495667567403131e-02 3.557419531251473921e-01 0.000000000000000000e+00
0.000000000000000000e+00 0.000000000000000000e+00 1.000000000000000000e+00 1.023032717184355241e-02 3.585897721965262130e-01 0.000000000000000000e+00
0.000000000000000000e+00 0.000000000000000000e+00 1.000000000000000000e+00 0.000000000000000000e+00 3.591005617781118930e-01 0.000000000000000000e+00
0.000000000000000000e+00 0.000000000000000000e+00 1.000000000000000000e+00 0.000000000000000000e+00 3.576484333899722645e-01 0.000000000000000000e+00
0.000000000000000000e+00 0.000000000000000000e+00 1.000000000000000000e+00 0.000000000000000000e+00 3.577700403889487735e-01 0.000000000000000000e+00
4.663877695012111357e-01 0.000000000000000000e+00 1.000000000000000000e+00 0.000000000000000000e+00 3.585326677345442303e-01 0.000000000000000000e+00
3.564906126997275937e-01 0.000000000000000000e+00 1.000000000000000000e+00 0.000000000000000000e+00 3.584168555246670107e-01 0.000000000000000000e+00
2.114950570478309755e-01 0.000000000000000000e+00 1.000000000000000000e+00 0.000000000000000000e+00 3.573788845225528421e-01 0.000000000000000000e+00
2.325912735659589614e-01 0.000000000000000000e+00 1.000000000000000000e+00 0.000000000000000000e+00 3.571735318645504198e-01 0.000000000000000000e+00
1.750979964179090187e-01 0.000000000000000000e+00 1.000000000000000000e+00 0.000000000000000000e+00 3.573842350386648992e-01 0.000000000000000000e+00
0.000000000000000000e+00 0.000000000000000000e+00 1.000000000000000000e+00 0.000000000000000000e+00 3.651646973254683015e-01 0.000000000000000000e+00
2.947840015356575916e-01 0.000000000000000000e+00 1.000000000000000000e+00 9.684399376056947173e-02 4.080407617586433999e-01 0.000000000000000000e+00
2.996794397143689448e-01 0.000000000000000000e+00 1.000000000000000000e+00 1.075250910252089770e-01 3.976201278142082463e-01 0.000000000000000000e+00
2.773402098849288011e-01 0.000000000000000000e+00 1.000000000000000000e+00 9.490916321152695345e-02 4.231770415640517813e-01 0.000000000000000000e+00
3.191561615443253563e-01 0.000000000000000000e+00 1.000000000000000000e+00 1.324840533658000752e-01 3.844175166268806731e-01 0.000000000000000000e+00
3.243498442858380737e-01 0.000000000000000000e+00 1.000000000000000000e+00 1.185465676561697768e-01 3.635866614203364655e-01 0.000000000000000000e+00
3.325928875407814789e-01 0.000000000000000000e+00 1.000000000000000000e+00 1.250902014038996202e-01 3.507313020405140591e-01 0.000000000000000000e+00
3.686268423419218898e-01 0.000000000000000000e+00 1.000000000000000000e+00 1.563311921925288062e-01 2.867160984061438711e-01 0.000000000000000000e+00
3.764788918429577969e-01 0.000000000000000000e+00 1.000000000000000000e+00 1.667403246862402544e-01 2.832294479924273856e-01 0.000000000000000000e+00
3.724384538074608786e-01 0.000000000000000000e+00 1.000000000000000000e+00 1.629844364945459423e-01 2.775790659506735536e-01 0.000000000000000000e+00
0.000000000000000000e+00 0.000000000000000000e+00 7.664621890616196698e-01 0.000000000000000000e+00 1.000000000000000000e+00 0.000000000000000000e+00
0.000000000000000000e+00 0.000000000000000000e+00 7.716383647455117289e-01 0.000000000000000000e+00 1.000000000000000000e+00 0.000000000000000000e+00
3.733630569220230400e-01 0.000000000000000000e+00 1.000000000000000000e+00 1.571508727602661804e-01 2.617241835780882431e-01 0.000000000000000000e+00
0.000000000000000000e+00 0.000000000000000000e+00 7.796870082240145994e-01 0.000000000000000000e+00 1.000000000000000000e+00 0.000000000000000000e+00
3.747492712053344666e-01 0.000000000000000000e+00 1.000000000000000000e+00 1.581896515225497124e-01 2.620200500917508335e-01 0.000000000000000000e+00
3.762633193728217584e-01 0.000000000000000000e+00 1.000000000000000000e+00 1.571045255461149814e-01 2.613902954078884400e-01 0.000000000000000000e+00
0.000000000000000000e+00 0.000000000000000000e+00 7.828711438835774805e-01 0.000000000000000000e+00 1.000000000000000000e+00 0.000000000000000000e+00
0.000000000000000000e+00 0.000000000000000000e+00 7.819282817485939674e-01 0.000000000000000000e+00 1.000000000000000000e+00 0.000000000000000000e+00
0.000000000000000000e+00 0.000000000000000000e+00 7.849878031342384377e-01 0.000000000000000000e+00 1.000000000000000000e+00 5.653728013552661823e-04
0.000000000000000000e+00 0.000000000000000000e+00 7.917615131119204452e-01 0.000000000000000000e+00 1.000000000000000000e+00 0.000000000000000000e+00
3.974155939957272343e-01 0.000000000000000000e+00 1.000000000000000000e+00 1.401146956877915295e-01 2.608540155869270016e-01 0.000000000000000000e+00
5.312981045006200942e-01 0.000000000000000000e+00 1.000000000000000000e+00 0.000000000000000000e+00 2.296076550543531825e-01 0.000000000000000000e+00
5.281647577547825545e-01 0.000000000000000000e+00 1.000000000000000000e+00 0.000000000000000000e+00 2.300446642053182722e-01 0.000000000000000000e+00
5.294338415647115159e-01 0.000000000000000000e+00 1.000000000000000000e+00 0.000000000000000000e+00 2.304598805321696198e-01 0.000000000000000000e+00
5.302273196179511094e-01 0.000000000000000000e+00 1.000000000000000000e+00 0.000000000000000000e+00 2.319423393412194112e-01 0.000000000000000000e+00
5.332689599583292361e-01 0.000000000000000000e+00 1.000000000000000000e+00 0.000000000000000000e+00 2.343644613134477639e-01 0.000000000000000000e+00
5.259059127909626596e-01 0.000000000000000000e+00 1.000000000000000000e+00 0.000000000000000000e+00 2.258147916127537236e-01 0.000000000000000000e+00
5.200487269096658594e-01 0.000000000000000000e+00 1.000000000000000000e+00 0.000000000000000000e+00 2.210976590437215006e-01 0.000000000000000000e+00
5.052228381779462207e-01 0.000000000000000000e+00 1.000000000000000000e+00 0.000000000000000000e+00 2.216479901841594269e-01 0.000000000000000000e+00
0.000000000000000000e+00 0.000000000000000000e+00 8.084459994887769341e-01 0.000000000000000000e+00 1.000000000000000000e+00 0.000000000000000000e+00
5.002057388767328083e-01 0.000000000000000000e+00 1.000000000000000000e+00 0.000000000000000000e+00 2.193654931306415201e-01 0.000000000000000000e+00
5.006799811489344165e-01 0.000000000000000000e+00 1.000000000000000000e+00 0.000000000000000000e+00 2.190043786130478620e-01 0.000000000000000000e+00
4.682186101717274451e-01 0.000000000000000000e+00 1.000000000000000000e+00 0.000000000000000000e+00 1.856935777396740428e-01 0.000000000000000000e+00
4.473930589918898026e-01 0.000000000000000000e+00 1.000000000000000000e+00 0.000000000000000000e+00 1.810812806976456468e-01 0.000000000000000000e+00
4.451641951597695712e-01 0.000000000000000000e+00 1.000000000000000000e+00 0.000000000000000000e+00 1.785084636813178971e-01 0.000000000000000000e+00
4.505525117065700691e-01 0.000000000000000000e+00 1.000000000000000000e+00 0.000000000000000000e+00 1.942724400639278814e-01 0.000000000000000000e+00
0.000000000000000000e+00 0.000000000000000000e+00 8.123663388975198574e-01 0.000000000000000000e+00 1.000000000000000000e+00 0.000000000000000000e+00
4.605108871966015482e-01 0.000000000000000000e+00 1.000000000000000000e+00 0.000000000000000000e+00 1.955683551773436113e-01 0.000000000000000000e+00
4.618231984105498067e-01 0.000000000000000000e+00 1.000000000000000000e+00 0.000000000000000000e+00 1.967254599524825009e-01 0.000000000000000000e+00
4.734479215446292244e-01 0.000000000000000000e+00 1.000000000000000000e+00 0.000000000000000000e+00 2.040670440109659811e-01 0.000000000000000000e+00
4.807141218194508347e-01 0.000000000000000000e+00 1.000000000000000000e+00 0.000000000000000000e+00 2.109629649785666472e-01 0.000000000000000000e+00
4.862775504188001086e-01 0.000000000000000000e+00 1.000000000000000000e+00 0.000000000000000000e+00 2.150578389608756025e-01 0.000000000000000000e+00
4.688780793481417963e-01 0.000000000000000000e+00 1.000000000000000000e+00 0.000000000000000000e+00 2.124551282191494417e-01 0.000000000000000000e+00
4.744182832681661521e-01 0.000000000000000000e+00 1.000000000000000000e+00 0.000000000000000000e+00 2.168313112377976692e-01 0.000000000000000000e+00
4.716899637135016921e-01 0.000000000000000000e+00 1.000000000000000000e+00 0.000000000000000000e+00 2.146507312259400557e-01 0.000000000000000000e+00
4.737717081434056343e-01 0.000000000000000000e+00 1.000000000000000000e+00 0.000000000000000000e+00 2.136012693097070481e-01 0.000000000000000000e+00
0.000000000000000000e+00 0.000000000000000000e+00 8.237120432212780008e-01 0.000000000000000000e+00 1.000000000000000000e+00 1.060283068111570436e-02
4.429192877161968744e-01 0.000000000000000000e+00 1.000000000000000000e+00 0.000000000000000000e+00 1.991627058506425518e-01 0.000000000000000000e+00
4.459611440121036829e-01 0.000000000000000000e+00 1.000000000000000000e+00 0.000000000000000000e+00 2.061159132132630301e-01 0.000000000000000000e+00
4.481909299850567741e-01 0.000000000000000000e+00 1.000000000000000000e+00 0.000000000000000000e+00 2.113111427249520502e-01 0.000000000000000000e+00
4.263689354011050980e-01 0.000000000000000000e+00 1.000000000000000000e+00 0.000000000000000000e+00 1.909882210468080987e-01 0.000000000000000000e+00
0.000000000000000000e+00 0.000000000000000000e+00 8.432312513992349379e-01 0.000000000000000000e+00 1.000000000000000000e+00 2.042491124281846978e-03
3.850048854625766070e-01 0.000000000000000000e+00 1.000000000000000000e+00 0.000000000000000000e+00 1.491061977779830350e-01 0.000000000000000000e+00
3.851553769284205009e-01 0.000000000000000000e+00 1.000000000000000000e+00 0.000000000000000000e+00 1.413102175948031392e-01 0.000000000000000000e+00
0.000000000000000000e+00 0.000000000000000000e+00 8.247968736403045176e-01 0.000000000000000000e+00 1.000000000000000000e+00 1.260490659809737624e-02
3.866916838593971173e-01 0.000000000000000000e+00 1.000000000000000000e+00 0.000000000000000000e+00 1.423177047459179279e-01 0.000000000000000000e+00
3.888270227543610957e-01 0.000000000000000000e+00 1.000000000000000000e+00 0.000000000000000000e+00 1.431927101839873817e-01 0.000000000000000000e+00
0.000000000000000000e+00 0.000000000000000000e+00 8.229130016111233514e-01 0.000000000000000000e+00 1.000000000000000000e+00 8.691513199542989440e-03
3.921766676086377301e-01 0.000000000000000000e+00 1.000000000000000000e+00 0.000000000000000000e+00 1.400794604690302758e-01 0.000000000000000000e+00
3.957680372227379006e-01 0.000000000000000000e+00 1.000000000000000000e+00 0.000000000000000000e+00 1.411810963622718296e-01 0.000000000000000000e+00
3.987437975651783595e-01 0.000000000000000000e+00 1.000000000000000000e+00 3.751512718466295387e-03 1.590383107969036147e-01 0.000000000000000000e+00
3.981331926912420882e-01 0.000000000000000000e+00 1.000000000000000000e+00 3.897641668531960993e-03 1.592754682555457824e-01 0.000000000000000000e+00
0.000000000000000000e+00 0.000000000000000000e+00 8.359318996530865631e-01 0.000000000000000000e+00 1.000000000000000000e+00 1.776892704648670718e-02
4.017024746202516594e-01 0.000000000000000000e+00 1.000000000000000000e+00 3.927225173418134353e-03 1.698392335876724724e-01 0.000000000000000000e+00
3.684631550117357657e-01 0.000000000000000000e+00 1.000000000000000000e+00 0.000000000000000000e+00 1.272806304614002015e-01 0.000000000000000000e+00
3.694851295374917965e-01 0.000000000000000000e+00 1.000000000000000000e+00 0.000000000000000000e+00 1.328689550142222453e-01 0.000000000000000000e+00
0.000000000000000000e+00 0.000000000000000000e+00 8.380597080679209609e-01 0.000000000000000000e+00 1.000000000000000000e+00 2.543552533418532921e-02
4.093959774736153912e-01 0.000000000000000000e+00 1.000000000000000000e+00 0.000000000000000000e+00 1.825803265482644211e-01 0.000000000000000000e+00
4.106782692494715392e-01 0.000000000000000000e+00 1.000000000000000000e+00 0.000000000000000000e+00 1.791037626637012325e-01 0.000000000000000000e+00
4.106023771346024587e-01 0.000000000000000000e+00 1.000000000000000000e+00 0.000000000000000000e+00 1.762773803978858744e-01 0.000000000000000000e+00
4.147890473543623391e-01 0.000000000000000000e+00 1.000000000000000000e+00 0.000000000000000000e+00 1.754240782687132849e-01 0.000000000000000000e+00
4.143216781396483750e-01 0.000000000000000000e+00 1.000000000000000000e+00 0.000000000000000000e+00 1.740506944783700716e-01 0.000000000000000000e+00
4.139326560989064485e-01 0.000000000000000000e+00 1.000000000000000000e+00 0.000000000000000000e+00 1.741826135386878860e-01 0.000000000000000000e+00
0.000000000000000000e+00 0.000000000000000000e+00 8.355852444839539928e-01 0.000000000000000000e+00 1.000000000000000000e+00 0.000000000000000000e+00
4.136399922812102892e-01 0.000000000000000000e+00 1.000000000000000000e+00 0.000000000000000000e+00 1.682309770524359760e-01 0.000000000000000000e+00
4.093094520400564762e-01 0.000000000000000000e+00 1.000000000000000000e+00 0.000000000000000000e+00 1.710883484480357208e-01 0.000000000000000000e+00
4.062787097470231257e-01 0.000000000000000000e+00 1.000000000000000000e+00 0.000000000000000000e+00 1.666749241596830744e-01 0.000000000000000000e+00
0.000000000000000000e+00 0.000000000000000000e+00 8.434266056777443010e-01 0.000000000000000000e+00 1.000000000000000000e+00 0.000000000000000000e+00
0.000000000000000000e+00 0.000000000000000000e+00 8.445040669366213892e-01 0.000000000000000000e+00 1.000000000000000000e+00 0.000000000000000000e+00
4.070779334161525598e-01 0.000000000000000000e+00 1.000000000000000000e+00 0.000000000000000000e+00 1.652071376870729580e-01 0.000000000000000000e+00
