-1.381551055796427363e+01
-1.381551055796427363e+01
-1.381551055796427363e+01
-9.565117240522941211e-01
-1.381551055796427363e+01
5.109001642215840189e-01
-1.381551055796427363e+01
-1.381551055796427363e+01
-4.179929029354878534e-01
-1.533344833200066537e-01
-1.381551055796427363e+01
-1.381551055796427363e+01
-1.381551055796427363e+01
-1.381551055796427363e+01
-1.381551055796427363e+01
-1.381551055796427363e+01
-1.381551055796427363e+01
-1.381551055796427363e+01
-1.381551055796427363e+01
-1.381551055796427363e+01
-1.381551055796427363e+01
-1.381551055796427363e+01
-1.381551055796427363e+01
-1.381551055796427363e+01
-1.381551055796427363e+01
-1.381551055796427363e+01
-1.381551055796427363e+01
-1.381551055796427363e+01
-1.381551055796427363e+01
-1.381551055796427363e+01
-1.381551055796427363e+01
-1.381551055796427363e+01
-1.381551055796427363e+01
-1.381551055796427363e+01
-1.381551055796427363e+01
-1.381551055796427363e+01
-1.381551055796427363e+01
-1.381551055796427363e+01
-1.381551055796427363e+01
-1.381551055796427363e+01
-1.381551055796427363e+01
-1.381551055796427363e+01
-1.381551055796427363e+01
-1.381551055796427363e+01
-1.381551055796427363e+01
-1.381551055796427363e+01
-1.381551055796427363e+01
-1.381551055796427363e+01
-1.381551055796427363e+01
-1.381551055796427363e+01
