7.683395315301805306e-01
7.506502634685210396e-01
8.128691975257235081e-01
7.536484662864131323e-01
8.996860860919041469e-01
9.084154742658014925e-01
9.059223580027954137e-01
9.061687054856081280e-01
9.058007395155340813e-01
9.098533126215179179e-01
9.099159655486984688e-01
9.099540777573555950e-01
9.099505845708164564e-01
9.096441340434718859e-01
9.095334308498367326e-01
9.095182016121549085e-01
9.101681233134949478e-01
9.096111615860957844e-01
9.099904467060937474e-01
9.126119736622666512e-01
9.126092806789299905e-01
9.125769335101384661e-01
9.035798835857836719e-01
9.108337300888096344e-01
9.119300832762350373e-01
9.116411568821964906e-01
9.117610258501328557e-01
9.117530185170937829e-01
9.215892455392857840e-01
9.213691046309340216e-01
9.226860142562677281e-01
9.234578007507621145e-01
9.234624219111614574e-01
9.237344837048013790e-01
9.237006627585440111e-01
9.244883317185316196e-01
9.246246215875939534e-01
9.246335088409466385e-01
9.247332217999795212e-01
9.263357556086743161e-01
9.274409887573665801e-01
9.274362122718683432e-01
9.280015043192865187e-01
9.280692698426892262e-01
9.280918158585442779e-01
9.281210183823683790e-01
9.281421412315585817e-01
9.281461857988037023e-01
9.281700490881769072e-01
9.281473850673501724e-01
