2.270501255989074707e-01 9.556105732917785645e-01 1.389944553375244141e-01 6.383453607559204102e-01
2.270501255989074707e-01 9.556105732917785645e-01 1.389944553375244141e-01 6.383453607559204102e-01
5.111620484905534667e-01 1.000000000000000000e+00 0.000000000000000000e+00 1.000000000000000000e+00
5.111620484905534667e-01 1.000000000000000000e+00 0.000000000000000000e+00 1.000000000000000000e+00
5.111620484905534667e-01 1.000000000000000000e+00 0.000000000000000000e+00 1.000000000000000000e+00
5.111620484905534667e-01 1.000000000000000000e+00 0.000000000000000000e+00 1.000000000000000000e+00
5.111620484905534667e-01 1.000000000000000000e+00 0.000000000000000000e+00 1.000000000000000000e+00
2.675548911771302163e-01 9.696188418018850674e-01 0.000000000000000000e+00 1.000000000000000000e+00
2.675548911771302163e-01 9.696188418018850674e-01 0.000000000000000000e+00 1.000000000000000000e+00
2.675548911771302163e-01 9.696188418018850674e-01 0.000000000000000000e+00 1.000000000000000000e+00
2.675548911771302163e-01 9.696188418018850674e-01 0.000000000000000000e+00 1.000000000000000000e+00
2.675548911771302163e-01 9.696188418018850674e-01 0.000000000000000000e+00 1.000000000000000000e+00
2.675548911771302163e-01 9.696188418018850674e-01 0.000000000000000000e+00 1.000000000000000000e+00
2.675548911771302163e-01 9.696188418018850674e-01 0.000000000000000000e+00 1.000000000000000000e+00
2.675548911771302163e-01 9.696188418018850674e-01 0.000000000000000000e+00 1.000000000000000000e+00
2.675548911771302163e-01 9.696188418018850674e-01 0.000000000000000000e+00 1.000000000000000000e+00
2.675548911771302163e-01 9.696188418018850674e-01 0.000000000000000000e+00 1.000000000000000000e+00
2.675548911771302163e-01 9.696188418018850674e-01 0.000000000000000000e+00 1.000000000000000000e+00
2.390166203664469968e-01 1.000000000000000000e+00 0.000000000000000000e+00 1.000000000000000000e+00
2.492710501818040103e-01 1.000000000000000000e+00 2.383837940512906206e-02 1.000000000000000000e+00
2.492710501818040103e-01 1.000000000000000000e+00 2.383837940512906206e-02 1.000000000000000000e+00
2.492710501818040103e-01 1.000000000000000000e+00 2.383837940512906206e-02 1.000000000000000000e+00
2.492710501818040103e-01 1.000000000000000000e+00 2.383837940512906206e-02 1.000000000000000000e+00
2.492710501818040103e-01 1.000000000000000000e+00 2.383837940512906206e-02 1.000000000000000000e+00
2.492710501818040103e-01 1.000000000000000000e+00 2.383837940512906206e-02 1.000000000000000000e+00
2.492710501818040103e-01 1.000000000000000000e+00 2.383837940512906206e-02 1.000000000000000000e+00
2.492710501818040103e-01 1.000000000000000000e+00 2.383837940512906206e-02 1.000000000000000000e+00
2.492710501818040103e-01 1.000000000000000000e+00 2.383837940512906206e-02 1.000000000000000000e+00
2.629233447396677192e-01 1.000000000000000000e+00 4.767468123322320117e-02 9.763559216836615873e-01
2.629233447396677192e-01 1.000000000000000000e+00 4.767468123322320117e-02 9.763559216836615873e-01
2.817277982549179494e-01 1.000000000000000000e+00 1.693939931069587262e-02 9.242615913690698237e-01
2.817277982549179494e-01 1.000000000000000000e+00 1.693939931069587262e-02 9.242615913690698237e-01
2.817277982549179494e-01 1.000000000000000000e+00 1.693939931069587262e-02 9.242615913690698237e-01
3.010636425157104390e-01 1.000000000000000000e+00 5.011235693526033819e-02 9.172933174860646854e-01
3.010636425157104390e-01 1.000000000000000000e+00 5.011235693526033819e-02 9.172933174860646854e-01
2.894725570222251299e-01 1.000000000000000000e+00 8.791559198364458372e-02 9.253355691849273201e-01
2.832549177748540647e-01 1.000000000000000000e+00 1.058794037846683550e-01 9.258316425719776976e-01
2.832549177748540647e-01 1.000000000000000000e+00 1.058794037846683550e-01 9.258316425719776976e-01
2.832549177748540647e-01 1.000000000000000000e+00 1.058794037846683550e-01 9.258316425719776976e-01
2.736000320690851195e-01 9.898983139929785624e-01 9.186710151645939570e-02 9.294943052091024782e-01
2.655834382488643786e-01 9.762734120440591523e-01 9.663891602144494830e-02 9.269826701965409033e-01
2.655834382488643786e-01 9.762734120440591523e-01 9.663891602144494830e-02 9.269826701965409033e-01
2.478442421774405269e-01 9.659614434368715141e-01 1.303904565805359961e-01 9.326629161996571327e-01
2.478442421774405269e-01 9.659614434368715141e-01 1.303904565805359961e-01 9.326629161996571327e-01
2.478442421774405269e-01 9.659614434368715141e-01 1.303904565805359961e-01 9.326629161996571327e-01
2.478442421774405269e-01 9.659614434368715141e-01 1.303904565805359961e-01 9.326629161996571327e-01
2.478442421774405269e-01 9.659614434368715141e-01 1.303904565805359961e-01 9.326629161996571327e-01
2.478442421774405269e-01 9.659614434368715141e-01 1.303904565805359961e-01 9.326629161996571327e-01
2.478442421774405269e-01 9.659614434368715141e-01 1.303904565805359961e-01 9.326629161996571327e-01
2.478442421774405269e-01 9.659614434368715141e-01 1.303904565805359961e-01 9.326629161996571327e-01
