5.359948776743743704e-01
9.342324830527440893e-01
8.458484986044586540e-01
7.754323137192336013e-01
8.566045451400243760e-01
1.040865640118646684e+00
8.762657827635333962e-01
9.863411537223262249e-01
9.755611950918369191e-01
1.003338214023723474e+00
-1.183423451104857471e-01
1.123710363619676356e+00
6.400562747747720049e-01
6.398459343323779080e-01
1.033400894625967847e+00
1.021283945911396263e+00
1.017240655973513874e+00
1.121474367406300576e+00
1.122113618258891998e+00
1.122589290651717642e+00
1.121893179256273410e+00
1.122290184433535565e+00
1.120984251997242165e+00
1.122188517215045422e+00
1.122077763159831099e+00
1.103804325459907698e+00
1.148478320809030340e+00
1.150406610591037104e+00
1.150358151255622907e+00
1.169943136429561603e+00
1.171286250022100184e+00
1.171629183162788079e+00
1.171572034349776636e+00
1.171355079484441841e+00
1.171235834651269236e+00
1.171730215406133535e+00
1.171720075315293874e+00
1.171796128587975439e+00
1.171860860837453888e+00
1.171370033260884735e+00
1.171540071374963077e+00
1.170732564638341966e+00
1.170715253740009176e+00
1.170786725296421249e+00
1.171619883289782393e+00
1.171678111602441952e+00
1.171464931808637866e+00
1.171356306438539052e+00
1.171348883997133772e+00
1.171293467432253488e+00
1.171487085656878424e+00
1.171496909204484904e+00
1.171354785144071764e+00
1.171304088039445190e+00
1.171306872214450623e+00
1.171589161589098538e+00
1.171564191638871488e+00
1.171566588557788613e+00
1.171523503468104632e+00
1.171521850838015855e+00
1.171488504459583302e+00
1.171477500199619159e+00
1.171613399515550658e+00
1.171639047601069628e+00
1.171657914724689942e+00
1.171824528724063175e+00
1.171858428561087129e+00
1.171853041295097153e+00
1.171867592285051884e+00
1.171881838593082703e+00
1.171891827102316430e+00
1.171878486459195567e+00
1.171876881377559521e+00
1.171865037735568604e+00
1.171864064170213382e+00
1.171857826013728232e+00
1.171843050553859733e+00
1.171838078983169940e+00
1.171854004094418311e+00
1.171873614756773430e+00
1.171878817878855061e+00
1.171865268128632120e+00
1.171893631063976482e+00
1.171741737626483815e+00
1.171737850570532036e+00
1.171737113113441753e+00
1.171732309586098530e+00
1.171759886118302063e+00
1.171747331928104874e+00
1.171763734594651218e+00
1.171765352842183416e+00
1.171772279900788138e+00
1.171760301314566544e+00
1.171762652650257364e+00
1.171761194059796063e+00
1.171791310070092296e+00
1.171801147273207944e+00
1.171806449522688531e+00
1.171809951265737393e+00
1.171806595378337423e+00
