5.220331549644470215e-01 2.590556740760803223e-01 9.958576560020446777e-01 4.403716325759887695e-01
3.725603222846984863e-01 4.870608448982238770e-01 6.520039439201354980e-01 8.348079919815063477e-01
7.556044459342956543e-01 3.555055856704711914e-01 6.375010013580322266e-01 7.846625447273254395e-01
3.148053884506225586e-01 4.612049460411071777e-01 3.801006674766540527e-01 2.190988063812255859e-01
2.383255362510681152e-01 3.108178377151489258e-01 3.691337108612060547e-01 2.039816379547119141e-01
9.845248460769653320e-01 2.633525133132934570e-01 2.008237242698669434e-01 1.308826804161071777e-01
7.158195972442626953e-02 1.128971576690673828e-01 5.924916267395019531e-02 1.287694573402404785e-01
3.305473923683166504e-01 9.733110070228576660e-01 5.432086586952209473e-01 2.165114879608154297e-02
3.445076942443847656e-02 1.002098917961120605e-01 1.636842489242553711e-01 6.137439012527465820e-01
3.013423681259155273e-01 4.327628016471862793e-01 3.485820293426513672e-01 4.601043462753295898e-01
2.600042223930358887e-01 7.068097591400146484e-02 4.550008773803710938e-01 7.546655535697937012e-01
3.416504859924316406e-01 6.872165799140930176e-01 3.190965056419372559e-01 2.025823593139648438e-01
6.233699917793273926e-01 6.450245380401611328e-01 5.785714983940124512e-01 1.184942722320556641e-01
8.821958303451538086e-01 7.448154091835021973e-01 4.568130373954772949e-01 9.798509478569030762e-01
1.739831566810607910e-01 9.059031605720520020e-01 3.114531040191650391e-01 1.344492435455322266e-01
6.339249014854431152e-01 5.605461001396179199e-01 6.940261721611022949e-01 5.943725705146789551e-01
2.319905757904052734e-01 6.037479639053344727e-01 2.255435585975646973e-01 1.689039468765258789e-01
2.416253685951232910e-01 7.631058096885681152e-01 7.733289599418640137e-01 6.937620043754577637e-01
9.947125911712646484e-01 6.628364324569702148e-01 1.109597086906433105e-01 6.070705652236938477e-01
7.202689647674560547e-01 8.714503049850463867e-01 8.340063095092773438e-01 2.938431501388549805e-01
8.439214229583740234e-01 7.184934616088867188e-01 1.983567476272583008e-01 6.314989328384399414e-01
3.506321907043457031e-01 6.693785786628723145e-01 9.435477852821350098e-01 7.848267555236816406e-01
9.961341023445129395e-01 4.741230010986328125e-01 6.422227621078491211e-02 1.496760249137878418e-01
5.788946151733398438e-02 1.700049638748168945e-01 2.203873395919799805e-01 9.151760935783386230e-01
1.225616335868835449e-01 3.764010071754455566e-01 8.803501129150390625e-01 3.924242258071899414e-01
2.191801667213439941e-01 1.063378453254699707e-01 2.353681921958923340e-01 6.507003307342529297e-01
9.040306806564331055e-01 5.120127797126770020e-01 4.201090335845947266e-01 1.696171760559082031e-01
5.819204449653625488e-01 3.509395122528076172e-01 6.338810324668884277e-01 8.816636800765991211e-01
9.882416129112243652e-01 3.689563274383544922e-01 1.065282821655273438e-01 8.225882649421691895e-01
2.333930730819702148e-01 5.417454242706298828e-02 3.971797227859497070e-02 5.199859738349914551e-01
2.908815741539001465e-01 8.016996383666992188e-01 2.739787101745605469e-03 2.740270495414733887e-01
7.701814770698547363e-01 9.394179582595825195e-01 2.490539550781250000e-01 1.484772562980651855e-01
7.106056809425354004e-01 6.208683848381042480e-01 2.912818789482116699e-01 9.509306550025939941e-01
2.947962880134582520e-01 7.518532872200012207e-01 8.935391306877136230e-01 5.097817182540893555e-01
5.997167825698852539e-01 1.497444510459899902e-01 2.111520767211914062e-01 7.334426045417785645e-01
4.831905364990234375e-01 2.795552611351013184e-01 3.312394022941589355e-01 3.080264329910278320e-01
9.277945160865783691e-01 1.931146979331970215e-01 6.470533013343811035e-01 9.422941803932189941e-01
6.989528536796569824e-01 7.828385829925537109e-01 3.306978344917297363e-01 5.141990780830383301e-01
7.389578223228454590e-01 5.415028333663940430e-01 9.590954184532165527e-01 5.190498828887939453e-01
9.701073169708251953e-03 2.882200479507446289e-01 6.311545372009277344e-01 3.894761800765991211e-01
7.123638391494750977e-01 3.549391627311706543e-01 6.359401941299438477e-01 5.087335705757141113e-01
3.459961414337158203e-01 9.608802199363708496e-01 8.104482293128967285e-01 3.735428452491760254e-01
6.149210333824157715e-01 1.919797658920288086e-01 1.977651715278625488e-01 5.940151214599609375e-01
5.800586342811584473e-01 3.992215991020202637e-01 3.631268143653869629e-01 6.276297569274902344e-01
1.390808820724487305e-02 8.902975320816040039e-01 2.160731554031372070e-01 5.752316117286682129e-01
3.561351299285888672e-01 4.440891742706298828e-01 4.903554916381835938e-03 1.888219714164733887e-01
5.767160654067993164e-02 7.384286522865295410e-01 9.639059305191040039e-01 6.152409315109252930e-01
7.626471519470214844e-01 6.666435599327087402e-01 8.230219483375549316e-01 1.046172380447387695e-01
5.195617079734802246e-01 8.812654018402099609e-02 3.432796001434326172e-01 7.882835268974304199e-01
4.374855756759643555e-02 6.288993954658508301e-01 9.836817383766174316e-01 7.581652998924255371e-01
7.192009091377258301e-01 8.118115663528442383e-01 9.093729257583618164e-01 7.449252605438232422e-01
4.719460606575012207e-01 7.123132348060607910e-01 2.883047461509704590e-01 5.552662611007690430e-01
9.848383665084838867e-01 7.764919400215148926e-01 1.583784818649291992e-02 5.828899145126342773e-02
4.021609425544738770e-01 4.292165040969848633e-01 1.692890524864196777e-01 2.430826425552368164e-01
7.039377093315124512e-01 6.473890542984008789e-01 3.848415017127990723e-01 7.397862076759338379e-01
4.712049365043640137e-01 2.899193167686462402e-01 4.098234772682189941e-01 5.209656357765197754e-01
3.417524099349975586e-01 7.214309573173522949e-01 7.979441285133361816e-01 3.553453683853149414e-01
9.887588024139404297e-01 4.130548238754272461e-02 5.278682708740234375e-02 6.486663222312927246e-01
9.720050692558288574e-01 7.549448013305664062e-01 5.187141895294189453e-02 6.886004805564880371e-01
4.285258650779724121e-01 5.948362946510314941e-01 3.685197830200195312e-01 9.322637319564819336e-02
4.157316088676452637e-01 6.697406768798828125e-01 6.227583289146423340e-01 9.160435199737548828e-01
9.584553837776184082e-01 7.878262996673583984e-01 9.629070758819580078e-01 2.631965279579162598e-01
6.405575871467590332e-01 5.851083397865295410e-01 1.919116377830505371e-01 3.146982789039611816e-01
5.744683742523193359e-02 6.660519838333129883e-01 5.059307813644409180e-01 3.730298280715942383e-01
9.438681602478027344e-02 2.625561952590942383e-01 8.490492105484008789e-01 5.704885721206665039e-01
7.530812025070190430e-01 7.146936655044555664e-01 6.486408710479736328e-01 4.131149053573608398e-01
5.203237533569335938e-01 3.479876518249511719e-01 3.250555992126464844e-01 6.473345756530761719e-01
2.845712900161743164e-01 9.948718547821044922e-01 2.543886899948120117e-01 4.774932265281677246e-01
4.626993536949157715e-01 9.856801033020019531e-01 8.224876523017883301e-01 7.637642025947570801e-01
2.878521084785461426e-01 7.346205115318298340e-01 4.496548771858215332e-01 7.663006186485290527e-01
8.165362477302551270e-01 3.756505250930786133e-01 1.236397027969360352e-01 3.200269341468811035e-01
3.726483583450317383e-01 4.524703621864318848e-01 9.252259135246276855e-01 2.917958498001098633e-01
9.556504487991333008e-01 5.746573805809020996e-01 2.543119192123413086e-01 8.279306292533874512e-01
2.415072917938232422e-02 8.575316071510314941e-01 6.712421774864196777e-01 8.151170015335083008e-01
2.528927326202392578e-01 8.113445043563842773e-01 7.739681601524353027e-01 6.638457179069519043e-01
1.809557080268859863e-01 9.955896139144897461e-01 6.435639858245849609e-01 1.399574875831604004e-01
9.466759562492370605e-01 1.938027143478393555e-02 1.380001902580261230e-01 3.549581766128540039e-01
4.674698710441589355e-01 7.809236645698547363e-01 7.186018228530883789e-01 7.136197090148925781e-01
1.525159478187561035e-01 7.906658053398132324e-01 4.819183945655822754e-01 2.249370813369750977e-01
6.385023593902587891e-01 1.243237853050231934e-01 3.625487089157104492e-01 7.325726747512817383e-02
8.683007955551147461e-01 2.747935056686401367e-02 9.548862576484680176e-01 3.453661799430847168e-01
2.976148128509521484e-01 2.096589207649230957e-01 6.257390379905700684e-01 6.911402940750122070e-02
3.353214859962463379e-01 6.932950019836425781e-01 8.169003725051879883e-01 5.666400790214538574e-01
5.980777740478515625e-01 3.977636694908142090e-01 9.935294985771179199e-01 7.713643908500671387e-01
3.506801724433898926e-01 4.843261837959289551e-01 5.496250391006469727e-01 2.617287635803222656e-01
6.087429523468017578e-01 9.966915845870971680e-02 9.756054878234863281e-01 3.318156003952026367e-01
1.330733299255371094e-03 8.479278087615966797e-01 8.953571319580078125e-03 2.936629056930541992e-01
5.277752876281738281e-01 1.912341713905334473e-01 2.649830579757690430e-01 9.046370983123779297e-01
5.361520051956176758e-01 3.663516044616699219e-01 5.593247413635253906e-01 1.056224107742309570e-02
4.145113229751586914e-01 3.845030665397644043e-01 3.531334400177001953e-01 5.905113220214843750e-01
4.828608036041259766e-01 4.438502192497253418e-01 2.180646657943725586e-01 8.068929314613342285e-01
1.923130154609680176e-01 4.908533692359924316e-01 3.281909823417663574e-01 8.354506492614746094e-01
7.672937512397766113e-01 3.848255872726440430e-01 4.156103134155273438e-01 5.008596181869506836e-01
3.551771044731140137e-01 4.485977888107299805e-01 9.981420040130615234e-01 4.294836521148681641e-02
5.202581882476806641e-01 3.207936286926269531e-01 6.683627367019653320e-01 7.487924098968505859e-01
1.263344883918762207e-01 1.322305798530578613e-01 8.181947469711303711e-02 7.356485724449157715e-01
9.491320252418518066e-01 3.330653309822082520e-01 4.732292294502258301e-01 5.931090116500854492e-01
9.544650912284851074e-01 3.289115428924560547e-01 6.916766166687011719e-01 3.235161304473876953e-01
3.566991686820983887e-01 8.805306553840637207e-01 4.991680383682250977e-02 5.708736777305603027e-01
3.306425809860229492e-01 9.329491853713989258e-01 6.647152900695800781e-01 3.361228704452514648e-01
2.332204580307006836e-02 1.032263040542602539e-01 9.704060554504394531e-01 8.321839570999145508e-02
7.503730058670043945e-01 2.743024230003356934e-01 1.109040379524230957e-01 4.982013702392578125e-01
9.397031664848327637e-01 5.688375830650329590e-01 8.377334475517272949e-01 2.208310961723327637e-01
9.818153977394104004e-01 3.500825166702270508e-01 7.939199209213256836e-01 6.733052134513854980e-01
1.567363739013671875e-01 5.207451581954956055e-01 1.674209237098693848e-01 7.202976346015930176e-01
9.982597827911376953e-01 3.154947757720947266e-01 3.892026543617248535e-01 8.115602731704711914e-01
7.368389964103698730e-01 9.089258313179016113e-01 6.515437364578247070e-01 5.807829499244689941e-01
7.387655973434448242e-02 4.870831966400146484e-03 9.833562970161437988e-01 4.789405465126037598e-01
2.874982953071594238e-01 9.414815902709960938e-01 3.957790136337280273e-02 9.553803801536560059e-01
9.787771105766296387e-01 2.614774107933044434e-01 3.398060202598571777e-01 4.626107215881347656e-01
