9.935137728501169940e-01
9.935137728501169940e-01
9.935137728501169940e-01
9.935137728501169940e-01
9.935137728501169940e-01
9.935137728501169940e-01
1.237259856690635873e+00
1.237259856690635873e+00
1.237259856690635873e+00
1.237259856690635873e+00
1.237259856690635873e+00
1.237259856690635873e+00
1.237259856690635873e+00
1.237259856690635873e+00
1.237259856690635873e+00
1.237259856690635873e+00
1.237259856690635873e+00
1.237259856690635873e+00
1.237259856690635873e+00
1.237259856690635873e+00
1.237259856690635873e+00
1.237259856690635873e+00
1.237259856690635873e+00
1.237259856690635873e+00
1.237259856690635873e+00
1.237259856690635873e+00
1.237259856690635873e+00
1.237259856690635873e+00
1.237259856690635873e+00
1.237259856690635873e+00
1.237259856690635873e+00
1.237259856690635873e+00
1.237259856690635873e+00
1.237259856690635873e+00
1.237259856690635873e+00
1.237259856690635873e+00
1.237259856690635873e+00
1.237259856690635873e+00
1.237259856690635873e+00
1.237259856690635873e+00
1.237259856690635873e+00
1.237259856690635873e+00
1.237259856690635873e+00
1.237259856690635873e+00
1.237259856690635873e+00
1.237259856690635873e+00
1.237259856690635873e+00
1.237259856690635873e+00
1.237259856690635873e+00
1.237259856690635873e+00
