8.569951057434082031e-01 4.308906793594360352e-01 1.171813011169433594e-01 1.013572812080383301e-01
8.569951057434082031e-01 4.308906793594360352e-01 1.171813011169433594e-01 1.013572812080383301e-01
8.569951057434082031e-01 4.308906793594360352e-01 1.171813011169433594e-01 1.013572812080383301e-01
8.569951057434082031e-01 4.308906793594360352e-01 1.171813011169433594e-01 1.013572812080383301e-01
8.569951057434082031e-01 4.308906793594360352e-01 1.171813011169433594e-01 1.013572812080383301e-01
8.569951057434082031e-01 4.308906793594360352e-01 1.171813011169433594e-01 1.013572812080383301e-01
7.618282437324523926e-01 6.378723978996276855e-01 2.850515246391296387e-01 5.722290277481079102e-02
7.618282437324523926e-01 6.378723978996276855e-01 2.850515246391296387e-01 5.722290277481079102e-02
7.618282437324523926e-01 6.378723978996276855e-01 2.850515246391296387e-01 5.722290277481079102e-02
7.618282437324523926e-01 6.378723978996276855e-01 2.850515246391296387e-01 5.722290277481079102e-02
7.618282437324523926e-01 6.378723978996276855e-01 2.850515246391296387e-01 5.722290277481079102e-02
7.618282437324523926e-01 6.378723978996276855e-01 2.850515246391296387e-01 5.722290277481079102e-02
7.618282437324523926e-01 6.378723978996276855e-01 2.850515246391296387e-01 5.722290277481079102e-02
7.618282437324523926e-01 6.378723978996276855e-01 2.850515246391296387e-01 5.722290277481079102e-02
7.618282437324523926e-01 6.378723978996276855e-01 2.850515246391296387e-01 5.722290277481079102e-02
7.618282437324523926e-01 6.378723978996276855e-01 2.850515246391296387e-01 5.722290277481079102e-02
7.618282437324523926e-01 6.378723978996276855e-01 2.850515246391296387e-01 5.722290277481079102e-02
7.618282437324523926e-01 6.378723978996276855e-01 2.850515246391296387e-01 5.722290277481079102e-02
7.618282437324523926e-01 6.378723978996276855e-01 2.850515246391296387e-01 5.722290277481079102e-02
7.618282437324523926e-01 6.378723978996276855e-01 2.850515246391296387e-01 5.722290277481079102e-02
7.618282437324523926e-01 6.378723978996276855e-01 2.850515246391296387e-01 5.722290277481079102e-02
7.618282437324523926e-01 6.378723978996276855e-01 2.850515246391296387e-01 5.722290277481079102e-02
7.618282437324523926e-01 6.378723978996276855e-01 2.850515246391296387e-01 5.722290277481079102e-02
7.618282437324523926e-01 6.378723978996276855e-01 2.850515246391296387e-01 5.722290277481079102e-02
7.618282437324523926e-01 6.378723978996276855e-01 2.850515246391296387e-01 5.722290277481079102e-02
7.618282437324523926e-01 6.378723978996276855e-01 2.850515246391296387e-01 5.722290277481079102e-02
7.618282437324523926e-01 6.378723978996276855e-01 2.850515246391296387e-01 5.722290277481079102e-02
7.618282437324523926e-01 6.378723978996276855e-01 2.850515246391296387e-01 5.722290277481079102e-02
7.618282437324523926e-01 6.378723978996276855e-01 2.850515246391296387e-01 5.722290277481079102e-02
7.618282437324523926e-01 6.378723978996276855e-01 2.850515246391296387e-01 5.722290277481079102e-02
7.618282437324523926e-01 6.378723978996276855e-01 2.850515246391296387e-01 5.722290277481079102e-02
7.618282437324523926e-01 6.378723978996276855e-01 2.850515246391296387e-01 5.722290277481079102e-02
7.618282437324523926e-01 6.378723978996276855e-01 2.850515246391296387e-01 5.722290277481079102e-02
7.618282437324523926e-01 6.378723978996276855e-01 2.850515246391296387e-01 5.722290277481079102e-02
7.618282437324523926e-01 6.378723978996276855e-01 2.850515246391296387e-01 5.722290277481079102e-02
7.618282437324523926e-01 6.378723978996276855e-01 2.850515246391296387e-01 5.722290277481079102e-02
7.618282437324523926e-01 6.378723978996276855e-01 2.850515246391296387e-01 5.722290277481079102e-02
7.618282437324523926e-01 6.378723978996276855e-01 2.850515246391296387e-01 5.722290277481079102e-02
7.618282437324523926e-01 6.378723978996276855e-01 2.850515246391296387e-01 5.722290277481079102e-02
7.618282437324523926e-01 6.378723978996276855e-01 2.850515246391296387e-01 5.722290277481079102e-02
7.618282437324523926e-01 6.378723978996276855e-01 2.850515246391296387e-01 5.722290277481079102e-02
7.618282437324523926e-01 6.378723978996276855e-01 2.850515246391296387e-01 5.722290277481079102e-02
7.618282437324523926e-01 6.378723978996276855e-01 2.850515246391296387e-01 5.722290277481079102e-02
7.618282437324523926e-01 6.378723978996276855e-01 2.850515246391296387e-01 5.722290277481079102e-02
7.618282437324523926e-01 6.378723978996276855e-01 2.850515246391296387e-01 5.722290277481079102e-02
7.618282437324523926e-01 6.378723978996276855e-01 2.850515246391296387e-01 5.722290277481079102e-02
7.618282437324523926e-01 6.378723978996276855e-01 2.850515246391296387e-01 5.722290277481079102e-02
7.618282437324523926e-01 6.378723978996276855e-01 2.850515246391296387e-01 5.722290277481079102e-02
7.618282437324523926e-01 6.378723978996276855e-01 2.850515246391296387e-01 5.722290277481079102e-02
7.618282437324523926e-01 6.378723978996276855e-01 2.850515246391296387e-01 5.722290277481079102e-02
