2.126270193972547018e-01
-1.121795246192001994e+00
-7.851638276088317436e-01
-2.978929876714441205e-01
9.719003211435076617e-01
-9.709781574439794172e-01
-1.042938008271000694e+00
1.961637434795787671e-01
6.354888178802912124e-01
9.585874894233911148e-01
5.848706867657723629e-01
-1.303437572481728202e+00
-8.687976446221619131e-01
7.032272079770363060e-01
-1.245217451916677209e+00
-1.406062714164986849e+00
1.347467541981783035e-01
4.124428349057160381e-01
-5.255085245551549544e-02
-3.592464963891049967e-01
-2.460260871796794147e-01
-1.226297789966365182e+00
5.092048215158009317e-01
9.987576268187237788e-03
-8.446976856427860225e-01
2.666475275433255465e-01
-2.217830002986440063e-01
2.273702996185879566e-01
-2.600907913131006999e-01
-5.991394222912871381e-01
4.212157555476299109e-01
5.697890278062545111e-01
1.309468365336214635e-01
5.918138299369875288e-02
5.020314934191307810e-01
-5.386245233822533063e-01
3.043050177020786284e-01
6.321977489533292527e-01
8.160611863745603767e-01
9.277607129855170998e-01
7.256664063037634449e-01
-1.131844687221744028e+00
6.520992458949830262e-01
-8.332207451958045796e-01
-8.874259943390295780e-01
-1.037932915240499465e+00
-8.346812397454677068e-01
-1.118472707126494603e+00
-1.015199821209449960e+00
-5.478811746967681556e-02
6.740463734639892124e-01
-2.573919560245516158e-01
3.178595849289433950e-01
-8.464741474803575416e-01
7.848383888690987353e-01
-1.289002550723623353e+00
-2.660379083687031687e-01
1.086135081348917064e-01
7.521658279659678703e-01
9.575206934667709335e-01
