-5.950232199812767186e-01
-7.095343380321120774e-01
-9.889726989806922886e-01
-1.050694868348402533e+00
-1.057446369787607088e+00
-1.281158133112436426e+00
-1.319721998391429896e+00
-1.288356709506044639e+00
-1.448386562965592761e+00
-1.275338052749310780e+00
-1.267439214707710704e+00
-1.269664829633847081e+00
-1.296916645107358157e+00
-1.296623357500209295e+00
-1.245004342363218663e+00
-2.080978860540386499e+00
-2.051089097682635476e+00
-2.483716974713498171e+00
-2.025147222578913109e+00
-2.718059104739010134e+00
-1.108540590564893069e+00
-2.480179572613166794e+00
-2.498846577672789060e+00
-2.502832837447645176e+00
-2.499989679765177275e+00
-2.570028395677404376e+00
-2.552467164179132109e+00
-2.520839854565158689e+00
-2.592255494208418387e+00
-2.581914667377526396e+00
-2.555082824627973981e+00
-2.552910307128664957e+00
-2.574126358433237449e+00
-2.595587610411528523e+00
-2.588414941333153863e+00
-2.507173826843246189e+00
-2.480460161100640715e+00
-2.467843745378997422e+00
-2.488417107735853229e+00
-2.478687706133334778e+00
-2.460174381575714442e+00
-2.459088193683555357e+00
-2.619503359423901223e+00
-2.799590981516192567e+00
-2.823676218826927986e+00
-2.646693296577201870e+00
-2.577244683442851514e+00
-2.557309021789334835e+00
-2.800546539911948241e+00
-2.802897089349799753e+00
