9.932835698127746582e-01 1.195603609085083008e-02 9.289981126785278320e-01 7.095366120338439941e-01
9.932835698127746582e-01 1.195603609085083008e-02 9.289981126785278320e-01 7.095366120338439941e-01
9.932835698127746582e-01 1.195603609085083008e-02 9.289981126785278320e-01 7.095366120338439941e-01
9.932835698127746582e-01 1.195603609085083008e-02 9.289981126785278320e-01 7.095366120338439941e-01
9.932835698127746582e-01 1.195603609085083008e-02 9.289981126785278320e-01 7.095366120338439941e-01
9.932835698127746582e-01 1.195603609085083008e-02 9.289981126785278320e-01 7.095366120338439941e-01
9.932835698127746582e-01 1.195603609085083008e-02 9.289981126785278320e-01 7.095366120338439941e-01
9.932835698127746582e-01 1.195603609085083008e-02 9.289981126785278320e-01 7.095366120338439941e-01
9.932835698127746582e-01 1.195603609085083008e-02 9.289981126785278320e-01 7.095366120338439941e-01
9.932835698127746582e-01 1.195603609085083008e-02 9.289981126785278320e-01 7.095366120338439941e-01
9.932835698127746582e-01 1.195603609085083008e-02 9.289981126785278320e-01 7.095366120338439941e-01
9.932835698127746582e-01 1.195603609085083008e-02 9.289981126785278320e-01 7.095366120338439941e-01
9.932835698127746582e-01 1.195603609085083008e-02 9.289981126785278320e-01 7.095366120338439941e-01
9.932835698127746582e-01 1.195603609085083008e-02 9.289981126785278320e-01 7.095366120338439941e-01
9.932835698127746582e-01 1.195603609085083008e-02 9.289981126785278320e-01 7.095366120338439941e-01
9.447336196899414062e-01 1.135795712471008301e-01 7.106458544731140137e-01 9.583101272583007812e-01
9.447336196899414062e-01 1.135795712471008301e-01 7.106458544731140137e-01 9.583101272583007812e-01
9.447336196899414062e-01 1.135795712471008301e-01 7.106458544731140137e-01 9.583101272583007812e-01
9.447336196899414062e-01 1.135795712471008301e-01 7.106458544731140137e-01 9.583101272583007812e-01
9.447336196899414062e-01 1.135795712471008301e-01 7.106458544731140137e-01 9.583101272583007812e-01
9.447336196899414062e-01 1.135795712471008301e-01 7.106458544731140137e-01 9.583101272583007812e-01
9.447336196899414062e-01 1.135795712471008301e-01 7.106458544731140137e-01 9.583101272583007812e-01
9.447336196899414062e-01 1.135795712471008301e-01 7.106458544731140137e-01 9.583101272583007812e-01
9.447336196899414062e-01 1.135795712471008301e-01 7.106458544731140137e-01 9.583101272583007812e-01
9.447336196899414062e-01 1.135795712471008301e-01 7.106458544731140137e-01 9.583101272583007812e-01
9.447336196899414062e-01 1.135795712471008301e-01 7.106458544731140137e-01 9.583101272583007812e-01
9.447336196899414062e-01 1.135795712471008301e-01 7.106458544731140137e-01 9.583101272583007812e-01
9.447336196899414062e-01 1.135795712471008301e-01 7.106458544731140137e-01 9.583101272583007812e-01
9.447336196899414062e-01 1.135795712471008301e-01 7.106458544731140137e-01 9.583101272583007812e-01
9.447336196899414062e-01 1.135795712471008301e-01 7.106458544731140137e-01 9.583101272583007812e-01
9.447336196899414062e-01 1.135795712471008301e-01 7.106458544731140137e-01 9.583101272583007812e-01
9.447336196899414062e-01 1.135795712471008301e-01 7.106458544731140137e-01 9.583101272583007812e-01
9.447336196899414062e-01 1.135795712471008301e-01 7.106458544731140137e-01 9.583101272583007812e-01
9.447336196899414062e-01 1.135795712471008301e-01 7.106458544731140137e-01 9.583101272583007812e-01
9.447336196899414062e-01 1.135795712471008301e-01 7.106458544731140137e-01 9.583101272583007812e-01
9.447336196899414062e-01 1.135795712471008301e-01 7.106458544731140137e-01 9.583101272583007812e-01
9.447336196899414062e-01 1.135795712471008301e-01 7.106458544731140137e-01 9.583101272583007812e-01
9.447336196899414062e-01 1.135795712471008301e-01 7.106458544731140137e-01 9.583101272583007812e-01
9.447336196899414062e-01 1.135795712471008301e-01 7.106458544731140137e-01 9.583101272583007812e-01
9.447336196899414062e-01 1.135795712471008301e-01 7.106458544731140137e-01 9.583101272583007812e-01
9.447336196899414062e-01 1.135795712471008301e-01 7.106458544731140137e-01 9.583101272583007812e-01
9.447336196899414062e-01 1.135795712471008301e-01 7.106458544731140137e-01 9.583101272583007812e-01
9.447336196899414062e-01 1.135795712471008301e-01 7.106458544731140137e-01 9.583101272583007812e-01
9.447336196899414062e-01 1.135795712471008301e-01 7.106458544731140137e-01 9.583101272583007812e-01
9.447336196899414062e-01 1.135795712471008301e-01 7.106458544731140137e-01 9.583101272583007812e-01
9.447336196899414062e-01 1.135795712471008301e-01 7.106458544731140137e-01 9.583101272583007812e-01
9.447336196899414062e-01 1.135795712471008301e-01 7.106458544731140137e-01 9.583101272583007812e-01
9.447336196899414062e-01 1.135795712471008301e-01 7.106458544731140137e-01 9.583101272583007812e-01
9.447336196899414062e-01 1.135795712471008301e-01 7.106458544731140137e-01 9.583101272583007812e-01
9.447336196899414062e-01 1.135795712471008301e-01 7.106458544731140137e-01 9.583101272583007812e-01
