7.119622826576232910e-01 5.847993493080139160e-01 2.582669258117675781e-04 1.109490990638732910e-01
8.662383556365966797e-01 9.981418251991271973e-01 8.566626310348510742e-01 7.626138925552368164e-01
9.529327154159545898e-01 2.786901593208312988e-01 3.932842016220092773e-01 6.421152353286743164e-01
1.827662587165832520e-01 4.885942935943603516e-01 3.284268379211425781e-01 4.802508354187011719e-01
2.988860011100769043e-01 8.033411502838134766e-01 2.102200984954833984e-01 8.653083443641662598e-01
3.154146671295166016e-02 9.131618142127990723e-01 6.891828179359436035e-01 1.998710632324218750e-01
8.371776342391967773e-02 9.559327363967895508e-02 5.926002860069274902e-01 7.334810495376586914e-01
3.393076658248901367e-01 2.350624203681945801e-01 3.317880034446716309e-01 4.322576522827148438e-02
4.812659621238708496e-01 1.951720714569091797e-01 7.726320624351501465e-01 7.013012766838073730e-01
6.343839764595031738e-01 1.264664530754089355e-01 3.973015546798706055e-01 1.204073429107666016e-02
0.000000000000000000e+00 4.103263616561889648e-01 8.628366589546203613e-01 5.399078503251075745e-02
0.000000000000000000e+00 0.000000000000000000e+00 6.238356232643127441e-01 2.334181666374206543e-01
0.000000000000000000e+00 1.000000000000000000e+00 8.022164106369018555e-01 0.000000000000000000e+00
0.000000000000000000e+00 1.000000000000000000e+00 6.550621390342712402e-01 0.000000000000000000e+00
2.134319394826889038e-01 1.000000000000000000e+00 8.774497509002685547e-01 0.000000000000000000e+00
1.000000000000000000e+00 0.000000000000000000e+00 0.000000000000000000e+00 0.000000000000000000e+00
1.000000000000000000e+00 2.711109519004821777e-01 1.000000000000000000e+00 0.000000000000000000e+00
1.000000000000000000e+00 0.000000000000000000e+00 1.000000000000000000e+00 0.000000000000000000e+00
1.000000000000000000e+00 5.260583162307739258e-01 1.000000000000000000e+00 0.000000000000000000e+00
1.000000000000000000e+00 4.747164845466613770e-01 7.447989583015441895e-01 0.000000000000000000e+00
1.000000000000000000e+00 1.000000000000000000e+00 1.000000000000000000e+00 0.000000000000000000e+00
0.000000000000000000e+00 6.661389470100402832e-01 0.000000000000000000e+00 0.000000000000000000e+00
4.423086941242218018e-01 0.000000000000000000e+00 0.000000000000000000e+00 5.606192350387573242e-01
1.000000000000000000e+00 5.640456676483154297e-01 1.000000000000000000e+00 0.000000000000000000e+00
7.930584549903869629e-01 5.179843306541442871e-01 1.000000000000000000e+00 0.000000000000000000e+00
0.000000000000000000e+00 8.346862196922302246e-01 7.821787595748901367e-01 0.000000000000000000e+00
1.000000000000000000e+00 0.000000000000000000e+00 0.000000000000000000e+00 1.000000000000000000e+00
1.000000000000000000e+00 5.749211907386779785e-01 1.000000000000000000e+00 0.000000000000000000e+00
1.000000000000000000e+00 5.546653866767883301e-01 1.000000000000000000e+00 0.000000000000000000e+00
1.802642792463302612e-01 2.894458472728729248e-01 2.211385220289230347e-02 9.685096144676208496e-01
6.929721683263778687e-02 8.067843914031982422e-01 9.952640533447265625e-01 8.625260591506958008e-01
1.000000000000000000e+00 5.578606128692626953e-01 1.000000000000000000e+00 0.000000000000000000e+00
1.000000000000000000e+00 5.544950962066650391e-01 1.000000000000000000e+00 0.000000000000000000e+00
1.000000000000000000e+00 5.450783967971801758e-01 1.000000000000000000e+00 0.000000000000000000e+00
1.000000000000000000e+00 5.713931322097778320e-01 1.000000000000000000e+00 0.000000000000000000e+00
1.000000000000000000e+00 5.360925197601318359e-01 1.000000000000000000e+00 2.407582662999629974e-02
9.887508749961853027e-01 6.078755855560302734e-01 2.956196293234825134e-02 9.133981466293334961e-01
0.000000000000000000e+00 8.791125416755676270e-01 1.000000000000000000e+00 0.000000000000000000e+00
9.649841189384460449e-01 9.797003865242004395e-01 4.848164319992065430e-01 8.045993000268936157e-02
9.247998595237731934e-01 7.596797496080398560e-02 7.371636033058166504e-01 9.164397120475769043e-01
9.880982041358947754e-01 4.228482395410537720e-02 5.314296483993530273e-01 3.833175599575042725e-01
2.298550456762313843e-01 5.624151825904846191e-01 5.211443305015563965e-01 3.388017043471336365e-02
3.816097378730773926e-01 1.656378656625747681e-01 7.455130219459533691e-01 6.938683800399303436e-03
5.841473340988159180e-01 8.032625913619995117e-01 6.959804296493530273e-01 1.158710662275552750e-02
9.902222752571105957e-01 3.240279108285903931e-02 5.265946984291076660e-01 1.776207238435745239e-02
5.162893533706665039e-01 6.881669908761978149e-02 3.295251429080963135e-01 8.354904055595397949e-01
9.792520999908447266e-01 3.220459818840026855e-02 5.716656893491744995e-02 5.509064793586730957e-01
0.000000000000000000e+00 7.490056753158569336e-01 6.761139035224914551e-01 0.000000000000000000e+00
2.358584403991699219e-01 9.836935997009277344e-01 2.267680466175079346e-01 1.036833152174949646e-01
7.301298901438713074e-03 1.618571430444717407e-01 9.973696619272232056e-02 2.812878787517547607e-01
2.513398602604866028e-02 8.400841355323791504e-01 3.974009305238723755e-02 4.334514737129211426e-01
7.059052586555480957e-01 4.063880443572998047e-01 4.095039069652557373e-01 6.302084028720855713e-02
2.190233021974563599e-01 8.775211572647094727e-01 6.293506026268005371e-01 4.258725419640541077e-02
7.963019013404846191e-01 3.727724254131317139e-01 8.193541765213012695e-01 5.650706961750984192e-02
1.952830553054809570e-01 6.230312958359718323e-02 9.603756070137023926e-01 1.269963383674621582e-01
2.784117758274078369e-01 7.286586761474609375e-01 7.708618044853210449e-01 3.673618286848068237e-02
1.813765019178390503e-01 7.206952571868896484e-01 7.321748733520507812e-01 0.000000000000000000e+00
1.000000000000000000e+00 1.000000000000000000e+00 0.000000000000000000e+00 0.000000000000000000e+00
6.856029629707336426e-01 2.310206443071365356e-01 5.621889978647232056e-02 9.933250024914741516e-03
2.090741544961929321e-01 7.571790814399719238e-01 8.906841874122619629e-01 1.249097380787134171e-02
4.696193337440490723e-01 7.130837440490722656e-02 4.073358476161956787e-01 3.393797874450683594e-01
2.020774595439434052e-02 5.314982533454895020e-01 8.367766141891479492e-01 2.787553668022155762e-01
2.263857237994670868e-02 4.754495993256568909e-02 1.506088115274906158e-02 7.841195166110992432e-02
2.944597974419593811e-02 1.045594066381454468e-01 9.615993499755859375e-01 8.054255843162536621e-01
7.209349274635314941e-01 9.735549092292785645e-01 1.170586347579956055e-01 4.210081696510314941e-01
2.528495788574218750e-01 1.405901275575160980e-03 9.205784648656845093e-02 9.334887266159057617e-01
9.537603855133056641e-01 4.018996357917785645e-01 3.707813099026679993e-03 1.601776927709579468e-01
9.511000514030456543e-01 4.285533726215362549e-02 9.925517439842224121e-01 6.039400696754455566e-01
3.401510417461395264e-02 1.973099112510681152e-01 5.973633527755737305e-01 9.846367239952087402e-01
5.563473701477050781e-01 3.912277519702911377e-02 7.533080130815505981e-02 6.663233973085880280e-03
5.100777149200439453e-01 3.572198748588562012e-01 9.723678827285766602e-01 1.018712110817432404e-02
3.584195971488952637e-01 5.214629769325256348e-01 2.704371884465217590e-02 4.421504437923431396e-01
3.379234075546264648e-01 5.271716713905334473e-01 7.227351069450378418e-01 5.459245294332504272e-04
9.204235672950744629e-01 7.679688334465026855e-01 9.757381081581115723e-01 9.972168803215026855e-01
6.342083215713500977e-01 1.557296812534332275e-01 1.985230483114719391e-03 9.228532910346984863e-01
1.968785375356674194e-01 8.323706388473510742e-01 7.553396821022033691e-01 5.382440984249114990e-03
2.660937607288360596e-01 7.128458023071289062e-01 5.477668642997741699e-01 8.586452342569828033e-03
2.012552320957183838e-01 7.295628786087036133e-01 7.150827646255493164e-01 0.000000000000000000e+00
4.870881140232086182e-01 5.686178803443908691e-01 8.472322821617126465e-01 7.108941674232482910e-01
9.439728260040283203e-01 9.411400556564331055e-01 2.188894599676132202e-01 9.929122328758239746e-01
4.300014302134513855e-02 8.274238705635070801e-01 6.878746747970581055e-01 2.467920817434787750e-02
4.325727373361587524e-02 9.851860404014587402e-01 3.428765758872032166e-02 8.539096713066101074e-01
6.135032773017883301e-01 3.822649419307708740e-01 9.270713478326797485e-02 1.933199167251586914e-01
8.381874561309814453e-01 7.901818156242370605e-01 9.925341606140136719e-01 1.495487056672573090e-03
1.349411606788635254e-01 5.956188440322875977e-01 8.375348448753356934e-01 1.410789787769317627e-03
4.388902783393859863e-01 7.981480956077575684e-01 9.106779694557189941e-01 1.819428056478500366e-02
8.022560477256774902e-01 1.189293526113033295e-02 1.102029457688331604e-01 6.381716579198837280e-02
6.584107875823974609e-01 9.688195586204528809e-01 5.476933717727661133e-01 5.250833928585052490e-03
8.633856177330017090e-01 7.198192477226257324e-01 8.858773112297058105e-01 1.096216961741447449e-03
6.105341315269470215e-01 2.816441282629966736e-02 9.941253662109375000e-01 9.846265912055969238e-01
8.727636337280273438e-01 8.103396892547607422e-01 8.880031853914260864e-02 8.487302064895629883e-01
6.210361719131469727e-01 9.836578965187072754e-01 3.134416043758392334e-02 2.145333960652351379e-02
4.038415476679801941e-02 5.215903371572494507e-02 6.755173206329345703e-02 8.601952195167541504e-01
2.098729908466339111e-01 6.317457556724548340e-02 9.740220308303833008e-01 9.999265670776367188e-01
4.912337660789489746e-01 6.220275759696960449e-01 7.501973509788513184e-01 4.032883793115615845e-03
7.204300761222839355e-01 4.313208162784576416e-03 9.924902915954589844e-01 1.161970645189285278e-01
3.871246874332427979e-01 3.977089822292327881e-01 4.840862378478050232e-02 1.765797846019268036e-03
7.380012273788452148e-01 2.251134254038333893e-03 3.616805076599121094e-01 8.600746393203735352e-01
2.293415069580078125e-01 8.624356985092163086e-01 7.652249336242675781e-01 6.210256814956665039e-01
1.318362802267074585e-01 1.118094474077224731e-01 1.294391602277755737e-01 6.997247934341430664e-01
3.972752094268798828e-01 7.438272237777709961e-01 5.398142933845520020e-01 9.350180625915527344e-03
1.318239271640777588e-01 7.817797064781188965e-01 6.039102077484130859e-01 1.380113791674375534e-02
2.330406010150909424e-01 7.366708517074584961e-01 7.076669931411743164e-01 0.000000000000000000e+00
7.047211527824401855e-01 1.344345323741436005e-02 1.914820633828639984e-03 4.946798384189605713e-01
4.026509523391723633e-01 4.085590541362762451e-01 9.524919092655181885e-02 6.050755977630615234e-01
2.043813019990921021e-01 7.986735105514526367e-01 6.522241830825805664e-01 3.506501205265522003e-03
7.046607136726379395e-02 5.577657818794250488e-01 8.479883074760437012e-01 4.954139143228530884e-02
2.511445879936218262e-01 7.025429606437683105e-01 6.750994324684143066e-01 1.823386549949645996e-02
1.584637016057968140e-01 9.996691346168518066e-01 5.593078136444091797e-01 4.987119138240814209e-01
4.183126986026763916e-01 9.856525063514709473e-01 2.094198465347290039e-01 2.436179220676422119e-01
