1.000000000000000000e+00 0.000000000000000000e+00 0.000000000000000000e+00 0.000000000000000000e+00 0.000000000000000000e+00 1.000000000000000000e+00
7.096240209345915373e-01 9.084655703839005225e-01 5.431213597710204954e-01 9.957928925128708975e-02 0.000000000000000000e+00 1.000000000000000000e+00
1.000000000000000000e+00 6.583178738207171588e-01 3.712629318934513312e-01 0.000000000000000000e+00 0.000000000000000000e+00 1.000000000000000000e+00
1.000000000000000000e+00 1.064122421312571481e-01 9.373386617389303233e-01 0.000000000000000000e+00 0.000000000000000000e+00 8.176344629275670295e-01
1.000000000000000000e+00 0.000000000000000000e+00 1.000000000000000000e+00 6.128408761164922947e-01 0.000000000000000000e+00 1.000000000000000000e+00
1.000000000000000000e+00 0.000000000000000000e+00 1.000000000000000000e+00 6.391842652330137486e-01 0.000000000000000000e+00 1.000000000000000000e+00
1.000000000000000000e+00 0.000000000000000000e+00 1.000000000000000000e+00 1.000000000000000000e+00 0.000000000000000000e+00 1.000000000000000000e+00
1.000000000000000000e+00 0.000000000000000000e+00 1.000000000000000000e+00 1.000000000000000000e+00 0.000000000000000000e+00 1.000000000000000000e+00
1.000000000000000000e+00 0.000000000000000000e+00 1.000000000000000000e+00 1.000000000000000000e+00 0.000000000000000000e+00 1.000000000000000000e+00
1.000000000000000000e+00 0.000000000000000000e+00 1.000000000000000000e+00 1.000000000000000000e+00 0.000000000000000000e+00 1.000000000000000000e+00
1.000000000000000000e+00 1.000000000000000000e+00 1.000000000000000000e+00 0.000000000000000000e+00 0.000000000000000000e+00 1.000000000000000000e+00
1.000000000000000000e+00 0.000000000000000000e+00 1.000000000000000000e+00 9.626164780678295729e-01 2.630877087822299232e-01 1.000000000000000000e+00
1.000000000000000000e+00 9.285541977582798534e-01 1.000000000000000000e+00 0.000000000000000000e+00 0.000000000000000000e+00 6.950145493771288097e-01
1.000000000000000000e+00 0.000000000000000000e+00 1.000000000000000000e+00 6.806234228490050109e-01 0.000000000000000000e+00 4.639159956741155111e-01
1.000000000000000000e+00 0.000000000000000000e+00 1.000000000000000000e+00 3.903687024552313645e-01 0.000000000000000000e+00 4.414916561926990890e-01
1.000000000000000000e+00 0.000000000000000000e+00 1.000000000000000000e+00 3.647974576373670952e-01 0.000000000000000000e+00 4.368827649365734089e-01
1.000000000000000000e+00 0.000000000000000000e+00 1.000000000000000000e+00 3.450429752742324718e-02 0.000000000000000000e+00 4.308895052966111860e-01
1.000000000000000000e+00 0.000000000000000000e+00 1.000000000000000000e+00 8.653180746557994629e-01 0.000000000000000000e+00 4.209682787436598850e-01
1.000000000000000000e+00 0.000000000000000000e+00 1.000000000000000000e+00 7.992904482784236597e-01 0.000000000000000000e+00 4.189187378970730125e-01
1.000000000000000000e+00 0.000000000000000000e+00 1.000000000000000000e+00 9.943463348753919240e-01 0.000000000000000000e+00 4.178120533975935302e-01
1.000000000000000000e+00 0.000000000000000000e+00 1.000000000000000000e+00 1.000000000000000000e+00 0.000000000000000000e+00 4.237717623110296428e-01
1.000000000000000000e+00 0.000000000000000000e+00 1.000000000000000000e+00 1.000000000000000000e+00 0.000000000000000000e+00 4.855435851660515056e-01
1.000000000000000000e+00 0.000000000000000000e+00 1.000000000000000000e+00 1.000000000000000000e+00 0.000000000000000000e+00 5.397672467378799022e-01
1.000000000000000000e+00 0.000000000000000000e+00 1.000000000000000000e+00 1.000000000000000000e+00 0.000000000000000000e+00 5.445757300836042702e-01
1.000000000000000000e+00 0.000000000000000000e+00 1.000000000000000000e+00 1.000000000000000000e+00 0.000000000000000000e+00 5.810870169760516957e-01
1.000000000000000000e+00 0.000000000000000000e+00 1.000000000000000000e+00 1.000000000000000000e+00 0.000000000000000000e+00 5.861831977746607691e-01
1.000000000000000000e+00 0.000000000000000000e+00 1.000000000000000000e+00 1.000000000000000000e+00 0.000000000000000000e+00 5.842870028018362083e-01
9.058132267103635726e-01 0.000000000000000000e+00 1.000000000000000000e+00 6.745399078447670282e-01 0.000000000000000000e+00 6.428684235628828736e-01
8.656326215045997419e-01 0.000000000000000000e+00 1.000000000000000000e+00 5.459001860366639869e-02 0.000000000000000000e+00 6.456305707774830926e-01
9.490671494955628118e-01 0.000000000000000000e+00 1.000000000000000000e+00 1.000000000000000000e+00 0.000000000000000000e+00 6.824314176991302938e-01
9.283217660026448215e-01 0.000000000000000000e+00 1.000000000000000000e+00 1.000000000000000000e+00 0.000000000000000000e+00 6.905250086491029338e-01
1.000000000000000000e+00 2.307622089606569116e-01 1.000000000000000000e+00 0.000000000000000000e+00 0.000000000000000000e+00 5.318153027868294247e-01
1.000000000000000000e+00 2.667651146023009012e-01 1.000000000000000000e+00 0.000000000000000000e+00 0.000000000000000000e+00 4.058423387982187935e-01
1.000000000000000000e+00 2.661677241171270247e-01 1.000000000000000000e+00 0.000000000000000000e+00 0.000000000000000000e+00 4.135911947664190902e-01
1.000000000000000000e+00 2.745106391663297840e-01 1.000000000000000000e+00 0.000000000000000000e+00 0.000000000000000000e+00 4.102773056416121333e-01
1.000000000000000000e+00 0.000000000000000000e+00 1.000000000000000000e+00 0.000000000000000000e+00 0.000000000000000000e+00 5.631541488460725109e-01
9.819073842635706040e-01 0.000000000000000000e+00 1.000000000000000000e+00 0.000000000000000000e+00 0.000000000000000000e+00 5.805514252770331840e-01
9.665266759905977167e-01 0.000000000000000000e+00 1.000000000000000000e+00 0.000000000000000000e+00 0.000000000000000000e+00 5.857911875751083963e-01
9.559702694793293931e-01 0.000000000000000000e+00 1.000000000000000000e+00 0.000000000000000000e+00 0.000000000000000000e+00 5.931525653700583378e-01
1.000000000000000000e+00 0.000000000000000000e+00 1.000000000000000000e+00 0.000000000000000000e+00 0.000000000000000000e+00 6.167201910078755622e-01
1.000000000000000000e+00 6.066334528275488247e-02 7.068914686311773554e-01 0.000000000000000000e+00 0.000000000000000000e+00 5.694194707198927397e-01
1.000000000000000000e+00 0.000000000000000000e+00 5.653922741567827259e-01 0.000000000000000000e+00 0.000000000000000000e+00 6.154665042885587578e-01
1.000000000000000000e+00 1.298547659411997401e-01 9.583281858706450551e-01 0.000000000000000000e+00 0.000000000000000000e+00 6.252845338723950208e-01
1.000000000000000000e+00 2.915781902979854845e-01 1.000000000000000000e+00 0.000000000000000000e+00 0.000000000000000000e+00 5.342341317368373144e-01
1.000000000000000000e+00 2.640834969999944493e-01 1.000000000000000000e+00 0.000000000000000000e+00 0.000000000000000000e+00 5.533011449538953741e-01
1.000000000000000000e+00 3.194245648378133406e-01 1.000000000000000000e+00 0.000000000000000000e+00 0.000000000000000000e+00 5.072220473477329072e-01
1.000000000000000000e+00 3.155221932781704375e-01 1.000000000000000000e+00 0.000000000000000000e+00 0.000000000000000000e+00 5.135530518644840781e-01
1.000000000000000000e+00 3.556732052612054384e-01 1.000000000000000000e+00 0.000000000000000000e+00 0.000000000000000000e+00 5.035981132597470156e-01
1.000000000000000000e+00 3.186272901001083180e-01 1.000000000000000000e+00 0.000000000000000000e+00 0.000000000000000000e+00 5.339684179544069709e-01
1.000000000000000000e+00 3.049180202322329669e-01 1.000000000000000000e+00 0.000000000000000000e+00 0.000000000000000000e+00 5.304901808176117894e-01
9.455689771306350355e-01 2.607510230099783777e-01 1.000000000000000000e+00 0.000000000000000000e+00 0.000000000000000000e+00 5.333379535692571727e-01
1.000000000000000000e+00 7.088492152198014318e-02 8.658063839224618974e-01 0.000000000000000000e+00 0.000000000000000000e+00 5.105252365764700873e-01
1.000000000000000000e+00 1.433353796263134305e-01 8.513537562091421096e-01 0.000000000000000000e+00 0.000000000000000000e+00 5.063728704007960379e-01
1.000000000000000000e+00 2.214152021567562800e-01 9.010341028688352294e-01 0.000000000000000000e+00 0.000000000000000000e+00 4.928235707865478710e-01
9.575261572486009065e-01 0.000000000000000000e+00 7.160395431458382864e-01 0.000000000000000000e+00 0.000000000000000000e+00 5.164182468414320049e-01
6.592404781435182715e-01 0.000000000000000000e+00 1.000000000000000000e+00 0.000000000000000000e+00 0.000000000000000000e+00 4.856762936153430910e-01
1.000000000000000000e+00 0.000000000000000000e+00 6.267395016628183324e-01 0.000000000000000000e+00 0.000000000000000000e+00 5.181434040115914241e-01
1.000000000000000000e+00 3.959727129830275527e-01 1.000000000000000000e+00 0.000000000000000000e+00 0.000000000000000000e+00 5.082892704212366164e-01
1.000000000000000000e+00 3.754191454884309720e-01 1.000000000000000000e+00 0.000000000000000000e+00 0.000000000000000000e+00 5.308981056619526129e-01
5.978448623653673799e-01 1.481665772919473212e-01 1.000000000000000000e+00 0.000000000000000000e+00 0.000000000000000000e+00 4.254883765721482192e-01
5.855720244186876089e-01 1.433894139440445858e-01 1.000000000000000000e+00 0.000000000000000000e+00 0.000000000000000000e+00 4.039121882844102229e-01
5.155528774613985510e-01 1.057399874469671236e-01 1.000000000000000000e+00 0.000000000000000000e+00 0.000000000000000000e+00 3.843337197768895708e-01
5.188261699329870247e-01 1.074775652882607041e-01 1.000000000000000000e+00 0.000000000000000000e+00 0.000000000000000000e+00 3.860652336323592837e-01
4.653990147075482420e-01 5.501335819890407902e-02 1.000000000000000000e+00 0.000000000000000000e+00 0.000000000000000000e+00 3.671343349638100939e-01
4.661483130828641408e-01 4.574849492883564100e-02 1.000000000000000000e+00 0.000000000000000000e+00 0.000000000000000000e+00 3.636431516074593584e-01
4.766897319114513087e-01 4.508885598448155591e-02 1.000000000000000000e+00 0.000000000000000000e+00 0.000000000000000000e+00 3.610429888191198367e-01
4.999235712843111412e-01 1.026249888105957575e-01 1.000000000000000000e+00 0.000000000000000000e+00 0.000000000000000000e+00 3.670704940815067707e-01
4.972164386762543131e-01 9.090838405532442046e-02 1.000000000000000000e+00 0.000000000000000000e+00 0.000000000000000000e+00 3.634202817261902863e-01
5.013124540916519267e-01 1.395645633699619526e-01 1.000000000000000000e+00 0.000000000000000000e+00 0.000000000000000000e+00 3.760243334996465348e-01
5.110305334466603844e-01 1.520447511224124471e-01 1.000000000000000000e+00 0.000000000000000000e+00 0.000000000000000000e+00 3.803797873278245145e-01
5.840077842837304578e-01 1.777202087005268216e-01 1.000000000000000000e+00 0.000000000000000000e+00 0.000000000000000000e+00 3.771725287167167484e-01
7.787731622776581375e-01 2.737552836401649925e-01 1.000000000000000000e+00 0.000000000000000000e+00 0.000000000000000000e+00 4.169839994812303829e-01
6.597993030836301065e-01 2.110115086931404482e-01 1.000000000000000000e+00 0.000000000000000000e+00 0.000000000000000000e+00 3.931226782576369150e-01
6.746105349149061903e-01 2.145282657816948713e-01 1.000000000000000000e+00 0.000000000000000000e+00 0.000000000000000000e+00 3.875456421641721994e-01
7.752297779769943276e-01 2.816715445134882478e-01 1.000000000000000000e+00 0.000000000000000000e+00 0.000000000000000000e+00 4.121309265312346759e-01
9.850190701423108264e-01 2.570631459680299269e-01 9.140199881709132335e-01 0.000000000000000000e+00 0.000000000000000000e+00 4.958157700870635121e-01
9.848009512217669181e-01 2.532411703291864158e-01 9.071236655108463331e-01 0.000000000000000000e+00 0.000000000000000000e+00 4.953867066331774649e-01
8.953480567670935031e-01 2.909299357164730759e-01 1.000000000000000000e+00 0.000000000000000000e+00 0.000000000000000000e+00 4.800332746501154157e-01
9.096375247977641632e-01 2.921866294447243440e-01 1.000000000000000000e+00 0.000000000000000000e+00 0.000000000000000000e+00 4.836157637571009693e-01
9.013754832266540618e-01 2.990883655069629943e-01 1.000000000000000000e+00 0.000000000000000000e+00 0.000000000000000000e+00 4.792876814710717581e-01
9.068665528330860370e-01 3.013670596308238303e-01 1.000000000000000000e+00 0.000000000000000000e+00 0.000000000000000000e+00 4.758614031523115129e-01
9.806602734325442494e-01 3.152876862899155475e-01 9.787125469548776380e-01 0.000000000000000000e+00 0.000000000000000000e+00 4.556099870909080529e-01
1.000000000000000000e+00 3.157270664259907988e-01 9.652711180607370656e-01 6.615896925187378375e-02 0.000000000000000000e+00 4.433295581646893857e-01
1.000000000000000000e+00 3.110997572269311173e-01 9.503299830245882651e-01 5.918783811797162508e-02 0.000000000000000000e+00 4.464103564537074686e-01
9.714339311955891842e-01 3.250539037935383790e-01 1.000000000000000000e+00 0.000000000000000000e+00 0.000000000000000000e+00 4.491551825171614665e-01
1.000000000000000000e+00 2.934214294922401489e-01 9.141503253184325439e-01 7.797367217563037911e-02 0.000000000000000000e+00 4.345284311521033227e-01
1.000000000000000000e+00 2.919529739011988978e-01 9.412980462389594072e-01 1.520471786991165475e-01 0.000000000000000000e+00 4.273843726559913292e-01
9.971442865042811077e-01 3.036596575998317116e-01 1.000000000000000000e+00 2.168166311318864004e-01 0.000000000000000000e+00 4.094021546977205106e-01
9.772456219441776337e-01 3.210180121390896479e-01 1.000000000000000000e+00 8.841149651692153943e-02 0.000000000000000000e+00 4.345798314041254273e-01
9.585196312871641089e-01 3.098779953982402358e-01 9.280699715354739920e-01 0.000000000000000000e+00 0.000000000000000000e+00 4.603099257656613208e-01
1.000000000000000000e+00 2.415704466037916498e-01 7.597324884811473833e-01 1.119688881180657403e-01 0.000000000000000000e+00 4.979266230172583185e-01
1.000000000000000000e+00 2.629657742878419024e-01 7.864763041379577713e-01 1.204196929689424905e-01 0.000000000000000000e+00 5.221654815963886476e-01
1.000000000000000000e+00 2.652221408712176487e-01 7.956811508132113353e-01 8.907609677058708764e-02 0.000000000000000000e+00 5.227365224865554438e-01
1.000000000000000000e+00 2.861229163383213203e-01 8.792193700418680091e-01 1.479984069510285709e-03 0.000000000000000000e+00 5.262770105975632662e-01
9.964223191407085567e-01 2.822537266958902169e-01 8.763663246254091987e-01 0.000000000000000000e+00 0.000000000000000000e+00 5.213390420995385188e-01
1.000000000000000000e+00 2.810790154400862884e-01 8.460627807173555226e-01 1.092368104799403992e-03 0.000000000000000000e+00 5.222147002347812261e-01
1.000000000000000000e+00 3.058528413389036138e-01 8.855375791096888882e-01 0.000000000000000000e+00 0.000000000000000000e+00 5.154208450057484736e-01
9.413952907995530861e-01 3.134230997977052735e-01 1.000000000000000000e+00 0.000000000000000000e+00 0.000000000000000000e+00 5.112136676887562015e-01
9.621509425065497556e-01 3.191939979166788510e-01 1.000000000000000000e+00 0.000000000000000000e+00 0.000000000000000000e+00 5.164464095709487834e-01
9.632297782720846691e-01 3.174902945387935160e-01 1.000000000000000000e+00 0.000000000000000000e+00 0.000000000000000000e+00 5.173547279761592232e-01
