1.000000000000000000e+00 2.806480892829760765e-01 7.799651834978091891e-01 0.000000000000000000e+00
1.000000000000000000e+00 2.937471292529089673e-01 7.656050113613682706e-01 0.000000000000000000e+00
1.000000000000000000e+00 2.512159715644378122e-01 9.149140733908264211e-01 0.000000000000000000e+00
1.000000000000000000e+00 0.000000000000000000e+00 1.000000000000000000e+00 0.000000000000000000e+00
1.000000000000000000e+00 0.000000000000000000e+00 1.000000000000000000e+00 0.000000000000000000e+00
1.000000000000000000e+00 0.000000000000000000e+00 1.000000000000000000e+00 0.000000000000000000e+00
1.000000000000000000e+00 1.000000000000000000e+00 1.000000000000000000e+00 0.000000000000000000e+00
1.000000000000000000e+00 8.215840285723258196e-01 1.000000000000000000e+00 0.000000000000000000e+00
9.564723271823435402e-01 1.000000000000000000e+00 1.000000000000000000e+00 0.000000000000000000e+00
9.184397914307499411e-01 1.000000000000000000e+00 1.000000000000000000e+00 0.000000000000000000e+00
1.000000000000000000e+00 0.000000000000000000e+00 1.000000000000000000e+00 0.000000000000000000e+00
1.000000000000000000e+00 0.000000000000000000e+00 1.000000000000000000e+00 0.000000000000000000e+00
1.000000000000000000e+00 0.000000000000000000e+00 1.000000000000000000e+00 2.237427628854236558e-02
0.000000000000000000e+00 0.000000000000000000e+00 1.000000000000000000e+00 1.574095528112584574e-01
1.000000000000000000e+00 0.000000000000000000e+00 1.000000000000000000e+00 0.000000000000000000e+00
1.000000000000000000e+00 0.000000000000000000e+00 1.000000000000000000e+00 0.000000000000000000e+00
1.000000000000000000e+00 0.000000000000000000e+00 1.000000000000000000e+00 0.000000000000000000e+00
1.000000000000000000e+00 0.000000000000000000e+00 1.000000000000000000e+00 0.000000000000000000e+00
1.000000000000000000e+00 0.000000000000000000e+00 1.000000000000000000e+00 0.000000000000000000e+00
1.000000000000000000e+00 0.000000000000000000e+00 1.000000000000000000e+00 0.000000000000000000e+00
1.000000000000000000e+00 0.000000000000000000e+00 1.000000000000000000e+00 0.000000000000000000e+00
1.000000000000000000e+00 0.000000000000000000e+00 1.000000000000000000e+00 0.000000000000000000e+00
1.000000000000000000e+00 0.000000000000000000e+00 1.000000000000000000e+00 0.000000000000000000e+00
1.000000000000000000e+00 0.000000000000000000e+00 1.000000000000000000e+00 0.000000000000000000e+00
1.000000000000000000e+00 0.000000000000000000e+00 1.000000000000000000e+00 0.000000000000000000e+00
1.000000000000000000e+00 0.000000000000000000e+00 1.000000000000000000e+00 0.000000000000000000e+00
1.000000000000000000e+00 0.000000000000000000e+00 1.000000000000000000e+00 0.000000000000000000e+00
1.000000000000000000e+00 0.000000000000000000e+00 1.000000000000000000e+00 0.000000000000000000e+00
1.000000000000000000e+00 0.000000000000000000e+00 1.000000000000000000e+00 0.000000000000000000e+00
1.000000000000000000e+00 1.000000000000000000e+00 4.925858484906281420e-01 0.000000000000000000e+00
1.000000000000000000e+00 1.000000000000000000e+00 4.280501384498244244e-01 0.000000000000000000e+00
1.000000000000000000e+00 1.000000000000000000e+00 6.086828987606492936e-01 0.000000000000000000e+00
1.000000000000000000e+00 1.000000000000000000e+00 6.549995798910025480e-01 0.000000000000000000e+00
1.000000000000000000e+00 1.000000000000000000e+00 6.642235822067991124e-01 0.000000000000000000e+00
1.000000000000000000e+00 0.000000000000000000e+00 1.000000000000000000e+00 0.000000000000000000e+00
1.000000000000000000e+00 1.000000000000000000e+00 1.000000000000000000e+00 4.694326507625679740e-02
1.000000000000000000e+00 1.000000000000000000e+00 1.000000000000000000e+00 6.095836397738174650e-02
1.000000000000000000e+00 1.000000000000000000e+00 1.000000000000000000e+00 6.071175657405016024e-02
1.000000000000000000e+00 1.000000000000000000e+00 1.000000000000000000e+00 5.682039778317880818e-02
1.000000000000000000e+00 9.795920671357661869e-01 1.000000000000000000e+00 5.823004345769352413e-02
1.000000000000000000e+00 0.000000000000000000e+00 1.000000000000000000e+00 0.000000000000000000e+00
1.000000000000000000e+00 0.000000000000000000e+00 1.000000000000000000e+00 0.000000000000000000e+00
1.000000000000000000e+00 1.000000000000000000e+00 1.000000000000000000e+00 3.968209838786956878e-02
1.000000000000000000e+00 1.000000000000000000e+00 9.759783859650273952e-01 4.559442168799705819e-02
1.000000000000000000e+00 1.000000000000000000e+00 9.272764637534632870e-01 5.043130076185826233e-02
1.000000000000000000e+00 1.000000000000000000e+00 9.189606993081735897e-01 4.988572933295674916e-02
1.000000000000000000e+00 1.000000000000000000e+00 9.181795789501205896e-01 4.980853222224030513e-02
1.000000000000000000e+00 1.000000000000000000e+00 9.212630825006078439e-01 4.757112184911294062e-02
1.000000000000000000e+00 1.000000000000000000e+00 9.057616987779109063e-01 5.430176128659067875e-02
1.000000000000000000e+00 1.000000000000000000e+00 9.139070249902664367e-01 5.547813779635533959e-02
1.000000000000000000e+00 1.000000000000000000e+00 9.353426711105369273e-01 5.634579472085081420e-02
1.000000000000000000e+00 1.000000000000000000e+00 9.091156544971502607e-01 5.875744971716923004e-02
1.000000000000000000e+00 1.000000000000000000e+00 9.005764408628447182e-01 5.717017076368875739e-02
1.000000000000000000e+00 1.000000000000000000e+00 8.835765465439604505e-01 6.689161816578753639e-02
1.000000000000000000e+00 1.000000000000000000e+00 8.889029874803772158e-01 6.347193348819832326e-02
1.000000000000000000e+00 1.000000000000000000e+00 8.943976752944006181e-01 6.363681488471036041e-02
1.000000000000000000e+00 1.000000000000000000e+00 8.817849059716373894e-01 6.339570503074656860e-02
1.000000000000000000e+00 1.000000000000000000e+00 8.816623801334356747e-01 6.466582759690210624e-02
1.000000000000000000e+00 1.000000000000000000e+00 8.766647582673605665e-01 6.370315810981587445e-02
1.000000000000000000e+00 1.000000000000000000e+00 8.559157063639092344e-01 6.253277017530477211e-02
1.000000000000000000e+00 1.000000000000000000e+00 8.615500470714643200e-01 5.536362836724155467e-02
1.000000000000000000e+00 1.000000000000000000e+00 8.495997185596106949e-01 5.692208243796718220e-02
1.000000000000000000e+00 1.000000000000000000e+00 8.020392749386830999e-01 5.236796832769146509e-02
1.000000000000000000e+00 1.000000000000000000e+00 7.762626682668709588e-01 5.796667783070583169e-02
1.000000000000000000e+00 1.000000000000000000e+00 7.778909748842024463e-01 5.544909412210027172e-02
1.000000000000000000e+00 1.000000000000000000e+00 7.733524912838343202e-01 5.450990098025119968e-02
1.000000000000000000e+00 1.000000000000000000e+00 7.725758377841935864e-01 5.361435368976537330e-02
1.000000000000000000e+00 1.000000000000000000e+00 7.725948943990488260e-01 4.964781073006991480e-02
1.000000000000000000e+00 1.000000000000000000e+00 8.055972805902168465e-01 5.690626405658607417e-02
1.000000000000000000e+00 1.000000000000000000e+00 9.603778896151259348e-01 1.449404378249495584e-01
1.000000000000000000e+00 1.000000000000000000e+00 9.762952224667474921e-01 1.535935893658319507e-01
1.000000000000000000e+00 1.000000000000000000e+00 8.886970868989749750e-01 1.330091650240946000e-01
1.000000000000000000e+00 1.000000000000000000e+00 8.853260432950776915e-01 1.291098220734687996e-01
1.000000000000000000e+00 1.000000000000000000e+00 8.827081841034827292e-01 1.319799100825785887e-01
1.000000000000000000e+00 1.000000000000000000e+00 8.780772758503094799e-01 1.283412232879174719e-01
1.000000000000000000e+00 1.000000000000000000e+00 8.764585006017580060e-01 1.293235156826337273e-01
1.000000000000000000e+00 1.000000000000000000e+00 8.335078945934204508e-01 1.076955395231239260e-01
1.000000000000000000e+00 1.000000000000000000e+00 8.196105957832623412e-01 9.726033388713334338e-02
1.000000000000000000e+00 1.000000000000000000e+00 8.981965154817441732e-01 1.358864821007318979e-01
1.000000000000000000e+00 1.000000000000000000e+00 9.315873771444380669e-01 1.620354891845581513e-01
1.000000000000000000e+00 9.757857531148974584e-01 7.641084889800187074e-01 0.000000000000000000e+00
1.000000000000000000e+00 1.000000000000000000e+00 9.528436408920915035e-01 2.002057485676838888e-01
1.000000000000000000e+00 1.000000000000000000e+00 1.000000000000000000e+00 2.210349362884261593e-01
1.000000000000000000e+00 1.000000000000000000e+00 9.731922917520193783e-01 2.074608195579326353e-01
1.000000000000000000e+00 1.000000000000000000e+00 8.982705622145211732e-01 1.584675512749846304e-01
1.000000000000000000e+00 1.000000000000000000e+00 8.935933370324542491e-01 1.601271995904888223e-01
9.893769846510831467e-01 0.000000000000000000e+00 1.000000000000000000e+00 0.000000000000000000e+00
1.000000000000000000e+00 1.000000000000000000e+00 9.090009402812738726e-01 1.769856164161981715e-01
1.000000000000000000e+00 1.000000000000000000e+00 9.084449806871228716e-01 1.763670381201535020e-01
1.000000000000000000e+00 1.000000000000000000e+00 8.944763412525312818e-01 1.631469438291968665e-01
1.000000000000000000e+00 1.000000000000000000e+00 8.893273242282179192e-01 1.525215975407421265e-01
1.000000000000000000e+00 1.000000000000000000e+00 8.830417954781999423e-01 1.474344784591163360e-01
1.000000000000000000e+00 1.000000000000000000e+00 8.782826986408823755e-01 1.465324787579025956e-01
1.000000000000000000e+00 1.000000000000000000e+00 8.977330947429360553e-01 1.600932287276355948e-01
1.000000000000000000e+00 1.000000000000000000e+00 9.029986798274733939e-01 1.640690277760211702e-01
1.000000000000000000e+00 0.000000000000000000e+00 1.000000000000000000e+00 0.000000000000000000e+00
1.000000000000000000e+00 1.000000000000000000e+00 9.860016853560648054e-01 1.869296193142493678e-01
1.000000000000000000e+00 0.000000000000000000e+00 1.000000000000000000e+00 1.029338880357803104e-02
1.000000000000000000e+00 1.000000000000000000e+00 9.914927084760597475e-01 1.931817139263036776e-01
1.000000000000000000e+00 0.000000000000000000e+00 1.000000000000000000e+00 0.000000000000000000e+00
