-5.270124663582467228e-01
-5.270124663582467228e-01
-2.774432218190800992e+00
-5.743354577823516216e-01
-5.717289092841558729e-01
-5.718627685212275269e-01
-5.728625276211829487e-01
-5.276438662488163178e-01
-5.717489883626037939e-01
-6.004802495428327447e-01
-6.475486487830316440e-01
-6.475560372768205397e-01
-6.465258148836294794e-01
-7.644547108027318627e-01
-2.542962636222299455e+00
-2.251684231598271246e+00
-1.843591272672347348e+00
-2.503070377806192681e+00
-2.462894347515558913e+00
-1.749887672414018880e+00
-1.753695970776813828e+00
-2.266781164757865508e+00
-2.805745561006179223e+00
-2.803476163994729653e+00
-3.286886064650635042e+00
-2.949364876106354227e+00
-3.100818722455491283e+00
-4.601064402445407708e+00
-4.627133393173179066e+00
-4.735832429406409361e+00
-5.669159432659750308e+00
-5.522305676354188897e+00
-5.934825247560183037e+00
-6.080023659732471941e+00
-6.217301372014110150e+00
-6.310124541355369487e+00
-6.311279539556507778e+00
-6.122783288640630595e+00
-6.065168345148066464e+00
-5.920110898731580917e+00
-5.918970714949314704e+00
-6.004163320932375036e+00
-5.991903546166508221e+00
-5.739399865395291123e+00
-5.694303430188075055e+00
-5.696584838355454039e+00
-5.687874606852755477e+00
-5.681226157611878769e+00
-5.690236331353832888e+00
-5.681003442784186674e+00
