-8.137501127968171932e-01
-5.962628201860166177e-01
-1.025341895731971098e+00
-1.140611262367809298e+00
-9.656078807105725748e-01
-7.373062408847482763e-01
-6.105616064419653322e-01
-7.031888588716326272e-01
-6.429029503940610901e-01
-1.219442338351319766e+00
-1.605421301059522521e-01
-3.343552475326608264e-02
-4.132784368637400507e-01
1.985854763582076687e-01
2.021762256144933878e-01
1.889042960556027162e-01
9.292339360937373893e-02
3.908454846070906763e-01
-8.584467912416878788e-01
3.863471970426842761e-01
-1.496665034282808060e-01
-1.809361094750175369e-01
-1.196208078418430354e-01
1.509500362815885399e-02
-7.081301743259507120e-01
4.197683709746746206e-01
-6.459561356859544468e-03
-1.269058630677199151e+00
4.417772287544302623e-01
-5.112275882179011521e-01
-6.690890975574309563e-01
4.404402789016317876e-01
3.952896896590707421e-01
-8.166548891040408265e-01
-5.924411410178309634e-01
-5.969199211017397477e-01
-1.798186180418691604e-01
4.304199848969584852e-01
4.447887184877908906e-01
-7.276681244715961228e-01
-9.480959369742729681e-01
-7.874144106739550120e-02
4.786058153841310503e-02
-4.116191820476607921e-01
-4.837364336529880737e-01
4.399373918854979637e-01
-6.941642682184717694e-02
-5.357802750083915377e-01
-2.084574854978640257e-01
4.514391793135067998e-01
-2.535836852697713750e-01
-3.543419092565683881e-01
-1.178057097952988741e+00
4.461379126246731719e-01
-8.751886951883627308e-01
1.053909156595260743e-01
3.861822877851522895e-01
4.598476110079549040e-01
-1.510691307627049507e-01
3.289156396106771574e-01
-2.120331166226424591e-02
1.137194420725399224e-01
5.368977761348479039e-01
4.216957681382005330e-02
-5.539293447017215044e-01
-6.677333881167991647e-01
-2.063503420942933708e-01
-9.474036117799933265e-02
1.728599025585274007e-01
-9.646649767479784643e-01
-3.067218895088117403e-01
-9.745467849654015913e-02
-3.155874354607851595e-01
-7.008807533321875782e-01
-8.875771749757177531e-01
-5.143663831546659848e-01
1.067998155928993609e-01
-5.659095371296263277e-02
3.494872038572877093e-02
-4.931892968499365093e-01
-5.079935068650237584e-01
-6.832558958234370428e-01
-4.293808328876532743e-01
-5.219807757152372663e-01
-1.103639025193795309e+00
-5.426675038880808266e-01
-3.276737085427255947e-01
-3.721436275280259887e-02
4.960620227171090302e-01
-2.809831614689904944e-01
-5.290137013687908896e-01
-1.520792407074745167e+00
1.666303154317518298e-01
1.821838960646599559e-01
8.023494536494024665e-02
-1.025253743634801484e+00
-1.937142946281984468e-01
-4.312990404564953639e-03
-2.498242270592251346e-01
4.280617108703919094e-01
1.838385664356519400e-01
-9.003176882798599179e-01
-4.679517763854206813e-01
3.159293473825952603e-02
-9.290944475977171990e-01
1.038448064695074446e-01
-4.015003050443298194e-01
-1.718615367838636221e-01
-3.779988173094623871e-01
-1.907525432916825636e-01
