4.569618701934814453e-01 2.408674359321594238e-01 8.680835962295532227e-01 2.530061006546020508e-01
5.261146426200866699e-01 2.641311287879943848e-01 4.949178099632263184e-01 2.434122562408447266e-02
9.906015396118164062e-01 4.982000589370727539e-02 2.168166637420654297e-02 7.929587364196777344e-02
6.269338726997375488e-01 9.102196693420410156e-01 5.873596072196960449e-01 5.217990279197692871e-01
8.381367325782775879e-01 5.917039513587951660e-01 8.056850433349609375e-01 4.119315147399902344e-01
5.536164045333862305e-01 6.016730070114135742e-01 4.552264213562011719e-01 9.071501493453979492e-01
3.718631267547607422e-01 2.510735988616943359e-01 4.497931599617004395e-01 5.505643486976623535e-01
7.224943041801452637e-01 1.314640045166015625e-02 4.672442674636840820e-01 3.767013549804687500e-05
4.398763775825500488e-01 8.843458890914916992e-01 4.178882837295532227e-01 1.612314581871032715e-01
8.327218890190124512e-01 8.947621583938598633e-01 4.004530310630798340e-01 4.129391908645629883e-02
0.000000000000000000e+00 1.000000000000000000e+00 0.000000000000000000e+00 1.000000000000000000e+00
3.392582759261131287e-02 0.000000000000000000e+00 9.875813722610473633e-01 1.877118647098541260e-02
1.000000000000000000e+00 0.000000000000000000e+00 1.000000000000000000e+00 9.392783641815185547e-01
0.000000000000000000e+00 9.948696494102478027e-01 9.414172768592834473e-01 1.646703928709030151e-01
7.715881466865539551e-01 0.000000000000000000e+00 9.919993877410888672e-01 0.000000000000000000e+00
0.000000000000000000e+00 0.000000000000000000e+00 9.982902407646179199e-01 2.490819990634918213e-01
9.254545569419860840e-01 7.211046814918518066e-01 0.000000000000000000e+00 1.000000000000000000e+00
0.000000000000000000e+00 0.000000000000000000e+00 1.000000000000000000e+00 1.000000000000000000e+00
1.716661453247070312e-01 0.000000000000000000e+00 1.000000000000000000e+00 9.702748060226440430e-02
0.000000000000000000e+00 0.000000000000000000e+00 9.973248839378356934e-01 1.031672880053520203e-01
1.424329280853271484e-01 0.000000000000000000e+00 8.727836608886718750e-01 6.941918283700942993e-02
1.000000000000000000e+00 0.000000000000000000e+00 0.000000000000000000e+00 4.246721267700195312e-01
0.000000000000000000e+00 9.838058948516845703e-01 5.080406665802001953e-01 1.000000000000000000e+00
2.157335635274648666e-03 1.000000000000000000e+00 4.988378584384918213e-01 9.147213697433471680e-01
2.058172132819890976e-03 7.377764582633972168e-01 3.867624700069427490e-01 9.202302694320678711e-01
5.678265821188688278e-03 0.000000000000000000e+00 4.234758615493774414e-01 1.000000000000000000e+00
3.555618822574615479e-01 1.000000000000000000e+00 0.000000000000000000e+00 0.000000000000000000e+00
1.430242136120796204e-02 4.829484820365905762e-01 4.123018383979797363e-01 8.417877554893493652e-01
2.443007007241249084e-02 8.646973967552185059e-01 9.871388077735900879e-01 9.036949276924133301e-01
1.644287607632577419e-03 5.246281623840332031e-01 5.719676017761230469e-01 1.000000000000000000e+00
0.000000000000000000e+00 8.850347995758056641e-01 0.000000000000000000e+00 4.717839658260345459e-01
2.893100678920745850e-01 6.834122538566589355e-01 1.000000000000000000e+00 3.798457561060786247e-03
5.772346854209899902e-01 8.840278983116149902e-01 9.261693358421325684e-01 2.869949862360954285e-02
1.055409014225006104e-02 9.288965463638305664e-01 1.628769934177398682e-01 7.328795790672302246e-01
2.242537289857864380e-01 3.423511385917663574e-01 9.941039085388183594e-01 5.702549964189529419e-02
3.875267803668975830e-01 3.389459252357482910e-01 9.975592494010925293e-01 0.000000000000000000e+00
9.257122278213500977e-01 9.489340186119079590e-01 9.802645444869995117e-01 1.145905721932649612e-02
4.751295745372772217e-01 5.580065846443176270e-01 9.770390391349792480e-01 9.696213901042938232e-02
4.549765959382057190e-02 9.409956932067871094e-01 9.520801305770874023e-01 1.382676512002944946e-01
5.423375964164733887e-01 9.643816947937011719e-01 9.083389043807983398e-01 1.488250643014907837e-01
1.182232126593589783e-01 2.475431114435195923e-01 8.827770128846168518e-03 9.987719655036926270e-01
1.931440979242324829e-01 2.668642103672027588e-01 9.982522130012512207e-01 0.000000000000000000e+00
3.751619160175323486e-01 0.000000000000000000e+00 8.647418022155761719e-01 3.171420991420745850e-01
4.812484383583068848e-01 6.237371563911437988e-01 4.079555571079254150e-01 8.524674177169799805e-02
3.286459743976593018e-01 2.497259676456451416e-01 9.980992078781127930e-01 0.000000000000000000e+00
2.845624387264251709e-01 2.440300434827804565e-01 9.993112683296203613e-01 0.000000000000000000e+00
2.095826417207717896e-01 2.354167252779006958e-01 9.998338222503662109e-01 0.000000000000000000e+00
2.144714593887329102e-01 3.354091346263885498e-01 9.948196411132812500e-01 0.000000000000000000e+00
1.000000000000000000e+00 7.399924397468566895e-01 3.852916657924652100e-01 1.689942181110382080e-02
0.000000000000000000e+00 5.370768904685974121e-01 9.836491942405700684e-01 6.888677179813385010e-02
7.816312909126281738e-01 8.173209428787231445e-01 1.000000000000000000e+00 3.926703333854675293e-02
3.950319886207580566e-01 2.451239377260208130e-01 1.000000000000000000e+00 0.000000000000000000e+00
8.866801261901855469e-01 2.472061663866043091e-02 2.401631511747837067e-02 4.616623520851135254e-01
8.236262798309326172e-01 1.970765441656112671e-01 9.985520839691162109e-01 0.000000000000000000e+00
8.416919112205505371e-01 5.672236084938049316e-01 3.898756802082061768e-01 1.801940798759460449e-02
5.112233757972717285e-01 7.957414984703063965e-01 1.563160680234432220e-02 1.000000000000000000e+00
2.163121253252029419e-01 2.293631583452224731e-01 1.000000000000000000e+00 0.000000000000000000e+00
9.602375328540802002e-02 9.673739075660705566e-01 6.195962429046630859e-01 0.000000000000000000e+00
1.682987809181213379e-01 7.305387854576110840e-01 3.876701891422271729e-01 9.268093705177307129e-01
8.297863006591796875e-01 1.896689296700060368e-03 9.915984869003295898e-01 9.410261511802673340e-01
8.091961592435836792e-02 4.033108055591583252e-01 5.219813585281372070e-01 4.787996783852577209e-02
1.390397548675537109e-02 4.464469254016876221e-01 9.985558986663818359e-01 5.358104705810546875e-01
2.482725232839584351e-01 4.145869985222816467e-02 9.929981827735900879e-01 9.674355387687683105e-01
2.724271416664123535e-01 3.531877100467681885e-01 1.000000000000000000e+00 0.000000000000000000e+00
8.813936114311218262e-01 5.431012511253356934e-01 4.832626581192016602e-01 8.929037451744079590e-01
0.000000000000000000e+00 8.546288609504699707e-01 5.839212536811828613e-01 6.478028371930122375e-03
9.091260433197021484e-01 7.740215063095092773e-01 7.637028694152832031e-01 4.501342475414276123e-01
1.000000000000000000e+00 0.000000000000000000e+00 9.990606904029846191e-01 6.857111584395170212e-03
2.593121528625488281e-01 3.196617662906646729e-01 5.059841275215148926e-01 5.087414011359214783e-02
2.225793600082397461e-01 6.540657877922058105e-01 4.616640806198120117e-01 9.121805429458618164e-02
2.389588057994842529e-01 1.000000000000000000e+00 9.252526164054870605e-01 1.472937911748886108e-01
7.988069653511047363e-01 8.775228857994079590e-01 6.785224676132202148e-01 4.833844006061553955e-01
1.396181583404541016e-01 2.606934607028961182e-01 1.000000000000000000e+00 0.000000000000000000e+00
2.790752947330474854e-01 8.653626441955566406e-01 2.476329542696475983e-02 9.994091391563415527e-01
3.049972355365753174e-01 2.268163114786148071e-01 1.000000000000000000e+00 0.000000000000000000e+00
2.544426918029785156e-01 9.574543833732604980e-01 4.576835632324218750e-01 7.196739315986633301e-01
2.254946231842041016e-01 2.292812913656234741e-01 9.996241927146911621e-01 0.000000000000000000e+00
2.533525526523590088e-01 2.238184213638305664e-01 1.000000000000000000e+00 0.000000000000000000e+00
8.471395820379257202e-02 0.000000000000000000e+00 4.149470329284667969e-01 9.991171956062316895e-01
4.278803765773773193e-01 0.000000000000000000e+00 4.073062539100646973e-01 9.901233911514282227e-01
7.045479416847229004e-01 1.291072927415370941e-02 3.981159627437591553e-01 9.961068630218505859e-01
7.567777037620544434e-01 5.604600310325622559e-01 4.738844633102416992e-01 8.987132310867309570e-01
2.507408857345581055e-01 1.674579083919525146e-01 1.000000000000000000e+00 0.000000000000000000e+00
2.093524187803268433e-01 3.223121464252471924e-01 1.000000000000000000e+00 0.000000000000000000e+00
2.674160897731781006e-01 3.728426396846771240e-01 4.958103001117706299e-01 9.687508940696716309e-01
2.027906179428100586e-01 2.326231598854064941e-01 1.000000000000000000e+00 0.000000000000000000e+00
1.000000000000000000e+00 4.005913436412811279e-02 3.894763588905334473e-01 1.000000000000000000e+00
6.421810388565063477e-01 3.957450687885284424e-01 8.368119001388549805e-01 3.373417258262634277e-01
8.783188462257385254e-01 1.222526375204324722e-02 4.903347194194793701e-01 0.000000000000000000e+00
3.080875277519226074e-01 3.515218496322631836e-01 1.000000000000000000e+00 0.000000000000000000e+00
7.428871840238571167e-02 4.215160012245178223e-01 4.161672890186309814e-01 8.387640714645385742e-01
5.589578151702880859e-01 7.660785913467407227e-01 9.610151648521423340e-01 1.369325220584869385e-01
6.277138590812683105e-01 1.000000000000000000e+00 4.865393042564392090e-01 9.395935535430908203e-01
8.232828378677368164e-01 7.717080712318420410e-01 4.874712824821472168e-01 8.928248286247253418e-01
4.362752735614776611e-01 9.189479351043701172e-01 5.058158636093139648e-01 6.179892420768737793e-01
2.728600203990936279e-01 3.307419717311859131e-01 1.000000000000000000e+00 0.000000000000000000e+00
2.168222069740295410e-01 3.061439394950866699e-01 1.000000000000000000e+00 0.000000000000000000e+00
6.033260226249694824e-01 8.055858612060546875e-01 9.585183858871459961e-01 9.799868613481521606e-02
3.764170706272125244e-01 6.825990080833435059e-01 4.207358062267303467e-01 9.123388528823852539e-01
1.000000000000000000e+00 1.000000000000000000e+00 5.338726043701171875e-01 8.793610930442810059e-01
4.296266138553619385e-01 2.342997640371322632e-01 4.776470065116882324e-01 9.699946641921997070e-01
3.982174396514892578e-01 1.000000000000000000e+00 4.686213433742523193e-01 9.536228775978088379e-01
7.740840315818786621e-01 0.000000000000000000e+00 7.660858035087585449e-01 4.001272618770599365e-01
5.354198217391967773e-01 9.495608806610107422e-01 4.742097556591033936e-01 9.360563158988952637e-01
3.089081048965454102e-01 3.323405981063842773e-01 1.000000000000000000e+00 0.000000000000000000e+00
8.096285909414291382e-02 9.855501055717468262e-01 9.406540393829345703e-01 1.545792222023010254e-01
8.080873489379882812e-01 1.332201659679412842e-01 4.852727055549621582e-01 1.320929382927715778e-03
5.156164765357971191e-01 0.000000000000000000e+00 4.593747556209564209e-01 1.040806528180837631e-02
2.087273597717285156e-01 9.846414625644683838e-02 8.353130817413330078e-01 7.950568199157714844e-02
1.000000000000000000e+00 5.519768595695495605e-01 9.689756631851196289e-01 1.427287887781858444e-02
