-2.482889229778920959e-01
2.789982892324336383e-01
2.789982892324336383e-01
8.387611288505609775e-01
8.387611288505609775e-01
8.387611288505609775e-01
8.387611288505609775e-01
9.425367453031967546e-01
9.425367453031967546e-01
9.425367453031967546e-01
9.425367453031967546e-01
9.425367453031967546e-01
9.425367453031967546e-01
9.425367453031967546e-01
9.425367453031967546e-01
9.425367453031967546e-01
1.198586117328451994e+00
1.198586117328451994e+00
1.198586117328451994e+00
1.198586117328451994e+00
1.198586117328451994e+00
1.198586117328451994e+00
1.206319621091299643e+00
1.206319621091299643e+00
1.225050256762276524e+00
1.206319621091299643e+00
1.225050256762276524e+00
1.225050256762276524e+00
1.225050256762276524e+00
1.225050256762276524e+00
1.225050256762276524e+00
1.225050256762276524e+00
1.225050256762276524e+00
1.225050256762276524e+00
1.225050256762276524e+00
1.225050256762276524e+00
1.225050256762276524e+00
1.225050256762276524e+00
1.225050256762276524e+00
1.225050256762276524e+00
1.225050256762276524e+00
1.225050256762276524e+00
1.225050256762276524e+00
1.225050256762276524e+00
1.225050256762276524e+00
1.225050256762276524e+00
1.225050256762276524e+00
1.225050256762276524e+00
1.225050256762276524e+00
1.225050256762276524e+00
1.225050256762276524e+00
1.225050256762276524e+00
1.225050256762276524e+00
1.225050256762276524e+00
1.225050256762276524e+00
1.225050256762276524e+00
1.225050256762276524e+00
1.225050256762276524e+00
1.225050256762276524e+00
1.225050256762276524e+00
1.225050256762276524e+00
1.225050256762276524e+00
1.225050256762276524e+00
1.225050256762276524e+00
1.225050256762276524e+00
1.225050256762276524e+00
1.225050256762276524e+00
1.225050256762276524e+00
1.225050256762276524e+00
1.225050256762276524e+00
1.225050256762276524e+00
1.225050256762276524e+00
1.225050256762276524e+00
1.225050256762276524e+00
1.225050256762276524e+00
1.225050256762276524e+00
1.225050256762276524e+00
1.225050256762276524e+00
1.225050256762276524e+00
1.225050256762276524e+00
1.225050256762276524e+00
1.225050256762276524e+00
1.225050256762276524e+00
1.225050256762276524e+00
1.225050256762276524e+00
1.225050256762276524e+00
1.225050256762276524e+00
1.225050256762276524e+00
1.225050256762276524e+00
1.225050256762276524e+00
1.225050256762276524e+00
1.225050256762276524e+00
1.225050256762276524e+00
1.225050256762276524e+00
1.225050256762276524e+00
1.225050256762276524e+00
1.225050256762276524e+00
1.225050256762276524e+00
1.225050256762276524e+00
1.225050256762276524e+00
