2.096646428108215332e-01 8.151588439941406250e-01 8.328105211257934570e-01 6.368479728698730469e-01
9.864464998245239258e-01 5.632621049880981445e-01 3.541883826255798340e-01 9.587954878807067871e-01
3.995801806449890137e-01 3.802456259727478027e-01 5.895792841911315918e-01 7.437094449996948242e-01
7.789426445960998535e-01 5.407452583312988281e-01 4.961664080619812012e-01 6.472003459930419922e-02
6.449434161186218262e-01 8.842991590499877930e-01 3.745651245117187500e-01 5.549728274345397949e-01
2.446141242980957031e-01 8.097923994064331055e-01 3.063749074935913086e-01 9.126441478729248047e-01
7.014886140823364258e-01 4.974536299705505371e-01 5.696169734001159668e-01 5.491205453872680664e-01
2.463996410369873047e-03 9.053242206573486328e-01 4.916099309921264648e-01 2.127228975296020508e-01
2.282006144523620605e-01 1.556403636932373047e-01 7.326837778091430664e-01 3.204485177993774414e-01
2.992481589317321777e-01 8.012444972991943359e-01 9.870069026947021484e-01 9.347466230392456055e-01
8.791595101356506348e-01 6.826148033142089844e-01 2.316534519195556641e-01 5.965150594711303711e-01
7.375698685646057129e-01 2.075203657150268555e-01 9.362895488739013672e-01 1.592880487442016602e-02
8.443666100502014160e-01 7.280382513999938965e-01 8.135226964950561523e-01 1.517547965049743652e-01
3.485375046730041504e-01 3.013120889663696289e-01 9.977552294731140137e-01 5.239923596382141113e-01
5.727440118789672852e-01 7.333032488822937012e-01 4.969460368156433105e-01 2.445404529571533203e-01
6.860019564628601074e-01 7.163932323455810547e-01 6.419800519943237305e-01 6.673711538314819336e-02
9.565615057945251465e-01 1.412463188171386719e-01 6.493823528289794922e-01 9.009757041931152344e-01
4.811137318611145020e-01 5.583414435386657715e-01 1.762619018554687500e-01 4.587484598159790039e-01
9.902167320251464844e-02 3.472919464111328125e-01 9.449764490127563477e-01 4.248760938644409180e-01
7.604817748069763184e-01 4.597069025039672852e-01 8.626949787139892578e-02 5.447263121604919434e-01
5.796936750411987305e-01 7.632508277893066406e-01 2.708607912063598633e-01 6.497858166694641113e-01
6.530941724777221680e-01 6.843439936637878418e-01 2.799459099769592285e-01 3.870505094528198242e-01
2.018815279006958008e-02 9.612145423889160156e-01 6.197586655616760254e-01 9.828498363494873047e-01
2.957575321197509766e-01 8.096431493759155273e-01 8.285956382751464844e-01 1.154325008392333984e-01
6.948261857032775879e-01 2.078050971031188965e-01 7.882360816001892090e-01 9.454535245895385742e-01
1.090018749237060547e-01 9.472668766975402832e-01 3.754394650459289551e-01 6.477245092391967773e-01
7.557673454284667969e-01 8.953524827957153320e-01 5.553034543991088867e-01 1.821597218513488770e-01
6.874829530715942383e-02 8.639551997184753418e-01 6.523954868316650391e-02 7.474713325500488281e-01
7.779820561408996582e-01 7.727723121643066406e-01 6.358364820480346680e-01 7.586061954498291016e-01
7.163575887680053711e-01 5.783007144927978516e-01 7.075283527374267578e-01 6.355216503143310547e-01
5.877617597579956055e-01 9.449468255043029785e-01 8.456612825393676758e-01 7.044386267662048340e-01
7.391460537910461426e-01 8.071136474609375000e-01 8.000010251998901367e-01 9.632510542869567871e-01
9.717121720314025879e-01 4.275460243225097656e-01 6.886166334152221680e-01 4.919856786727905273e-02
7.574998140335083008e-01 7.001330256462097168e-01 2.743530273437500000e-02 5.685080885887145996e-01
1.730930209159851074e-01 2.993165254592895508e-01 1.137338876724243164e-01 3.333226442337036133e-01
2.474741935729980469e-01 7.919493913650512695e-01 1.803982257843017578e-02 8.504735231399536133e-01
3.343623876571655273e-02 2.532790899276733398e-01 8.283159732818603516e-01 1.132802963256835938e-01
2.093335390090942383e-01 1.250149011611938477e-01 2.768333554267883301e-01 9.895952343940734863e-01
1.997447609901428223e-01 2.634634375572204590e-01 5.120030641555786133e-01 7.286037802696228027e-01
2.895326018333435059e-01 4.167841672897338867e-01 6.245343685150146484e-01 9.646570682525634766e-02
8.671432137489318848e-01 4.142548441886901855e-01 8.143818378448486328e-01 1.741736531257629395e-01
4.998582601547241211e-02 5.014808773994445801e-01 2.504422664642333984e-01 6.129651665687561035e-01
7.419757843017578125e-01 4.991530179977416992e-01 5.460659265518188477e-01 1.880282163619995117e-02
2.514366507530212402e-01 2.451000809669494629e-01 6.250350475311279297e-01 4.759333133697509766e-01
8.062244057655334473e-01 9.772960543632507324e-01 9.629261493682861328e-01 9.071897864341735840e-01
3.396858572959899902e-01 9.033994674682617188e-01 8.502433896064758301e-01 8.024227023124694824e-01
4.238463640213012695e-01 7.021778225898742676e-01 8.331936001777648926e-01 3.190290927886962891e-01
8.047860860824584961e-01 7.154470682144165039e-01 9.439886212348937988e-01 3.202266097068786621e-01
8.375013470649719238e-01 2.181071043014526367e-01 5.509174466133117676e-01 9.819885492324829102e-01
4.967158436775207520e-01 9.902111887931823730e-01 6.972308754920959473e-01 9.537959098815917969e-02
4.524007439613342285e-01 8.176624774932861328e-03 9.759809374809265137e-01 9.810280203819274902e-01
6.321118474006652832e-01 5.321080088615417480e-01 2.075272798538208008e-02 1.007744669914245605e-01
9.612863659858703613e-01 4.899511933326721191e-01 7.751282453536987305e-01 5.322519540786743164e-01
2.014225721359252930e-01 7.426513433456420898e-01 6.690323352813720703e-03 8.804368376731872559e-01
4.662948250770568848e-01 6.027643084526062012e-01 8.174963593482971191e-01 8.623773455619812012e-01
6.672974228858947754e-01 1.338851451873779297e-02 3.887454271316528320e-01 4.882633686065673828e-02
4.391303062438964844e-01 8.834409117698669434e-01 2.296600341796875000e-01 2.148449420928955078e-02
8.740217089653015137e-01 6.690126061439514160e-01 1.447027325630187988e-01 6.027096509933471680e-02
1.267880797386169434e-01 9.661742448806762695e-01 6.757360100746154785e-01 8.118629455566406250e-01
5.788072943687438965e-01 8.404923677444458008e-01 2.232016921043395996e-01 5.545514822006225586e-01
4.763108491897583008e-02 2.744376063346862793e-01 3.375032544136047363e-01 1.575345993041992188e-01
3.955041170120239258e-01 6.482350230216979980e-01 6.455891132354736328e-01 1.829481720924377441e-01
7.520735263824462891e-03 6.331271529197692871e-01 4.244283437728881836e-01 7.456467747688293457e-01
7.098153233528137207e-01 4.265410900115966797e-01 8.280678987503051758e-01 7.905189990997314453e-01
6.620268821716308594e-01 6.196420192718505859e-01 4.685211181640625000e-02 3.885505795478820801e-01
7.011700272560119629e-01 8.647053837776184082e-01 8.274863958358764648e-01 7.015991210937500000e-02
7.295045852661132812e-01 9.021916389465332031e-01 1.103671193122863770e-01 4.819847941398620605e-01
3.245604634284973145e-01 9.986857771873474121e-01 8.330649137496948242e-01 3.161830306053161621e-01
8.399078845977783203e-01 2.138767838478088379e-01 5.892022252082824707e-01 9.853820800781250000e-01
1.461428999900817871e-01 9.275777935981750488e-01 1.609892249107360840e-01 8.056715130805969238e-01
6.088447570800781250e-01 1.345847845077514648e-01 3.310918211936950684e-01 1.479363441467285156e-01
6.145602464675903320e-02 7.236465215682983398e-01 9.662155508995056152e-01 2.005039453506469727e-01
7.950967550277709961e-02 6.711414456367492676e-01 7.545831203460693359e-01 3.147761225700378418e-01
1.395844221115112305e-01 5.256295204162597656e-02 4.434802532196044922e-01 4.761785864830017090e-01
4.954757094383239746e-01 2.220805883407592773e-01 3.675432205200195312e-01 5.223307013511657715e-01
9.860677719116210938e-01 8.507170677185058594e-01 7.847957015037536621e-01 6.608440876007080078e-01
9.806147217750549316e-01 8.906335234642028809e-01 6.726962327957153320e-01 7.297224998474121094e-01
3.737898468971252441e-01 8.381929397583007812e-01 9.053117632865905762e-01 8.221530914306640625e-02
4.407656788825988770e-01 3.693681359291076660e-01 2.537083625793457031e-02 7.060664296150207520e-01
3.335939049720764160e-01 8.821643590927124023e-01 4.696785211563110352e-01 3.084874749183654785e-01
4.850805401802062988e-01 8.070225119590759277e-01 9.819221496582031250e-02 9.828088283538818359e-01
6.531440019607543945e-01 7.106761932373046875e-01 4.385930299758911133e-02 8.939957022666931152e-01
8.674674034118652344e-01 6.884606480598449707e-01 3.117281198501586914e-01 6.053161025047302246e-01
8.669729232788085938e-01 9.923270940780639648e-01 2.393402457237243652e-01 4.770478010177612305e-01
5.545298457145690918e-01 9.573476314544677734e-01 7.346199750900268555e-01 2.351891994476318359e-01
7.835176587104797363e-01 2.787088751792907715e-01 9.623983502388000488e-01 8.025167584419250488e-01
2.560895681381225586e-01 2.986981868743896484e-01 3.210582733154296875e-01 9.606293439865112305e-01
8.922076225280761719e-02 5.533325672149658203e-01 3.657892346382141113e-01 6.754024624824523926e-01
9.466990828514099121e-01 3.394325971603393555e-01 5.992647409439086914e-01 8.392471671104431152e-01
4.388891458511352539e-01 1.996281743049621582e-01 8.973579406738281250e-01 3.233091235160827637e-01
2.214319109916687012e-01 2.499668002128601074e-01 7.521061897277832031e-01 4.617505073547363281e-01
3.514187335968017578e-01 4.966961741447448730e-01 7.711414098739624023e-01 8.519903421401977539e-01
3.348387479782104492e-01 5.066508054733276367e-02 9.169905185699462891e-01 9.968609809875488281e-01
1.796128153800964355e-01 2.511915564537048340e-01 4.049584865570068359e-01 2.474358081817626953e-01
9.031109213829040527e-01 1.354123950004577637e-01 8.583217263221740723e-01 9.692888855934143066e-01
5.130856037139892578e-01 6.599617004394531250e-02 2.287380695343017578e-01 3.956996798515319824e-01
4.545006752014160156e-01 2.294279932975769043e-01 8.312118649482727051e-01 8.390339612960815430e-01
6.768239140510559082e-01 6.547098159790039062e-01 5.287758708000183105e-01 7.287432551383972168e-01
1.500229835510253906e-01 5.540198087692260742e-02 4.485591053962707520e-01 6.575817465782165527e-01
1.394080519676208496e-01 8.117107748985290527e-01 8.431947231292724609e-01 9.830356836318969727e-01
5.845435261726379395e-01 4.453312754631042480e-01 9.739151597023010254e-01 8.707235455513000488e-01
3.493617177009582520e-01 6.085899472236633301e-01 8.979557156562805176e-01 2.341026067733764648e-02
2.194229960441589355e-01 3.640620112419128418e-01 5.323302745819091797e-02 8.229017257690429688e-03
5.539417266845703125e-03 6.490485668182373047e-01 1.469424366950988770e-01 2.671441435813903809e-01
3.669170141220092773e-01 3.505945205688476562e-04 8.689284324645996094e-01 1.720976233482360840e-01
9.122896194458007812e-01 6.781542301177978516e-01 8.394700884819030762e-01 7.432441711425781250e-01
6.910327076911926270e-01 9.297347068786621094e-01 6.648898124694824219e-01 3.747117519378662109e-02
7.016040682792663574e-01 7.784655690193176270e-01 1.761776208877563477e-01 5.317103266716003418e-01
4.653758406639099121e-01 5.944758057594299316e-01 8.194511532783508301e-01 5.759257078170776367e-01
9.809785485267639160e-01 1.024258136749267578e-01 1.677051186561584473e-01 1.361224055290222168e-01
