7.199341552785276654e-01
4.053822649326176419e-01
1.082928384746301154e-01
-7.187266211329161880e-01
-4.138774433015572907e-01
-2.724258323617440025e-02
4.721063624895366351e-02
2.516496921431325973e-01
6.089301383574520499e-02
7.655907521806752936e-01
-3.155124849276476073e-01
1.209813762274816878e-01
-5.192743805559560943e-01
5.465951513332538703e-01
-5.346145608941021976e-01
-7.801047601644405249e-01
1.548586891048514824e-01
-3.904367620999168453e-01
6.398933360099365864e-01
-5.564186133634505538e-01
-3.568630958406166509e-01
-4.702154656354808338e-01
2.621183799049671692e-01
-9.919878085604509621e-02
3.912684895493064030e-02
-3.927066187492024574e-02
-8.068176648923984784e-01
7.604441248053551983e-02
1.796646168989653458e-01
1.733837226129054110e-01
4.751968711425538228e-01
5.492495674598779631e-01
-4.731688885312032022e-01
-4.891664024246459297e-01
-2.810539732533940960e-01
1.481605432834759983e-01
3.661124264935873840e-01
-2.439180012936388309e-01
6.428876485808926976e-03
-3.029247690865735296e-02
-7.097249872918472147e-02
-1.735540897408612837e-01
-6.552013810346809519e-01
3.513048912491972126e-02
8.875335634827916653e-01
6.388444217250530688e-01
5.658211747530596941e-02
-1.090493226122847409e-01
7.607491580405442710e-02
-9.291221266428121295e-01
-7.423373935567073589e-02
-7.294541955409346023e-01
1.979734236024221494e-01
1.380475142074430728e-01
4.625600076015974893e-01
-5.911223012188366877e-01
-5.431225201353687693e-01
-9.077898241226588505e-01
3.954503398240836742e-01
-4.631260047186018802e-01
-3.408321016097153877e-01
-2.620499243320589811e-01
-3.900885582228057896e-02
2.656273485366482112e-01
-6.542338221585912716e-01
-8.098342642652019974e-01
-5.536149819740099343e-01
-4.942776109436897158e-02
7.180935743317976017e-02
6.234584917786904074e-02
-5.534162483173326041e-01
8.905845337533736528e-01
5.181966126976260689e-01
-2.137857114994509422e-01
-8.205594536637945968e-02
4.606954905598096284e-01
4.670765561401880039e-01
-2.048477325142988859e-01
-3.419364859316100791e-01
-2.976242650866297024e-01
2.633699761198234346e-01
1.700510584238359157e-01
-2.282127826364028222e-01
-4.460153588225715393e-01
-6.805306027229220955e-01
1.012833704982125382e-01
-2.392442958848641221e-01
-1.246954979842688771e-01
2.673836886889295883e-01
3.829365360723409051e-01
1.568210401642050056e-01
4.047008400051731458e-01
5.318018332101957790e-02
-2.701688605930434584e-01
-9.281042042197655551e-02
-4.206821665352519224e-01
1.774646880596547072e-01
-2.575784777815617529e-02
-8.138033181906527413e-02
5.381996765945081806e-01
4.394085119526219829e-01
1.495916518374478255e-01
-4.912396900131483779e-01
3.886544162419051929e-02
1.841543257173223203e-01
4.503944757672715959e-01
-1.066563630333443147e+00
-5.022884972382465341e-01
3.621303561994994036e-01
-9.146001833719961116e-01
