1.000000000000000000e+00 0.000000000000000000e+00 1.000000000000000000e+00 0.000000000000000000e+00 8.572463070674949392e-01 1.000000000000000000e+00
1.000000000000000000e+00 0.000000000000000000e+00 9.657305013030164087e-01 0.000000000000000000e+00 1.000000000000000000e+00 1.000000000000000000e+00
1.000000000000000000e+00 0.000000000000000000e+00 9.052259186866369323e-01 0.000000000000000000e+00 1.000000000000000000e+00 1.000000000000000000e+00
1.000000000000000000e+00 0.000000000000000000e+00 8.897217069290125346e-01 0.000000000000000000e+00 1.000000000000000000e+00 1.000000000000000000e+00
1.000000000000000000e+00 0.000000000000000000e+00 8.696726436145094663e-01 0.000000000000000000e+00 1.000000000000000000e+00 1.000000000000000000e+00
1.000000000000000000e+00 0.000000000000000000e+00 8.662963760597039986e-01 0.000000000000000000e+00 1.000000000000000000e+00 1.000000000000000000e+00
1.000000000000000000e+00 0.000000000000000000e+00 8.766974375346924253e-01 0.000000000000000000e+00 1.000000000000000000e+00 1.000000000000000000e+00
1.000000000000000000e+00 0.000000000000000000e+00 9.190955521880400658e-01 0.000000000000000000e+00 1.000000000000000000e+00 1.000000000000000000e+00
1.000000000000000000e+00 0.000000000000000000e+00 9.091516188581268976e-01 0.000000000000000000e+00 1.000000000000000000e+00 1.000000000000000000e+00
1.000000000000000000e+00 0.000000000000000000e+00 9.218073065761038798e-01 0.000000000000000000e+00 1.000000000000000000e+00 1.000000000000000000e+00
1.000000000000000000e+00 0.000000000000000000e+00 9.324262634940840844e-01 0.000000000000000000e+00 1.000000000000000000e+00 1.000000000000000000e+00
1.000000000000000000e+00 0.000000000000000000e+00 9.330958906351268789e-01 0.000000000000000000e+00 1.000000000000000000e+00 1.000000000000000000e+00
1.000000000000000000e+00 0.000000000000000000e+00 9.227854387711181827e-01 0.000000000000000000e+00 1.000000000000000000e+00 1.000000000000000000e+00
1.000000000000000000e+00 0.000000000000000000e+00 9.232445686914766414e-01 0.000000000000000000e+00 1.000000000000000000e+00 1.000000000000000000e+00
1.000000000000000000e+00 0.000000000000000000e+00 9.240950144637489760e-01 0.000000000000000000e+00 1.000000000000000000e+00 1.000000000000000000e+00
1.000000000000000000e+00 0.000000000000000000e+00 9.247598354968207257e-01 0.000000000000000000e+00 1.000000000000000000e+00 1.000000000000000000e+00
1.000000000000000000e+00 0.000000000000000000e+00 9.264066523609545412e-01 0.000000000000000000e+00 1.000000000000000000e+00 1.000000000000000000e+00
8.134084154536318501e-01 0.000000000000000000e+00 9.491935178945584139e-01 0.000000000000000000e+00 1.000000000000000000e+00 1.000000000000000000e+00
8.134724905479518986e-01 0.000000000000000000e+00 9.483116908703919101e-01 0.000000000000000000e+00 1.000000000000000000e+00 1.000000000000000000e+00
8.205932940587455926e-01 0.000000000000000000e+00 9.430152016712144425e-01 0.000000000000000000e+00 1.000000000000000000e+00 1.000000000000000000e+00
1.000000000000000000e+00 0.000000000000000000e+00 9.263812508661123379e-01 0.000000000000000000e+00 1.000000000000000000e+00 1.000000000000000000e+00
1.000000000000000000e+00 0.000000000000000000e+00 9.269466061822637659e-01 0.000000000000000000e+00 1.000000000000000000e+00 1.000000000000000000e+00
1.000000000000000000e+00 2.187773411100194243e-01 9.193455585498558902e-01 0.000000000000000000e+00 1.000000000000000000e+00 1.000000000000000000e+00
1.000000000000000000e+00 3.049807536173758105e-01 9.150470004412994962e-01 0.000000000000000000e+00 1.000000000000000000e+00 1.000000000000000000e+00
1.000000000000000000e+00 0.000000000000000000e+00 9.284002625270718623e-01 0.000000000000000000e+00 1.000000000000000000e+00 1.000000000000000000e+00
9.855703896786707219e-01 0.000000000000000000e+00 9.269187805208617403e-01 0.000000000000000000e+00 1.000000000000000000e+00 1.000000000000000000e+00
1.000000000000000000e+00 0.000000000000000000e+00 9.285206790891367135e-01 0.000000000000000000e+00 1.000000000000000000e+00 1.000000000000000000e+00
1.000000000000000000e+00 0.000000000000000000e+00 9.291463587756793041e-01 0.000000000000000000e+00 1.000000000000000000e+00 1.000000000000000000e+00
9.542357436678993166e-01 0.000000000000000000e+00 9.253265750253675259e-01 0.000000000000000000e+00 1.000000000000000000e+00 1.000000000000000000e+00
9.435465505382820695e-01 0.000000000000000000e+00 9.454624552908917900e-01 0.000000000000000000e+00 8.439797890974268801e-01 1.000000000000000000e+00
9.507995326868841079e-01 0.000000000000000000e+00 9.409660553041270248e-01 0.000000000000000000e+00 8.513991679605376062e-01 1.000000000000000000e+00
9.422915888320309019e-01 0.000000000000000000e+00 9.650446548764579635e-01 0.000000000000000000e+00 7.065030694145565393e-01 1.000000000000000000e+00
9.199622912030577249e-01 0.000000000000000000e+00 9.519965052340700895e-01 0.000000000000000000e+00 8.102579991417581118e-01 1.000000000000000000e+00
9.123144063050293573e-01 0.000000000000000000e+00 9.485532698181892153e-01 0.000000000000000000e+00 8.252625901184883483e-01 1.000000000000000000e+00
1.000000000000000000e+00 0.000000000000000000e+00 1.000000000000000000e+00 0.000000000000000000e+00 5.927650549174067196e-01 1.000000000000000000e+00
1.000000000000000000e+00 0.000000000000000000e+00 1.000000000000000000e+00 0.000000000000000000e+00 5.874901440223243565e-01 1.000000000000000000e+00
1.000000000000000000e+00 0.000000000000000000e+00 1.000000000000000000e+00 0.000000000000000000e+00 7.725204585448537387e-01 1.000000000000000000e+00
1.000000000000000000e+00 0.000000000000000000e+00 1.000000000000000000e+00 0.000000000000000000e+00 7.750085069809274918e-01 1.000000000000000000e+00
9.353260568023434862e-01 0.000000000000000000e+00 1.000000000000000000e+00 0.000000000000000000e+00 3.034960726217268423e-01 1.000000000000000000e+00
1.000000000000000000e+00 0.000000000000000000e+00 1.000000000000000000e+00 0.000000000000000000e+00 8.119455578759520176e-01 1.000000000000000000e+00
1.000000000000000000e+00 0.000000000000000000e+00 1.000000000000000000e+00 0.000000000000000000e+00 8.092151845235412422e-01 1.000000000000000000e+00
1.000000000000000000e+00 0.000000000000000000e+00 1.000000000000000000e+00 0.000000000000000000e+00 7.906927226149460530e-01 1.000000000000000000e+00
1.000000000000000000e+00 0.000000000000000000e+00 1.000000000000000000e+00 0.000000000000000000e+00 6.288378928173964377e-01 1.000000000000000000e+00
1.000000000000000000e+00 0.000000000000000000e+00 1.000000000000000000e+00 0.000000000000000000e+00 6.279559049891602074e-01 1.000000000000000000e+00
1.000000000000000000e+00 0.000000000000000000e+00 1.000000000000000000e+00 0.000000000000000000e+00 6.271368116645630320e-01 1.000000000000000000e+00
1.000000000000000000e+00 0.000000000000000000e+00 1.000000000000000000e+00 0.000000000000000000e+00 6.270964597087163028e-01 1.000000000000000000e+00
1.000000000000000000e+00 0.000000000000000000e+00 1.000000000000000000e+00 0.000000000000000000e+00 6.269258180783563450e-01 1.000000000000000000e+00
1.000000000000000000e+00 0.000000000000000000e+00 1.000000000000000000e+00 0.000000000000000000e+00 6.264459541315624547e-01 1.000000000000000000e+00
1.000000000000000000e+00 0.000000000000000000e+00 1.000000000000000000e+00 0.000000000000000000e+00 6.229221809163966173e-01 1.000000000000000000e+00
1.000000000000000000e+00 0.000000000000000000e+00 1.000000000000000000e+00 0.000000000000000000e+00 6.225917053894091113e-01 9.994688347405668027e-01
1.000000000000000000e+00 0.000000000000000000e+00 9.981027353633463717e-01 0.000000000000000000e+00 6.136084835274172589e-01 9.874110830906659420e-01
1.000000000000000000e+00 0.000000000000000000e+00 1.000000000000000000e+00 0.000000000000000000e+00 6.234085010115362202e-01 1.000000000000000000e+00
1.000000000000000000e+00 0.000000000000000000e+00 1.000000000000000000e+00 0.000000000000000000e+00 6.103738848592432653e-01 9.807159838786805306e-01
1.000000000000000000e+00 0.000000000000000000e+00 1.000000000000000000e+00 0.000000000000000000e+00 6.116953854116172762e-01 9.812871546270511836e-01
1.000000000000000000e+00 0.000000000000000000e+00 1.000000000000000000e+00 0.000000000000000000e+00 6.120754708148261614e-01 9.850395618536698095e-01
1.000000000000000000e+00 0.000000000000000000e+00 1.000000000000000000e+00 0.000000000000000000e+00 6.111803951305836424e-01 9.845187389365140929e-01
1.000000000000000000e+00 0.000000000000000000e+00 1.000000000000000000e+00 0.000000000000000000e+00 5.993304274487275540e-01 9.765558718939487681e-01
1.000000000000000000e+00 0.000000000000000000e+00 1.000000000000000000e+00 0.000000000000000000e+00 5.742355604452868967e-01 9.748801763700382095e-01
1.000000000000000000e+00 0.000000000000000000e+00 1.000000000000000000e+00 0.000000000000000000e+00 5.876615191616392231e-01 9.768380056922955079e-01
1.000000000000000000e+00 0.000000000000000000e+00 1.000000000000000000e+00 0.000000000000000000e+00 5.858732798718492285e-01 9.766123285874491744e-01
1.000000000000000000e+00 0.000000000000000000e+00 1.000000000000000000e+00 0.000000000000000000e+00 5.847793490879923395e-01 9.765621831237190076e-01
1.000000000000000000e+00 0.000000000000000000e+00 1.000000000000000000e+00 0.000000000000000000e+00 5.818421605436977506e-01 9.761638479900782706e-01
1.000000000000000000e+00 0.000000000000000000e+00 1.000000000000000000e+00 0.000000000000000000e+00 5.839754952177692582e-01 9.768756996654784919e-01
1.000000000000000000e+00 0.000000000000000000e+00 1.000000000000000000e+00 0.000000000000000000e+00 5.772367626195004098e-01 9.756514890990113376e-01
1.000000000000000000e+00 0.000000000000000000e+00 1.000000000000000000e+00 0.000000000000000000e+00 5.784393725554872745e-01 9.757371452836044456e-01
1.000000000000000000e+00 0.000000000000000000e+00 1.000000000000000000e+00 0.000000000000000000e+00 5.688767468752419232e-01 9.735625693629850197e-01
1.000000000000000000e+00 0.000000000000000000e+00 1.000000000000000000e+00 0.000000000000000000e+00 5.751775787478596857e-01 9.757036431450124558e-01
1.000000000000000000e+00 0.000000000000000000e+00 1.000000000000000000e+00 0.000000000000000000e+00 5.624927430755377600e-01 9.712923576232505019e-01
1.000000000000000000e+00 0.000000000000000000e+00 1.000000000000000000e+00 0.000000000000000000e+00 5.810679526251644189e-01 9.773142352505830299e-01
1.000000000000000000e+00 0.000000000000000000e+00 1.000000000000000000e+00 0.000000000000000000e+00 5.970153177393932031e-01 9.825799212611918687e-01
1.000000000000000000e+00 0.000000000000000000e+00 1.000000000000000000e+00 0.000000000000000000e+00 5.966694907645148094e-01 9.824969633906721622e-01
1.000000000000000000e+00 0.000000000000000000e+00 1.000000000000000000e+00 0.000000000000000000e+00 5.966625886487707531e-01 9.824511516553712243e-01
1.000000000000000000e+00 0.000000000000000000e+00 1.000000000000000000e+00 0.000000000000000000e+00 5.979865495632233907e-01 9.817971305996463505e-01
1.000000000000000000e+00 0.000000000000000000e+00 1.000000000000000000e+00 0.000000000000000000e+00 5.968687184425356396e-01 9.809148248185390884e-01
1.000000000000000000e+00 0.000000000000000000e+00 1.000000000000000000e+00 0.000000000000000000e+00 5.973891498665701016e-01 9.808196226169665355e-01
1.000000000000000000e+00 0.000000000000000000e+00 1.000000000000000000e+00 0.000000000000000000e+00 5.965629845291210431e-01 9.808541296777929519e-01
1.000000000000000000e+00 0.000000000000000000e+00 1.000000000000000000e+00 1.100193105516498460e-01 5.582052258550327384e-01 9.793823237890196820e-01
1.000000000000000000e+00 0.000000000000000000e+00 1.000000000000000000e+00 1.146639441402252518e-01 5.635721169339162895e-01 9.801968397404219324e-01
1.000000000000000000e+00 0.000000000000000000e+00 1.000000000000000000e+00 1.152866639225424011e-01 5.664965758898165005e-01 9.807152387448820896e-01
1.000000000000000000e+00 0.000000000000000000e+00 1.000000000000000000e+00 1.178221413424906105e-01 5.773126448318716131e-01 9.839964944093458898e-01
1.000000000000000000e+00 0.000000000000000000e+00 1.000000000000000000e+00 1.151679058480567786e-01 5.754306308772405565e-01 9.833320390156677915e-01
1.000000000000000000e+00 0.000000000000000000e+00 1.000000000000000000e+00 1.154914394753059348e-01 5.745132083513844190e-01 9.835039309997800627e-01
1.000000000000000000e+00 0.000000000000000000e+00 1.000000000000000000e+00 1.200731328562505973e-01 5.706743415560535659e-01 9.845567789526888935e-01
1.000000000000000000e+00 0.000000000000000000e+00 1.000000000000000000e+00 1.178232621304281802e-01 5.701103297476924903e-01 9.814198212013569567e-01
1.000000000000000000e+00 0.000000000000000000e+00 1.000000000000000000e+00 1.396365163140166898e-01 5.719511463694214592e-01 9.848295778375474319e-01
1.000000000000000000e+00 0.000000000000000000e+00 1.000000000000000000e+00 1.367756878107908303e-01 5.619289749508834531e-01 9.820411475335500961e-01
1.000000000000000000e+00 0.000000000000000000e+00 1.000000000000000000e+00 1.372629462111412124e-01 5.617236138889952768e-01 9.831306484331404638e-01
1.000000000000000000e+00 0.000000000000000000e+00 1.000000000000000000e+00 1.382006581885238117e-01 5.640898947179948664e-01 9.836939839066882740e-01
1.000000000000000000e+00 0.000000000000000000e+00 1.000000000000000000e+00 1.396795293733529841e-01 5.681112069044443880e-01 9.847187487886402968e-01
1.000000000000000000e+00 0.000000000000000000e+00 1.000000000000000000e+00 1.392753287920013294e-01 5.669001878037340791e-01 9.830243793986658263e-01
1.000000000000000000e+00 0.000000000000000000e+00 1.000000000000000000e+00 1.393217496553910140e-01 5.670428342080120476e-01 9.829828846054018410e-01
1.000000000000000000e+00 0.000000000000000000e+00 1.000000000000000000e+00 1.363539935362191313e-01 5.439145416421340418e-01 9.793827934866964346e-01
1.000000000000000000e+00 0.000000000000000000e+00 1.000000000000000000e+00 1.554580405012678523e-01 4.725440383596302141e-01 9.675838107792472664e-01
1.000000000000000000e+00 0.000000000000000000e+00 1.000000000000000000e+00 1.550090037957344291e-01 4.736021322358991981e-01 9.687127808491108327e-01
1.000000000000000000e+00 0.000000000000000000e+00 1.000000000000000000e+00 1.588848383846926671e-01 4.666017117354238630e-01 9.663332826524293484e-01
1.000000000000000000e+00 0.000000000000000000e+00 1.000000000000000000e+00 1.602109986898789251e-01 4.652309042264188843e-01 9.663841002308999339e-01
1.000000000000000000e+00 0.000000000000000000e+00 1.000000000000000000e+00 1.650403815034502675e-01 4.597012129273937431e-01 9.659308608874108693e-01
1.000000000000000000e+00 0.000000000000000000e+00 1.000000000000000000e+00 1.629578246769206040e-01 4.591021475116230377e-01 9.650610743781034007e-01
1.000000000000000000e+00 0.000000000000000000e+00 1.000000000000000000e+00 1.625338228480334990e-01 4.588487660810272595e-01 9.647952120132734510e-01
1.000000000000000000e+00 0.000000000000000000e+00 1.000000000000000000e+00 1.632185107366762311e-01 4.532532449367104865e-01 9.637386843472482978e-01
