0.000000000000000000e+00 0.000000000000000000e+00 1.000000000000000000e+00 0.000000000000000000e+00 1.000000000000000000e+00 1.000000000000000000e+00
0.000000000000000000e+00 0.000000000000000000e+00 1.000000000000000000e+00 0.000000000000000000e+00 1.000000000000000000e+00 1.000000000000000000e+00
0.000000000000000000e+00 0.000000000000000000e+00 1.000000000000000000e+00 0.000000000000000000e+00 1.000000000000000000e+00 1.000000000000000000e+00
0.000000000000000000e+00 0.000000000000000000e+00 1.000000000000000000e+00 0.000000000000000000e+00 1.000000000000000000e+00 1.000000000000000000e+00
0.000000000000000000e+00 0.000000000000000000e+00 1.000000000000000000e+00 0.000000000000000000e+00 1.000000000000000000e+00 1.000000000000000000e+00
0.000000000000000000e+00 0.000000000000000000e+00 1.000000000000000000e+00 0.000000000000000000e+00 1.000000000000000000e+00 1.000000000000000000e+00
0.000000000000000000e+00 0.000000000000000000e+00 1.000000000000000000e+00 0.000000000000000000e+00 1.000000000000000000e+00 1.000000000000000000e+00
0.000000000000000000e+00 0.000000000000000000e+00 1.000000000000000000e+00 0.000000000000000000e+00 1.000000000000000000e+00 1.000000000000000000e+00
1.619089300307072488e-01 0.000000000000000000e+00 1.000000000000000000e+00 0.000000000000000000e+00 1.000000000000000000e+00 6.201222859906743157e-01
1.018948578097607360e-01 0.000000000000000000e+00 1.000000000000000000e+00 0.000000000000000000e+00 1.000000000000000000e+00 8.439898552962488143e-01
3.129617533408342034e-01 0.000000000000000000e+00 1.000000000000000000e+00 0.000000000000000000e+00 1.000000000000000000e+00 6.855261997871547885e-01
8.081417053713865206e-01 0.000000000000000000e+00 1.000000000000000000e+00 0.000000000000000000e+00 1.000000000000000000e+00 7.853920949285824182e-01
8.546347652635473136e-01 0.000000000000000000e+00 1.000000000000000000e+00 0.000000000000000000e+00 1.000000000000000000e+00 7.953842653556403297e-01
8.613697857717207418e-01 0.000000000000000000e+00 1.000000000000000000e+00 0.000000000000000000e+00 1.000000000000000000e+00 7.998067277440019662e-01
9.468762995238144686e-01 0.000000000000000000e+00 1.000000000000000000e+00 1.409931107952608620e-01 1.000000000000000000e+00 7.079219945067684039e-01
6.460879211229334507e-01 0.000000000000000000e+00 1.000000000000000000e+00 0.000000000000000000e+00 1.000000000000000000e+00 8.089601847586498362e-01
6.418303796156183960e-01 0.000000000000000000e+00 1.000000000000000000e+00 0.000000000000000000e+00 1.000000000000000000e+00 8.107603847328158642e-01
6.472296487512823049e-01 0.000000000000000000e+00 1.000000000000000000e+00 0.000000000000000000e+00 1.000000000000000000e+00 8.007938245673486000e-01
6.281340378511885980e-01 0.000000000000000000e+00 1.000000000000000000e+00 0.000000000000000000e+00 1.000000000000000000e+00 8.062722629195253621e-01
6.267426219056131398e-01 0.000000000000000000e+00 1.000000000000000000e+00 0.000000000000000000e+00 1.000000000000000000e+00 8.016367122615948304e-01
6.234174320131976588e-01 0.000000000000000000e+00 1.000000000000000000e+00 0.000000000000000000e+00 1.000000000000000000e+00 8.111045664980046643e-01
6.315666972822626679e-01 0.000000000000000000e+00 1.000000000000000000e+00 0.000000000000000000e+00 1.000000000000000000e+00 8.236319437594737947e-01
6.353308057519450047e-01 0.000000000000000000e+00 1.000000000000000000e+00 0.000000000000000000e+00 1.000000000000000000e+00 7.920693163078514898e-01
6.079290210120222859e-01 0.000000000000000000e+00 1.000000000000000000e+00 0.000000000000000000e+00 1.000000000000000000e+00 8.006005995337436287e-01
6.380570503231197677e-01 0.000000000000000000e+00 1.000000000000000000e+00 0.000000000000000000e+00 1.000000000000000000e+00 7.167831521922494176e-01
6.661778790115058246e-01 0.000000000000000000e+00 1.000000000000000000e+00 0.000000000000000000e+00 1.000000000000000000e+00 7.494350649045035118e-01
6.901244022638696185e-01 0.000000000000000000e+00 1.000000000000000000e+00 0.000000000000000000e+00 1.000000000000000000e+00 8.552736758438345133e-01
6.633713744661015044e-01 0.000000000000000000e+00 1.000000000000000000e+00 0.000000000000000000e+00 1.000000000000000000e+00 8.312555346113331689e-01
6.385443812773957672e-01 0.000000000000000000e+00 1.000000000000000000e+00 0.000000000000000000e+00 1.000000000000000000e+00 7.937918518891037278e-01
6.324845145372883781e-01 0.000000000000000000e+00 1.000000000000000000e+00 0.000000000000000000e+00 1.000000000000000000e+00 7.802333223599956513e-01
6.614923571622206566e-01 0.000000000000000000e+00 1.000000000000000000e+00 0.000000000000000000e+00 1.000000000000000000e+00 8.609896647426658056e-01
6.750349378299134173e-01 0.000000000000000000e+00 1.000000000000000000e+00 0.000000000000000000e+00 1.000000000000000000e+00 7.848620486491880710e-01
6.666198700970054070e-01 0.000000000000000000e+00 1.000000000000000000e+00 0.000000000000000000e+00 1.000000000000000000e+00 7.612034954198694248e-01
6.645528666371482984e-01 0.000000000000000000e+00 1.000000000000000000e+00 0.000000000000000000e+00 1.000000000000000000e+00 6.387562345497671545e-01
1.000000000000000000e+00 0.000000000000000000e+00 9.786778498482493482e-01 0.000000000000000000e+00 1.000000000000000000e+00 6.664958509377735263e-01
1.000000000000000000e+00 0.000000000000000000e+00 9.908475762440244194e-01 0.000000000000000000e+00 1.000000000000000000e+00 6.256752662402425003e-01
1.000000000000000000e+00 0.000000000000000000e+00 1.000000000000000000e+00 0.000000000000000000e+00 1.000000000000000000e+00 6.205308866031047366e-01
8.821344197449388913e-01 0.000000000000000000e+00 9.544189560047342535e-01 0.000000000000000000e+00 1.000000000000000000e+00 6.508413508716751616e-01
8.895928523925645814e-01 0.000000000000000000e+00 1.000000000000000000e+00 0.000000000000000000e+00 1.000000000000000000e+00 6.261758921063270700e-01
1.000000000000000000e+00 0.000000000000000000e+00 1.000000000000000000e+00 1.834990331367522889e-02 1.000000000000000000e+00 6.947334057230895032e-01
1.000000000000000000e+00 0.000000000000000000e+00 1.000000000000000000e+00 6.388389126168770270e-03 1.000000000000000000e+00 6.896485331915808148e-01
7.871264906697572616e-01 0.000000000000000000e+00 1.000000000000000000e+00 0.000000000000000000e+00 9.710220399395158575e-01 6.931612030754944476e-01
1.000000000000000000e+00 0.000000000000000000e+00 1.000000000000000000e+00 1.229070712475120869e-01 6.302852830845722121e-01 7.160044695210042720e-01
1.000000000000000000e+00 0.000000000000000000e+00 1.000000000000000000e+00 1.320131843771588931e-01 6.324850051394357298e-01 7.200588370469601651e-01
1.000000000000000000e+00 0.000000000000000000e+00 1.000000000000000000e+00 1.379520343440607533e-01 6.295823481379253517e-01 7.218293994917541756e-01
1.000000000000000000e+00 0.000000000000000000e+00 1.000000000000000000e+00 1.266176718200192897e-01 6.206355435132989706e-01 7.281198623246925017e-01
1.000000000000000000e+00 0.000000000000000000e+00 1.000000000000000000e+00 1.307174337403153308e-01 6.216987301214059736e-01 7.330929453615109281e-01
1.000000000000000000e+00 0.000000000000000000e+00 1.000000000000000000e+00 1.348725550902346859e-01 6.282456363295192414e-01 7.371414352542657866e-01
1.000000000000000000e+00 0.000000000000000000e+00 1.000000000000000000e+00 1.209882892707731944e-01 6.272370872310099044e-01 7.405881234383352441e-01
1.000000000000000000e+00 0.000000000000000000e+00 1.000000000000000000e+00 1.285077904002728533e-01 5.932691882310890952e-01 7.391526047042169534e-01
1.000000000000000000e+00 0.000000000000000000e+00 1.000000000000000000e+00 1.794440018258242342e-01 6.047695705831835911e-01 7.174927218409976604e-01
1.000000000000000000e+00 0.000000000000000000e+00 1.000000000000000000e+00 1.997251031260458276e-01 6.200892035336968977e-01 7.405766470758670117e-01
1.000000000000000000e+00 0.000000000000000000e+00 1.000000000000000000e+00 1.988725887846653773e-01 6.244707941172277232e-01 7.445728301875552679e-01
1.000000000000000000e+00 0.000000000000000000e+00 1.000000000000000000e+00 1.998150907840712809e-01 6.262282639126944828e-01 7.459069290573258071e-01
1.000000000000000000e+00 0.000000000000000000e+00 1.000000000000000000e+00 1.978698369798779499e-01 6.217402011176320631e-01 7.432746003753990527e-01
1.000000000000000000e+00 0.000000000000000000e+00 1.000000000000000000e+00 1.949676666818092874e-01 6.180887253459501629e-01 7.417609295163765104e-01
1.000000000000000000e+00 0.000000000000000000e+00 1.000000000000000000e+00 1.958154053459863209e-01 6.178624400636608671e-01 7.418057172246824704e-01
1.000000000000000000e+00 0.000000000000000000e+00 1.000000000000000000e+00 1.089989674534230651e-01 5.948357656175244923e-01 7.317510796593903466e-01
1.000000000000000000e+00 0.000000000000000000e+00 1.000000000000000000e+00 1.715189659275752065e-01 6.392109052907141153e-01 7.416136659220969873e-01
1.000000000000000000e+00 0.000000000000000000e+00 1.000000000000000000e+00 1.940782187662644653e-01 6.729476558566422906e-01 7.676132387984878624e-01
1.000000000000000000e+00 0.000000000000000000e+00 1.000000000000000000e+00 1.893469082424092120e-01 6.693776250504112069e-01 7.779261018156055085e-01
1.000000000000000000e+00 0.000000000000000000e+00 1.000000000000000000e+00 1.910608640294127747e-01 6.702383333946568822e-01 7.779385245954911765e-01
1.000000000000000000e+00 0.000000000000000000e+00 1.000000000000000000e+00 1.947731208452776752e-01 6.825336876939899211e-01 7.814063244706137557e-01
1.000000000000000000e+00 0.000000000000000000e+00 1.000000000000000000e+00 2.187931332737613199e-01 7.356424082088159899e-01 8.057408112178114923e-01
1.000000000000000000e+00 0.000000000000000000e+00 1.000000000000000000e+00 2.165476719794189042e-01 7.533991774099826344e-01 8.244094482572869032e-01
1.000000000000000000e+00 0.000000000000000000e+00 1.000000000000000000e+00 2.245759102780295335e-01 7.615604932910017277e-01 8.188949071423921033e-01
1.000000000000000000e+00 0.000000000000000000e+00 1.000000000000000000e+00 2.244962340032267689e-01 7.597398984211353179e-01 8.183155290469986687e-01
1.000000000000000000e+00 0.000000000000000000e+00 1.000000000000000000e+00 2.184588406539536287e-01 7.416249493523603409e-01 7.969234182379316689e-01
1.000000000000000000e+00 0.000000000000000000e+00 1.000000000000000000e+00 2.160172843082968919e-01 7.392395867933415632e-01 7.957080454611712428e-01
1.000000000000000000e+00 0.000000000000000000e+00 1.000000000000000000e+00 2.362827907191255572e-01 7.552406292437106039e-01 8.039195731323738325e-01
1.000000000000000000e+00 0.000000000000000000e+00 1.000000000000000000e+00 1.874774214956548279e-01 6.785715025895816543e-01 8.135300078924259104e-01
1.000000000000000000e+00 0.000000000000000000e+00 1.000000000000000000e+00 1.797944837126479456e-01 6.708359199562112796e-01 7.981880693492440226e-01
1.000000000000000000e+00 0.000000000000000000e+00 1.000000000000000000e+00 1.781675487074941000e-01 6.582328156630082860e-01 7.926739483544660292e-01
1.000000000000000000e+00 0.000000000000000000e+00 1.000000000000000000e+00 1.727120043655666903e-01 6.598829513172242978e-01 7.928447810198502310e-01
9.138608444173891288e-01 0.000000000000000000e+00 1.000000000000000000e+00 2.063952187932256155e-01 8.234065888698832714e-01 8.729186985241892405e-01
9.177027319922078652e-01 0.000000000000000000e+00 1.000000000000000000e+00 2.066187669197062926e-01 8.170915437639523216e-01 8.753710541249852817e-01
9.084491613200869065e-01 0.000000000000000000e+00 1.000000000000000000e+00 1.976054751330615367e-01 7.850083652290346103e-01 8.227268376148152429e-01
1.000000000000000000e+00 0.000000000000000000e+00 1.000000000000000000e+00 1.111208694329184760e-01 7.045229000391936003e-01 8.087099157521178139e-01
1.000000000000000000e+00 0.000000000000000000e+00 1.000000000000000000e+00 1.084126416345212451e-01 7.036011034211226978e-01 8.094426666819470872e-01
1.000000000000000000e+00 0.000000000000000000e+00 1.000000000000000000e+00 1.062672362521916991e-01 7.039086243272147936e-01 8.110091326650230581e-01
1.000000000000000000e+00 0.000000000000000000e+00 1.000000000000000000e+00 8.786513601011480823e-02 6.919434235755517193e-01 7.978186761697056983e-01
1.000000000000000000e+00 0.000000000000000000e+00 1.000000000000000000e+00 8.601180976801224565e-02 7.015740620522230575e-01 7.997713757876060425e-01
1.000000000000000000e+00 0.000000000000000000e+00 1.000000000000000000e+00 8.629582467535876211e-02 7.005272854749825528e-01 7.998818898411160783e-01
1.000000000000000000e+00 0.000000000000000000e+00 1.000000000000000000e+00 8.586869911436255387e-02 7.007493787524219364e-01 7.998853076730548795e-01
1.000000000000000000e+00 0.000000000000000000e+00 1.000000000000000000e+00 9.856722429670972119e-02 7.083471607643992973e-01 8.082746719897807575e-01
1.000000000000000000e+00 0.000000000000000000e+00 1.000000000000000000e+00 9.060279260466143347e-02 7.101097869493948611e-01 8.058772257097681635e-01
8.915171179774531440e-01 0.000000000000000000e+00 1.000000000000000000e+00 1.455789779668025530e-01 8.098818429109319039e-01 8.778917576190898853e-01
8.892816691170924992e-01 0.000000000000000000e+00 1.000000000000000000e+00 1.394494644921287774e-01 8.183345685068652564e-01 8.815951887100735851e-01
9.706008300113568854e-01 0.000000000000000000e+00 1.000000000000000000e+00 7.222803673014592529e-02 7.469372747833880055e-01 8.504557026179749846e-01
9.435117219704396430e-01 0.000000000000000000e+00 1.000000000000000000e+00 8.957255761670759875e-02 7.734191017517884070e-01 8.529867805794353330e-01
9.517324056336291527e-01 0.000000000000000000e+00 1.000000000000000000e+00 9.280355025441985872e-02 7.847641136460274947e-01 8.614865826612461142e-01
9.672418182514025409e-01 0.000000000000000000e+00 1.000000000000000000e+00 8.577870386703534411e-02 7.716529417946312863e-01 8.532174149236182448e-01
9.586095768788950311e-01 0.000000000000000000e+00 1.000000000000000000e+00 7.102538898840285442e-02 7.886429358868021211e-01 8.738849433733758554e-01
9.735258697535382755e-01 0.000000000000000000e+00 1.000000000000000000e+00 5.230986037999740823e-02 7.869096378376538858e-01 8.742002637359442829e-01
9.945318125365943951e-01 0.000000000000000000e+00 1.000000000000000000e+00 4.314367087498143655e-02 7.370582075742913020e-01 8.462287420546673600e-01
9.546053385925075130e-01 0.000000000000000000e+00 1.000000000000000000e+00 4.581402724356841566e-02 7.597187881360402129e-01 8.396954044174742560e-01
8.540323621720700142e-01 0.000000000000000000e+00 1.000000000000000000e+00 7.802498424622238138e-02 7.139460508445513165e-01 8.931309076743281228e-01
8.555985077070921152e-01 0.000000000000000000e+00 1.000000000000000000e+00 7.773784963188960784e-02 7.123705573965266602e-01 8.923867615322638169e-01
8.451031815542635606e-01 0.000000000000000000e+00 1.000000000000000000e+00 6.537957471797023468e-02 7.289652559054705661e-01 8.935891984292460011e-01
8.314839328820810005e-01 0.000000000000000000e+00 1.000000000000000000e+00 7.490230022609518923e-02 7.442276251245760754e-01 8.998099418651177572e-01
