-9.683839994157802389e-01
-6.083640303833012242e-01
-5.043483495162228714e-01
-8.449248604731661727e-01
-1.043856699199544824e+00
-1.232533120715791908e+00
-1.105903630829497164e+00
-8.551614833102718638e-01
-8.208198120429079925e-01
-1.459335996787784362e+00
-1.525622027054011065e+00
-1.636994221061198740e+00
-1.648157573513621577e+00
-1.648536022022902170e+00
-1.625361003163395823e+00
-1.648331033869709472e+00
-1.648663034802983596e+00
-1.865826169883700203e+00
-2.635187432649141126e+00
-2.236495340231097195e+00
-4.400622306031201525e+00
-5.702959624416704010e+00
-6.043584931138100913e+00
-7.813058593805792817e+00
-7.771294027267483528e+00
-7.921059606700138644e+00
-7.099641025390058147e+00
-7.107571553955338572e+00
-7.015823789202722871e+00
-7.257240804253844324e+00
-7.147901915458574784e+00
-7.123493587841274177e+00
-6.831007775020785822e+00
-6.808653380331513461e+00
-6.845339229787347435e+00
-7.027724922418088660e+00
-7.039661386018573275e+00
-6.846734550448205781e+00
-6.824526832111525110e+00
-6.738115328541813831e+00
-6.722013247231748423e+00
-6.676654635373340696e+00
-8.858489546936684889e+00
-8.787675637827378594e+00
-8.836552822648803485e+00
-8.581259334281794438e+00
-8.541362719800273950e+00
-8.412424777367098372e+00
-8.399028016885205616e+00
-8.393813160914593396e+00
