0.000000000000000000e+00 6.551896946693688273e-01 8.646557855858565123e-02 1.000000000000000000e+00 1.000000000000000000e+00 0.000000000000000000e+00
0.000000000000000000e+00 1.331389953049453290e-01 1.418132155710236653e-01 1.000000000000000000e+00 1.000000000000000000e+00 0.000000000000000000e+00
1.000000000000000000e+00 6.619193032443023705e-01 3.970518446043030253e-02 1.000000000000000000e+00 1.000000000000000000e+00 0.000000000000000000e+00
3.885895395455091772e-01 5.113895833148277559e-01 0.000000000000000000e+00 1.000000000000000000e+00 1.000000000000000000e+00 0.000000000000000000e+00
9.443871344781272492e-02 6.057076906501627223e-01 0.000000000000000000e+00 7.817084611762162849e-01 1.000000000000000000e+00 0.000000000000000000e+00
0.000000000000000000e+00 6.192448565073382927e-01 0.000000000000000000e+00 2.813307012616769187e-01 1.000000000000000000e+00 0.000000000000000000e+00
1.578578004495582998e-01 6.058905306356332510e-01 0.000000000000000000e+00 0.000000000000000000e+00 1.000000000000000000e+00 0.000000000000000000e+00
0.000000000000000000e+00 5.669180291185338394e-01 0.000000000000000000e+00 8.524634867009734940e-01 8.290454367105684064e-01 0.000000000000000000e+00
0.000000000000000000e+00 7.680408211696967413e-01 8.161749236543418273e-02 0.000000000000000000e+00 1.000000000000000000e+00 0.000000000000000000e+00
0.000000000000000000e+00 4.932258054431120642e-01 0.000000000000000000e+00 0.000000000000000000e+00 1.000000000000000000e+00 0.000000000000000000e+00
0.000000000000000000e+00 7.719089248683309867e-02 0.000000000000000000e+00 0.000000000000000000e+00 1.000000000000000000e+00 0.000000000000000000e+00
0.000000000000000000e+00 2.852198005838333383e-01 0.000000000000000000e+00 7.956860986700985128e-02 1.000000000000000000e+00 0.000000000000000000e+00
0.000000000000000000e+00 2.718823791133745393e-01 0.000000000000000000e+00 0.000000000000000000e+00 1.000000000000000000e+00 0.000000000000000000e+00
0.000000000000000000e+00 2.665039559601422026e-01 0.000000000000000000e+00 0.000000000000000000e+00 1.000000000000000000e+00 0.000000000000000000e+00
4.246316147044295469e-02 2.452802805695867283e-01 0.000000000000000000e+00 0.000000000000000000e+00 1.000000000000000000e+00 0.000000000000000000e+00
0.000000000000000000e+00 2.698050290240507909e-01 0.000000000000000000e+00 0.000000000000000000e+00 1.000000000000000000e+00 0.000000000000000000e+00
0.000000000000000000e+00 2.627826547701438975e-01 0.000000000000000000e+00 0.000000000000000000e+00 1.000000000000000000e+00 0.000000000000000000e+00
0.000000000000000000e+00 2.644199358166356428e-01 0.000000000000000000e+00 0.000000000000000000e+00 1.000000000000000000e+00 4.242180961068572204e-02
0.000000000000000000e+00 2.670089514250429397e-01 0.000000000000000000e+00 0.000000000000000000e+00 1.000000000000000000e+00 1.592334659576246647e-01
0.000000000000000000e+00 2.609622852986716035e-01 0.000000000000000000e+00 0.000000000000000000e+00 1.000000000000000000e+00 1.037565099164932947e-01
0.000000000000000000e+00 2.262734028831236699e-01 0.000000000000000000e+00 4.612130537651139978e-02 1.000000000000000000e+00 4.082041231118309632e-01
0.000000000000000000e+00 2.081715539612291332e-01 0.000000000000000000e+00 0.000000000000000000e+00 1.000000000000000000e+00 3.978137206220888067e-01
0.000000000000000000e+00 1.877200981230773558e-01 0.000000000000000000e+00 0.000000000000000000e+00 1.000000000000000000e+00 4.101743058409496601e-01
0.000000000000000000e+00 1.661377216771500742e-01 0.000000000000000000e+00 0.000000000000000000e+00 1.000000000000000000e+00 3.952141760982924024e-01
0.000000000000000000e+00 1.664650009220239313e-01 0.000000000000000000e+00 0.000000000000000000e+00 1.000000000000000000e+00 3.954285197908549709e-01
0.000000000000000000e+00 1.652868758685555328e-01 0.000000000000000000e+00 0.000000000000000000e+00 1.000000000000000000e+00 3.947129462172866976e-01
0.000000000000000000e+00 1.728482435556083219e-01 0.000000000000000000e+00 0.000000000000000000e+00 1.000000000000000000e+00 3.995145752680263618e-01
0.000000000000000000e+00 1.727226257491625283e-01 0.000000000000000000e+00 0.000000000000000000e+00 1.000000000000000000e+00 3.994920770540689725e-01
0.000000000000000000e+00 1.738811088939417882e-01 0.000000000000000000e+00 0.000000000000000000e+00 1.000000000000000000e+00 4.000588420213052054e-01
0.000000000000000000e+00 1.710623038515150518e-01 0.000000000000000000e+00 0.000000000000000000e+00 1.000000000000000000e+00 3.985113003955689237e-01
0.000000000000000000e+00 1.721532224594194971e-01 0.000000000000000000e+00 0.000000000000000000e+00 1.000000000000000000e+00 3.993211917156577750e-01
0.000000000000000000e+00 1.723939468621080440e-01 0.000000000000000000e+00 0.000000000000000000e+00 1.000000000000000000e+00 3.995182364819321319e-01
0.000000000000000000e+00 1.759661498506098209e-01 0.000000000000000000e+00 0.000000000000000000e+00 1.000000000000000000e+00 4.016698270558382577e-01
0.000000000000000000e+00 1.762581591562056571e-01 0.000000000000000000e+00 0.000000000000000000e+00 1.000000000000000000e+00 4.018505862899893200e-01
0.000000000000000000e+00 1.756748590998125636e-01 0.000000000000000000e+00 0.000000000000000000e+00 1.000000000000000000e+00 4.016521109253497479e-01
0.000000000000000000e+00 1.735857530084602973e-01 0.000000000000000000e+00 0.000000000000000000e+00 1.000000000000000000e+00 4.001153853397633742e-01
0.000000000000000000e+00 1.734171484510898809e-01 0.000000000000000000e+00 0.000000000000000000e+00 1.000000000000000000e+00 4.000549824802595023e-01
0.000000000000000000e+00 1.759956720585595102e-01 0.000000000000000000e+00 0.000000000000000000e+00 1.000000000000000000e+00 4.013275698165407190e-01
0.000000000000000000e+00 1.762887231516138131e-01 0.000000000000000000e+00 0.000000000000000000e+00 1.000000000000000000e+00 4.015007171373511374e-01
0.000000000000000000e+00 1.772703216547250882e-01 0.000000000000000000e+00 0.000000000000000000e+00 1.000000000000000000e+00 4.023706904071797652e-01
0.000000000000000000e+00 1.769514616809171326e-01 0.000000000000000000e+00 0.000000000000000000e+00 1.000000000000000000e+00 4.029983684484057527e-01
0.000000000000000000e+00 1.777304208142924113e-01 0.000000000000000000e+00 0.000000000000000000e+00 1.000000000000000000e+00 4.032537874158831359e-01
0.000000000000000000e+00 1.593241092143129756e-01 0.000000000000000000e+00 0.000000000000000000e+00 1.000000000000000000e+00 3.915194045043706716e-01
0.000000000000000000e+00 1.596420095331159417e-01 0.000000000000000000e+00 0.000000000000000000e+00 1.000000000000000000e+00 3.917488355356013585e-01
0.000000000000000000e+00 1.594025747738182786e-01 0.000000000000000000e+00 0.000000000000000000e+00 1.000000000000000000e+00 3.916054757337855685e-01
0.000000000000000000e+00 1.607412242843682393e-01 0.000000000000000000e+00 0.000000000000000000e+00 1.000000000000000000e+00 3.923753470111724928e-01
0.000000000000000000e+00 1.609200890757364333e-01 0.000000000000000000e+00 0.000000000000000000e+00 1.000000000000000000e+00 3.925442007205655615e-01
0.000000000000000000e+00 1.615394111274402189e-01 0.000000000000000000e+00 0.000000000000000000e+00 1.000000000000000000e+00 3.930990831781450145e-01
0.000000000000000000e+00 1.616070649544300020e-01 0.000000000000000000e+00 0.000000000000000000e+00 1.000000000000000000e+00 3.931579402640297261e-01
0.000000000000000000e+00 1.616713017400034369e-01 0.000000000000000000e+00 0.000000000000000000e+00 1.000000000000000000e+00 3.931488665492564594e-01
