2.214682698249816895e-01 1.431849002838134766e-01 6.914464831352233887e-01 5.448160171508789062e-01
2.214682698249816895e-01 1.431849002838134766e-01 6.914464831352233887e-01 5.448160171508789062e-01
2.214682698249816895e-01 1.431849002838134766e-01 6.914464831352233887e-01 5.448160171508789062e-01
2.214682698249816895e-01 1.431849002838134766e-01 6.914464831352233887e-01 5.448160171508789062e-01
2.214682698249816895e-01 1.431849002838134766e-01 6.914464831352233887e-01 5.448160171508789062e-01
2.214682698249816895e-01 1.431849002838134766e-01 6.914464831352233887e-01 5.448160171508789062e-01
2.214682698249816895e-01 1.431849002838134766e-01 6.914464831352233887e-01 5.448160171508789062e-01
2.214682698249816895e-01 1.431849002838134766e-01 6.914464831352233887e-01 5.448160171508789062e-01
2.214682698249816895e-01 1.431849002838134766e-01 6.914464831352233887e-01 5.448160171508789062e-01
2.214682698249816895e-01 1.431849002838134766e-01 6.914464831352233887e-01 5.448160171508789062e-01
2.214682698249816895e-01 1.431849002838134766e-01 6.914464831352233887e-01 5.448160171508789062e-01
2.214682698249816895e-01 1.431849002838134766e-01 6.914464831352233887e-01 5.448160171508789062e-01
2.214682698249816895e-01 1.431849002838134766e-01 6.914464831352233887e-01 5.448160171508789062e-01
2.214682698249816895e-01 1.431849002838134766e-01 6.914464831352233887e-01 5.448160171508789062e-01
2.214682698249816895e-01 1.431849002838134766e-01 6.914464831352233887e-01 5.448160171508789062e-01
2.214682698249816895e-01 1.431849002838134766e-01 6.914464831352233887e-01 5.448160171508789062e-01
2.214682698249816895e-01 1.431849002838134766e-01 6.914464831352233887e-01 5.448160171508789062e-01
2.214682698249816895e-01 1.431849002838134766e-01 6.914464831352233887e-01 5.448160171508789062e-01
2.214682698249816895e-01 1.431849002838134766e-01 6.914464831352233887e-01 5.448160171508789062e-01
2.214682698249816895e-01 1.431849002838134766e-01 6.914464831352233887e-01 5.448160171508789062e-01
2.214682698249816895e-01 1.431849002838134766e-01 6.914464831352233887e-01 5.448160171508789062e-01
2.214682698249816895e-01 1.431849002838134766e-01 6.914464831352233887e-01 5.448160171508789062e-01
2.214682698249816895e-01 1.431849002838134766e-01 6.914464831352233887e-01 5.448160171508789062e-01
3.398172855377197266e-01 1.619940996170043945e-02 8.621661663055419922e-01 3.677302002906799316e-01
3.398172855377197266e-01 1.619940996170043945e-02 8.621661663055419922e-01 3.677302002906799316e-01
3.398172855377197266e-01 1.619940996170043945e-02 8.621661663055419922e-01 3.677302002906799316e-01
3.398172855377197266e-01 1.619940996170043945e-02 8.621661663055419922e-01 3.677302002906799316e-01
3.398172855377197266e-01 1.619940996170043945e-02 8.621661663055419922e-01 3.677302002906799316e-01
3.398172855377197266e-01 1.619940996170043945e-02 8.621661663055419922e-01 3.677302002906799316e-01
3.398172855377197266e-01 1.619940996170043945e-02 8.621661663055419922e-01 3.677302002906799316e-01
3.398172855377197266e-01 1.619940996170043945e-02 8.621661663055419922e-01 3.677302002906799316e-01
3.398172855377197266e-01 1.619940996170043945e-02 8.621661663055419922e-01 3.677302002906799316e-01
3.398172855377197266e-01 1.619940996170043945e-02 8.621661663055419922e-01 3.677302002906799316e-01
3.398172855377197266e-01 1.619940996170043945e-02 8.621661663055419922e-01 3.677302002906799316e-01
3.398172855377197266e-01 1.619940996170043945e-02 8.621661663055419922e-01 3.677302002906799316e-01
3.398172855377197266e-01 1.619940996170043945e-02 8.621661663055419922e-01 3.677302002906799316e-01
3.398172855377197266e-01 1.619940996170043945e-02 8.621661663055419922e-01 3.677302002906799316e-01
3.398172855377197266e-01 1.619940996170043945e-02 8.621661663055419922e-01 3.677302002906799316e-01
3.398172855377197266e-01 1.619940996170043945e-02 8.621661663055419922e-01 3.677302002906799316e-01
3.398172855377197266e-01 1.619940996170043945e-02 8.621661663055419922e-01 3.677302002906799316e-01
3.398172855377197266e-01 1.619940996170043945e-02 8.621661663055419922e-01 3.677302002906799316e-01
3.398172855377197266e-01 1.619940996170043945e-02 8.621661663055419922e-01 3.677302002906799316e-01
3.398172855377197266e-01 1.619940996170043945e-02 8.621661663055419922e-01 3.677302002906799316e-01
3.398172855377197266e-01 1.619940996170043945e-02 8.621661663055419922e-01 3.677302002906799316e-01
3.398172855377197266e-01 1.619940996170043945e-02 8.621661663055419922e-01 3.677302002906799316e-01
3.398172855377197266e-01 1.619940996170043945e-02 8.621661663055419922e-01 3.677302002906799316e-01
3.398172855377197266e-01 1.619940996170043945e-02 8.621661663055419922e-01 3.677302002906799316e-01
3.398172855377197266e-01 1.619940996170043945e-02 8.621661663055419922e-01 3.677302002906799316e-01
3.398172855377197266e-01 1.619940996170043945e-02 8.621661663055419922e-01 3.677302002906799316e-01
3.398172855377197266e-01 1.619940996170043945e-02 8.621661663055419922e-01 3.677302002906799316e-01
