1.000000000000000000e+00 5.568212832730977668e-01 1.000000000000000000e+00 1.000000000000000000e+00
1.000000000000000000e+00 5.795692635095069933e-01 1.000000000000000000e+00 1.000000000000000000e+00
1.000000000000000000e+00 3.256862087170524500e-01 1.000000000000000000e+00 1.000000000000000000e+00
1.000000000000000000e+00 3.604126466706549237e-01 9.960854581099782834e-01 1.000000000000000000e+00
1.000000000000000000e+00 3.597043538682666575e-01 9.950788086120911924e-01 1.000000000000000000e+00
1.000000000000000000e+00 3.607026747181248383e-01 1.000000000000000000e+00 1.000000000000000000e+00
1.000000000000000000e+00 3.611406729569769936e-01 1.000000000000000000e+00 1.000000000000000000e+00
1.000000000000000000e+00 3.652254127797608385e-01 1.000000000000000000e+00 1.000000000000000000e+00
1.000000000000000000e+00 3.653367846228758875e-01 1.000000000000000000e+00 1.000000000000000000e+00
1.000000000000000000e+00 3.626665953613065763e-01 1.000000000000000000e+00 1.000000000000000000e+00
1.000000000000000000e+00 3.627411780686752296e-01 1.000000000000000000e+00 1.000000000000000000e+00
1.000000000000000000e+00 3.627698438164214667e-01 1.000000000000000000e+00 1.000000000000000000e+00
1.000000000000000000e+00 3.628052311408526132e-01 1.000000000000000000e+00 1.000000000000000000e+00
1.000000000000000000e+00 3.632515517213114609e-01 1.000000000000000000e+00 1.000000000000000000e+00
1.000000000000000000e+00 3.568149607922759814e-01 1.000000000000000000e+00 1.000000000000000000e+00
1.000000000000000000e+00 3.578259422515971400e-01 1.000000000000000000e+00 1.000000000000000000e+00
1.000000000000000000e+00 3.583004815977268165e-01 9.969111957571629157e-01 1.000000000000000000e+00
1.000000000000000000e+00 3.663296279693787905e-01 9.884367267228337806e-01 1.000000000000000000e+00
1.000000000000000000e+00 3.680383637919907858e-01 9.799290572168513069e-01 1.000000000000000000e+00
1.000000000000000000e+00 3.666858367576323885e-01 9.849290535635982780e-01 1.000000000000000000e+00
1.000000000000000000e+00 3.669579990090198751e-01 9.849353738577244499e-01 1.000000000000000000e+00
1.000000000000000000e+00 3.670209343778471633e-01 9.919544517678203777e-01 1.000000000000000000e+00
1.000000000000000000e+00 3.659632260110655122e-01 9.963922154916811103e-01 1.000000000000000000e+00
1.000000000000000000e+00 3.657332985400161829e-01 9.969467488026267921e-01 1.000000000000000000e+00
1.000000000000000000e+00 3.656275766239094893e-01 9.971751366463713628e-01 1.000000000000000000e+00
1.000000000000000000e+00 3.615746057394495505e-01 1.000000000000000000e+00 1.000000000000000000e+00
1.000000000000000000e+00 3.615940079373946014e-01 1.000000000000000000e+00 1.000000000000000000e+00
1.000000000000000000e+00 3.618994622531509497e-01 1.000000000000000000e+00 1.000000000000000000e+00
1.000000000000000000e+00 3.627000721449782361e-01 1.000000000000000000e+00 1.000000000000000000e+00
1.000000000000000000e+00 3.628448614860031451e-01 1.000000000000000000e+00 1.000000000000000000e+00
1.000000000000000000e+00 3.628865585650859482e-01 1.000000000000000000e+00 1.000000000000000000e+00
1.000000000000000000e+00 3.626332335404209850e-01 1.000000000000000000e+00 1.000000000000000000e+00
1.000000000000000000e+00 3.642964754503642544e-01 1.000000000000000000e+00 1.000000000000000000e+00
1.000000000000000000e+00 3.644484001118774574e-01 1.000000000000000000e+00 1.000000000000000000e+00
1.000000000000000000e+00 3.655842916026268430e-01 1.000000000000000000e+00 1.000000000000000000e+00
1.000000000000000000e+00 3.671934410266285420e-01 1.000000000000000000e+00 1.000000000000000000e+00
1.000000000000000000e+00 3.710407794680785076e-01 1.000000000000000000e+00 1.000000000000000000e+00
1.000000000000000000e+00 3.645606723202634014e-01 1.000000000000000000e+00 1.000000000000000000e+00
1.000000000000000000e+00 3.657641191503722133e-01 1.000000000000000000e+00 1.000000000000000000e+00
1.000000000000000000e+00 3.653605980164163491e-01 1.000000000000000000e+00 1.000000000000000000e+00
1.000000000000000000e+00 3.702354088301342272e-01 1.000000000000000000e+00 1.000000000000000000e+00
1.000000000000000000e+00 3.717034085252857167e-01 1.000000000000000000e+00 1.000000000000000000e+00
1.000000000000000000e+00 3.719074740295412740e-01 1.000000000000000000e+00 1.000000000000000000e+00
1.000000000000000000e+00 3.726408079768286918e-01 1.000000000000000000e+00 1.000000000000000000e+00
1.000000000000000000e+00 3.745428046839469616e-01 1.000000000000000000e+00 1.000000000000000000e+00
1.000000000000000000e+00 3.810506418072699408e-01 9.914752835694564670e-01 1.000000000000000000e+00
1.000000000000000000e+00 3.808232259613492099e-01 9.931959870574130766e-01 1.000000000000000000e+00
1.000000000000000000e+00 3.807914260224449232e-01 9.932460842960745273e-01 1.000000000000000000e+00
1.000000000000000000e+00 3.807000601363699777e-01 9.942863199602860469e-01 1.000000000000000000e+00
1.000000000000000000e+00 3.772461292014627765e-01 1.000000000000000000e+00 1.000000000000000000e+00
1.000000000000000000e+00 3.772446720265684172e-01 1.000000000000000000e+00 1.000000000000000000e+00
1.000000000000000000e+00 3.780471178588643011e-01 1.000000000000000000e+00 1.000000000000000000e+00
1.000000000000000000e+00 3.793319056227448249e-01 9.976419491567914966e-01 1.000000000000000000e+00
1.000000000000000000e+00 3.793946098241256504e-01 9.973471449046178439e-01 1.000000000000000000e+00
1.000000000000000000e+00 3.790175378417238172e-01 9.983095799974129880e-01 1.000000000000000000e+00
1.000000000000000000e+00 3.794223742061257343e-01 9.973799287371910571e-01 1.000000000000000000e+00
1.000000000000000000e+00 3.792501748027199970e-01 9.978720737723134615e-01 1.000000000000000000e+00
1.000000000000000000e+00 3.794555313993107082e-01 9.976211595198950510e-01 1.000000000000000000e+00
1.000000000000000000e+00 3.795556623339215174e-01 9.978331410140729441e-01 1.000000000000000000e+00
1.000000000000000000e+00 3.795457186471879463e-01 9.975517187858152779e-01 1.000000000000000000e+00
1.000000000000000000e+00 3.788034076661062621e-01 9.981654954174600247e-01 1.000000000000000000e+00
1.000000000000000000e+00 3.787072886345187461e-01 9.983351417272527950e-01 1.000000000000000000e+00
1.000000000000000000e+00 3.787051999417395676e-01 9.980919582523464229e-01 1.000000000000000000e+00
1.000000000000000000e+00 3.785291733730920538e-01 9.987307655779715798e-01 1.000000000000000000e+00
1.000000000000000000e+00 3.780664162997946498e-01 9.995529178574178442e-01 1.000000000000000000e+00
1.000000000000000000e+00 3.778046027817043018e-01 1.000000000000000000e+00 1.000000000000000000e+00
1.000000000000000000e+00 3.782749729382284820e-01 9.991733100321941174e-01 1.000000000000000000e+00
1.000000000000000000e+00 3.783660042881428209e-01 9.993055049575555460e-01 1.000000000000000000e+00
1.000000000000000000e+00 3.783864083142130519e-01 9.992824481440805151e-01 1.000000000000000000e+00
1.000000000000000000e+00 3.778619301937273800e-01 9.997412791106214947e-01 1.000000000000000000e+00
1.000000000000000000e+00 3.784780390053537058e-01 9.987335933147841738e-01 1.000000000000000000e+00
1.000000000000000000e+00 3.784670161549709699e-01 9.988851388450542546e-01 1.000000000000000000e+00
1.000000000000000000e+00 3.784663200302929020e-01 9.993206126540277179e-01 1.000000000000000000e+00
1.000000000000000000e+00 3.779446230209513313e-01 1.000000000000000000e+00 1.000000000000000000e+00
1.000000000000000000e+00 3.779566608684395423e-01 1.000000000000000000e+00 1.000000000000000000e+00
1.000000000000000000e+00 3.788860785772751316e-01 9.979054637169892938e-01 1.000000000000000000e+00
1.000000000000000000e+00 3.794958744927857119e-01 9.963951376030274476e-01 1.000000000000000000e+00
1.000000000000000000e+00 3.791697356754604731e-01 9.992389149635118040e-01 1.000000000000000000e+00
1.000000000000000000e+00 3.799291204392547527e-01 9.977172721422996604e-01 1.000000000000000000e+00
1.000000000000000000e+00 3.809757679952611165e-01 9.960082647402582756e-01 1.000000000000000000e+00
1.000000000000000000e+00 3.808467289565894420e-01 9.962741038062066234e-01 1.000000000000000000e+00
1.000000000000000000e+00 3.807346028431305429e-01 9.963292137899651957e-01 1.000000000000000000e+00
1.000000000000000000e+00 3.808161501433190432e-01 9.960926327278548653e-01 1.000000000000000000e+00
1.000000000000000000e+00 3.808255769111001943e-01 9.959418494895582175e-01 1.000000000000000000e+00
1.000000000000000000e+00 3.813550002476532308e-01 9.951663014210424540e-01 1.000000000000000000e+00
1.000000000000000000e+00 3.813624776761754265e-01 9.951402271873803773e-01 1.000000000000000000e+00
1.000000000000000000e+00 3.823970832387645347e-01 9.941203229191069024e-01 1.000000000000000000e+00
1.000000000000000000e+00 3.826707885666644771e-01 9.936423451994905731e-01 1.000000000000000000e+00
1.000000000000000000e+00 3.829489343660967826e-01 9.934622990068772141e-01 1.000000000000000000e+00
1.000000000000000000e+00 3.829723750405788496e-01 9.933588229480962983e-01 1.000000000000000000e+00
1.000000000000000000e+00 3.830201292398673352e-01 9.932331933486538977e-01 1.000000000000000000e+00
1.000000000000000000e+00 3.825489438089641481e-01 9.939174153669266820e-01 1.000000000000000000e+00
1.000000000000000000e+00 3.826851507890815518e-01 9.935691285740807510e-01 1.000000000000000000e+00
1.000000000000000000e+00 3.827378067252120708e-01 9.934307498499591604e-01 1.000000000000000000e+00
1.000000000000000000e+00 3.807768106840633271e-01 9.956973149584846805e-01 1.000000000000000000e+00
1.000000000000000000e+00 3.807725118872387071e-01 9.957436576116659444e-01 1.000000000000000000e+00
1.000000000000000000e+00 3.807822245011920903e-01 9.957199850162374855e-01 1.000000000000000000e+00
1.000000000000000000e+00 3.788790503987162217e-01 9.976232811635031839e-01 1.000000000000000000e+00
1.000000000000000000e+00 3.788029798746062049e-01 9.977317004624087771e-01 1.000000000000000000e+00
1.000000000000000000e+00 3.794680734551168499e-01 9.962607099319653603e-01 1.000000000000000000e+00
