-1.744093871025562237e+00
-2.688608968232804930e+00
-2.120766882794003827e+00
-2.024784846632027513e+00
-2.149523033251473869e+00
-1.966235022310579339e+00
-1.945160827444290641e+00
-1.919879353490725915e+00
-1.837604815212446230e+00
-1.778233243066228653e+00
-2.248253503635928574e+00
-2.741162386809344209e+00
-2.745562232664926494e+00
-2.829510347085457234e+00
-2.819940602368614435e+00
-3.460735592531807292e+00
-3.918793865277131694e+00
-3.619730335927558773e+00
-3.580231809186639413e+00
-3.562395532046880309e+00
-3.558844133811924326e+00
-3.412335380591476675e+00
-3.910015924028074075e+00
-3.812131939772666289e+00
-3.801130914285914653e+00
-3.812021756039548848e+00
-3.816861962430518673e+00
-3.774280099323941595e+00
-3.771143661996260832e+00
-3.757785200170386641e+00
-3.519209589248899483e+00
-3.445880189534660243e+00
-3.510725298761661950e+00
-3.645730792460016190e+00
-3.320110709337920962e+00
-3.361138025835510579e+00
-4.041028619450506731e+00
-4.070445056002949258e+00
-4.316777626572384285e+00
-3.919948914214893776e+00
-3.118546990277397679e+00
-3.206645419884891268e+00
-2.686203227707804952e+00
-2.752017175555292017e+00
-2.736156440209106755e+00
-2.870545341388844651e+00
-2.654017170995468078e+00
-2.450987552604472430e+00
-2.518464278744574791e+00
-2.842282955812746703e+00
