3.375120759010314941e-01 7.246756553649902344e-01 9.385632276535034180e-01 1.184085607528686523e-01 6.409510970115661621e-01 6.029940843582153320e-01
4.253720641136169434e-01 3.741050362586975098e-01 8.750326633453369141e-01 5.226072072982788086e-01 1.303463578224182129e-01 7.025998234748840332e-01
3.509517312049865723e-01 5.965563058853149414e-01 4.044272899627685547e-01 2.597507834434509277e-01 7.384165525436401367e-01 4.661832451820373535e-01
4.598270058631896973e-01 6.027579307556152344e-03 7.725945711135864258e-01 6.443365216255187988e-01 2.818042635917663574e-01 1.053410768508911133e-02
9.582654833793640137e-01 1.803449988365173340e-01 3.764723539352416992e-01 8.188978433609008789e-01 8.983383178710937500e-01 6.456292867660522461e-01
9.293946623802185059e-01 7.886067032814025879e-01 7.054380178451538086e-01 4.535114765167236328e-01 5.219668149948120117e-02 4.031115770339965820e-01
7.670345902442932129e-01 3.202701210975646973e-01 3.598451614379882812e-01 5.410207509994506836e-01 5.064099431037902832e-01 5.309841632843017578e-01
4.038785696029663086e-01 1.109903454780578613e-01 5.489811897277832031e-01 1.401863098144531250e-01 6.932926774024963379e-01 7.412998080253601074e-01
9.208983182907104492e-01 7.080936431884765625e-01 7.443693876266479492e-01 2.007484436035156250e-03 2.623049616813659668e-01 6.236577033996582031e-01
3.994762301445007324e-01 5.316380262374877930e-01 9.807028770446777344e-01 9.340393543243408203e-02 9.849736690521240234e-01 5.942685604095458984e-01
8.554317951202392578e-01 2.631901502609252930e-01 7.775605916976928711e-01 7.427148520946502686e-02 9.253436326980590820e-01 8.611917495727539062e-01
5.420649647712707520e-01 5.530335307121276855e-01 5.116583704948425293e-01 6.969028711318969727e-01 9.626542329788208008e-01 9.621769785881042480e-01
1.078167408704757690e-01 1.123407706618309021e-01 7.422411441802978516e-01 1.385871767997741699e-01 8.889952898025512695e-01 5.171682685613632202e-02
6.111520528793334961e-01 1.030202060937881470e-01 8.714663982391357422e-01 3.438606262207031250e-01 9.559398889541625977e-01 7.307704538106918335e-02
6.090693473815917969e-01 1.483113169670104980e-01 8.257884979248046875e-01 4.547374248504638672e-01 9.406057596206665039e-01 6.284715235233306885e-02
6.180298924446105957e-01 3.327415138483047485e-02 9.721230864524841309e-01 6.431242823600769043e-02 9.941439628601074219e-01 1.948786526918411255e-02
7.591506242752075195e-01 5.499929934740066528e-02 4.984995722770690918e-02 1.899206340312957764e-01 9.301820993423461914e-01 2.055750489234924316e-01
3.564620614051818848e-01 7.598961591720581055e-01 9.791916608810424805e-01 1.088859066367149353e-01 9.908431768417358398e-01 6.404473781585693359e-01
6.692340373992919922e-01 3.405984342098236084e-01 1.964908838272094727e-01 5.562467575073242188e-01 3.642617166042327881e-01 7.051413655281066895e-01
7.023030519485473633e-01 3.426054120063781738e-02 9.965250492095947266e-01 1.165705621242523193e-01 9.919457435607910156e-01 3.950513899326324463e-01
3.977070152759552002e-01 0.000000000000000000e+00 9.747473597526550293e-01 2.937186956405639648e-01 9.856401681900024414e-01 2.133959084749221802e-01
4.030660390853881836e-01 9.740427881479263306e-02 1.000000000000000000e+00 4.451195597648620605e-01 9.811715483665466309e-01 2.751233875751495361e-01
3.236881196498870850e-01 2.871644869446754456e-02 9.946439862251281738e-01 2.383279241621494293e-02 9.915470480918884277e-01 4.758556783199310303e-01
2.150171399116516113e-01 1.325774937868118286e-01 9.660012125968933105e-01 5.557246804237365723e-01 9.496163129806518555e-01 3.245668411254882812e-01
1.518885195255279541e-01 6.721984595060348511e-02 9.787098169326782227e-01 7.317557930946350098e-02 9.645249247550964355e-01 6.890760064125061035e-01
1.375023722648620605e-01 5.724699497222900391e-01 1.665111780166625977e-01 2.321677803993225098e-01 7.436715364456176758e-01 4.448458552360534668e-01
9.797820448875427246e-02 6.496149897575378418e-01 0.000000000000000000e+00 2.343161106109619141e-01 7.261905670166015625e-01 4.764010608196258545e-01
6.930543780326843262e-01 5.220569968223571777e-01 1.614221483469009399e-01 3.781180679798126221e-01 1.459690928459167480e-01 2.898867726325988770e-01
6.849433779716491699e-01 0.000000000000000000e+00 7.645360827445983887e-01 5.372152477502822876e-02 9.831748604774475098e-01 3.043951690196990967e-01
5.833820104598999023e-01 9.465400874614715576e-02 1.022677868604660034e-02 2.209616601467132568e-01 9.114297628402709961e-01 2.001187354326248169e-01
5.436809062957763672e-01 3.576115071773529053e-01 6.807949542999267578e-01 6.574200391769409180e-01 8.640092611312866211e-01 1.217206940054893494e-01
5.893313884735107422e-01 1.000000000000000000e+00 4.820783734321594238e-01 9.586093425750732422e-01 9.788064360618591309e-01 0.000000000000000000e+00
1.000000000000000000e+00 2.620738148689270020e-01 9.286913871765136719e-01 1.006670668721199036e-01 9.805150032043457031e-01 0.000000000000000000e+00
1.000000000000000000e+00 3.470514416694641113e-01 6.567403078079223633e-01 1.931989043951034546e-01 9.082065820693969727e-01 1.000000000000000000e+00
3.167756497859954834e-01 7.738441694527864456e-03 9.966527223587036133e-01 2.181078940629959106e-01 1.000000000000000000e+00 4.096328318119049072e-01
8.794842958450317383e-01 8.405378460884094238e-02 3.749442994594573975e-01 3.014239966869354248e-01 5.467921122908592224e-02 7.079719305038452148e-01
0.000000000000000000e+00 1.593060046434402466e-01 9.553687572479248047e-01 6.030109152197837830e-02 9.126046299934387207e-01 1.000000000000000000e+00
3.945675194263458252e-01 3.854348063468933105e-01 8.917022943496704102e-01 5.134633779525756836e-01 1.221428364515304565e-01 8.710849881172180176e-01
8.638281822204589844e-01 0.000000000000000000e+00 3.224137425422668457e-01 3.259194195270538330e-01 0.000000000000000000e+00 1.000000000000000000e+00
4.969674944877624512e-01 9.352224878966808319e-03 1.000000000000000000e+00 0.000000000000000000e+00 9.977463483810424805e-01 2.681860029697418213e-01
6.795663833618164062e-01 6.112293004989624023e-01 8.242643624544143677e-02 3.805415630340576172e-01 1.377265900373458862e-01 0.000000000000000000e+00
8.599459528923034668e-01 3.394618630409240723e-01 6.132735610008239746e-01 6.148209050297737122e-02 8.919818401336669922e-01 8.616499304771423340e-01
1.857926398515701294e-01 1.776088923215866089e-01 6.992755532264709473e-01 2.530713081359863281e-01 8.156465291976928711e-01 0.000000000000000000e+00
6.352061033248901367e-01 1.250669807195663452e-01 6.498390436172485352e-02 1.906326860189437866e-01 9.025905728340148926e-01 3.387544453144073486e-01
7.084624171257019043e-01 2.128318846225738525e-01 1.343145668506622314e-01 1.357900202274322510e-01 8.732720017433166504e-01 6.981096863746643066e-01
5.161735415458679199e-01 3.679589601233601570e-03 1.000000000000000000e+00 0.000000000000000000e+00 9.663566350936889648e-01 2.868322432041168213e-01
5.720446705818176270e-01 0.000000000000000000e+00 9.066792726516723633e-01 1.278081685304641724e-01 8.621718287467956543e-01 3.671564757823944092e-01
4.567637145519256592e-01 8.922882676124572754e-01 1.000000000000000000e+00 8.154425024986267090e-02 1.000000000000000000e+00 4.758975803852081299e-01
0.000000000000000000e+00 6.992535591125488281e-01 0.000000000000000000e+00 2.157719731330871582e-01 7.043127417564392090e-01 7.983544468879699707e-01
5.607147812843322754e-01 9.651309847831726074e-01 4.751672744750976562e-01 9.319241642951965332e-01 9.576514959335327148e-01 2.349555641412734985e-01
8.377810567617416382e-02 6.210249662399291992e-01 3.079025074839591980e-02 2.084625512361526489e-01 7.076125144958496094e-01 1.000000000000000000e+00
9.283452033996582031e-01 9.791855216026306152e-01 1.795607209205627441e-01 6.158354878425598145e-01 6.655416637659072876e-02 8.785440325736999512e-01
0.000000000000000000e+00 8.048596382141113281e-01 9.401132464408874512e-01 1.348319947719573975e-01 7.064872384071350098e-01 5.488982200622558594e-01
1.000000000000000000e+00 6.086726188659667969e-01 7.780660390853881836e-01 1.357977688312530518e-01 9.033352732658386230e-01 1.000000000000000000e+00
9.172160625457763672e-01 6.029062271118164062e-01 9.722790122032165527e-01 6.341978162527084351e-02 9.964926838874816895e-01 1.689011603593826294e-01
8.780462145805358887e-01 1.137274354696273804e-01 7.106940746307373047e-01 2.816002070903778076e-01 9.468225240707397461e-01 6.075219511985778809e-01
4.160052239894866943e-01 8.533541113138198853e-02 7.949120402336120605e-01 1.870035678148269653e-01 8.833740949630737305e-01 3.656066209077835083e-02
0.000000000000000000e+00 2.892913818359375000e-01 9.409967660903930664e-01 5.815961956977844238e-01 1.342391818761825562e-01 6.921131014823913574e-01
9.730592370033264160e-01 5.319072604179382324e-01 9.150691032409667969e-01 1.073482632637023926e-01 9.910312891006469727e-01 0.000000000000000000e+00
4.702138304710388184e-01 1.059473007917404175e-01 7.804637551307678223e-01 8.391684293746948242e-02 8.651533126831054688e-01 4.923875331878662109e-01
7.180690765380859375e-01 4.933709502220153809e-01 0.000000000000000000e+00 3.629776537418365479e-01 1.511140465736389160e-01 3.306505084037780762e-01
0.000000000000000000e+00 2.149225473403930664e-01 0.000000000000000000e+00 2.487562000751495361e-01 8.567276000976562500e-01 1.856169104576110840e-01
4.594588652253150940e-02 6.955156922340393066e-01 1.463767439126968384e-01 1.000000000000000000e+00 6.375223398208618164e-01 1.918654739856719971e-01
0.000000000000000000e+00 1.963742971420288086e-01 8.225846886634826660e-01 7.405505180358886719e-01 9.068199396133422852e-01 3.505061864852905273e-01
1.896692253649234772e-02 1.958941221237182617e-01 9.091946482658386230e-01 8.635486662387847900e-02 9.289934635162353516e-01 8.641709685325622559e-01
1.000000000000000000e+00 7.728660106658935547e-01 0.000000000000000000e+00 2.359981834888458252e-01 7.587679624557495117e-01 5.425835251808166504e-01
5.861844420433044434e-01 1.900679469108581543e-01 3.809147179126739502e-01 9.002709984779357910e-01 8.930098414421081543e-01 6.107267737388610840e-01
8.058325946331024170e-02 2.406681180000305176e-01 5.115789771080017090e-01 2.566933929920196533e-01 8.021654486656188965e-01 8.066249638795852661e-02
4.103760719299316406e-01 2.052177190780639648e-01 0.000000000000000000e+00 1.697492301464080811e-01 8.523239493370056152e-01 6.257049441337585449e-01
4.574814736843109131e-01 1.164879128336906433e-01 8.086203336715698242e-01 1.145338118076324463e-01 9.644667506217956543e-01 0.000000000000000000e+00
8.331105113029479980e-01 7.298113703727722168e-01 1.000000000000000000e+00 1.329434067010879517e-01 9.771430492401123047e-01 4.634804427623748779e-01
1.853993535041809082e-01 2.532479166984558105e-02 1.702197492122650146e-01 1.922093182802200317e-01 8.789268136024475098e-01 3.444605767726898193e-01
0.000000000000000000e+00 9.998813867568969727e-01 0.000000000000000000e+00 2.295178323984146118e-01 6.682140827178955078e-01 1.000000000000000000e+00
6.967849731445312500e-01 1.000000000000000000e+00 7.273951768875122070e-01 4.493391513824462891e-01 3.832605481147766113e-02 3.582597374916076660e-01
1.044618561863899231e-01 6.208509802818298340e-01 2.683427184820175171e-02 2.621910572052001953e-01 7.450571656227111816e-01 2.593991160392761230e-01
8.355012536048889160e-01 6.087086349725723267e-02 9.458593726158142090e-01 6.534766554832458496e-01 9.804371595382690430e-01 1.562063954770565033e-02
1.000000000000000000e+00 1.000000000000000000e+00 9.946713447570800781e-01 1.127395555377006531e-01 9.857666492462158203e-01 3.509949445724487305e-01
2.467958033084869385e-01 1.000000000000000000e+00 7.130649685859680176e-02 2.190393358469009399e-01 6.832040548324584961e-01 9.237331748008728027e-01
1.772131770849227905e-01 7.046890258789062500e-01 3.617779910564422607e-01 2.031481117010116577e-01 8.217959403991699219e-01 0.000000000000000000e+00
1.833856105804443359e-01 2.136615961790084839e-01 8.953817486763000488e-01 6.291227340698242188e-01 2.829383909702301025e-01 3.475560843944549561e-01
0.000000000000000000e+00 5.274125337600708008e-01 9.083717465400695801e-01 7.330739498138427734e-02 9.179737567901611328e-01 1.000000000000000000e+00
4.448192566633224487e-02 2.185075581073760986e-01 4.330874979496002197e-01 9.938107132911682129e-01 8.825003504753112793e-01 5.718682408332824707e-01
3.016560804098844528e-04 3.636785447597503662e-01 8.242266178131103516e-01 7.244507670402526855e-01 8.865412473678588867e-01 4.208994209766387939e-01
4.083666503429412842e-01 4.738534688949584961e-01 8.941841125488281250e-01 7.832007110118865967e-02 9.154659509658813477e-01 1.000000000000000000e+00
5.402535796165466309e-01 9.271510243415832520e-01 4.806109666824340820e-01 8.880646824836730957e-01 9.570566415786743164e-01 4.942442178726196289e-01
9.914489388465881348e-01 4.073824286460876465e-01 9.808619618415832520e-01 7.251016497611999512e-01 9.729615449905395508e-01 8.860504627227783203e-02
0.000000000000000000e+00 3.368119597434997559e-01 9.447802901268005371e-01 5.530621409416198730e-01 1.176625713706016541e-01 1.000000000000000000e+00
1.410460472106933594e-01 1.246555447578430176e-01 5.657237768173217773e-01 5.896153301000595093e-02 1.928680539131164551e-01 9.549718499183654785e-01
2.241354733705520630e-01 1.000000000000000000e+00 2.946954965591430664e-01 1.909303814172744751e-01 8.024965524673461914e-01 0.000000000000000000e+00
6.691728830337524414e-01 2.088947445154190063e-01 5.548825860023498535e-01 9.964010715484619141e-01 8.615937232971191406e-01 3.630189597606658936e-01
3.561531305313110352e-01 7.106537222862243652e-01 9.158015847206115723e-01 1.562156677246093750e-01 5.707300901412963867e-01 4.179752767086029053e-01
5.913012623786926270e-01 3.088991390541195869e-03 1.000000000000000000e+00 7.745750248432159424e-02 1.000000000000000000e+00 1.846740543842315674e-01
7.715953588485717773e-01 3.879586583934724331e-04 1.000000000000000000e+00 1.005717292428016663e-01 1.000000000000000000e+00 1.797191947698593140e-01
0.000000000000000000e+00 7.581368684768676758e-01 4.551678895950317383e-01 2.376261055469512939e-01 7.138464450836181641e-01 4.688422083854675293e-01
6.154913306236267090e-01 3.156517399474978447e-03 1.000000000000000000e+00 0.000000000000000000e+00 1.000000000000000000e+00 2.516489624977111816e-01
1.000000000000000000e+00 1.000000000000000000e+00 4.471668601036071777e-01 9.060727357864379883e-01 9.786311984062194824e-01 5.626539587974548340e-01
0.000000000000000000e+00 4.674746990203857422e-01 7.554137110710144043e-01 3.671312630176544189e-01 9.027984738349914551e-01 2.586655616760253906e-01
1.000000000000000000e+00 4.633687436580657959e-01 8.221479654312133789e-01 4.802797436714172363e-01 9.837574511766433716e-02 8.272382616996765137e-01
8.643683791160583496e-01 6.016550660133361816e-01 7.777907252311706543e-01 1.781411617994308472e-01 8.916878104209899902e-01 4.707227647304534912e-01
5.954467654228210449e-01 4.429297149181365967e-01 5.228040218353271484e-01 9.981961846351623535e-01 8.409959673881530762e-01 2.170397937297821045e-01
1.000000000000000000e+00 8.040480613708496094e-01 9.580950140953063965e-01 7.542642951011657715e-01 9.761320352554321289e-01 1.219917908310890198e-01
6.812703013420104980e-01 9.810523390769958496e-01 1.621343195438385010e-01 6.175935864448547363e-01 7.688257098197937012e-02 8.787024617195129395e-01
9.501848816871643066e-01 8.048695325851440430e-01 1.879567950963973999e-01 5.969718098640441895e-01 8.726986497640609741e-02 8.726618289947509766e-01
0.000000000000000000e+00 3.854103386402130127e-02 9.963294267654418945e-01 3.340835496783256531e-02 9.649524092674255371e-01 6.312129497528076172e-01
0.000000000000000000e+00 7.629774212837219238e-01 4.943063855171203613e-01 8.647102713584899902e-01 9.497866034507751465e-01 1.000000000000000000e+00
0.000000000000000000e+00 9.406954050064086914e-01 7.668027877807617188e-01 6.531486511230468750e-01 1.199682941660284996e-03 9.931992888450622559e-01
6.265323758125305176e-01 2.328235805034637451e-01 8.374505676329135895e-03 0.000000000000000000e+00 8.671467304229736328e-01 6.489005088806152344e-01
9.693790078163146973e-01 1.000000000000000000e+00 8.651857376098632812e-01 1.210430637001991272e-01 9.832919239997863770e-01 1.835109479725360870e-02
0.000000000000000000e+00 1.000000000000000000e+00 9.434812068939208984e-01 9.453434497117996216e-02 9.245969057083129883e-01 1.000000000000000000e+00
2.769849896430969238e-01 4.338092505931854248e-01 6.030407547950744629e-01 1.457592695951461792e-01 6.983801722526550293e-01 7.340781688690185547e-01
