-3.204625286461471045e-02
7.690782143653884795e-02
2.090926214444973064e-01
2.090926214444973064e-01
2.090926214444973064e-01
2.090926214444973064e-01
2.090926214444973064e-01
2.090926214444973064e-01
2.090926214444973064e-01
2.090926214444973064e-01
2.090926214444973064e-01
2.090926214444973064e-01
2.090926214444973064e-01
2.090926214444973064e-01
2.090926214444973064e-01
2.090926214444973064e-01
2.090926214444973064e-01
2.090926214444973064e-01
2.090926214444973064e-01
2.090926214444973064e-01
2.090926214444973064e-01
2.090926214444973064e-01
2.090926214444973064e-01
2.090926214444973064e-01
2.090926214444973064e-01
2.090926214444973064e-01
2.090926214444973064e-01
2.090926214444973064e-01
2.090926214444973064e-01
2.090926214444973064e-01
2.090926214444973064e-01
2.090926214444973064e-01
2.090926214444973064e-01
2.090926214444973064e-01
2.090926214444973064e-01
2.090926214444973064e-01
2.090926214444973064e-01
2.090926214444973064e-01
2.090926214444973064e-01
2.090926214444973064e-01
2.090926214444973064e-01
2.090926214444973064e-01
2.090926214444973064e-01
2.090926214444973064e-01
2.090926214444973064e-01
2.090926214444973064e-01
2.090926214444973064e-01
2.090926214444973064e-01
2.090926214444973064e-01
2.090926214444973064e-01
2.090926214444973064e-01
2.090926214444973064e-01
2.090926214444973064e-01
2.090926214444973064e-01
2.090926214444973064e-01
2.090926214444973064e-01
2.090926214444973064e-01
2.090926214444973064e-01
2.090926214444973064e-01
2.090926214444973064e-01
2.090926214444973064e-01
2.090926214444973064e-01
2.090926214444973064e-01
2.090926214444973064e-01
2.090926214444973064e-01
2.090926214444973064e-01
2.090926214444973064e-01
2.090926214444973064e-01
2.090926214444973064e-01
2.090926214444973064e-01
2.090926214444973064e-01
2.090926214444973064e-01
2.090926214444973064e-01
2.090926214444973064e-01
2.090926214444973064e-01
2.090926214444973064e-01
2.090926214444973064e-01
2.090926214444973064e-01
2.090926214444973064e-01
2.090926214444973064e-01
2.090926214444973064e-01
2.090926214444973064e-01
2.090926214444973064e-01
2.090926214444973064e-01
2.090926214444973064e-01
2.090926214444973064e-01
2.090926214444973064e-01
2.090926214444973064e-01
2.090926214444973064e-01
2.090926214444973064e-01
2.090926214444973064e-01
2.090926214444973064e-01
2.090926214444973064e-01
2.090926214444973064e-01
2.090926214444973064e-01
2.090926214444973064e-01
2.090926214444973064e-01
2.090926214444973064e-01
2.090926214444973064e-01
2.090926214444973064e-01
