8.842024958867307216e-01
8.842024958867307216e-01
8.842024958867307216e-01
8.842024958867307216e-01
1.266656896764937423e+00
1.266656896764937423e+00
1.266656896764937423e+00
1.348651049183089423e+00
1.348651049183089423e+00
1.348651049183089423e+00
1.348651049183089423e+00
1.348651049183089423e+00
1.348651049183089423e+00
1.405711837484954430e+00
1.405711837484954430e+00
1.405711837484954430e+00
1.405711837484954430e+00
1.526137451002446355e+00
1.526137451002446355e+00
1.526137451002446355e+00
1.632438754893881905e+00
1.632438754893881905e+00
1.632438754893881905e+00
1.632438754893881905e+00
1.632438754893881905e+00
1.632438754893881905e+00
1.632438754893881905e+00
1.632438754893881905e+00
1.632438754893881905e+00
1.720913727535570814e+00
1.720913727535570814e+00
1.720913727535570814e+00
1.720913727535570814e+00
1.720913727535570814e+00
1.720913727535570814e+00
1.720913727535570814e+00
1.841912976634414445e+00
1.841912976634414445e+00
1.841912976634414445e+00
1.841912976634414445e+00
1.851176210461684457e+00
1.851176210461684457e+00
1.851176210461684457e+00
1.851176210461684457e+00
1.851176210461684457e+00
1.851176210461684457e+00
1.851176210461684457e+00
1.851176210461684457e+00
1.851176210461684457e+00
1.851176210461684457e+00
1.851176210461684457e+00
1.851176210461684457e+00
1.851176210461684457e+00
1.851176210461684457e+00
1.851176210461684457e+00
1.851176210461684457e+00
1.851176210461684457e+00
1.851176210461684457e+00
1.851176210461684457e+00
1.851176210461684457e+00
1.851176210461684457e+00
1.851176210461684457e+00
1.851176210461684457e+00
1.851176210461684457e+00
1.851176210461684457e+00
1.851176210461684457e+00
1.851176210461684457e+00
1.851176210461684457e+00
1.878363149977443580e+00
1.878363149977443580e+00
1.878363149977443580e+00
1.878363149977443580e+00
1.878363149977443580e+00
1.878363149977443580e+00
1.878363149977443580e+00
1.878363149977443580e+00
1.878363149977443580e+00
1.878363149977443580e+00
1.878363149977443580e+00
1.878363149977443580e+00
1.878363149977443580e+00
1.878363149977443580e+00
1.878363149977443580e+00
1.878363149977443580e+00
1.878363149977443580e+00
1.878363149977443580e+00
1.878363149977443580e+00
1.878363149977443580e+00
1.878363149977443580e+00
1.878363149977443580e+00
1.878363149977443580e+00
1.878363149977443580e+00
1.878363149977443580e+00
1.894865296265678234e+00
1.894865296265678234e+00
1.894865296265678234e+00
1.894865296265678234e+00
1.894865296265678234e+00
1.894865296265678234e+00
1.894865296265678234e+00
