9.839238524436950684e-01 2.940763235092163086e-01 7.877119183540344238e-01 5.085937976837158203e-01 9.220839142799377441e-01 1.568705439567565918e-01
8.049849271774291992e-01 5.457781553268432617e-01 5.827252864837646484e-01 8.881736993789672852e-01 2.976924777030944824e-01 8.141723871231079102e-01
9.452491402626037598e-01 5.822008252143859863e-01 3.644610643386840820e-01 8.370326757431030273e-01 6.386628150939941406e-01 8.501570820808410645e-01
5.908232927322387695e-01 7.973061800003051758e-01 6.436506509780883789e-01 1.300060749053955078e-02 6.851494908332824707e-01 4.606503248214721680e-02
5.290284156799316406e-01 5.591025352478027344e-01 6.616507172584533691e-01 9.533022642135620117e-01 7.065504789352416992e-01 5.864138603210449219e-01
5.168213844299316406e-01 3.991585969924926758e-02 2.664250135421752930e-01 1.682323217391967773e-01 8.990025520324707031e-02 1.823290586471557617e-01
2.940378189086914062e-01 1.102244853973388672e-02 7.443112134933471680e-02 9.772495031356811523e-01 1.395615339279174805e-01 6.916511654853820801e-01
2.766805887222290039e-02 6.013022065162658691e-01 4.549061059951782227e-01 8.469737768173217773e-01 6.171485185623168945e-01 4.970183372497558594e-01
2.224363684654235840e-01 2.721719145774841309e-01 3.722257018089294434e-01 1.614981889724731445e-02 7.864129543304443359e-02 1.712791919708251953e-01
7.092657685279846191e-01 5.453907847404479980e-01 2.215138673782348633e-01 2.092326283454895020e-01 6.581119298934936523e-01 2.495302557945251465e-01
8.623784780502319336e-02 3.166443109512329102e-02 4.301615357398986816e-01 6.161665320396423340e-01 2.478987574577331543e-01 6.354060173034667969e-01
8.845230937004089355e-01 1.706607937812805176e-01 3.167762160301208496e-01 4.430020451545715332e-01 7.051210403442382812e-01 7.410103082656860352e-01
9.210165739059448242e-01 5.145044922828674316e-01 6.814436316490173340e-01 9.559478759765625000e-01 8.512704968452453613e-01 1.757028698921203613e-01
5.470812320709228516e-01 3.558955788612365723e-01 9.314431548118591309e-01 5.489872097969055176e-01 1.949712038040161133e-01 8.482929468154907227e-01
4.836816787719726562e-01 1.434893012046813965e-01 5.063406825065612793e-01 1.510792970657348633e-01 5.844109058380126953e-01 4.873030185699462891e-01
8.330962061882019043e-01 2.956340909004211426e-01 6.480898261070251465e-01 3.264651894569396973e-01 9.910203814506530762e-01 5.339166522026062012e-01
9.313056468963623047e-01 8.273491859436035156e-01 2.800266146659851074e-01 5.510286092758178711e-01 1.161565184593200684e-01 4.753251671791076660e-01
9.696577191352844238e-01 1.676241755485534668e-01 7.781243324279785156e-02 9.685451984405517578e-01 3.578035831451416016e-01 5.323128700256347656e-01
1.405631899833679199e-01 5.444657802581787109e-01 8.672821521759033203e-02 9.916877746582031250e-01 2.405716776847839355e-01 7.217467427253723145e-01
3.300094604492187500e-01 1.971659064292907715e-01 9.387804865837097168e-01 5.985587835311889648e-02 5.630643963813781738e-01 5.386908650398254395e-01
5.303795337677001953e-01 7.317100167274475098e-01 8.014878630638122559e-01 4.740762114524841309e-01 5.679597854614257812e-01 9.370127916336059570e-01
4.302321076393127441e-01 4.876855015754699707e-01 1.813395023345947266e-01 3.823961615562438965e-01 3.564525246620178223e-01 1.975950598716735840e-01
4.470521211624145508e-01 7.760777473449707031e-01 6.089406013488769531e-01 4.927496314048767090e-01 9.939575195312500000e-02 7.875209450721740723e-01
4.679528474807739258e-01 2.548930644989013672e-01 1.109995245933532715e-01 6.155268549919128418e-01 3.966732621192932129e-01 8.009276390075683594e-01
5.194003582000732422e-01 6.417912244796752930e-01 9.998625516891479492e-02 6.499586701393127441e-01 8.143846988677978516e-01 1.348040103912353516e-01
1.139615774154663086e-01 7.161526679992675781e-01 6.645916104316711426e-01 7.714128494262695312e-01 2.787977457046508789e-01 6.863995790481567383e-01
8.994999527931213379e-01 9.069175720214843750e-01 6.269311904907226562e-01 7.384714484214782715e-01 2.453096508979797363e-01 8.048681616783142090e-01
9.216638207435607910e-01 1.794431209564208984e-01 2.943130731582641602e-01 4.275149106979370117e-02 2.933986186981201172e-01 3.692942857742309570e-02
7.756097316741943359e-01 9.330916404724121094e-01 5.264759063720703125e-01 9.760349988937377930e-01 8.677083253860473633e-02 1.692004799842834473e-01
2.503049373626708984e-02 9.769527316093444824e-01 3.794193267822265625e-03 8.303231596946716309e-01 3.879122138023376465e-01 6.823348999023437500e-02
5.902211070060729980e-01 7.506840229034423828e-01 6.570513844490051270e-01 5.758090019226074219e-01 9.990285038948059082e-01 9.435939192771911621e-01
7.917815446853637695e-02 8.952158689498901367e-02 9.428267478942871094e-01 5.458543300628662109e-01 7.543041706085205078e-01 6.643539071083068848e-01
3.824496269226074219e-01 8.346224427223205566e-01 2.289813756942749023e-01 7.031973004341125488e-01 4.165201187133789062e-01 7.616876959800720215e-01
5.189095735549926758e-01 2.007454633712768555e-02 7.871994376182556152e-01 6.686353087425231934e-01 4.209110140800476074e-01 7.433426976203918457e-01
4.295500516891479492e-01 8.574621081352233887e-01 8.594373464584350586e-01 4.891325235366821289e-01 9.553161263465881348e-01 8.608977794647216797e-01
1.901922225952148438e-01 1.094486713409423828e-01 4.190832972526550293e-01 4.342220425605773926e-01 3.765280246734619141e-01 4.383836984634399414e-01
7.808429002761840820e-02 6.577087044715881348e-01 2.264372706413269043e-01 2.002954483032226562e-01 2.857089042663574219e-01 3.703013062477111816e-01
4.541859626770019531e-01 6.432389020919799805e-01 9.481564164161682129e-01 1.034227609634399414e-01 5.766881704330444336e-01 1.930896043777465820e-01
9.473919868469238281e-02 5.980315804481506348e-01 5.386179685592651367e-01 3.099771142005920410e-01 1.389786601066589355e-01 6.429278850555419922e-01
2.863967418670654297e-01 7.853605151176452637e-01 2.082961797714233398e-01 9.368535280227661133e-01 8.797390460968017578e-01 1.811003684997558594e-01
4.434232711791992188e-01 2.334880828857421875e-02 5.489313006401062012e-01 7.130659818649291992e-01 8.380624055862426758e-01 8.645932078361511230e-01
7.491339445114135742e-01 9.758399128913879395e-01 5.744695663452148438e-01 3.702883720397949219e-01 1.720798611640930176e-01 9.158451557159423828e-01
1.901481747627258301e-01 6.153607964515686035e-01 5.043116807937622070e-01 5.819970369338989258e-02 9.768048524856567383e-01 9.832836985588073730e-01
5.741488933563232422e-01 1.494172811508178711e-01 7.534597516059875488e-01 4.403119087219238281e-01 7.514921426773071289e-01 6.527024507522583008e-02
2.232565879821777344e-01 9.644603729248046875e-02 2.755693197250366211e-01 9.342870712280273438e-01 1.808333396911621094e-01 5.965409278869628906e-01
3.182728886604309082e-01 3.444089293479919434e-01 9.272375702857971191e-01 2.352127432823181152e-01 5.764149427413940430e-01 2.226001024246215820e-02
2.312548160552978516e-01 1.976469755172729492e-01 1.658030152320861816e-01 3.259383440017700195e-01 1.715435385704040527e-01 5.150021314620971680e-01
1.966186165809631348e-01 9.740701317787170410e-01 5.455747246742248535e-01 2.795809507369995117e-02 5.819785594940185547e-01 8.937352895736694336e-02
4.946992397308349609e-01 4.423869848251342773e-01 4.486319422721862793e-01 5.318676829338073730e-01 9.949703812599182129e-01 3.178706169128417969e-01
8.119921684265136719e-01 6.542507410049438477e-01 6.055632233619689941e-01 7.506132125854492188e-02 7.065565586090087891e-01 4.525268673896789551e-01
6.378670334815979004e-01 9.116401076316833496e-01 7.897082567214965820e-01 9.821998476982116699e-01 3.386527895927429199e-01 5.584633946418762207e-01
5.116950273513793945e-01 8.932387828826904297e-02 7.757430076599121094e-01 1.006961464881896973e-01 6.431121826171875000e-01 1.971514821052551270e-01
5.615215301513671875e-01 5.038292407989501953e-01 1.125037670135498047e-01 7.402580380439758301e-01 3.262144923210144043e-01 2.604655027389526367e-01
4.763377904891967773e-01 4.434896707534790039e-01 2.080358862876892090e-01 4.729093313217163086e-01 9.001839160919189453e-01 4.921288490295410156e-01
7.658179402351379395e-01 9.334688186645507812e-01 1.946575641632080078e-01 7.777196168899536133e-01 3.668836951255798340e-01 1.373025774955749512e-01
4.807172417640686035e-01 8.772575855255126953e-01 3.653973937034606934e-01 4.957827329635620117e-01 5.335409045219421387e-01 5.904949903488159180e-01
3.140643239021301270e-01 6.638529300689697266e-01 7.908788323402404785e-01 5.233429670333862305e-01 2.579659223556518555e-02 1.769723892211914062e-01
2.260740995407104492e-01 5.336320400238037109e-01 6.107248067855834961e-01 4.841926097869873047e-01 9.982041120529174805e-01 1.041159033775329590e-01
6.080166101455688477e-01 9.488821029663085938e-03 8.573434948921203613e-01 6.389619112014770508e-01 6.500231623649597168e-01 5.659833550453186035e-01
3.290821313858032227e-01 9.709653258323669434e-01 9.866594076156616211e-01 1.441674828529357910e-01 4.441255331039428711e-01 4.968323707580566406e-01
9.955007433891296387e-01 8.422530889511108398e-01 5.701984763145446777e-01 4.002851247787475586e-02 4.076583385467529297e-01 2.420282959938049316e-01
8.746775984764099121e-01 4.518324732780456543e-01 6.903544068336486816e-01 4.457954764366149902e-01 5.136011242866516113e-01 9.075065255165100098e-01
7.559180259704589844e-03 3.525402545928955078e-01 8.101378083229064941e-01 9.022282361984252930e-01 9.593479037284851074e-01 2.876119613647460938e-01
8.298836946487426758e-01 8.242278695106506348e-01 7.067221999168395996e-01 6.548652648925781250e-01 5.486282706260681152e-01 4.899384975433349609e-01
2.029607892036437988e-01 2.215600013732910156e-02 7.179906368255615234e-01 3.219256401062011719e-01 9.686023592948913574e-01 4.767864942550659180e-01
1.302987933158874512e-01 4.060410857200622559e-01 5.209019184112548828e-01 5.971201658248901367e-01 2.539283037185668945e-02 4.067177772521972656e-01
6.943760514259338379e-01 9.635358452796936035e-01 2.162983417510986328e-01 6.502379775047302246e-01 9.224027395248413086e-01 6.702567338943481445e-01
4.130979180335998535e-01 3.128897547721862793e-01 2.275764346122741699e-01 6.271606683731079102e-02 8.043870329856872559e-01 7.692094445228576660e-01
6.611802577972412109e-01 9.708427190780639648e-01 2.765978574752807617e-01 3.113572001457214355e-01 6.633151173591613770e-01 3.946974873542785645e-01
6.931248307228088379e-01 4.227304458618164062e-01 7.910999655723571777e-01 6.402226090431213379e-01 2.023698687553405762e-01 8.280431628227233887e-01
6.017262935638427734e-01 7.262024283409118652e-01 7.094565033912658691e-01 8.064736723899841309e-01 3.865690231323242188e-01 2.550184726715087891e-03
8.207827806472778320e-02 3.611963987350463867e-02 7.034022212028503418e-01 1.839852333068847656e-02 5.774362683296203613e-01 5.342456102371215820e-01
7.897961139678955078e-02 5.531509518623352051e-01 2.095020413398742676e-01 3.359300494194030762e-01 9.652270674705505371e-01 1.308077573776245117e-02
8.063001036643981934e-01 7.782300710678100586e-01 2.595253586769104004e-01 5.654373168945312500e-01 2.468430399894714355e-01 5.476171374320983887e-01
2.800309062004089355e-01 8.665462136268615723e-01 2.441060543060302734e-02 3.569972515106201172e-01 7.172976732254028320e-01 7.267791032791137695e-01
8.015000820159912109e-01 3.821873068809509277e-01 3.594995737075805664e-01 6.878460049629211426e-01 8.357528448104858398e-01 4.980021715164184570e-01
9.959713220596313477e-01 9.425354003906250000e-02 6.927641630172729492e-01 3.227840662002563477e-01 3.742591738700866699e-01 4.538643360137939453e-01
8.997693061828613281e-01 8.862709403038024902e-01 9.455518126487731934e-01 3.462105989456176758e-01 8.362564444541931152e-01 4.814211130142211914e-01
9.007605314254760742e-01 3.680918812751770020e-01 9.300045371055603027e-01 9.681543111801147461e-01 7.548948526382446289e-01 3.131237626075744629e-01
3.459345102310180664e-01 4.701129794120788574e-01 4.809242486953735352e-01 2.706609964370727539e-01 7.774421572685241699e-01 1.811276078224182129e-01
5.372840762138366699e-01 1.330993771553039551e-01 8.774888515472412109e-02 3.750559687614440918e-01 3.553705215454101562e-01 8.910661935806274414e-02
6.535272598266601562e-01 9.102020263671875000e-01 1.065051555633544922e-01 3.996768593788146973e-01 7.093948125839233398e-02 1.618748307228088379e-01
1.099298596382141113e-01 7.796524167060852051e-01 7.151545286178588867e-01 5.156350135803222656e-02 2.950530648231506348e-01 9.720583558082580566e-01
2.058468461036682129e-01 4.051503539085388184e-01 4.506154656410217285e-01 4.400312900543212891e-02 8.900186419486999512e-01 3.574326634407043457e-01
4.275422096252441406e-01 5.534335970878601074e-01 9.176438450813293457e-01 2.889370918273925781e-02 1.064211130142211914e-02 3.336395621299743652e-01
5.761081576347351074e-01 7.812527418136596680e-01 4.548593759536743164e-01 6.354800462722778320e-01 3.289214372634887695e-01 6.714770197868347168e-01
9.193021059036254883e-02 4.077808856964111328e-01 2.411100268363952637e-01 4.610586762428283691e-01 5.194381475448608398e-01 9.512308239936828613e-01
6.942689418792724609e-02 5.810454487800598145e-01 8.130991458892822266e-01 9.709013700485229492e-01 6.384657025337219238e-01 9.552077054977416992e-01
7.342425584793090820e-01 2.324932217597961426e-01 9.072414040565490723e-01 8.700284957885742188e-01 6.480806469917297363e-01 3.743809461593627930e-02
9.408726096153259277e-01 7.332461476325988770e-01 7.985017895698547363e-01 6.687569618225097656e-02 4.103952646255493164e-02 2.373319864273071289e-01
1.301732659339904785e-01 8.561486005783081055e-01 6.332575082778930664e-01 1.293130517005920410e-01 3.252686262130737305e-01 6.735970377922058105e-01
5.526314377784729004e-01 6.693168282508850098e-01 4.642331600189208984e-01 5.355455279350280762e-01 5.651955604553222656e-01 6.081017851829528809e-01
9.395623207092285156e-02 2.238512039184570312e-01 6.585246324539184570e-01 6.727463006973266602e-01 4.531661868095397949e-01 2.752298712730407715e-01
5.404928326606750488e-01 2.242540717124938965e-01 2.493747472763061523e-01 3.834769725799560547e-01 4.182480573654174805e-01 3.145796656608581543e-01
3.466307520866394043e-01 5.567227602005004883e-01 4.531900286674499512e-01 8.289631009101867676e-01 4.095545411109924316e-01 2.705935835838317871e-01
4.039655923843383789e-01 1.645579338073730469e-01 6.232747435569763184e-01 6.711391210556030273e-01 4.679489135742187500e-01 6.979625225067138672e-01
3.055024743080139160e-01 7.134118080139160156e-01 7.938147187232971191e-01 9.331690073013305664e-01 5.620197653770446777e-01 6.198588013648986816e-01
9.804552197456359863e-01 3.366439938545227051e-01 6.884816288948059082e-01 8.035777807235717773e-01 1.646649241447448730e-01 9.969081878662109375e-01
4.526073336601257324e-01 9.698249101638793945e-01 8.362560272216796875e-01 3.398043513298034668e-01 2.320535778999328613e-01 1.247488856315612793e-01
3.261481523513793945e-01 9.931716918945312500e-01 4.409555196762084961e-01 5.260447859764099121e-01 3.896282315254211426e-01 1.598984003067016602e-02
6.185035109519958496e-01 4.337206482887268066e-01 8.053219318389892578e-01 6.879338026046752930e-01 9.058876037597656250e-01 9.433205127716064453e-01
1.814724802970886230e-01 5.772505998611450195e-01 4.479210972785949707e-01 1.765412092208862305e-01 6.713975667953491211e-01 9.414785504341125488e-01
3.635175824165344238e-01 6.510306000709533691e-01 2.247846722602844238e-01 4.415774941444396973e-01 5.341100692749023438e-02 6.291747093200683594e-01
3.794218301773071289e-01 5.581401586532592773e-01 8.698664903640747070e-01 7.328680753707885742e-01 7.351824045181274414e-01 2.307476997375488281e-01
2.264423966407775879e-01 8.208036422729492188e-02 4.538221955299377441e-01 8.326042294502258301e-01 9.385812282562255859e-01 6.134230494499206543e-01
8.082835078239440918e-01 3.575810194015502930e-01 3.008638024330139160e-01 9.602364301681518555e-01 6.476214528083801270e-01 8.381122350692749023e-02
4.343627691268920898e-01 3.003116250038146973e-01 1.888647675514221191e-01 5.716820359230041504e-01 4.259368181228637695e-01 9.782397747039794922e-02
5.964273214340209961e-01 6.924464702606201172e-01 7.494474649429321289e-01 6.467047929763793945e-01 4.508550167083740234e-01 7.355179190635681152e-01
8.924521803855895996e-01 7.296324372291564941e-01 6.272614002227783203e-01 1.233461499214172363e-01 1.671299338340759277e-01 9.676298499107360840e-01
9.612912535667419434e-01 7.634800076484680176e-01 4.976800084114074707e-01 6.296647191047668457e-01 4.757655858993530273e-01 5.894043445587158203e-01
