3.822562032145090938e-02
-5.626346349286546200e-01
-7.679026989585384655e-01
3.829472099345008207e-01
-2.093684140498580648e-02
-6.034301625156810456e-01
-9.931742766977046388e-01
-1.307074885404305165e-01
-6.780323498143259187e-01
-1.376450793390553429e-01
-5.939539163484581774e-01
-6.611642597381532926e-01
-3.901353550854061991e-01
-8.660032755514754377e-02
-3.818374114726442725e-01
6.532148826436043332e-02
-1.292475825466322892e+00
-9.499711195388635954e-01
-1.074138119522388912e+00
1.528850582018242421e-01
3.256463001520293332e-01
-3.012139494131758077e-01
-4.103086074482811818e-01
-8.842090477411714833e-01
1.872883012279311088e-02
-6.384428626531166717e-01
-6.565582764770149238e-01
-4.022641534100427352e-01
-1.358636595149222082e+00
-5.218369550404644563e-01
2.448521777933942989e-02
6.160434976101082372e-01
-8.408142580295971946e-01
-2.633424979657820186e-01
4.941713780874052442e-01
-4.226992672732903245e-01
-6.358258880459358720e-01
2.805603837128212708e-01
-7.970223167595278380e-01
9.797707672479390173e-02
-2.266278657676394359e-01
-3.392500886081042943e-01
-3.724125920130060274e-01
4.044609458694861659e-01
-9.162665134096245056e-01
3.012946741360568170e-01
-9.330594274397846499e-01
6.441961910419587989e-01
5.612173338560377811e-01
1.087358134103787732e-01
-5.979392253529789425e-01
1.536102074522027461e-01
-6.719600975240590524e-01
-5.925309926889939238e-02
-1.041880561661978621e+00
-2.310377504923128433e-01
-7.902050353671818961e-01
8.886259750907009591e-01
-3.476195119325944938e-02
5.631293381257892472e-01
-6.217753957063925085e-01
1.718791855724478568e-01
7.124213685748292946e-01
-3.296953070368288108e-01
6.715724389994013332e-01
-1.103334397656886789e+00
-3.041731275247188671e-01
-7.933771350480912643e-01
-1.968566187003752410e-01
-8.643393851530767336e-02
-3.797790443342880518e-01
1.106726325502101482e-01
5.586315515743001114e-01
-9.883610160521846266e-01
-7.254574639760212884e-01
-2.642437487769867532e-01
-2.249476224742695263e-01
1.599986431947632015e-01
-2.482141264984652484e-01
4.189837154507448647e-01
-3.883557339668164965e-01
-1.008138354782249557e+00
-1.876268684763647832e-01
1.687099501017158276e-01
-4.062291489366621766e-01
-4.899234660462204460e-01
-8.840501040485408968e-01
-1.845158757086965973e-01
4.521154631551876912e-02
-6.974668782561534996e-01
-2.168804799271680656e-02
-9.597279562232452488e-02
-1.263538830315921180e-01
-3.838411077141131722e-01
-2.895799179688645086e-01
-3.698024925334972846e-01
-1.130397370611618824e-01
-1.370685057542994356e-01
-3.414607699283189746e-01
-2.029444810581622072e-01
1.056474011308070615e-01
-5.694114183268086382e-01
-8.944376078217218806e-01
3.397277619357104705e-01
3.243084039665454776e-01
-2.762577111393405005e-01
-2.152393259939524572e-01
7.808879265457080443e-02
-7.070215106881848344e-02
-6.749435844631639370e-01
