-2.435467391266224468e-02
1.217626128344800884e-01
4.290299974021762885e-01
2.671178353822193374e-01
4.315708521566509748e-01
4.918295133224912519e-01
5.622925855947057405e-01
5.801895949908167927e-01
6.931869146168526674e-01
7.531532963991670604e-01
7.484219239527385437e-01
8.059717389581856350e-01
8.090255873326094305e-01
7.760725559859447120e-01
7.753548522037418955e-01
8.020288306970422276e-01
7.925447995533658752e-01
7.961704850735614736e-01
8.223526851716309594e-01
8.186966557284807156e-01
8.175784495980198407e-01
8.154712061168416515e-01
8.196716868747520035e-01
8.203994107732817120e-01
8.200433716598830580e-01
8.232430035764348730e-01
8.242899259359784958e-01
8.349851938949527375e-01
8.353103191175941244e-01
8.355048243256908425e-01
8.355308686667142215e-01
8.356006549593195665e-01
8.346380182991303132e-01
8.345426721895252697e-01
8.347324649450040823e-01
8.371745826499309429e-01
8.387264229766522305e-01
8.388700052044286704e-01
8.389189926763117588e-01
8.398594941600113772e-01
8.403479022047105618e-01
8.424376127231865130e-01
8.430693472977359715e-01
8.428356928116161884e-01
8.430452108099374398e-01
8.431487575412270896e-01
8.433319531239692468e-01
8.433270257128369085e-01
8.426776948840805082e-01
8.427722738644101153e-01
8.358191764980203997e-01
8.363340054958091629e-01
8.432007684992965935e-01
8.435156601232743911e-01
8.433493868733447085e-01
8.433367987428073143e-01
8.434106183663255818e-01
8.436300579256487131e-01
8.454201416500846111e-01
8.454013280012238063e-01
8.453519464721506171e-01
8.453357598208843804e-01
8.453543412915770494e-01
8.453884557659520071e-01
8.453539773603320207e-01
8.453485907500881691e-01
8.453050223000538876e-01
8.453513385115366541e-01
8.453983252360403045e-01
8.453802508861385512e-01
8.453624068392803226e-01
8.453639001274380060e-01
8.453526897498678805e-01
8.453710304761488104e-01
8.453834363403261998e-01
8.453680192191628251e-01
8.453672690710457571e-01
8.454415321011513607e-01
8.454407277812977517e-01
8.454755780730652814e-01
8.454551858798791120e-01
8.454848985667293704e-01
8.454848888637033211e-01
8.454861588336959333e-01
8.455001068543918086e-01
8.454993884988728503e-01
8.455026168610388915e-01
8.455062846580169156e-01
8.455049952030576632e-01
8.454307347357551405e-01
8.454204292649637464e-01
8.454220036741388888e-01
8.454175060512201245e-01
8.454241099191519559e-01
8.454561531697848409e-01
8.454526770040563521e-01
8.455298675916198547e-01
8.455532397098104447e-01
8.455482242027594353e-01
8.455354766506602004e-01
