1.328850651084024226e-01
1.328850651084024226e-01
1.328850651084024226e-01
1.328850651084024226e-01
1.914962161384639872e-01
1.914962161384639872e-01
1.914962161384639872e-01
1.914962161384639872e-01
1.914962161384639872e-01
1.914962161384639872e-01
1.914962161384639872e-01
1.914962161384639872e-01
1.914962161384639872e-01
1.914962161384639872e-01
1.914962161384639872e-01
1.914962161384639872e-01
1.914962161384639872e-01
1.914962161384639872e-01
1.914962161384639872e-01
1.914962161384639872e-01
1.914962161384639872e-01
1.914962161384639872e-01
1.914962161384639872e-01
1.914962161384639872e-01
1.914962161384639872e-01
1.914962161384639872e-01
1.914962161384639872e-01
1.914962161384639872e-01
1.914962161384639872e-01
2.037356210857033667e-01
2.037356210857033667e-01
2.037356210857033667e-01
2.037356210857033667e-01
2.037356210857033667e-01
2.037356210857033667e-01
2.037356210857033667e-01
2.037356210857033667e-01
2.037356210857033667e-01
2.037356210857033667e-01
2.037356210857033667e-01
2.037356210857033667e-01
2.037356210857033667e-01
2.037356210857033667e-01
2.037356210857033667e-01
2.037356210857033667e-01
2.755999413350208038e-01
2.755999413350208038e-01
2.755999413350208038e-01
2.755999413350208038e-01
2.755999413350208038e-01
