-4.820266239651973539e-01
-6.254585251975601778e-01
5.234022241837026357e-01
6.027270358693570529e-02
1.466216641465946102e-01
3.228363501689490711e-01
-4.854564133560851369e-01
-3.182384438724090714e-01
-4.270735233477389037e-01
-1.664582677534734434e-01
1.830581640886884687e-01
-1.903729223954433447e-01
-7.249903436563308601e-01
-1.914328537883147607e-02
5.908133617466914123e-01
3.616842692469786069e-01
5.126187248600109214e-01
-1.447847579217564906e-02
-6.489174015521388394e-01
-3.597037342298270435e-02
-1.283191447747737413e-01
1.000117490165666645e+00
4.343451964626799944e-01
-4.254820842452272656e-02
-3.901252548720888780e-01
1.544265038747772989e-01
7.781148584173447347e-01
-7.122183715499595946e-01
-5.099370563032401549e-01
-2.187780958888049243e-01
-1.209608439038409866e-01
-4.241919835361113722e-01
-3.575754387840346382e-02
7.126512951761141412e-01
-2.788617379506830307e-02
-7.033993868625865176e-02
6.947563014099031875e-01
-7.308032519584284348e-02
-2.055500409771052750e-01
-2.951192869648422978e-01
-8.485040692663132766e-01
1.336767872764060838e-01
7.712603200952303784e-01
7.560828759164617274e-02
4.043932011347724509e-01
-6.346927386625844658e-02
-4.235269175081245452e-01
5.586250211350133332e-01
-2.362011529581560243e-01
-8.285843723059055366e-02
-1.004935144045648876e-03
-4.117240441366900594e-01
-6.514543740865510468e-01
-4.329091645724898463e-01
5.761047434355464070e-01
-3.635622244014356519e-01
-1.986725047091353336e-02
-2.824597109908497661e-01
7.225455273187361138e-01
6.392233369562236867e-01
-2.249074653301487148e-01
-1.191711543673708018e-01
1.044871488928744707e-02
-6.227963859262078961e-01
3.192576728732865465e-02
2.184466588494615724e-01
-3.488430826346019531e-01
6.121398249421985405e-01
-4.625510862737954865e-01
-5.083686145730681449e-01
2.433591988566768949e-01
-1.671410909350976581e-01
3.970370215878928910e-01
-3.552895306382247709e-01
8.571839815316733002e-01
8.643418878421926799e-02
-9.342264105768560700e-02
-6.806418895918342482e-01
3.486921198014069079e-01
-5.025093623013774380e-01
-1.322331346927706486e-01
7.482886633909789920e-01
-1.732549640048878237e-01
-2.184529202411202853e-01
7.475474160081885255e-01
1.479747318526750677e-01
-6.101558419587521653e-01
1.741918711963180710e-01
2.567780879681688111e-01
-3.353999984632513032e-01
7.584779638061143192e-01
-1.334138600621386228e-01
-3.606403906010386962e-01
3.390268451087128376e-01
6.633244661557524680e-02
-6.239707960598076530e-01
1.657035099755208574e-01
-4.483942558585574112e-02
-3.833801177391511494e-01
3.561897669564101365e-02
3.103084425309609040e-01
5.320757598915407671e-01
6.364752305070022764e-01
5.261958331613489914e-01
-8.796184519835215099e-02
6.066044606898843838e-01
-3.204341608822681708e-01
-6.542503544957670725e-01
1.110917083382494397e-01
8.684779161307010220e-01
