2.606330513954162598e-01 1.194316148757934570e-01 3.284856677055358887e-01 7.037169933319091797e-01
2.905538678169250488e-01 8.128327131271362305e-01 2.734991312026977539e-01 4.575752615928649902e-01
5.501866340637207031e-03 3.694153428077697754e-01 4.289556741714477539e-01 3.465452790260314941e-01
4.876108169555664062e-01 8.872548937797546387e-01 8.495140075683593750e-01 2.448726296424865723e-01
9.012608528137207031e-01 3.191561698913574219e-01 4.150688052177429199e-01 7.836287021636962891e-01
5.816599726676940918e-01 8.756401538848876953e-01 6.914854645729064941e-01 6.088514328002929688e-01
6.383111476898193359e-01 9.821048378944396973e-01 4.063432216644287109e-01 2.354200482368469238e-01
8.226549625396728516e-02 1.152006387710571289e-01 2.334401607513427734e-01 6.706644892692565918e-01
4.350599646568298340e-01 1.697364449501037598e-01 1.862455606460571289e-01 7.567284107208251953e-01
7.872814536094665527e-01 3.989937901496887207e-01 2.386236786842346191e-01 9.008299112319946289e-01
8.205055594444274902e-01 5.343169569969177246e-01 1.542987823486328125e-01 1.765648722648620605e-01
1.627832651138305664e-02 2.546515464782714844e-01 8.837674260139465332e-01 8.292052745819091797e-01
7.154643535614013672e-02 1.707230806350708008e-01 5.701987743377685547e-01 2.999335527420043945e-02
6.344546675682067871e-01 5.335175991058349609e-02 4.699751734733581543e-01 7.445250749588012695e-01
1.926792263984680176e-01 6.166560649871826172e-01 4.463684558868408203e-01 2.925787568092346191e-01
4.684042930603027344e-02 3.212529420852661133e-02 4.779070615768432617e-01 4.662961959838867188e-01
4.002023339271545410e-01 8.991311192512512207e-01 5.108604431152343750e-01 8.253262042999267578e-01
4.637123942375183105e-01 8.560417294502258301e-01 5.340575575828552246e-01 3.399868011474609375e-01
4.732307791709899902e-01 7.697812914848327637e-01 6.823486089706420898e-02 7.211911082267761230e-01
4.084935188293457031e-01 3.138148784637451172e-02 2.907079458236694336e-02 1.952596306800842285e-01
9.892663359642028809e-01 8.390597105026245117e-01 6.064237952232360840e-01 2.003456354141235352e-01
8.766148090362548828e-01 1.162376999855041504e-01 5.561618804931640625e-01 5.728554129600524902e-01
6.241518259048461914e-01 4.624150991439819336e-01 6.786841154098510742e-01 9.750933051109313965e-01
7.057673931121826172e-01 5.393267869949340820e-01 2.704239487648010254e-01 3.905636072158813477e-02
5.800654888153076172e-01 6.570398211479187012e-01 3.179520368576049805e-01 7.933489084243774414e-01
3.981167078018188477e-02 4.116474390029907227e-01 2.912266850471496582e-01 2.187788486480712891e-03
2.869618535041809082e-01 2.116894721984863281e-01 4.275408387184143066e-01 1.702968478202819824e-01
6.060552000999450684e-01 1.603208780288696289e-01 9.334263205528259277e-01 1.677423119544982910e-01
2.428143620491027832e-01 5.434232950210571289e-01 1.877644062042236328e-01 5.330505371093750000e-01
6.369934678077697754e-01 4.595470428466796875e-01 6.467497944831848145e-01 3.718179464340209961e-01
1.876996755599975586e-01 5.973401069641113281e-01 4.604317545890808105e-01 8.405306935310363770e-01
6.954325437545776367e-01 8.072912693023681641e-02 7.668213248252868652e-01 9.156291484832763672e-01
4.628809690475463867e-01 8.397728204727172852e-01 9.572803974151611328e-02 3.684352040290832520e-01
5.504507422447204590e-01 2.113550305366516113e-01 2.083553671836853027e-01 5.088546276092529297e-01
2.452329993247985840e-01 3.587925434112548828e-01 5.890505313873291016e-01 9.271043539047241211e-02
9.535142183303833008e-01 5.910021662712097168e-01 4.651753902435302734e-01 3.393051028251647949e-01
5.628764033317565918e-01 6.960288882255554199e-01 8.675551414489746094e-02 9.242892265319824219e-03
6.611480712890625000e-01 5.987943410873413086e-01 8.227968215942382812e-02 8.943831920623779297e-02
7.949211001396179199e-01 8.710913658142089844e-01 1.054015159606933594e-01 8.378784656524658203e-01
8.804374933242797852e-02 2.932614684104919434e-01 9.905411005020141602e-01 5.677853822708129883e-01
4.004898667335510254e-01 7.682735323905944824e-01 3.525662422180175781e-02 9.519826173782348633e-01
2.891599535942077637e-01 7.355178594589233398e-01 6.480872631072998047e-03 9.303061366081237793e-01
5.373591780662536621e-01 2.346744537353515625e-01 3.295689821243286133e-01 7.004936337471008301e-01
3.382292985916137695e-01 5.931606292724609375e-01 7.367614507675170898e-01 6.344078779220581055e-01
3.483692407608032227e-01 9.841014146804809570e-01 2.081214189529418945e-01 3.800182938575744629e-01
8.770313262939453125e-01 2.773714661598205566e-01 1.234654188156127930e-01 4.403690099716186523e-01
1.498717665672302246e-01 8.901124596595764160e-01 5.815035104751586914e-02 8.317638039588928223e-01
1.633048057556152344e-01 6.127945184707641602e-01 8.969996571540832520e-01 5.966041088104248047e-01
3.390347957611083984e-01 6.841842532157897949e-01 1.141798496246337891e-01 6.278463602066040039e-01
4.708234071731567383e-01 3.190191984176635742e-01 2.107292413711547852e-02 5.033033490180969238e-01
8.656465411186218262e-01 7.005468606948852539e-01 2.131444215774536133e-01 3.431025147438049316e-01
9.311833977699279785e-01 6.498289704322814941e-01 1.894615292549133301e-01 8.150297403335571289e-02
4.551842808723449707e-01 6.616030335426330566e-01 6.201020479202270508e-01 9.697304368019104004e-01
4.238808751106262207e-01 3.147315979003906250e-02 2.578139901161193848e-01 1.757268309593200684e-01
3.963242173194885254e-01 1.704633235931396484e-03 7.676627039909362793e-01 8.486871123313903809e-01
3.182130455970764160e-01 7.262940406799316406e-01 4.330428838729858398e-01 4.156699776649475098e-01
1.191886067390441895e-01 2.622264623641967773e-02 4.273977875709533691e-01 7.391452789306640625e-01
8.672720193862915039e-01 4.023020267486572266e-01 1.125848293304443359e-02 3.124649524688720703e-01
1.540506482124328613e-01 1.259082555770874023e-02 4.709302186965942383e-01 6.238401532173156738e-01
1.478714942932128906e-01 4.923838376998901367e-02 3.372948169708251953e-01 2.703499794006347656e-01
3.395246863365173340e-01 8.467098474502563477e-01 6.122792363166809082e-01 9.192638993263244629e-01
4.494202733039855957e-01 1.354757547378540039e-01 8.989216089248657227e-01 8.341399431228637695e-01
8.447567224502563477e-01 1.694034934043884277e-01 7.261337637901306152e-01 8.495173454284667969e-01
6.809913516044616699e-01 8.519241213798522949e-01 9.521269202232360840e-01 9.171273112297058105e-01
5.282822847366333008e-01 7.542946338653564453e-01 9.863180518150329590e-01 6.105095148086547852e-01
4.044889211654663086e-01 6.223291754722595215e-01 4.494231343269348145e-01 3.344014883041381836e-01
9.898638129234313965e-01 8.665959835052490234e-01 9.207519292831420898e-01 1.044352650642395020e-01
6.544100046157836914e-01 6.575671434402465820e-01 4.162788391113281250e-04 1.729130744934082031e-01
3.050427436828613281e-01 5.851083993911743164e-01 5.641034245491027832e-01 4.711245894432067871e-01
4.679847955703735352e-01 8.935908675193786621e-01 3.969276547431945801e-01 8.905953168869018555e-02
6.914957165718078613e-01 1.369729638099670410e-01 7.555115222930908203e-01 2.760940194129943848e-01
1.323752999305725098e-01 9.034897089004516602e-01 8.379474878311157227e-01 6.327298879623413086e-01
3.056185245513916016e-01 2.178897261619567871e-01 7.945187091827392578e-01 5.787068605422973633e-02
5.949121117591857910e-01 6.810832023620605469e-01 7.090443372726440430e-01 6.970781683921813965e-01
7.597419619560241699e-01 8.608016967773437500e-01 8.569607734680175781e-01 4.425064921379089355e-01
1.439908146858215332e-01 4.278307557106018066e-01 7.255855798721313477e-01 8.680691123008728027e-01
3.757743239402770996e-01 8.418613076210021973e-01 2.482060194015502930e-01 6.954302787780761719e-01
2.409267425537109375e-01 5.461047291755676270e-01 2.118628621101379395e-01 2.249121665954589844e-01
8.210182189941406250e-03 9.254188537597656250e-01 4.189760684967041016e-01 2.678464651107788086e-01
8.739072084426879883e-02 7.964942455291748047e-01 4.565553069114685059e-01 4.409882426261901855e-01
9.590829610824584961e-01 1.231908798217773438e-01 8.487865328788757324e-01 5.931429862976074219e-01
8.605130910873413086e-01 6.506133079528808594e-01 2.461133599281311035e-01 8.850087523460388184e-01
3.898177146911621094e-01 6.409640312194824219e-01 7.959569692611694336e-01 9.385407567024230957e-01
7.407662868499755859e-01 9.230167865753173828e-01 5.501757264137268066e-01 5.797995924949645996e-01
9.800779223442077637e-01 2.162638902664184570e-01 3.768250346183776855e-01 3.215182423591613770e-01
7.902784943580627441e-01 5.849955677986145020e-01 4.781739711761474609e-01 2.237133383750915527e-01
8.625414371490478516e-01 6.061834096908569336e-02 5.329931378364562988e-01 3.668687343597412109e-01
5.229247808456420898e-01 3.357622623443603516e-01 5.234452486038208008e-01 2.993326187133789062e-01
7.017034292221069336e-02 8.730658292770385742e-01 9.448595046997070312e-01 4.200702905654907227e-01
2.272659540176391602e-02 3.052132725715637207e-01 2.533023357391357422e-01 7.994377613067626953e-01
7.636984586715698242e-01 9.977300167083740234e-01 1.180231571197509766e-03 7.915593385696411133e-01
4.148675799369812012e-01 6.746977567672729492e-02 8.644769787788391113e-01 3.712441921234130859e-01
4.380038380622863770e-01 1.231300830841064453e-02 9.276287555694580078e-01 4.191458225250244141e-02
8.240038156509399414e-02 4.313827753067016602e-01 9.853584170341491699e-01 6.633444428443908691e-01
7.369615435600280762e-01 1.246535778045654297e-01 1.346197128295898438e-01 4.473200440406799316e-01
8.219671249389648438e-02 5.802157521247863770e-01 1.460275053977966309e-01 1.553987860679626465e-01
4.766350388526916504e-01 7.209819555282592773e-02 8.876066803932189941e-01 3.514355421066284180e-02
8.217275142669677734e-01 1.599833965301513672e-01 7.703275680541992188e-01 8.568021655082702637e-01
8.008559346199035645e-01 7.558575272560119629e-01 1.222667694091796875e-01 6.119250059127807617e-01
5.432745218276977539e-01 7.052807211875915527e-01 7.956433892250061035e-01 6.360194683074951172e-01
2.295855283737182617e-01 5.292629599571228027e-01 2.695737481117248535e-01 8.132291436195373535e-01
6.572753190994262695e-02 6.503536701202392578e-01 4.499787092208862305e-01 1.011417508125305176e-01
5.639905929565429688e-01 6.098162531852722168e-01 5.880746841430664062e-01 7.326308488845825195e-01
7.188733220100402832e-01 6.141288876533508301e-01 3.999205231666564941e-01 9.319000840187072754e-01
4.934221506118774414e-01 4.223167300224304199e-01 6.402182579040527344e-02 5.981019735336303711e-01
1.801231503486633301e-01 5.417221784591674805e-02 6.089969873428344727e-01 6.122928857803344727e-01
8.431793451309204102e-01 5.927010774612426758e-01 8.569427728652954102e-01 7.085974216461181641e-01
9.860776066780090332e-01 9.442536830902099609e-01 1.398400068283081055e-01 3.969793319702148438e-01
4.833304882049560547e-01 8.840772509574890137e-01 7.000041604042053223e-01 1.767995357513427734e-01
8.384873270988464355e-01 8.195995092391967773e-01 1.550093293190002441e-01 1.650642752647399902e-01
