1.789409518241882324e-01 7.268502116203308105e-01 6.040709614753723145e-01 9.818338751792907715e-01 1.099318265914916992e-02 5.021747350692749023e-01
5.565314292907714844e-01 1.181000471115112305e-01 7.092738151550292969e-01 1.747882962226867676e-01 6.209974288940429688e-01 3.849533796310424805e-01
5.732583999633789062e-01 5.201844573020935059e-01 5.301643013954162598e-01 9.273753166198730469e-01 3.592016100883483887e-01 1.055946946144104004e-01
7.394184470176696777e-01 7.897452116012573242e-01 3.910756111145019531e-02 2.825461626052856445e-01 6.569415330886840820e-01 9.595485925674438477e-01
6.245267987251281738e-01 4.495877027511596680e-02 5.499010682106018066e-01 9.771803021430969238e-01 7.030906081199645996e-01 7.072164416313171387e-01
5.398736000061035156e-01 3.779941797256469727e-02 2.716150283813476562e-01 8.678572773933410645e-01 1.722586154937744141e-01 7.169010043144226074e-01
4.012661576271057129e-01 6.249340176582336426e-01 1.971998214721679688e-01 3.028382658958435059e-01 8.397188186645507812e-01 7.500376105308532715e-01
9.766346216201782227e-02 1.560297012329101562e-01 4.178583621978759766e-03 8.712035417556762695e-02 4.581298828125000000e-01 8.902122378349304199e-01
1.761447787284851074e-01 6.200854778289794922e-01 4.391397237777709961e-01 3.502047061920166016e-02 5.522266626358032227e-01 5.632901787757873535e-01
9.156976342201232910e-01 8.936515450477600098e-01 2.989799976348876953e-01 7.434257268905639648e-01 8.081563711166381836e-01 6.644149422645568848e-01
0.000000000000000000e+00 1.000000000000000000e+00 0.000000000000000000e+00 1.000000000000000000e+00 0.000000000000000000e+00 1.000000000000000000e+00
7.175582647323608398e-01 1.000000000000000000e+00 5.146107673645019531e-01 1.000000000000000000e+00 0.000000000000000000e+00 1.000000000000000000e+00
0.000000000000000000e+00 1.000000000000000000e+00 5.724844336509704590e-01 1.000000000000000000e+00 0.000000000000000000e+00 6.476895213127136230e-01
1.000000000000000000e+00 5.674286484718322754e-01 6.594849824905395508e-01 1.000000000000000000e+00 0.000000000000000000e+00 1.000000000000000000e+00
0.000000000000000000e+00 5.046659708023071289e-01 6.601311564445495605e-01 1.000000000000000000e+00 0.000000000000000000e+00 1.000000000000000000e+00
1.000000000000000000e+00 9.853821992874145508e-01 1.000000000000000000e+00 7.390930056571960449e-01 0.000000000000000000e+00 8.599522709846496582e-01
5.536216497421264648e-01 9.271026849746704102e-01 9.802911281585693359e-01 1.000000000000000000e+00 1.000000000000000000e+00 1.000000000000000000e+00
6.481610536575317383e-01 5.946673154830932617e-01 5.182829499244689941e-01 1.000000000000000000e+00 0.000000000000000000e+00 7.980613708496093750e-01
8.253990411758422852e-01 4.853498339653015137e-01 2.419971972703933716e-01 1.000000000000000000e+00 0.000000000000000000e+00 8.003380298614501953e-01
5.762159228324890137e-01 5.818572044372558594e-01 7.271564602851867676e-01 1.000000000000000000e+00 0.000000000000000000e+00 8.261911869049072266e-01
5.629405379295349121e-01 5.482482314109802246e-01 7.936316728591918945e-01 1.000000000000000000e+00 0.000000000000000000e+00 9.110865592956542969e-01
6.690623164176940918e-01 5.719147920608520508e-01 7.781682014465332031e-01 1.000000000000000000e+00 0.000000000000000000e+00 7.117917537689208984e-01
5.775893330574035645e-01 5.780701637268066406e-01 7.111904025077819824e-01 8.751114606857299805e-01 0.000000000000000000e+00 8.103434443473815918e-01
5.764586329460144043e-01 6.570857167243957520e-01 7.453709244728088379e-01 1.000000000000000000e+00 1.546972095966339111e-01 7.874451279640197754e-01
5.914925336837768555e-01 5.007170438766479492e-01 7.349271178245544434e-01 1.000000000000000000e+00 0.000000000000000000e+00 7.614620923995971680e-01
5.766283869743347168e-01 6.625594496726989746e-01 7.980001568794250488e-01 1.000000000000000000e+00 0.000000000000000000e+00 7.653149366378784180e-01
6.178589463233947754e-01 1.000000000000000000e+00 9.312400221824645996e-01 1.000000000000000000e+00 4.137660861015319824e-01 4.580003917217254639e-01
1.674381643533706665e-01 9.439686536788940430e-01 4.407402276992797852e-01 1.000000000000000000e+00 1.000000000000000000e+00 1.000000000000000000e+00
1.000000000000000000e+00 1.000000000000000000e+00 0.000000000000000000e+00 0.000000000000000000e+00 0.000000000000000000e+00 0.000000000000000000e+00
1.000000000000000000e+00 1.000000000000000000e+00 0.000000000000000000e+00 1.000000000000000000e+00 0.000000000000000000e+00 0.000000000000000000e+00
0.000000000000000000e+00 0.000000000000000000e+00 0.000000000000000000e+00 1.000000000000000000e+00 0.000000000000000000e+00 0.000000000000000000e+00
4.769520461559295654e-02 3.301138877868652344e-01 9.188650846481323242e-01 8.880924582481384277e-01 9.590257406234741211e-01 9.473085403442382812e-01
7.253028750419616699e-01 6.148040294647216797e-01 6.892549991607666016e-01 1.000000000000000000e+00 0.000000000000000000e+00 6.985499262809753418e-01
5.917363762855529785e-01 4.725274741649627686e-01 8.254379630088806152e-01 1.000000000000000000e+00 0.000000000000000000e+00 8.084821701049804688e-01
5.525158047676086426e-01 5.923514366149902344e-01 7.418628334999084473e-01 1.000000000000000000e+00 1.536972224712371826e-01 8.362557291984558105e-01
0.000000000000000000e+00 1.000000000000000000e+00 1.000000000000000000e+00 4.637396037578582764e-01 1.000000000000000000e+00 1.000000000000000000e+00
4.937848746776580811e-01 5.578966140747070312e-01 8.048326373100280762e-01 1.000000000000000000e+00 2.948738336563110352e-01 1.000000000000000000e+00
2.079137563705444336e-01 6.600999832153320312e-01 1.000000000000000000e+00 1.000000000000000000e+00 3.712302148342132568e-01 1.000000000000000000e+00
0.000000000000000000e+00 1.000000000000000000e+00 0.000000000000000000e+00 1.000000000000000000e+00 1.000000000000000000e+00 0.000000000000000000e+00
3.009698390960693359e-01 0.000000000000000000e+00 8.779610395431518555e-01 1.000000000000000000e+00 0.000000000000000000e+00 1.000000000000000000e+00
1.000000000000000000e+00 8.444332480430603027e-01 8.757243156433105469e-01 0.000000000000000000e+00 1.000000000000000000e+00 1.000000000000000000e+00
3.312293589115142822e-01 9.391414523124694824e-01 9.772870689630508423e-04 4.285440444946289062e-01 1.798657625913619995e-01 2.497337460517883301e-01
9.936695694923400879e-01 1.530927866697311401e-01 4.810115322470664978e-02 3.203123211860656738e-01 3.793154358863830566e-01 3.119407594203948975e-01
9.813869595527648926e-01 9.433829188346862793e-01 5.872154831886291504e-01 5.332868695259094238e-01 1.132275015115737915e-01 5.342310070991516113e-01
3.767872452735900879e-01 9.977621436119079590e-01 9.256946444511413574e-01 6.020612716674804688e-01 2.720540575683116913e-02 2.037232816219329834e-01
1.137924715876579285e-01 4.730392694473266602e-01 5.260115861892700195e-01 9.912182688713073730e-01 5.094417333602905273e-01 8.649466037750244141e-01
4.494170248508453369e-01 4.399251937866210938e-01 1.010672673583030701e-01 9.075852036476135254e-01 8.159650564193725586e-01 9.258197546005249023e-01
7.539740800857543945e-01 9.637855887413024902e-01 5.917124450206756592e-02 1.031286567449569702e-01 8.158041238784790039e-01 1.300855726003646851e-01
9.688829183578491211e-01 8.680224418640136719e-01 9.227032661437988281e-01 5.701341629028320312e-01 1.742378920316696167e-01 2.409520000219345093e-02
9.030746817588806152e-01 1.430146247148513794e-01 8.492377400398254395e-01 9.926369190216064453e-01 1.854145079851150513e-01 3.081850111484527588e-01
5.651850700378417969e-01 5.674415826797485352e-01 7.084481716156005859e-01 1.000000000000000000e+00 1.144664138555526733e-01 7.992990016937255859e-01
4.920373260974884033e-01 9.415230751037597656e-01 9.516656994819641113e-01 2.049520611763000488e-03 1.245327815413475037e-01 7.706946730613708496e-01
0.000000000000000000e+00 0.000000000000000000e+00 1.000000000000000000e+00 1.000000000000000000e+00 0.000000000000000000e+00 2.888683974742889404e-01
5.813123583793640137e-01 5.701242089271545410e-01 7.109510302543640137e-01 1.000000000000000000e+00 1.194122135639190674e-01 7.944972515106201172e-01
8.940210938453674316e-01 5.543756857514381409e-02 6.525746583938598633e-01 6.289501786231994629e-01 2.627900242805480957e-02 8.180258274078369141e-01
5.003963708877563477e-01 7.779898643493652344e-01 7.554736137390136719e-01 9.347810149192810059e-01 1.553845107555389404e-01 8.258157372474670410e-01
2.839514911174774170e-01 6.122698783874511719e-01 8.308289051055908203e-01 8.560153841972351074e-01 9.646198749542236328e-01 6.579884886741638184e-01
4.898739606142044067e-02 1.058111563324928284e-01 9.076016023755073547e-03 8.794592022895812988e-01 9.060737490653991699e-01 1.175372153520584106e-01
5.818660259246826172e-01 8.191736936569213867e-01 5.421886444091796875e-01 9.688124060630798340e-01 4.109303057193756104e-01 7.899264097213745117e-01
6.277559399604797363e-01 5.378414392471313477e-01 6.845002174377441406e-01 1.000000000000000000e+00 0.000000000000000000e+00 7.541525363922119141e-01
3.988682925701141357e-01 3.872381150722503662e-01 5.802333354949951172e-01 9.882246255874633789e-01 3.119091093540191650e-01 8.582266569137573242e-01
8.960618078708648682e-02 1.772629618644714355e-01 4.103434681892395020e-01 9.615339636802673340e-01 5.635218024253845215e-01 9.833211898803710938e-01
8.410164117813110352e-01 4.687199890613555908e-01 4.016877114772796631e-01 9.942337870597839355e-01 6.678841114044189453e-01 9.979702234268188477e-01
8.162967562675476074e-01 6.292157769203186035e-01 7.976792007684707642e-02 8.707643151283264160e-01 9.957039356231689453e-01 2.697565853595733643e-01
5.864663049578666687e-02 3.037211894989013672e-01 9.380297064781188965e-01 3.551750779151916504e-01 6.307760253548622131e-03 8.729405403137207031e-01
6.387695670127868652e-01 6.102588772773742676e-01 9.544092416763305664e-02 9.960974454879760742e-01 5.778450369834899902e-01 6.016015410423278809e-01
5.745517611503601074e-01 9.819594025611877441e-01 1.817149370908737183e-01 1.154590323567390442e-01 1.827419102191925049e-01 9.858736991882324219e-01
1.406225413084030151e-01 9.610459208488464355e-01 8.770973980426788330e-02 7.193968296051025391e-01 9.588969349861145020e-01 9.438183903694152832e-01
5.908229947090148926e-01 9.535257220268249512e-01 4.825859665870666504e-01 9.883150458335876465e-01 4.891587048768997192e-02 5.996401906013488770e-01
9.807660579681396484e-01 4.783076345920562744e-01 9.795106053352355957e-01 9.468731880187988281e-01 1.246772557497024536e-01 7.430295348167419434e-01
1.431575417518615723e-02 9.770952463150024414e-01 6.346384286880493164e-01 9.853406995534896851e-02 2.259045466780662537e-02 9.218307584524154663e-02
3.697512671351432800e-02 9.599625468254089355e-01 5.214040875434875488e-01 7.162138223648071289e-01 1.814917623996734619e-01 9.996718168258666992e-01
3.983412384986877441e-01 9.644387364387512207e-01 9.296445250511169434e-01 9.785639047622680664e-01 1.448726654052734375e-01 8.590485453605651855e-01
5.633510947227478027e-01 4.961267411708831787e-01 5.022026896476745605e-01 9.879919886589050293e-01 2.440955117344856262e-02 7.490323185920715332e-01
9.687349200248718262e-01 9.354558587074279785e-01 9.218017011880874634e-02 6.318415999412536621e-01 5.859250426292419434e-01 1.240848843008279800e-02
8.036265969276428223e-01 5.924787521362304688e-01 8.726038932800292969e-01 7.903693318367004395e-01 2.671450674533843994e-01 9.808585047721862793e-01
3.329050242900848389e-01 6.931029260158538818e-02 9.725594520568847656e-01 9.579685926437377930e-01 5.789788365364074707e-01 8.219848871231079102e-01
8.388838768005371094e-01 4.682408571243286133e-01 7.870090007781982422e-01 1.158877760171890259e-01 3.318723663687705994e-02 6.461191177368164062e-01
8.838887810707092285e-01 8.480502367019653320e-01 5.857653021812438965e-01 9.913121461868286133e-01 3.899508714675903320e-02 2.042557299137115479e-01
8.244491219520568848e-01 1.997931748628616333e-01 9.561629295349121094e-01 8.455615043640136719e-01 6.884981989860534668e-01 9.975343346595764160e-01
4.096088409423828125e-01 6.799953579902648926e-01 4.189929664134979248e-01 9.757301211357116699e-01 1.906094551086425781e-01 8.935272693634033203e-01
5.149294734001159668e-01 9.703170508146286011e-03 2.918839752674102783e-01 2.968851029872894287e-01 2.311703562736511230e-02 9.482872486114501953e-02
7.952806949615478516e-01 9.907073378562927246e-01 7.265856862068176270e-01 8.331580087542533875e-03 3.898620605468750000e-03 8.849348872900009155e-02
9.665230512619018555e-01 8.411839008331298828e-01 9.459407925605773926e-01 9.534588456153869629e-01 8.522320389747619629e-01 3.223981261253356934e-01
6.449477672576904297e-01 9.281231760978698730e-01 1.268403828144073486e-01 6.885485053062438965e-01 9.792634248733520508e-01 9.531545042991638184e-01
7.685783505439758301e-01 9.660032987594604492e-01 3.224633261561393738e-02 9.092189073562622070e-01 7.416549921035766602e-01 6.084915399551391602e-01
9.824440479278564453e-01 1.092062592506408691e-01 2.229648530483245850e-01 8.884359598159790039e-01 7.069987803697586060e-02 7.374297827482223511e-02
3.054169714450836182e-01 9.831523895263671875e-01 8.909583091735839844e-01 2.969767451286315918e-01 6.993360519409179688e-01 8.008383214473724365e-02
1.000000000000000000e+00 2.930458821356296539e-02 1.000000000000000000e+00 1.000000000000000000e+00 0.000000000000000000e+00 9.008605480194091797e-01
5.435796827077865601e-02 1.983518302440643311e-01 9.946959018707275391e-01 3.872152268886566162e-01 9.191372990608215332e-01 9.455826282501220703e-01
5.972930192947387695e-01 6.034297347068786621e-01 4.245172441005706787e-01 8.664993047714233398e-01 6.142833828926086426e-02 6.005510091781616211e-01
2.797812819480895996e-01 8.594498038291931152e-01 1.153655126690864563e-01 9.867038726806640625e-01 2.870661616325378418e-01 1.983424127101898193e-01
1.947368383407592773e-01 5.183885097503662109e-01 7.087112069129943848e-01 8.333216309547424316e-01 3.388147354125976562e-01 9.615209102630615234e-01
1.459920033812522888e-02 5.389142036437988281e-01 1.020325571298599243e-01 8.285535871982574463e-02 9.577308297157287598e-01 8.465046435594558716e-02
1.036710850894451141e-02 2.422454506158828735e-01 2.265994250774383545e-01 1.800265535712242126e-02 9.235044717788696289e-01 9.958937764167785645e-01
9.655542373657226562e-01 2.980386093258857727e-02 7.360249757766723633e-01 4.325506463646888733e-02 9.708997011184692383e-01 9.757357835769653320e-01
3.008584678173065186e-01 9.971118569374084473e-01 2.313401401042938232e-01 1.506618559360504150e-01 3.637667298316955566e-01 3.341793268918991089e-02
9.997804760932922363e-01 2.925194501876831055e-01 9.297111034393310547e-01 1.043117940425872803e-01 2.155859023332595825e-03 2.522255480289459229e-01
1.108956802636384964e-02 9.690070897340774536e-02 9.353722333908081055e-01 9.047555327415466309e-01 8.549627065658569336e-01 1.453843712806701660e-01
1.528089493513107300e-02 8.227735757827758789e-02 1.177237257361412048e-01 5.179080367088317871e-01 9.920331239700317383e-01 9.567997455596923828e-01
8.949459195137023926e-01 1.041711792349815369e-01 7.474870681762695312e-01 9.959594607353210449e-01 2.778268977999687195e-02 7.301176190376281738e-01
9.129809737205505371e-01 3.110220283269882202e-02 1.061649397015571594e-01 9.310036897659301758e-01 6.787426471710205078e-01 9.340894222259521484e-01
1.655194610357284546e-01 8.830341696739196777e-01 1.207130402326583862e-01 4.592174291610717773e-01 9.917404651641845703e-01 2.608849108219146729e-02
4.881095886230468750e-01 6.672895699739456177e-02 3.382448107004165649e-03 2.470656335353851318e-01 9.474765658378601074e-01 7.957117632031440735e-03
1.508329212665557861e-01 7.371243238449096680e-01 6.019191741943359375e-01 9.920136928558349609e-01 6.661028265953063965e-01 9.392670989036560059e-01
9.319029450416564941e-01 8.277875185012817383e-01 9.836001992225646973e-01 1.247579604387283325e-01 3.462663888931274414e-01 9.994292259216308594e-01
4.536671191453933716e-02 8.378539085388183594e-01 9.928410053253173828e-01 9.784240722656250000e-01 6.620646715164184570e-01 9.467983841896057129e-01
8.212690353393554688e-01 3.516511619091033936e-02 1.374231651425361633e-04 5.250993967056274414e-01 4.205102100968360901e-03 7.092464566230773926e-01
4.831617772579193115e-01 9.319207668304443359e-01 5.960897207260131836e-01 4.160698354244232178e-01 7.439833134412765503e-03 7.917346358299255371e-01
1.458526104688644409e-01 4.508654177188873291e-01 9.403929114341735840e-01 4.206763580441474915e-03 5.509468913078308105e-01 9.931715130805969238e-01
