-9.729778681919278860e-01
1.754043449295386581e-02
-3.511185143289782817e-02
-2.829862461377942728e-01
-4.104601999423532210e-01
-4.367000667356967236e-01
-4.552904323546348997e-01
-5.420355881590770419e-01
-5.441873564942262265e-01
-1.005002069482586968e+00
-8.317909431549608268e-01
-7.967537814575971211e-01
-1.927399949248757904e+00
-1.745710319126869248e+00
-1.721984754604615420e+00
-1.683351569134275083e+00
-8.944775714213348827e-01
-1.087434462322337980e+00
-1.079414700060644883e+00
-1.088379786091820067e+00
-1.091658656020971563e+00
-9.209465649459889214e-01
-9.313133605301764373e-01
-9.321819743232750977e-01
-9.405100815994753560e-01
-9.561752190315043753e-01
-1.927399949248757904e+00
-4.573290312627213972e+00
-1.381072993464638543e+01
-1.378429447772585092e+01
-1.338360399302384707e+01
-1.359046346306484487e+01
-1.317804895832816925e+01
-1.380038704681731332e+01
-1.318966810495230391e+01
-1.373581237293406687e+01
-1.309834045180067719e+01
-1.381534585781296443e+01
-1.349402193644853121e+01
-9.503894624128575330e+00
-9.561006596574809890e+00
-9.898477786528387057e+00
-9.720094900059663701e+00
-1.000560985565135752e+01
-1.035099367862674846e+01
-9.238595730100010783e+00
-9.878129802712184215e+00
-1.184512248922557731e+01
-9.921778420373049912e+00
-9.514976572015614309e+00
-9.533758233555477801e+00
-9.484903739353990559e+00
-9.316454793058921879e+00
-9.372848446121619048e+00
-1.129593697896863524e+01
-1.107604597375486222e+01
-1.038453533334730317e+01
-1.018757742340341288e+01
-1.018017192613404376e+01
-1.056047108807923429e+01
-1.059978602444204121e+01
-1.116630916877427460e+01
-9.954131331289000073e+00
-1.014526360962825002e+01
-1.021869203901790613e+01
-1.022144956274547489e+01
-1.015618249443596888e+01
-9.650843267956362936e+00
-9.616940260878266145e+00
-9.644120072534638766e+00
-9.644732878020123579e+00
-9.918058770562556248e+00
-1.000081974838644250e+01
-1.002001934428013996e+01
-9.905923881161998068e+00
-9.750622033189708660e+00
-9.750752741372032517e+00
-9.747921890044830562e+00
-9.745530593393448626e+00
-9.905127891307861532e+00
-9.937426979813638539e+00
-9.730887218611314893e+00
-9.976975353695490156e+00
-1.012897582510187888e+01
-1.927399949248757904e+00
-1.050028444541687911e+01
-1.048633294838884034e+01
-1.037378342402861442e+01
-1.046724994482806181e+01
-1.038874947844353613e+01
-1.143505836492252747e+01
-1.140880340434800821e+01
-1.356794323832266258e+01
-1.368070842406159926e+01
-1.375467129728599325e+01
-1.173551579869450734e+01
-1.173607548819770408e+01
-1.243465619558629598e+01
-1.254690176999771367e+01
-1.229215859135573297e+01
