-1.744352225665701361e+00
-1.293701928433241832e+00
-3.602784266979269789e-01
-7.490839811708149831e-02
-1.628291993550208261e+00
-2.917077855347069981e-01
-5.295245221720121798e-01
-8.697400255248001200e-01
-2.671892810283982844e-01
-3.947033396549058937e-01
-1.287085385647296909e-01
-6.962025499396254369e-02
-8.677775926010625196e-02
9.209656639030938674e-02
-9.577603682112470485e-02
1.166217484612804556e-01
-1.558318318988520801e-01
-6.166776806634926000e-01
1.777660321767521312e-01
-2.756555801955160034e-01
-7.719511210986242100e-02
2.213688435326977011e-01
3.035601701586721490e-01
-4.926514239298097064e-01
1.319520311409677800e-02
2.830594576663258422e-01
-7.988738256017895445e-01
5.194954454423086898e-02
-1.796541787423771852e-01
-6.778794567178834107e-01
-4.045946482115193032e-01
2.049981595398025214e-01
-3.694729788638294599e-01
1.484533817822971946e-01
2.842398841438509849e-01
2.137657062354865189e-01
3.544213334798466675e-01
3.502986400993623461e-01
-7.722981465106279475e-02
-1.983257261714110598e-01
3.532561386239138068e-01
2.715308267324271357e-02
3.450342163369881643e-01
-7.912386431736493364e-01
1.056671859087862930e-01
-3.211079653409194545e-01
-1.951614008111616450e+00
-3.599664897789599857e-03
-6.239941184226386328e-01
-3.872222269580294918e-01
-3.124070134366904172e-01
7.255246208691580601e-02
-1.390266942195701738e-01
-4.524591962923442678e-01
-6.338409963919144907e-01
-4.664687018042851241e-01
4.870498059751490055e-02
-1.011844983660190322e-01
-9.799608091857273662e-01
-4.943101041639140214e-01
-1.261850401675816080e+00
-5.822686526617840697e-01
-4.982263088264495821e-01
-4.131029618636195000e-01
-4.131030491883803668e-01
5.547429714572741505e-02
9.807668022224858007e-02
5.353722156577894742e-05
-1.961084097541241356e-01
-7.677321392106390974e-01
2.125370062352164441e-02
-8.645639367689830768e-02
5.978161926472860821e-02
-9.054867771093990658e-01
-4.223785345887767217e-01
-5.889742044667234389e-01
1.002800273894284000e-01
1.057376353600567725e-01
-6.309593206948707067e-01
-7.432657382476788310e-01
-1.547174582597074244e-01
2.507673097244875887e-02
-1.240176812445202170e+00
-5.430360682763488711e-01
2.007729208176587954e-01
3.610628964941989955e-02
-1.603713617862098983e+00
-1.475435885460258723e+00
2.289968713374894160e-01
-4.466945594124305252e-01
-3.869367524984990148e-01
9.914793875433203230e-02
-7.860784253876568206e-01
-5.609953396423181804e-01
-3.970876425234464574e-02
-6.471155949068120306e-01
1.978707820679573987e-02
-3.531809210016544354e-01
-6.197375479136407739e-01
-1.751741798062421973e-01
-1.475883745042325668e+00
2.155673874280322200e-01
-4.080897985396286787e-01
-1.038774623249767659e+00
-5.449793301417261704e-01
-9.066499491245167963e-01
-3.056253858412360525e-01
-1.070182232497550068e+00
-3.881841690918602095e-01
-6.296216701593612131e-01
