2.096646428108215332e-01 8.151588439941406250e-01 8.328105211257934570e-01 6.368479728698730469e-01
9.864464998245239258e-01 5.632621049880981445e-01 3.541883826255798340e-01 9.587954878807067871e-01
3.995801806449890137e-01 3.802456259727478027e-01 5.895792841911315918e-01 7.437094449996948242e-01
7.789426445960998535e-01 5.407452583312988281e-01 4.961664080619812012e-01 6.472003459930419922e-02
6.449434161186218262e-01 8.842991590499877930e-01 3.745651245117187500e-01 5.549728274345397949e-01
2.446141242980957031e-01 8.097923994064331055e-01 3.063749074935913086e-01 9.126441478729248047e-01
7.014886140823364258e-01 4.974536299705505371e-01 5.696169734001159668e-01 5.491205453872680664e-01
2.463996410369873047e-03 9.053242206573486328e-01 4.916099309921264648e-01 2.127228975296020508e-01
2.282006144523620605e-01 1.556403636932373047e-01 7.326837778091430664e-01 3.204485177993774414e-01
2.992481589317321777e-01 8.012444972991943359e-01 9.870069026947021484e-01 9.347466230392456055e-01
1.000000000000000000e+00 4.550484922529703935e-01 9.762508912101315328e-01 1.000000000000000000e+00
0.000000000000000000e+00 1.000000000000000000e+00 1.000000000000000000e+00 6.630430162992267951e-01
0.000000000000000000e+00 9.062036206821287854e-01 1.000000000000000000e+00 0.000000000000000000e+00
1.000000000000000000e+00 0.000000000000000000e+00 0.000000000000000000e+00 1.000000000000000000e+00
0.000000000000000000e+00 6.031898067942906838e-01 1.000000000000000000e+00 5.476986328854094310e-01
0.000000000000000000e+00 7.884860139759746200e-01 1.000000000000000000e+00 4.818280864528269314e-01
0.000000000000000000e+00 8.426938200110436483e-01 1.000000000000000000e+00 1.000000000000000000e+00
3.007990968861455339e-01 1.000000000000000000e+00 1.000000000000000000e+00 4.168708405239932024e-01
7.196330782983603180e-01 1.000000000000000000e+00 8.626673598695320244e-01 1.000000000000000000e+00
1.000000000000000000e+00 1.000000000000000000e+00 1.000000000000000000e+00 1.940546315784486553e-01
0.000000000000000000e+00 1.000000000000000000e+00 1.000000000000000000e+00 3.784436757347615643e-01
0.000000000000000000e+00 7.840845771131479403e-01 1.000000000000000000e+00 5.488100553498966860e-01
0.000000000000000000e+00 7.228555605981853427e-01 1.000000000000000000e+00 4.394684096365046311e-01
0.000000000000000000e+00 5.704402598224495025e-01 1.000000000000000000e+00 1.614898789801311185e-01
0.000000000000000000e+00 4.864590495956707117e-01 1.000000000000000000e+00 0.000000000000000000e+00
1.000000000000000000e+00 1.000000000000000000e+00 1.000000000000000000e+00 8.677068280478136275e-01
0.000000000000000000e+00 5.579344026296311210e-01 1.000000000000000000e+00 2.034787518453780863e-01
0.000000000000000000e+00 6.181571829991413525e-01 1.000000000000000000e+00 1.968778847082279515e-01
1.000000000000000000e+00 0.000000000000000000e+00 1.000000000000000000e+00 1.239773657774714960e-01
1.000000000000000000e+00 1.000000000000000000e+00 6.897569470420629179e-01 9.153422768852502722e-01
1.000000000000000000e+00 6.680194863913803127e-01 1.000000000000000000e+00 7.260222847418890124e-01
0.000000000000000000e+00 6.391203393180574510e-01 1.000000000000000000e+00 2.010817699741786202e-01
1.000000000000000000e+00 1.000000000000000000e+00 1.000000000000000000e+00 1.000000000000000000e+00
0.000000000000000000e+00 6.208823447633096126e-01 1.000000000000000000e+00 1.965522549952977427e-01
0.000000000000000000e+00 6.210318614204423104e-01 1.000000000000000000e+00 1.964780474304119728e-01
0.000000000000000000e+00 6.258033850104620655e-01 1.000000000000000000e+00 2.062722357139931961e-01
1.000000000000000000e+00 1.000000000000000000e+00 0.000000000000000000e+00 1.000000000000000000e+00
1.000000000000000000e+00 0.000000000000000000e+00 0.000000000000000000e+00 4.280572906067594552e-01
0.000000000000000000e+00 6.190741596031797966e-01 1.000000000000000000e+00 1.828534319569746214e-01
0.000000000000000000e+00 6.191936474807788748e-01 1.000000000000000000e+00 1.873497291978507284e-01
0.000000000000000000e+00 6.189371559830529890e-01 1.000000000000000000e+00 2.083283954618231903e-01
0.000000000000000000e+00 6.185201087458682689e-01 1.000000000000000000e+00 2.045627668981889746e-01
0.000000000000000000e+00 6.185155758498896983e-01 1.000000000000000000e+00 1.864628426183017051e-01
0.000000000000000000e+00 6.183438400745658869e-01 1.000000000000000000e+00 2.101187711735155172e-01
0.000000000000000000e+00 6.153654917688371473e-01 9.891333184684958368e-01 1.972746240590354527e-01
1.538017069504884517e-02 6.083051267497007197e-01 1.000000000000000000e+00 1.979578470010978919e-01
3.712885045308772503e-01 5.818767519224918860e-01 1.000000000000000000e+00 6.305394627536419216e-01
0.000000000000000000e+00 1.000000000000000000e+00 0.000000000000000000e+00 0.000000000000000000e+00
0.000000000000000000e+00 4.408016834758539115e-01 0.000000000000000000e+00 0.000000000000000000e+00
0.000000000000000000e+00 1.000000000000000000e+00 0.000000000000000000e+00 3.417968431996222245e-01
0.000000000000000000e+00 0.000000000000000000e+00 0.000000000000000000e+00 1.000000000000000000e+00
0.000000000000000000e+00 0.000000000000000000e+00 1.000000000000000000e+00 1.000000000000000000e+00
0.000000000000000000e+00 0.000000000000000000e+00 0.000000000000000000e+00 5.224824411391227885e-01
1.000000000000000000e+00 0.000000000000000000e+00 1.000000000000000000e+00 5.801646696161339989e-01
1.000000000000000000e+00 1.000000000000000000e+00 8.427066166547886317e-01 1.000000000000000000e+00
1.000000000000000000e+00 6.915805469663839355e-01 0.000000000000000000e+00 1.000000000000000000e+00
0.000000000000000000e+00 0.000000000000000000e+00 1.000000000000000000e+00 0.000000000000000000e+00
1.000000000000000000e+00 1.000000000000000000e+00 0.000000000000000000e+00 0.000000000000000000e+00
1.000000000000000000e+00 8.864514924406737828e-01 8.868862748666661577e-01 1.000000000000000000e+00
1.239083521068096161e-02 6.312226699665188789e-01 2.618412487208843231e-03 5.325933545827865601e-01
9.371205270290374756e-01 3.998447954654693604e-02 1.087308116257190704e-02 1.137493830174207687e-02
6.577245909837802218e-01 5.020501279474780532e-01 1.000000000000000000e+00 0.000000000000000000e+00
2.666653227061033249e-02 5.686453031376004219e-01 5.847344389185309410e-01 9.944943645969033241e-01
9.873606525361537933e-01 9.680395200848579407e-01 1.201501861214637756e-02 7.512741964310407639e-01
0.000000000000000000e+00 1.000000000000000000e+00 0.000000000000000000e+00 1.000000000000000000e+00
3.792511336505413055e-01 5.855033500120043755e-01 2.259567379951477051e-03 9.937319066375494003e-01
9.590797303244471550e-01 2.694603335112333298e-02 6.155338296666741371e-01 3.385294452309608459e-01
4.597085518762469292e-01 9.863498592749238014e-01 9.878536332398653030e-01 8.123064553365111351e-01
4.390891641378402710e-03 8.848135648295283318e-01 5.583105264231562614e-01 6.634816583245992661e-01
5.318580437451601028e-01 1.005888544023036957e-02 7.349957441911101341e-01 9.746662210673093796e-01
3.728008493781089783e-01 8.300744825974106789e-01 7.501288317143917084e-03 5.238535534590482712e-02
1.446358393877744675e-02 3.301377557218074799e-01 6.065159430727362633e-01 1.142254844307899475e-02
8.128932798281311989e-01 4.318220540881156921e-01 9.948038225993514061e-01 4.097994202747941017e-01
2.503315452486276627e-01 3.827817179262638092e-02 8.041700534522533417e-02 2.133666537702083588e-03
5.502874134108424187e-01 9.718852853402495384e-01 4.541969299316406250e-02 9.829927412793040276e-01
1.550560900941491127e-01 9.937118962407112122e-01 7.408168828114867210e-01 9.992412133142352104e-01
9.763226723298430443e-01 9.408592367544770241e-01 2.758102770894765854e-01 9.973531570285558701e-01
1.505546644330024719e-01 9.671902824193239212e-01 4.729579212144017220e-01 2.210031263530254364e-03
5.160477757453918457e-02 5.295351147651672363e-04 4.342414215207099915e-01 7.360174478963017464e-01
1.023171003907918930e-02 4.478445313870906830e-01 4.733932418748736382e-01 3.611066946759819984e-01
9.908887427300214767e-01 5.666130054742097855e-01 3.842700272798538208e-03 2.791529912501573563e-01
4.312962237745523453e-01 1.078119082376360893e-01 9.909104024991393089e-01 1.829787511378526688e-01
9.866530792787671089e-01 2.526570949703454971e-02 4.869907181710004807e-01 7.111536953598260880e-01
6.165119959041476250e-01 6.811029464006423950e-02 5.195586849004030228e-02 7.503867531195282936e-01
1.103229364380240440e-01 5.344906914979219437e-02 9.588218154385685921e-01 6.502393316477537155e-01
1.284865783527493477e-01 9.999189423397183418e-01 1.422708202153444290e-02 6.484512230381369591e-01
9.226696314290165901e-01 8.419795446097850800e-01 5.682718334719538689e-01 9.911777656525373459e-01
6.823021918535232544e-03 7.603267589583992958e-01 8.318643737584352493e-01 6.757206423208117485e-01
9.028120785951614380e-01 4.260439453646540642e-01 9.362893747165799141e-01 8.379081897437572479e-01
9.947054032236337662e-01 9.734657220542430878e-01 7.118314122781157494e-01 4.119509607553482056e-01
1.124771498143672943e-02 8.721328396350145340e-01 8.328110063448548317e-01 3.557319929823279381e-01
3.909609690308570862e-01 8.010188117623329163e-03 3.198258075863122940e-01 9.911804720759391785e-01
2.932485025376081467e-01 3.818249236792325974e-02 7.025140598416328430e-01 8.149607367813587189e-01
7.830422371625900269e-03 8.003388354554772377e-01 2.003946257755160332e-01 9.649939835071563721e-03
4.340287912636995316e-01 1.297818375751376152e-01 3.291368884965777397e-01 4.588643983006477356e-01
5.850198967382311821e-01 9.913581423461437225e-03 5.438930634409189224e-01 1.775265671312808990e-02
1.237177290022373199e-03 9.597916128113865852e-01 8.937233751639723778e-01 7.454238384962081909e-01
9.934878190979361534e-01 8.352537080645561218e-02 4.225745750591158867e-01 9.936145860701799393e-01
8.497871756553649902e-01 5.776859698817133904e-01 9.286730922758579254e-01 2.588912239298224449e-01
9.436596268787980080e-01 9.936266811564564705e-01 4.196332134306430817e-01 4.181418837979435921e-01
7.180515956133604050e-02 3.754365276545286179e-01 9.955850178375840187e-01 9.889459516853094101e-01
5.049059707671403885e-01 7.036688355728983879e-01 4.037567349150776863e-01 6.104249712079763412e-01
3.234305931255221367e-01 9.134863857179880142e-01 4.297898244112730026e-02 2.211372265592217445e-01
6.785056656226515770e-01 6.310299448668956757e-01 6.010117745026946068e-01 6.787945590913295746e-01
7.340678740292787552e-01 9.111876776441931725e-01 9.980158274993300438e-01 9.772551581263542175e-01
4.906223835423588753e-01 1.659878361970186234e-01 2.671190220862627029e-01 1.882571261376142502e-01
4.270591558888554573e-01 9.740445567294955254e-01 1.290257470682263374e-01 2.816065140068531036e-01
3.093969784677028656e-01 2.212708070874214172e-01 9.804077213630080223e-01 1.673897728323936462e-03
4.036995535716414452e-01 6.481365654617547989e-01 7.820744942873716354e-01 4.413251811638474464e-01
9.874082356691360474e-01 2.699579875916242599e-01 8.614302463829517365e-01 1.788978278636932373e-02
