2.992481589317321777e-01 8.012444972991943359e-01 9.870069026947021484e-01 9.347466230392456055e-01
2.992481589317321777e-01 8.012444972991943359e-01 9.870069026947021484e-01 9.347466230392456055e-01
0.000000000000000000e+00 1.000000000000000000e+00 1.000000000000000000e+00 6.630430162992267951e-01
0.000000000000000000e+00 1.000000000000000000e+00 1.000000000000000000e+00 6.630430162992267951e-01
0.000000000000000000e+00 1.000000000000000000e+00 1.000000000000000000e+00 6.630430162992267951e-01
0.000000000000000000e+00 6.031898067942906838e-01 1.000000000000000000e+00 5.476986328854094310e-01
0.000000000000000000e+00 7.884860139759746200e-01 1.000000000000000000e+00 4.818280864528269314e-01
0.000000000000000000e+00 7.884860139759746200e-01 1.000000000000000000e+00 4.818280864528269314e-01
0.000000000000000000e+00 7.884860139759746200e-01 1.000000000000000000e+00 4.818280864528269314e-01
0.000000000000000000e+00 7.884860139759746200e-01 1.000000000000000000e+00 4.818280864528269314e-01
0.000000000000000000e+00 7.884860139759746200e-01 1.000000000000000000e+00 4.818280864528269314e-01
0.000000000000000000e+00 7.884860139759746200e-01 1.000000000000000000e+00 4.818280864528269314e-01
0.000000000000000000e+00 7.884860139759746200e-01 1.000000000000000000e+00 4.818280864528269314e-01
0.000000000000000000e+00 7.228555605981853427e-01 1.000000000000000000e+00 4.394684096365046311e-01
0.000000000000000000e+00 5.704402598224495025e-01 1.000000000000000000e+00 1.614898789801311185e-01
0.000000000000000000e+00 5.704402598224495025e-01 1.000000000000000000e+00 1.614898789801311185e-01
0.000000000000000000e+00 5.704402598224495025e-01 1.000000000000000000e+00 1.614898789801311185e-01
0.000000000000000000e+00 5.704402598224495025e-01 1.000000000000000000e+00 1.614898789801311185e-01
0.000000000000000000e+00 6.181571829991413525e-01 1.000000000000000000e+00 1.968778847082279515e-01
0.000000000000000000e+00 6.181571829991413525e-01 1.000000000000000000e+00 1.968778847082279515e-01
0.000000000000000000e+00 6.181571829991413525e-01 1.000000000000000000e+00 1.968778847082279515e-01
0.000000000000000000e+00 6.181571829991413525e-01 1.000000000000000000e+00 1.968778847082279515e-01
0.000000000000000000e+00 6.181571829991413525e-01 1.000000000000000000e+00 1.968778847082279515e-01
0.000000000000000000e+00 6.181571829991413525e-01 1.000000000000000000e+00 1.968778847082279515e-01
0.000000000000000000e+00 6.181571829991413525e-01 1.000000000000000000e+00 1.968778847082279515e-01
0.000000000000000000e+00 6.181571829991413525e-01 1.000000000000000000e+00 1.968778847082279515e-01
0.000000000000000000e+00 6.181571829991413525e-01 1.000000000000000000e+00 1.968778847082279515e-01
0.000000000000000000e+00 6.181571829991413525e-01 1.000000000000000000e+00 1.968778847082279515e-01
0.000000000000000000e+00 6.181571829991413525e-01 1.000000000000000000e+00 1.968778847082279515e-01
0.000000000000000000e+00 6.181571829991413525e-01 1.000000000000000000e+00 1.968778847082279515e-01
0.000000000000000000e+00 6.181571829991413525e-01 1.000000000000000000e+00 1.968778847082279515e-01
0.000000000000000000e+00 6.181571829991413525e-01 1.000000000000000000e+00 1.968778847082279515e-01
0.000000000000000000e+00 6.181571829991413525e-01 1.000000000000000000e+00 1.968778847082279515e-01
0.000000000000000000e+00 6.181571829991413525e-01 1.000000000000000000e+00 1.968778847082279515e-01
0.000000000000000000e+00 6.181571829991413525e-01 1.000000000000000000e+00 1.968778847082279515e-01
0.000000000000000000e+00 6.181571829991413525e-01 1.000000000000000000e+00 1.968778847082279515e-01
0.000000000000000000e+00 6.181571829991413525e-01 1.000000000000000000e+00 1.968778847082279515e-01
0.000000000000000000e+00 6.181571829991413525e-01 1.000000000000000000e+00 1.968778847082279515e-01
0.000000000000000000e+00 6.181571829991413525e-01 1.000000000000000000e+00 1.968778847082279515e-01
0.000000000000000000e+00 6.181571829991413525e-01 1.000000000000000000e+00 1.968778847082279515e-01
0.000000000000000000e+00 6.181571829991413525e-01 1.000000000000000000e+00 1.968778847082279515e-01
0.000000000000000000e+00 6.181571829991413525e-01 1.000000000000000000e+00 1.968778847082279515e-01
0.000000000000000000e+00 6.181571829991413525e-01 1.000000000000000000e+00 1.968778847082279515e-01
0.000000000000000000e+00 6.181571829991413525e-01 1.000000000000000000e+00 1.968778847082279515e-01
0.000000000000000000e+00 6.181571829991413525e-01 1.000000000000000000e+00 1.968778847082279515e-01
0.000000000000000000e+00 6.181571829991413525e-01 1.000000000000000000e+00 1.968778847082279515e-01
0.000000000000000000e+00 6.181571829991413525e-01 1.000000000000000000e+00 1.968778847082279515e-01
0.000000000000000000e+00 6.181571829991413525e-01 1.000000000000000000e+00 1.968778847082279515e-01
0.000000000000000000e+00 6.181571829991413525e-01 1.000000000000000000e+00 1.968778847082279515e-01
0.000000000000000000e+00 6.181571829991413525e-01 1.000000000000000000e+00 1.968778847082279515e-01
0.000000000000000000e+00 6.181571829991413525e-01 1.000000000000000000e+00 1.968778847082279515e-01
0.000000000000000000e+00 6.181571829991413525e-01 1.000000000000000000e+00 1.968778847082279515e-01
0.000000000000000000e+00 6.181571829991413525e-01 1.000000000000000000e+00 1.968778847082279515e-01
0.000000000000000000e+00 6.181571829991413525e-01 1.000000000000000000e+00 1.968778847082279515e-01
0.000000000000000000e+00 6.181571829991413525e-01 1.000000000000000000e+00 1.968778847082279515e-01
0.000000000000000000e+00 6.181571829991413525e-01 1.000000000000000000e+00 1.968778847082279515e-01
0.000000000000000000e+00 6.181571829991413525e-01 1.000000000000000000e+00 1.968778847082279515e-01
0.000000000000000000e+00 6.181571829991413525e-01 1.000000000000000000e+00 1.968778847082279515e-01
0.000000000000000000e+00 6.181571829991413525e-01 1.000000000000000000e+00 1.968778847082279515e-01
0.000000000000000000e+00 6.181571829991413525e-01 1.000000000000000000e+00 1.968778847082279515e-01
0.000000000000000000e+00 6.181571829991413525e-01 1.000000000000000000e+00 1.968778847082279515e-01
0.000000000000000000e+00 6.181571829991413525e-01 1.000000000000000000e+00 1.968778847082279515e-01
0.000000000000000000e+00 6.181571829991413525e-01 1.000000000000000000e+00 1.968778847082279515e-01
0.000000000000000000e+00 6.181571829991413525e-01 1.000000000000000000e+00 1.968778847082279515e-01
0.000000000000000000e+00 6.181571829991413525e-01 1.000000000000000000e+00 1.968778847082279515e-01
0.000000000000000000e+00 6.181571829991413525e-01 1.000000000000000000e+00 1.968778847082279515e-01
0.000000000000000000e+00 6.181571829991413525e-01 1.000000000000000000e+00 1.968778847082279515e-01
0.000000000000000000e+00 6.181571829991413525e-01 1.000000000000000000e+00 1.968778847082279515e-01
0.000000000000000000e+00 6.181571829991413525e-01 1.000000000000000000e+00 1.968778847082279515e-01
0.000000000000000000e+00 6.181571829991413525e-01 1.000000000000000000e+00 1.968778847082279515e-01
0.000000000000000000e+00 6.181571829991413525e-01 1.000000000000000000e+00 1.968778847082279515e-01
0.000000000000000000e+00 6.181571829991413525e-01 1.000000000000000000e+00 1.968778847082279515e-01
0.000000000000000000e+00 6.181571829991413525e-01 1.000000000000000000e+00 1.968778847082279515e-01
0.000000000000000000e+00 6.181571829991413525e-01 1.000000000000000000e+00 1.968778847082279515e-01
0.000000000000000000e+00 6.181571829991413525e-01 1.000000000000000000e+00 1.968778847082279515e-01
0.000000000000000000e+00 6.181571829991413525e-01 1.000000000000000000e+00 1.968778847082279515e-01
0.000000000000000000e+00 6.181571829991413525e-01 1.000000000000000000e+00 1.968778847082279515e-01
0.000000000000000000e+00 6.181571829991413525e-01 1.000000000000000000e+00 1.968778847082279515e-01
0.000000000000000000e+00 6.181571829991413525e-01 1.000000000000000000e+00 1.968778847082279515e-01
0.000000000000000000e+00 6.181571829991413525e-01 1.000000000000000000e+00 1.968778847082279515e-01
0.000000000000000000e+00 6.181571829991413525e-01 1.000000000000000000e+00 1.968778847082279515e-01
0.000000000000000000e+00 6.181571829991413525e-01 1.000000000000000000e+00 1.968778847082279515e-01
0.000000000000000000e+00 6.181571829991413525e-01 1.000000000000000000e+00 1.968778847082279515e-01
0.000000000000000000e+00 6.181571829991413525e-01 1.000000000000000000e+00 1.968778847082279515e-01
0.000000000000000000e+00 6.181571829991413525e-01 1.000000000000000000e+00 1.968778847082279515e-01
0.000000000000000000e+00 6.181571829991413525e-01 1.000000000000000000e+00 1.968778847082279515e-01
0.000000000000000000e+00 6.181571829991413525e-01 1.000000000000000000e+00 1.968778847082279515e-01
0.000000000000000000e+00 6.181571829991413525e-01 1.000000000000000000e+00 1.968778847082279515e-01
0.000000000000000000e+00 6.181571829991413525e-01 1.000000000000000000e+00 1.968778847082279515e-01
0.000000000000000000e+00 6.181571829991413525e-01 1.000000000000000000e+00 1.968778847082279515e-01
0.000000000000000000e+00 6.181571829991413525e-01 1.000000000000000000e+00 1.968778847082279515e-01
0.000000000000000000e+00 6.181571829991413525e-01 1.000000000000000000e+00 1.968778847082279515e-01
0.000000000000000000e+00 6.181571829991413525e-01 1.000000000000000000e+00 1.968778847082279515e-01
0.000000000000000000e+00 6.181571829991413525e-01 1.000000000000000000e+00 1.968778847082279515e-01
0.000000000000000000e+00 6.181571829991413525e-01 1.000000000000000000e+00 1.968778847082279515e-01
0.000000000000000000e+00 6.181571829991413525e-01 1.000000000000000000e+00 1.968778847082279515e-01
0.000000000000000000e+00 6.181571829991413525e-01 1.000000000000000000e+00 1.968778847082279515e-01
0.000000000000000000e+00 6.181571829991413525e-01 1.000000000000000000e+00 1.968778847082279515e-01
0.000000000000000000e+00 6.181571829991413525e-01 1.000000000000000000e+00 1.968778847082279515e-01
0.000000000000000000e+00 6.181571829991413525e-01 1.000000000000000000e+00 1.968778847082279515e-01
