0.000000000000000000e+00 5.471747192268732948e-03 1.000000000000000000e+00 8.296911739073234981e-01 1.000000000000000000e+00 2.446812047076772634e-01
0.000000000000000000e+00 0.000000000000000000e+00 1.000000000000000000e+00 8.385419214518530229e-01 1.000000000000000000e+00 2.098111092892250285e-01
0.000000000000000000e+00 0.000000000000000000e+00 1.000000000000000000e+00 8.268061111630935489e-01 8.680555817063828616e-01 2.986634072903840420e-01
0.000000000000000000e+00 0.000000000000000000e+00 1.000000000000000000e+00 5.546290963590326806e-01 1.000000000000000000e+00 3.133829550178497958e-01
0.000000000000000000e+00 0.000000000000000000e+00 1.000000000000000000e+00 7.662174577453245705e-01 1.000000000000000000e+00 3.047769601081882218e-01
0.000000000000000000e+00 0.000000000000000000e+00 4.518595361060869231e-01 7.467636051573133260e-01 1.000000000000000000e+00 1.975547141898242598e-01
0.000000000000000000e+00 0.000000000000000000e+00 4.106232071831504293e-01 6.544626858820216109e-01 1.000000000000000000e+00 1.792855292561302272e-01
0.000000000000000000e+00 0.000000000000000000e+00 4.568920679358876580e-01 4.447087162125428761e-01 1.000000000000000000e+00 1.996831258427030076e-01
0.000000000000000000e+00 0.000000000000000000e+00 3.008259301174600053e-01 6.761566074679351557e-01 1.000000000000000000e+00 0.000000000000000000e+00
0.000000000000000000e+00 0.000000000000000000e+00 4.554586739563172837e-01 6.780594430846169640e-01 1.000000000000000000e+00 1.333300828974576802e-01
0.000000000000000000e+00 0.000000000000000000e+00 4.712860170838581442e-01 6.959179427530660655e-01 1.000000000000000000e+00 1.513022936736458657e-01
0.000000000000000000e+00 0.000000000000000000e+00 5.518842713632619024e-01 6.570718325706630392e-01 1.000000000000000000e+00 1.224973637521649533e-01
0.000000000000000000e+00 0.000000000000000000e+00 5.190587305250963235e-01 6.368652593026368214e-01 1.000000000000000000e+00 1.106942001527034675e-01
0.000000000000000000e+00 0.000000000000000000e+00 4.584540996675212643e-01 6.420158303159047009e-01 1.000000000000000000e+00 3.703722274045741919e-02
0.000000000000000000e+00 0.000000000000000000e+00 4.732669644823182531e-01 6.523645104089605962e-01 1.000000000000000000e+00 5.323674063718253358e-02
0.000000000000000000e+00 0.000000000000000000e+00 4.715546655204944093e-01 6.518969203100728471e-01 1.000000000000000000e+00 5.072313806058292851e-02
0.000000000000000000e+00 5.470242389894194868e-02 4.878787522886297578e-01 6.640625501611743253e-01 1.000000000000000000e+00 4.124317281066420399e-02
0.000000000000000000e+00 5.259065852736048013e-02 4.755586766523757780e-01 6.787640803427203995e-01 1.000000000000000000e+00 3.147184915321809412e-02
0.000000000000000000e+00 4.831650560991757742e-02 4.878763708708214741e-01 6.757463443651761104e-01 1.000000000000000000e+00 3.101522262257987855e-02
0.000000000000000000e+00 4.283826942319478304e-02 4.764611464239265626e-01 6.787307838534765159e-01 1.000000000000000000e+00 2.746541146870141656e-02
0.000000000000000000e+00 4.493572907734712935e-02 4.981741066350262037e-01 6.688617470682582944e-01 1.000000000000000000e+00 2.778153381443904807e-02
0.000000000000000000e+00 4.087679507966190950e-02 5.052742169309550890e-01 6.639297155186592025e-01 1.000000000000000000e+00 2.828013745104319965e-02
0.000000000000000000e+00 3.783374256810092401e-02 5.007354788277902369e-01 6.680469860946618432e-01 1.000000000000000000e+00 3.076614462439285214e-02
0.000000000000000000e+00 3.769879753527938943e-02 5.047866585637219572e-01 6.668831748545921423e-01 1.000000000000000000e+00 3.188438179380630871e-02
0.000000000000000000e+00 3.513511502439286421e-02 5.154729373373747592e-01 6.763647272769608421e-01 1.000000000000000000e+00 4.124092848741700568e-02
3.531176219169948269e-03 3.982588367319743472e-02 5.170762889500086779e-01 6.757335832846443902e-01 1.000000000000000000e+00 3.984718458569455612e-02
3.811188504651878087e-03 3.906048398970348584e-02 5.213295470518986008e-01 6.748251353289335119e-01 1.000000000000000000e+00 4.133011041278585734e-02
0.000000000000000000e+00 4.011784399351905200e-02 5.136855581965255046e-01 6.748901594773305535e-01 1.000000000000000000e+00 3.523779896226857111e-02
0.000000000000000000e+00 4.099402042928017298e-02 5.038215976418701780e-01 6.857572053587521754e-01 1.000000000000000000e+00 3.922257548399355614e-02
0.000000000000000000e+00 4.159662584283542464e-02 4.983982567149865539e-01 6.869847316137432935e-01 1.000000000000000000e+00 3.641785246940703463e-02
0.000000000000000000e+00 3.998125871219757044e-02 5.012257612579749111e-01 6.845025767445136466e-01 1.000000000000000000e+00 3.672653669171291324e-02
0.000000000000000000e+00 4.201743579891221297e-02 4.774742559196690772e-01 7.038747317063116515e-01 1.000000000000000000e+00 2.173085524246089195e-02
6.534658771028184487e-03 4.445406585385165005e-02 4.877248603102176672e-01 7.110918426880000753e-01 1.000000000000000000e+00 2.973885776787715124e-02
1.779040768995884120e-02 4.132527791255756477e-02 4.929636529138181067e-01 7.120640847746112501e-01 1.000000000000000000e+00 2.332094327097282080e-02
1.541630637201971306e-02 2.864294879589741535e-02 4.815162946438367730e-01 7.200082301061143664e-01 1.000000000000000000e+00 2.177826071582154160e-02
0.000000000000000000e+00 2.127251494777837246e-02 4.083632471209298620e-01 7.377813480057693329e-01 1.000000000000000000e+00 0.000000000000000000e+00
0.000000000000000000e+00 2.077894915017850300e-02 4.086165696670581160e-01 7.383899074742640289e-01 1.000000000000000000e+00 0.000000000000000000e+00
0.000000000000000000e+00 1.953296259194660378e-02 4.120494619309276185e-01 7.321841818752291564e-01 1.000000000000000000e+00 0.000000000000000000e+00
0.000000000000000000e+00 1.611546759525654682e-02 4.102001732905957154e-01 7.336904691772700993e-01 1.000000000000000000e+00 0.000000000000000000e+00
0.000000000000000000e+00 1.580273455463898635e-02 4.114843859828639649e-01 7.323953390745930880e-01 1.000000000000000000e+00 0.000000000000000000e+00
0.000000000000000000e+00 3.509997717628325631e-02 3.217787249993222520e-01 7.955998211939949716e-01 1.000000000000000000e+00 0.000000000000000000e+00
0.000000000000000000e+00 1.904697600740959049e-02 2.988034306199575107e-01 8.445790439465702404e-01 1.000000000000000000e+00 0.000000000000000000e+00
0.000000000000000000e+00 2.697359643821780478e-02 2.581130071158817540e-01 8.730993490369917120e-01 1.000000000000000000e+00 0.000000000000000000e+00
0.000000000000000000e+00 3.298800687484231692e-02 2.357842824373474755e-01 8.911720424559205211e-01 1.000000000000000000e+00 0.000000000000000000e+00
0.000000000000000000e+00 3.558233327001081303e-02 3.013336944793326144e-01 8.507623259879022459e-01 1.000000000000000000e+00 0.000000000000000000e+00
0.000000000000000000e+00 3.303235364150755582e-02 3.044172603490339357e-01 8.515368150317389473e-01 1.000000000000000000e+00 0.000000000000000000e+00
0.000000000000000000e+00 3.319714263994858611e-02 3.003064553607749931e-01 8.536381621179172097e-01 1.000000000000000000e+00 0.000000000000000000e+00
0.000000000000000000e+00 5.119401172701257274e-02 2.990578740817163572e-01 8.534972823919872997e-01 1.000000000000000000e+00 0.000000000000000000e+00
0.000000000000000000e+00 4.706445934216962890e-02 3.556600240146766678e-01 7.995130991995074154e-01 1.000000000000000000e+00 0.000000000000000000e+00
0.000000000000000000e+00 4.272051739051861002e-02 3.691826546638628526e-01 8.068785030413940795e-01 1.000000000000000000e+00 0.000000000000000000e+00
0.000000000000000000e+00 5.467502074539915685e-02 2.826445347570883948e-01 8.342659971806432040e-01 1.000000000000000000e+00 0.000000000000000000e+00
0.000000000000000000e+00 4.312444272348867069e-02 2.273342616757090540e-01 8.601707970355172428e-01 1.000000000000000000e+00 0.000000000000000000e+00
0.000000000000000000e+00 7.553086115126290967e-02 0.000000000000000000e+00 1.000000000000000000e+00 1.000000000000000000e+00 0.000000000000000000e+00
0.000000000000000000e+00 8.337377983937532822e-02 0.000000000000000000e+00 1.000000000000000000e+00 1.000000000000000000e+00 0.000000000000000000e+00
0.000000000000000000e+00 7.530817934911117340e-02 4.253225255969831503e-02 1.000000000000000000e+00 1.000000000000000000e+00 0.000000000000000000e+00
0.000000000000000000e+00 7.027485566441821208e-02 3.860490737623283042e-02 1.000000000000000000e+00 1.000000000000000000e+00 0.000000000000000000e+00
0.000000000000000000e+00 7.092834097510808400e-02 3.967513737272850005e-02 1.000000000000000000e+00 1.000000000000000000e+00 0.000000000000000000e+00
0.000000000000000000e+00 7.247317384097405613e-02 3.858003891502252702e-02 1.000000000000000000e+00 1.000000000000000000e+00 0.000000000000000000e+00
0.000000000000000000e+00 7.102978168322401920e-02 1.153217962025845506e-01 1.000000000000000000e+00 1.000000000000000000e+00 0.000000000000000000e+00
0.000000000000000000e+00 6.433628251150891320e-02 3.282541374500686643e-02 1.000000000000000000e+00 1.000000000000000000e+00 0.000000000000000000e+00
0.000000000000000000e+00 6.661028276298297524e-02 2.523465213435723345e-02 1.000000000000000000e+00 1.000000000000000000e+00 0.000000000000000000e+00
0.000000000000000000e+00 7.071545798569944807e-02 0.000000000000000000e+00 1.000000000000000000e+00 1.000000000000000000e+00 0.000000000000000000e+00
0.000000000000000000e+00 7.220530872661815036e-02 0.000000000000000000e+00 1.000000000000000000e+00 1.000000000000000000e+00 0.000000000000000000e+00
0.000000000000000000e+00 6.614443269568057171e-02 0.000000000000000000e+00 1.000000000000000000e+00 1.000000000000000000e+00 0.000000000000000000e+00
0.000000000000000000e+00 7.779259451559179805e-02 0.000000000000000000e+00 1.000000000000000000e+00 1.000000000000000000e+00 0.000000000000000000e+00
0.000000000000000000e+00 8.304493131647454340e-02 0.000000000000000000e+00 1.000000000000000000e+00 1.000000000000000000e+00 0.000000000000000000e+00
0.000000000000000000e+00 8.590172161452303001e-02 0.000000000000000000e+00 1.000000000000000000e+00 1.000000000000000000e+00 0.000000000000000000e+00
0.000000000000000000e+00 7.072295789568965041e-02 0.000000000000000000e+00 1.000000000000000000e+00 1.000000000000000000e+00 0.000000000000000000e+00
0.000000000000000000e+00 6.927317415044968729e-02 0.000000000000000000e+00 1.000000000000000000e+00 1.000000000000000000e+00 0.000000000000000000e+00
0.000000000000000000e+00 7.377950034305527649e-02 0.000000000000000000e+00 1.000000000000000000e+00 1.000000000000000000e+00 0.000000000000000000e+00
0.000000000000000000e+00 7.106332285621072553e-02 0.000000000000000000e+00 1.000000000000000000e+00 1.000000000000000000e+00 0.000000000000000000e+00
0.000000000000000000e+00 7.524607262260814278e-02 0.000000000000000000e+00 1.000000000000000000e+00 1.000000000000000000e+00 0.000000000000000000e+00
0.000000000000000000e+00 7.279526843971342864e-02 0.000000000000000000e+00 1.000000000000000000e+00 1.000000000000000000e+00 0.000000000000000000e+00
0.000000000000000000e+00 8.309945621000222604e-02 0.000000000000000000e+00 1.000000000000000000e+00 1.000000000000000000e+00 0.000000000000000000e+00
0.000000000000000000e+00 8.033922110184645027e-02 0.000000000000000000e+00 1.000000000000000000e+00 1.000000000000000000e+00 0.000000000000000000e+00
0.000000000000000000e+00 9.112838830758823727e-02 0.000000000000000000e+00 1.000000000000000000e+00 1.000000000000000000e+00 0.000000000000000000e+00
0.000000000000000000e+00 1.027056195731756993e-01 0.000000000000000000e+00 1.000000000000000000e+00 1.000000000000000000e+00 0.000000000000000000e+00
0.000000000000000000e+00 9.630115912344297535e-02 0.000000000000000000e+00 1.000000000000000000e+00 1.000000000000000000e+00 0.000000000000000000e+00
0.000000000000000000e+00 1.045687826024080808e-01 0.000000000000000000e+00 1.000000000000000000e+00 1.000000000000000000e+00 0.000000000000000000e+00
0.000000000000000000e+00 1.114080811544536503e-01 0.000000000000000000e+00 1.000000000000000000e+00 1.000000000000000000e+00 0.000000000000000000e+00
0.000000000000000000e+00 1.108086489007840819e-01 0.000000000000000000e+00 1.000000000000000000e+00 1.000000000000000000e+00 0.000000000000000000e+00
0.000000000000000000e+00 1.284796764366664679e-01 0.000000000000000000e+00 1.000000000000000000e+00 1.000000000000000000e+00 0.000000000000000000e+00
0.000000000000000000e+00 1.278643302830500261e-01 0.000000000000000000e+00 1.000000000000000000e+00 1.000000000000000000e+00 0.000000000000000000e+00
0.000000000000000000e+00 1.549291189539762359e-01 0.000000000000000000e+00 9.992760499351174275e-01 1.000000000000000000e+00 0.000000000000000000e+00
0.000000000000000000e+00 1.557443279197644470e-01 0.000000000000000000e+00 9.973588563923312389e-01 1.000000000000000000e+00 0.000000000000000000e+00
0.000000000000000000e+00 1.430331640644062208e-01 0.000000000000000000e+00 1.000000000000000000e+00 1.000000000000000000e+00 0.000000000000000000e+00
0.000000000000000000e+00 1.414416059074915522e-01 0.000000000000000000e+00 1.000000000000000000e+00 1.000000000000000000e+00 0.000000000000000000e+00
0.000000000000000000e+00 1.254001705450182858e-01 0.000000000000000000e+00 1.000000000000000000e+00 1.000000000000000000e+00 0.000000000000000000e+00
0.000000000000000000e+00 1.212400058466365504e-01 0.000000000000000000e+00 1.000000000000000000e+00 1.000000000000000000e+00 0.000000000000000000e+00
0.000000000000000000e+00 1.210389933963536419e-01 0.000000000000000000e+00 1.000000000000000000e+00 1.000000000000000000e+00 0.000000000000000000e+00
0.000000000000000000e+00 1.213361190513431720e-01 0.000000000000000000e+00 1.000000000000000000e+00 1.000000000000000000e+00 0.000000000000000000e+00
0.000000000000000000e+00 1.216491885493955760e-01 0.000000000000000000e+00 1.000000000000000000e+00 1.000000000000000000e+00 0.000000000000000000e+00
0.000000000000000000e+00 1.157708284474028571e-01 0.000000000000000000e+00 1.000000000000000000e+00 1.000000000000000000e+00 0.000000000000000000e+00
0.000000000000000000e+00 1.020298566599952134e-01 0.000000000000000000e+00 1.000000000000000000e+00 1.000000000000000000e+00 0.000000000000000000e+00
0.000000000000000000e+00 1.016503499313311243e-01 0.000000000000000000e+00 1.000000000000000000e+00 1.000000000000000000e+00 0.000000000000000000e+00
0.000000000000000000e+00 1.010877707009813775e-01 0.000000000000000000e+00 1.000000000000000000e+00 1.000000000000000000e+00 0.000000000000000000e+00
0.000000000000000000e+00 1.012109051622038514e-01 0.000000000000000000e+00 1.000000000000000000e+00 1.000000000000000000e+00 0.000000000000000000e+00
0.000000000000000000e+00 1.081413452239401857e-01 0.000000000000000000e+00 1.000000000000000000e+00 1.000000000000000000e+00 0.000000000000000000e+00
0.000000000000000000e+00 1.111988513858404998e-01 0.000000000000000000e+00 1.000000000000000000e+00 1.000000000000000000e+00 0.000000000000000000e+00
0.000000000000000000e+00 1.100356797355413196e-01 0.000000000000000000e+00 1.000000000000000000e+00 1.000000000000000000e+00 0.000000000000000000e+00
