6.234908103942871094e-01 1.185315251350402832e-01 9.196561574935913086e-02 4.838706254959106445e-01 9.064504504203796387e-01 7.109549641609191895e-01
7.734922766685485840e-01 5.686136484146118164e-01 4.861017465591430664e-01 5.859017372131347656e-03 4.095770716667175293e-01 3.799238801002502441e-01
7.365345954895019531e-01 9.761812686920166016e-01 8.538381457328796387e-01 4.259931445121765137e-01 1.116620898246765137e-01 2.043373584747314453e-01
7.354263663291931152e-01 2.517753839492797852e-01 9.631137847900390625e-01 5.315079689025878906e-01 6.673578619956970215e-01 9.967820048332214355e-01
8.675630092620849609e-01 7.195406556129455566e-01 4.976484179496765137e-01 3.033884763717651367e-01 8.589406609535217285e-01 1.509211659431457520e-01
7.664148211479187012e-01 2.042189240455627441e-01 7.770611643791198730e-01 3.853482007980346680e-01 4.076358675956726074e-01 1.919719576835632324e-01
5.304698944091796875e-01 6.157922148704528809e-01 1.051495671272277832e-01 2.364993095397949219e-01 8.729392290115356445e-02 8.087143898010253906e-01
3.184146881103515625e-01 3.250603675842285156e-01 4.521402716636657715e-01 2.476476430892944336e-01 5.050915479660034180e-02 8.600302934646606445e-01
5.659040808677673340e-01 5.983930230140686035e-01 4.073237776756286621e-01 1.029747128486633301e-01 6.399131417274475098e-01 8.081889152526855469e-01
7.344484329223632812e-03 7.289469242095947266e-03 1.819637417793273926e-01 1.261066198348999023e-01 1.264280080795288086e-02 8.847849965095520020e-01
9.927682876586914062e-01 2.062909305095672607e-02 0.000000000000000000e+00 9.813289642333984375e-01 1.403158605098724365e-01 9.069151282310485840e-01
1.000000000000000000e+00 3.855319023132324219e-01 4.392932951450347900e-01 1.000000000000000000e+00 0.000000000000000000e+00 1.926294863224029541e-01
9.824629426002502441e-01 1.000000000000000000e+00 3.626132849603891373e-03 9.399824738502502441e-01 1.531684845685958862e-01 9.884613752365112305e-01
1.911447010934352875e-02 9.527627825736999512e-01 1.000000000000000000e+00 9.901683926582336426e-01 0.000000000000000000e+00 1.000000000000000000e+00
0.000000000000000000e+00 9.896482229232788086e-01 9.960168004035949707e-01 0.000000000000000000e+00 0.000000000000000000e+00 8.627033792436122894e-03
0.000000000000000000e+00 1.000000000000000000e+00 5.146988034248352051e-01 9.963964223861694336e-01 4.375717602670192719e-03 9.849781990051269531e-01
0.000000000000000000e+00 1.000000000000000000e+00 1.000000000000000000e+00 9.815046191215515137e-01 3.993980213999748230e-02 8.019817471504211426e-01
9.648349285125732422e-01 4.041670858860015869e-01 8.438776433467864990e-02 9.230540990829467773e-01 2.040434181690216064e-01 8.983201384544372559e-01
9.850418567657470703e-01 5.567320808768272400e-02 8.943457007408142090e-01 8.120058178901672363e-01 9.493669494986534119e-03 9.864931106567382812e-01
6.784195303916931152e-01 3.252833485603332520e-01 2.407309412956237793e-01 9.381335377693176270e-01 8.939725756645202637e-01 4.588289558887481689e-01
2.144571542739868164e-01 6.836392879486083984e-01 8.259079456329345703e-01 9.583784937858581543e-01 9.471498727798461914e-01 8.021886348724365234e-01
9.962708353996276855e-01 9.792689085006713867e-01 0.000000000000000000e+00 2.379727363586425781e-01 2.463232725858688354e-02 5.509981140494346619e-02
9.569141864776611328e-01 9.521768689155578613e-01 8.775873184204101562e-01 3.158246278762817383e-01 2.740067802369594574e-02 9.511313438415527344e-01
9.558955430984497070e-01 1.000000000000000000e+00 7.251676917076110840e-02 9.946424961090087891e-01 2.176056848838925362e-03 9.943937659263610840e-01
8.501808047294616699e-01 8.034521937370300293e-01 5.553154349327087402e-01 9.173204302787780762e-01 5.233624204993247986e-02 8.937625288963317871e-01
4.396423995494842529e-01 9.749885797500610352e-01 2.798766493797302246e-01 9.760131835937500000e-01 4.249903932213783264e-02 8.326936364173889160e-01
1.258820891380310059e-01 2.971270680427551270e-01 3.096690475940704346e-01 6.828043460845947266e-01 1.816409677267074585e-01 6.311109066009521484e-01
3.150065988302230835e-02 1.582252383232116699e-01 0.000000000000000000e+00 5.725381970405578613e-01 8.737719655036926270e-01 8.874133825302124023e-01
4.904443323612213135e-01 4.636861979961395264e-01 6.587721109390258789e-01 9.882123470306396484e-01 4.259039089083671570e-02 8.922219276428222656e-01
2.089781016111373901e-01 1.140829101204872131e-01 0.000000000000000000e+00 5.465050339698791504e-01 9.096749424934387207e-01 8.405553698539733887e-01
1.169101148843765259e-01 9.692801833152770996e-01 8.859857320785522461e-01 6.976058240979909897e-03 1.270563341677188873e-02 3.052416630089282990e-02
2.283652871847152710e-01 2.677640318870544434e-01 2.910626232624053955e-01 7.837567329406738281e-01 4.443788826465606689e-01 8.573644161224365234e-01
3.307290077209472656e-01 5.985937118530273438e-01 3.625346422195434570e-01 3.121877610683441162e-01 5.918892025947570801e-01 2.353100925683975220e-01
3.179583251476287842e-01 6.347112059593200684e-01 3.600359857082366943e-01 3.332895338535308838e-01 6.379836201667785645e-01 2.199836224317550659e-01
9.122864007949829102e-01 7.096977829933166504e-01 0.000000000000000000e+00 8.408803343772888184e-01 2.725308947265148163e-02 7.164959311485290527e-01
3.090463876724243164e-01 7.029354572296142578e-01 4.169192612171173096e-01 3.738573193550109863e-01 9.433662891387939453e-01 4.773309081792831421e-02
6.103290319442749023e-01 6.475355625152587891e-01 0.000000000000000000e+00 8.609948754310607910e-01 8.317898213863372803e-02 8.985573649406433105e-01
7.634213566780090332e-01 2.384672164916992188e-01 2.347312718629837036e-01 9.300017356872558594e-01 9.677168726921081543e-01 2.390890419483184814e-01
9.270854592323303223e-01 0.000000000000000000e+00 0.000000000000000000e+00 7.550653219223022461e-01 8.271628059446811676e-03 5.949112176895141602e-01
4.829871654510498047e-01 6.038765907287597656e-01 8.311381936073303223e-01 9.822028875350952148e-01 5.075592175126075745e-02 8.816024661064147949e-01
0.000000000000000000e+00 1.000000000000000000e+00 4.874572157859802246e-01 9.531716704368591309e-01 5.993321910500526428e-02 7.375046014785766602e-01
9.954205751419067383e-01 3.601181879639625549e-02 5.293851345777511597e-02 9.529184699058532715e-01 1.735188625752925873e-02 1.620092839002609253e-01
8.392876386642456055e-01 8.044965267181396484e-01 6.508039832115173340e-01 2.860490083694458008e-01 9.788884222507476807e-02 8.261848688125610352e-01
4.702803790569305420e-01 2.653084993362426758e-01 1.000000000000000000e+00 5.630720853805541992e-01 5.825904011726379395e-01 1.000000000000000000e+00
2.800195217132568359e-01 7.230636477470397949e-01 8.259572386741638184e-01 3.950016498565673828e-01 1.000000000000000000e+00 0.000000000000000000e+00
7.805045247077941895e-01 2.343662232160568237e-01 6.995643377304077148e-01 5.217607617378234863e-01 7.301907539367675781e-01 9.099761247634887695e-01
9.983385801315307617e-01 4.409630969166755676e-02 5.449790954589843750e-01 8.224473595619201660e-01 2.631362900137901306e-02 9.217216372489929199e-01
1.679070144891738892e-01 2.716682851314544678e-01 7.086961269378662109e-01 6.318276524543762207e-01 5.238229036331176758e-01 9.385363459587097168e-01
2.594681978225708008e-01 6.802037358283996582e-01 0.000000000000000000e+00 3.601587414741516113e-01 9.215239882469177246e-01 5.019887164235115051e-02
3.040941990911960602e-02 1.679596751928329468e-01 1.219992339611053467e-01 5.706057548522949219e-01 8.582847118377685547e-01 9.083117842674255371e-01
3.229806125164031982e-01 2.700182795524597168e-01 0.000000000000000000e+00 8.337384462356567383e-01 4.179892838001251221e-01 7.995429635047912598e-01
1.000000000000000000e+00 2.418505847454071045e-01 8.715062737464904785e-01 5.125084519386291504e-01 7.238305211067199707e-01 9.579622745513916016e-01
0.000000000000000000e+00 2.657010555267333984e-01 0.000000000000000000e+00 9.790922999382019043e-01 1.518637090921401978e-01 6.692644953727722168e-01
2.829064726829528809e-01 7.278617620468139648e-01 1.000000000000000000e+00 4.053877592086791992e-01 1.000000000000000000e+00 0.000000000000000000e+00
4.822701513767242432e-01 6.657068133354187012e-01 5.899457335472106934e-01 9.027597308158874512e-01 6.082206591963768005e-02 8.785863518714904785e-01
0.000000000000000000e+00 2.984869182109832764e-01 1.000000000000000000e+00 6.318251490592956543e-01 4.432223439216613770e-01 9.566161632537841797e-01
9.151356220245361328e-01 7.129645347595214844e-01 4.397734403610229492e-01 2.919703423976898193e-01 7.362620234489440918e-01 1.711764335632324219e-01
6.186034083366394043e-01 3.682488799095153809e-01 0.000000000000000000e+00 9.254786372184753418e-01 8.170690536499023438e-01 1.000000000000000000e+00
3.522399663925170898e-01 6.698363423347473145e-01 0.000000000000000000e+00 7.824764251708984375e-01 7.924605906009674072e-02 9.409278035163879395e-01
3.293686732649803162e-02 6.175649762153625488e-01 3.312789499759674072e-01 3.343989551067352295e-01 6.126160025596618652e-01 2.224541455507278442e-01
5.029466152191162109e-01 7.289983630180358887e-01 1.000000000000000000e+00 3.843913078308105469e-01 9.976055622100830078e-01 3.468275815248489380e-02
6.507926583290100098e-01 2.968275845050811768e-01 0.000000000000000000e+00 8.611959815025329590e-01 3.354783058166503906e-01 8.337202072143554688e-01
8.945848345756530762e-01 9.393128156661987305e-01 9.273865222930908203e-01 9.665733575820922852e-01 3.004833497107028961e-02 9.760081171989440918e-01
8.911461830139160156e-01 1.932584643363952637e-01 2.149608880281448364e-01 5.114955082535743713e-02 8.985194563865661621e-02 1.035028025507926941e-01
9.937137365341186523e-01 7.812601327896118164e-01 7.956870794296264648e-01 8.864527344703674316e-01 1.643970161676406860e-01 9.036056995391845703e-01
6.679860949516296387e-01 7.483037710189819336e-01 9.319885969161987305e-01 9.232057332992553711e-01 6.005458906292915344e-02 9.476037025451660156e-01
9.756856560707092285e-01 5.099629238247871399e-02 6.346021592617034912e-02 9.838622808456420898e-01 1.256156526505947113e-02 0.000000000000000000e+00
9.888011217117309570e-01 7.375190854072570801e-01 1.000000000000000000e+00 3.433097302913665771e-01 9.879038333892822266e-01 8.429996669292449951e-02
7.857039570808410645e-01 9.494345188140869141e-01 9.149761199951171875e-01 2.849951386451721191e-01 2.022277563810348511e-02 9.095499515533447266e-01
3.370643556118011475e-01 9.496556520462036133e-01 1.000000000000000000e+00 2.392011582851409912e-01 1.726374588906764984e-02 8.086462616920471191e-01
7.758998274803161621e-01 8.328704833984375000e-01 8.256140947341918945e-01 4.615813195705413818e-01 1.042468696832656860e-01 2.407042086124420166e-01
7.955608963966369629e-01 7.507534325122833252e-02 5.878254398703575134e-02 9.909533858299255371e-01 2.107926085591316223e-02 3.055909462273120880e-02
6.697998642921447754e-01 9.186215996742248535e-01 8.198931217193603516e-01 8.765302896499633789e-01 9.927596896886825562e-02 9.068655967712402344e-01
8.521119356155395508e-01 9.878565073013305664e-01 2.244475334882736206e-01 2.058223187923431396e-01 3.577644750475883484e-02 5.696455389261245728e-02
0.000000000000000000e+00 9.556045532226562500e-01 9.240480661392211914e-01 2.340071052312850952e-01 1.740962080657482147e-02 7.738048434257507324e-01
8.325628042221069336e-01 4.134229719638824463e-01 4.474847316741943359e-01 9.905430674552917480e-01 1.261789258569478989e-02 2.480118721723556519e-01
8.232682347297668457e-01 8.580096960067749023e-01 8.303761482238769531e-01 1.660782694816589355e-01 6.586519628763198853e-02 8.506416082382202148e-01
3.893255591392517090e-01 1.432022899389266968e-01 5.199075117707252502e-02 1.000000000000000000e+00 5.588284507393836975e-02 1.651492267847061157e-01
9.607359170913696289e-01 7.152813076972961426e-01 0.000000000000000000e+00 2.270048111677169800e-01 8.859805464744567871e-01 1.407316774129867554e-01
9.234669804573059082e-01 7.895519137382507324e-01 1.000000000000000000e+00 8.992096185684204102e-01 1.313532739877700806e-01 9.291403889656066895e-01
1.000000000000000000e+00 8.689032793045043945e-01 8.323504924774169922e-01 4.400034546852111816e-01 1.266797035932540894e-01 2.397128790616989136e-01
0.000000000000000000e+00 1.000000000000000000e+00 0.000000000000000000e+00 9.414099454879760742e-01 8.365344256162643433e-02 6.272004246711730957e-01
0.000000000000000000e+00 9.529049992561340332e-01 9.484394788742065430e-01 6.091893315315246582e-01 2.381153404712677002e-02 9.185602664947509766e-01
8.453666567802429199e-01 4.023985564708709717e-01 9.595379829406738281e-01 7.051143646240234375e-01 4.193235337734222412e-01 9.086441993713378906e-01
2.719680964946746826e-01 9.516002535820007324e-01 9.492166042327880859e-01 2.083517014980316162e-01 3.966734558343887329e-02 0.000000000000000000e+00
8.611218333244323730e-01 9.980536699295043945e-01 9.913595914840698242e-01 1.000000000000000000e+00 0.000000000000000000e+00 9.999522566795349121e-01
5.793676972389221191e-01 5.907206535339355469e-01 6.972758173942565918e-01 6.604538112878799438e-02 6.246280074119567871e-01 8.296055197715759277e-01
8.897287249565124512e-01 7.267399430274963379e-01 7.732008695602416992e-01 3.378320932388305664e-01 8.635521531105041504e-01 1.274602413177490234e-01
0.000000000000000000e+00 9.840304255485534668e-01 0.000000000000000000e+00 6.932297348976135254e-01 8.562589436769485474e-02 5.775095820426940918e-01
6.376447677612304688e-01 3.184337019920349121e-01 0.000000000000000000e+00 1.000000000000000000e+00 9.187189936637878418e-01 4.618066549301147461e-01
7.591242790222167969e-01 3.458845615386962891e-01 7.848991155624389648e-01 1.000000000000000000e+00 8.618078231811523438e-01 3.614619970321655273e-01
5.517053008079528809e-01 6.097374558448791504e-01 0.000000000000000000e+00 7.855640351772308350e-02 6.435349583625793457e-01 7.887684702873229980e-01
8.192419409751892090e-01 8.376129269599914551e-01 1.000000000000000000e+00 4.270876646041870117e-01 1.022431105375289917e-01 8.704797029495239258e-01
8.882642984390258789e-01 8.999327421188354492e-01 2.438383996486663818e-01 8.958803415298461914e-01 1.513510048389434814e-01 8.943678140640258789e-01
4.844137728214263916e-01 5.723723769187927246e-01 0.000000000000000000e+00 2.889656722545623779e-01 1.010074540972709656e-01 7.957448959350585938e-01
1.823771595954895020e-01 6.796385645866394043e-01 7.908734679222106934e-01 8.934699296951293945e-01 1.697222590446472168e-01 8.952590823173522949e-01
9.547433853149414062e-01 8.463022708892822266e-01 1.000000000000000000e+00 8.673829436302185059e-01 5.624203756451606750e-02 8.654007911682128906e-01
9.013615846633911133e-01 8.049401044845581055e-01 0.000000000000000000e+00 4.537571668624877930e-01 8.836160600185394287e-02 8.494087457656860352e-01
3.791207373142242432e-01 4.377946853637695312e-01 8.461364507675170898e-01 4.864414632320404053e-01 1.082514747977256775e-01 7.977859377861022949e-01
0.000000000000000000e+00 9.575970768928527832e-01 3.560071885585784912e-01 5.617871284484863281e-01 6.357847154140472412e-02 7.026488780975341797e-01
5.627729892730712891e-01 2.463037222623825073e-01 1.499209553003311157e-01 9.796759486198425293e-01 9.694150686264038086e-01 1.466711014509201050e-01
6.963774561882019043e-02 5.860639810562133789e-01 5.597914755344390869e-02 8.476679027080535889e-02 6.564923524856567383e-01 8.361241221427917480e-01
1.677407696843147278e-02 9.482295513153076172e-01 2.387601435184478760e-01 0.000000000000000000e+00 3.965099155902862549e-02 3.757585883140563965e-01
7.556857466697692871e-01 3.492726087570190430e-01 4.567885994911193848e-01 7.799091339111328125e-01 3.772390186786651611e-01 8.554912805557250977e-01
4.050297290086746216e-02 5.714033842086791992e-01 3.816416561603546143e-01 1.039763242006301880e-01 6.488595008850097656e-01 8.622310161590576172e-01
1.000000000000000000e+00 7.763229608535766602e-01 3.570127785205841064e-01 6.579248905181884766e-01 5.018121749162673950e-02 5.688322186470031738e-01
5.453591048717498779e-02 9.535090327262878418e-01 7.195410132408142090e-01 5.168825984001159668e-01 3.981639817357063293e-02 8.066989779472351074e-01
5.468301475048065186e-03 9.512195587158203125e-01 0.000000000000000000e+00 0.000000000000000000e+00 4.723117500543594360e-02 3.534899353981018066e-01
1.000000000000000000e+00 7.511696815490722656e-01 5.691893100738525391e-01 1.077474579215049744e-01 1.172619983553886414e-01 8.068445920944213867e-01
9.910787921398878098e-04 5.466500520706176758e-01 1.000000000000000000e+00 5.128397792577743530e-02 6.338126659393310547e-01 9.349466562271118164e-01
