-6.234827672861061876e-01
-2.940026807428264832e-01
-7.897251425542067826e-02
-1.002374777602390132e+00
-5.453600550466686236e-01
-6.052031072127345146e-01
2.575714831223915868e-02
-8.607978189823892179e-02
-6.513307461918376173e-01
-4.367260992123621621e-01
4.781931010715533836e-01
1.873977709188736351e-01
4.857225049667765471e-01
7.471266417347299793e-01
-9.916180911370222617e-01
7.557650445630539338e-01
4.986352795064417642e-01
2.001949996919173969e-01
-1.835115424014293062e-01
-7.931395418259205854e-02
-1.710312860538272806e-01
4.777985944984468603e-01
5.149836546776724866e-01
9.550574677221065345e-01
8.623649572989120493e-01
8.201135390938093517e-01
-2.383406797270401500e-01
-5.572605836653972133e-01
6.112372363025936339e-01
-5.256969072855915970e-01
-8.018094929206343036e-01
-3.240072352172501668e-01
-3.475561551374527491e-01
-3.293093816843096766e-01
5.894336869988952010e-01
-4.476389752447375026e-01
6.054004462047281043e-01
-1.204181794465880584e-03
8.187018484007653196e-01
7.477450861207017851e-01
4.136812532642827889e-01
7.182987940906329083e-01
1.466033301419462365e-01
-8.836098425881060425e-01
-6.478456411968793738e-01
-8.383004426497335793e-01
1.804553707426934661e-01
-5.956059423393201824e-01
-4.264375783974902467e-02
-6.674342367538921295e-01
-1.562595550889091522e-01
-9.877379089850600868e-01
-2.198162520879479720e-01
-6.840232758986745099e-01
6.903789154657622440e-01
-4.165475683690330611e-01
-3.570857115366974921e-01
-5.910322245059717039e-01
5.268668513954961607e-01
-4.126099449575763023e-01
-7.536683191328819031e-01
1.012251758154948389e-01
1.227929728425847244e+00
-5.975832272279749113e-02
5.697394798976764818e-01
9.303228936629378554e-01
6.850374157766914163e-01
-9.386717702009281794e-01
4.624426763361333959e-01
1.282458820830169599e-01
-6.633884639839068842e-02
5.776858881016617708e-01
9.417355675033320939e-01
2.122454480556764944e-01
-9.140472645971994825e-02
2.574564391782479533e-01
1.663701770963204318e-01
4.291880242485041075e-02
-4.751589922520976783e-01
7.394927932257957526e-01
-1.442565687335790880e-01
1.389228987078706123e-01
3.555230877101662745e-01
-4.972063234524060071e-01
-6.119733678609371452e-01
1.370981446222582445e+00
-7.538358004931023926e-01
-6.710120365881209192e-01
-1.228272508200781155e-01
-2.721340914393054200e-02
-4.246877473855784069e-02
-5.783139321759518392e-01
3.045145607480644889e-01
5.617508720403074918e-01
-2.920317617344875272e-03
5.020701160001423968e-01
8.481149078016207987e-01
3.258422780679959274e-01
-4.418037928149473603e-02
-2.946019122083898267e-02
1.157760708930616889e-01
-7.902156208010617799e-01
-6.967542569570743805e-01
-1.532848070864800683e-01
-9.513535445208389785e-01
3.114815226226096412e-01
2.022535924786423300e-01
-7.154053156854431883e-01
-2.172944333844128995e-03
-1.051832303794486112e+00
