4.658304537696323910e-01
4.658304537696323910e-01
4.658304537696323910e-01
4.658304537696323910e-01
4.658304537696323910e-01
4.658304537696323910e-01
4.658304537696323910e-01
4.658304537696323910e-01
4.658304537696323910e-01
4.658304537696323910e-01
7.929766312658133032e-01
8.161327043706791962e-01
8.161327043706791962e-01
8.161327043706791962e-01
8.316297226271015530e-01
8.316297226271015530e-01
8.316297226271015530e-01
8.316297226271015530e-01
8.316297226271015530e-01
8.316297226271015530e-01
8.316297226271015530e-01
8.316297226271015530e-01
8.316297226271015530e-01
8.316297226271015530e-01
8.316297226271015530e-01
8.316297226271015530e-01
8.316297226271015530e-01
8.316297226271015530e-01
8.316297226271015530e-01
8.316297226271015530e-01
8.316297226271015530e-01
8.316297226271015530e-01
8.316297226271015530e-01
8.316297226271015530e-01
8.316297226271015530e-01
8.316297226271015530e-01
8.316297226271015530e-01
8.316297226271015530e-01
8.316297226271015530e-01
8.316297226271015530e-01
8.316297226271015530e-01
8.316297226271015530e-01
8.316297226271015530e-01
8.316297226271015530e-01
8.316297226271015530e-01
8.316297226271015530e-01
8.316297226271015530e-01
8.316297226271015530e-01
8.316297226271015530e-01
8.316297226271015530e-01
