1.459417159460314695e+00
1.459417159460314695e+00
1.459417159460314695e+00
1.604585649273185144e+00
1.604585649273185144e+00
1.604585649273185144e+00
1.604585649273185144e+00
1.604585649273185144e+00
1.604585649273185144e+00
1.604585649273185144e+00
2.092587109697089165e+00
2.092587109697089165e+00
2.092587109697089165e+00
2.092587109697089165e+00
2.142112720788277080e+00
2.142112720788277080e+00
2.142112720788277080e+00
2.142112720788277080e+00
2.142112720788277080e+00
2.142112720788277080e+00
2.142112720788277080e+00
2.142112720788277080e+00
2.142112720788277080e+00
2.186555791377057911e+00
2.186555791377057911e+00
2.186555791377057911e+00
2.186555791377057911e+00
2.186555791377057911e+00
2.186555791377057911e+00
2.186555791377057911e+00
2.186555791377057911e+00
2.186555791377057911e+00
2.186555791377057911e+00
2.227873662243514463e+00
2.227873662243514463e+00
2.227873662243514463e+00
2.227873662243514463e+00
2.227873662243514463e+00
2.227873662243514463e+00
2.227873662243514463e+00
2.227873662243514463e+00
2.227873662243514463e+00
2.227873662243514463e+00
2.227873662243514463e+00
2.227873662243514463e+00
2.227873662243514463e+00
2.227873662243514463e+00
2.227873662243514463e+00
2.227873662243514463e+00
2.227873662243514463e+00
2.227873662243514463e+00
2.227873662243514463e+00
2.227873662243514463e+00
2.227873662243514463e+00
2.227873662243514463e+00
2.227873662243514463e+00
2.227873662243514463e+00
2.227873662243514463e+00
2.227873662243514463e+00
2.227873662243514463e+00
2.227873662243514463e+00
2.227873662243514463e+00
2.227873662243514463e+00
2.227873662243514463e+00
2.227873662243514463e+00
2.227873662243514463e+00
2.227873662243514463e+00
2.227873662243514463e+00
2.227873662243514463e+00
2.227873662243514463e+00
2.227873662243514463e+00
2.227873662243514463e+00
2.227873662243514463e+00
2.227873662243514463e+00
2.227873662243514463e+00
2.227873662243514463e+00
2.227873662243514463e+00
2.227873662243514463e+00
2.227873662243514463e+00
2.227873662243514463e+00
2.227873662243514463e+00
2.227873662243514463e+00
2.227873662243514463e+00
2.227873662243514463e+00
2.227873662243514463e+00
2.227873662243514463e+00
2.227873662243514463e+00
2.227873662243514463e+00
2.227873662243514463e+00
2.227873662243514463e+00
2.227873662243514463e+00
2.227873662243514463e+00
2.227873662243514463e+00
2.227873662243514463e+00
2.227873662243514463e+00
2.227873662243514463e+00
2.227873662243514463e+00
2.227873662243514463e+00
2.227873662243514463e+00
2.227873662243514463e+00
