1.246421421940084207e+00
2.144719622450347307e-01
2.729769103522238782e-01
3.301319677939292818e-01
1.573806822269430583e+00
2.023202733473010717e+00
1.829478892447172766e+00
1.303077451013113564e+00
1.022407572456852654e+00
2.200934617314338482e+00
2.031067791963313773e+00
2.045229868714373733e+00
1.975195424847737691e+00
2.064082137097740244e+00
2.170524362526059292e+00
2.182386490117553368e+00
2.180980636902238423e+00
2.178786236272024279e+00
2.186841430740424919e+00
2.185885219522451184e+00
2.178237378110054578e+00
2.183626158310548071e+00
2.182769937390334203e+00
2.182504135661869071e+00
2.187993669656607576e+00
2.192008223533032485e+00
2.186238574799200585e+00
2.185104464513747402e+00
2.202478066797359357e+00
2.202795064886162724e+00
2.216309961835430276e+00
2.215093927935785967e+00
2.214286077062216584e+00
2.230287860476905415e+00
2.232021841899563430e+00
2.232243669351459125e+00
2.232176916043584924e+00
2.232289115721053818e+00
2.231804273689866225e+00
2.230972784842318646e+00
2.230775373974676512e+00
2.230620506717071905e+00
2.230740376234357392e+00
2.230776591902787764e+00
2.230950547244520354e+00
2.231016761722358854e+00
2.230986934982325476e+00
2.230847747437499695e+00
2.230818947164055821e+00
2.230871101064560769e+00
2.231410097317577446e+00
2.231321607788261385e+00
2.231199542749104481e+00
2.231221905558857799e+00
2.231208020454717111e+00
2.231201161466265237e+00
2.231065011422415978e+00
2.230793079333549755e+00
2.231034420979606914e+00
2.230975733261680638e+00
2.230824268254543163e+00
2.230798907416480237e+00
2.230747156787621144e+00
2.230706299965378392e+00
2.230752883860618319e+00
2.230742177712311314e+00
2.231058337051399665e+00
2.231118282064106673e+00
2.231138782877746252e+00
2.231132955708171828e+00
2.231454292112918569e+00
2.231333053422940527e+00
2.231372126212237461e+00
2.231373234556958352e+00
2.231246479649964698e+00
2.231175418197365978e+00
2.231197339451028494e+00
2.231184924968451888e+00
2.231212441268297653e+00
2.231196725168703487e+00
2.231014389183985980e+00
2.231111964262165070e+00
2.231139381705678382e+00
2.231243542853257100e+00
2.231233197652662703e+00
2.231201920331152166e+00
2.231368337723559137e+00
2.231368977442718560e+00
2.231373463104064481e+00
2.231378697647207865e+00
2.231383940025706725e+00
2.231322148131345440e+00
2.231394756867095541e+00
2.231363050450089425e+00
2.231256407195783442e+00
2.231272334880188168e+00
2.231391035698457870e+00
2.231492580518221747e+00
2.231580148483498061e+00
2.231700642023773717e+00
