7.562553882598876953e-02 2.728302478790283203e-01 3.071732521057128906e-01 4.461735486984252930e-01 9.859993457794189453e-01 6.981483697891235352e-01
1.880431175231933594e-01 4.714563488960266113e-01 7.540283203125000000e-01 4.247194528579711914e-01 1.437809467315673828e-01 5.996195673942565918e-01
1.089035868644714355e-01 8.203137516975402832e-01 3.383779525756835938e-01 8.125812411308288574e-01 9.706189632415771484e-01 9.485471844673156738e-01
3.365551233291625977e-01 5.728970170021057129e-01 7.936399579048156738e-01 4.020738601684570312e-01 6.787067651748657227e-02 5.555140972137451172e-01
1.110534071922302246e-01 8.822765946388244629e-01 2.181750535964965820e-02 1.498351097106933594e-01 7.452735304832458496e-01 5.904078483581542969e-03
8.925396203994750977e-01 1.467977762222290039e-01 9.897539019584655762e-01 9.269831776618957520e-01 5.817394256591796875e-01 8.639884591102600098e-01
1.816858649253845215e-01 1.178433299064636230e-01 3.087514638900756836e-01 1.126852035522460938e-01 2.106970548629760742e-01 9.512596726417541504e-01
4.781761169433593750e-01 9.470323920249938965e-01 2.079183459281921387e-01 3.273690342903137207e-01 3.657215833663940430e-01 1.851768493652343750e-01
8.973354101181030273e-01 1.908544898033142090e-01 4.041547775268554688e-01 6.857582926750183105e-01 3.454703092575073242e-02 7.810308933258056641e-01
7.160679697990417480e-01 2.674425840377807617e-01 2.916176319122314453e-01 6.947994232177734375e-02 6.918442845344543457e-01 9.483406543731689453e-01
6.982119546101560603e-01 2.213764895784907094e-01 8.033025808180013216e-01 5.361057014917721547e-02 1.771878979196251092e-01 6.788660540715447667e-01
2.597151994563342003e-01 5.437312069682499471e-01 9.647622765040403392e-01 4.570343746750598485e-02 2.358376226834671407e-01 8.443904959160539736e-01
8.869891973081485137e-01 1.142159002253261141e-01 9.326512522987088216e-01 3.693350124231080667e-01 6.255143364938602069e-02 1.147691582474931610e-01
9.235485589102777615e-01 1.033720358091659713e-01 8.371558508115171104e-01 3.853643016718883429e-01 9.058446322296420661e-02 9.010561628490681985e-01
9.543806561734096139e-01 8.827907932231358057e-01 6.240104516997013739e-01 1.868727255144492921e-02 3.833817935163794793e-02 9.443899003840393602e-01
5.337623787142381504e-01 0.000000000000000000e+00 6.305989931728894771e-01 2.219563208566367393e-02 1.845232241704256038e-02 9.660684803228756223e-01
5.104636107569200387e-01 3.900077230305292689e-03 7.303714762867021815e-01 2.682362222532526028e-03 4.426226323563605715e-03 9.188666334613909692e-01
6.779753536940470449e-01 6.876600140772055891e-02 9.544484331424338830e-01 1.805255856028062031e-02 3.240459588323017087e-02 8.572653515743010599e-01
6.581087497199584746e-01 2.779400189398316123e-01 7.602585543816462454e-01 8.394279098780083048e-02 2.116444109302267340e-01 6.315529056894552129e-01
7.566784407217653774e-01 1.047826430068162125e-02 9.771555048741898952e-01 2.637879129173080830e-02 6.720565763775638614e-03 9.555901861100822847e-01
7.471478879772802673e-01 1.056275279310745219e-01 9.448517457966613131e-01 7.074745942898591489e-02 7.383247522917696370e-01 9.329171613077462677e-01
9.712183454612234312e-01 1.304476993112255873e-02 9.736977909741670878e-01 1.907179478832887395e-02 2.385630393365093666e-02 9.283131292964432735e-01
1.000000000000000000e+00 1.175482553961408258e-02 1.000000000000000000e+00 4.719921365168668385e-04 0.000000000000000000e+00 9.775380662827084510e-01
9.508317416778959696e-01 6.678459421242766147e-02 9.800114816488556535e-01 1.582560808869667643e-02 9.988438765532446986e-03 8.694964029704541630e-01
9.456153972453908985e-01 7.496760069813037664e-01 6.785208550554536755e-01 5.086341327272012047e-02 3.471854038199093107e-02 9.288846984025164177e-01
9.799271091909040887e-01 9.840062000656719585e-03 9.850862490643693681e-01 0.000000000000000000e+00 2.972640080705527682e-03 8.543268668104559982e-01
5.767958536584554263e-01 1.141336847543172606e-01 9.047677318815738889e-01 2.436551523537110464e-01 1.383228826030231395e-01 8.648375652620698961e-01
8.585743529533040874e-01 1.470311214387249321e-01 9.732446860423282775e-01 8.531742772101782446e-01 5.272245762678582359e-01 8.708375777590002809e-01
6.816521039226202117e-01 2.617190855793769533e-01 6.540810950441142690e-01 6.868105541106998835e-02 3.423399412820703480e-01 7.007951943211694346e-01
8.094974394164022868e-01 0.000000000000000000e+00 1.000000000000000000e+00 3.105927556439326276e-01 1.164094098366752900e-01 9.093300392776239027e-01
1.000000000000000000e+00 2.780051722444962237e-01 3.718648713767303549e-01 3.687121128261458547e-02 6.913963577834805196e-01 9.668371482173880871e-01
0.000000000000000000e+00 6.684634716985218272e-01 9.955892793538678731e-01 3.862188566733262135e-02 2.986591566331338599e-01 8.200295071622584198e-01
8.654963599259783980e-01 4.088256059608486592e-01 7.706793338508423075e-01 1.316357172886482851e-01 1.798575168470518404e-01 7.347759676974603416e-01
2.032002378270377774e-01 8.140450193004518109e-01 1.440250844456721635e-01 1.717075878184714244e-01 6.280488649992750361e-01 9.002757978857151011e-02
6.825986200130715886e-01 1.558562835911435906e-01 9.134778515897427065e-01 5.629161309866709262e-01 3.599665317849400359e-01 8.744899550003374378e-01
8.000730543492048374e-01 1.552635617831987502e-01 9.961450298542657844e-01 9.488725315881469946e-01 6.132456939259625095e-01 8.566563793791182047e-01
7.699788001336306253e-01 1.642833548083900974e-01 1.000000000000000000e+00 1.000000000000000000e+00 1.000000000000000000e+00 8.411897508928812828e-01
7.753534459997883932e-01 1.626596424732915658e-01 9.995459992681168249e-01 9.864851394911220428e-01 8.957143941698038070e-01 8.452314281864653500e-01
8.127621977949478493e-01 1.509563849155592941e-01 9.922093424723462673e-01 9.353923260380450078e-01 4.802377750821984481e-01 8.613226516796201881e-01
6.070923250192512555e-01 2.199137614767855686e-01 8.971889329181758077e-01 5.945255462998432217e-01 4.168502601049112188e-01 8.687683993217731881e-01
7.224183774810253311e-01 1.049191874556646559e-01 9.401859480055726470e-01 7.899697945764795615e-02 1.000000000000000000e+00 9.483924498987160723e-01
7.178898797611878990e-01 1.711872521183916973e-01 9.401795009528226554e-01 8.550053400128347636e-02 1.000000000000000000e+00 9.471343585781587526e-01
8.064545047713606030e-01 1.566604803884572572e-01 9.706770645276990850e-01 8.706631214350158965e-01 1.000000000000000000e+00 8.566878403761052363e-01
8.073304948260577873e-01 1.444155341192237263e-01 9.377230140804773129e-01 6.669355981556535085e-01 1.000000000000000000e+00 8.711495272732615591e-01
2.126516303257215135e-01 1.524746777822118537e-01 2.462042486717981316e-01 1.246194384776475178e-01 3.165051523053177829e-01 9.561127976867596079e-01
9.459091946056694677e-01 3.763425908782829232e-01 9.876288185631538763e-01 1.284841198792241110e-02 7.920036674501979013e-02 1.000000000000000000e+00
7.060961080752409247e-01 5.390886515919508515e-01 9.472802891185867491e-01 9.632090436627042951e-02 9.914000771743843865e-01 9.590572711586090593e-01
6.890158802972375929e-01 5.311507890425526401e-01 9.419016564271120995e-01 8.349149565624633396e-02 7.734646541489085259e-01 9.496923398986660825e-01
9.022510135503841733e-01 3.872138119820561775e-01 8.701049257713667773e-01 5.977575977324085105e-02 8.905002704882465370e-01 3.369495562309184900e-01
7.619401250965492089e-02 2.732873385208685613e-01 3.113814042019962813e-01 4.424235967618930232e-01 9.490920235065000155e-01 6.981939620865936780e-01
8.890456563784746580e-01 1.187596733801904447e-01 9.332745269234992147e-01 4.162348514187664827e-01 6.265462931947668457e-02 0.000000000000000000e+00
8.747290673693225438e-01 2.267607746711927386e-01 2.384371533766745654e-01 9.178928156273589156e-01 2.004690830890156622e-02 6.640386910480101657e-01
6.891396140040997320e-01 5.087769214447602772e-01 9.451423052646606981e-01 7.564168573281780661e-02 6.255089811928166155e-01 9.402633839868503873e-01
8.388844004776890850e-01 1.368223966672752201e-01 9.742905517733456700e-01 9.588941375194588446e-01 0.000000000000000000e+00 8.690444206835401530e-01
6.072295943702510357e-01 9.747723669788194156e-02 8.881638532351652238e-01 2.018376675733010717e-01 6.736931166094108914e-01 8.239387295770410624e-01
1.864269206059162021e-01 2.675899284835467351e-01 4.705466262157826929e-01 3.534858453727199867e-01 6.392740415602761184e-01 7.313511664085774466e-01
3.084502014146955351e-01 4.833952129358400907e-01 8.824732673895318014e-01 3.755085545338847641e-01 4.694786020366389402e-03 5.703794874188073960e-01
6.980040945104700745e-01 1.000000000000000000e+00 9.522160170063068696e-01 1.396657190162559903e-01 9.839778924472795119e-01 9.676976040745123298e-01
8.779483389777725799e-01 4.537617839825776045e-01 8.719730438254839067e-01 9.445597603218056082e-02 1.064793364794539982e-01 8.456987189784603842e-01
6.536664000375383976e-01 3.216911534170787679e-01 7.035861987005967988e-01 1.289861992756813347e-01 9.872338510823418511e-01 9.183428907620865278e-01
