-7.029787954619114154e-02
6.812072196306164784e-01
-6.771987761269998574e-01
8.147191592420442996e-01
-8.193118299562996976e-01
6.784254499894737389e-01
1.313359010761239398e+00
-4.275839031799383294e-01
1.603859708290913955e-01
1.171506817199514217e+00
1.695773980054325669e+00
1.278329117416625138e+00
8.704038869622708896e-01
1.560711203643380340e+00
1.351612224654129113e+00
1.847682026270637712e+00
1.910481847035438996e+00
2.021123039173144953e+00
1.538298488176028878e+00
2.107388064843633391e+00
1.708451245037972965e+00
2.161959751565829979e+00
2.214947564368104693e+00
2.136024773914896979e+00
1.552949216995944459e+00
2.155826049070864059e+00
1.608298266569581081e+00
7.966075639920502383e-01
1.495820933819305365e+00
1.755020342118412291e+00
1.348233094668059850e+00
7.014709582130234100e-01
1.618645563501889262e+00
-6.115215330586128983e-01
1.187600923686785936e+00
5.950499751499159773e-01
2.622954587148971783e-01
3.230255971659790060e-01
7.552331875467970246e-01
1.029100086080067422e+00
1.485070810380101136e+00
1.467414944713023139e+00
4.163565222798119025e-01
6.869471968191259714e-01
1.241451217154148967e+00
2.168370853836190104e+00
1.284532024021640240e+00
1.407668326437261586e+00
8.860799845704301347e-01
-4.320742009242001247e-02
6.595256317207216501e-01
-5.388253749823471717e-01
1.544563890612837609e+00
9.298715737207279286e-01
1.407019795712398436e+00
4.767711565271638419e-01
9.480275995254848764e-01
7.671229091465058270e-01
1.871132890299558316e+00
1.176165133286760645e+00
