0.000000000000000000e+00 0.000000000000000000e+00 0.000000000000000000e+00 0.000000000000000000e+00 1.000000000000000000e+00 0.000000000000000000e+00
1.000000000000000000e+00 0.000000000000000000e+00 0.000000000000000000e+00 0.000000000000000000e+00 1.000000000000000000e+00 0.000000000000000000e+00
1.000000000000000000e+00 0.000000000000000000e+00 0.000000000000000000e+00 0.000000000000000000e+00 1.000000000000000000e+00 0.000000000000000000e+00
0.000000000000000000e+00 0.000000000000000000e+00 0.000000000000000000e+00 0.000000000000000000e+00 1.000000000000000000e+00 6.156740415336430239e-01
0.000000000000000000e+00 0.000000000000000000e+00 2.908871296425066255e-01 1.382512235652898491e-01 8.762257753737928700e-01 1.000000000000000000e+00
0.000000000000000000e+00 0.000000000000000000e+00 2.950062667422933549e-01 0.000000000000000000e+00 8.746792352827962302e-01 1.000000000000000000e+00
0.000000000000000000e+00 0.000000000000000000e+00 2.944728648354731915e-01 0.000000000000000000e+00 9.228773726650654208e-01 1.000000000000000000e+00
1.000000000000000000e+00 0.000000000000000000e+00 1.183064662315218146e-01 0.000000000000000000e+00 1.929876597493657697e-01 0.000000000000000000e+00
1.000000000000000000e+00 0.000000000000000000e+00 1.396048597956567605e-01 0.000000000000000000e+00 1.819029782852372989e-01 0.000000000000000000e+00
1.000000000000000000e+00 0.000000000000000000e+00 8.969001929061884426e-02 0.000000000000000000e+00 1.652619845031630952e-01 0.000000000000000000e+00
6.526786331038247901e-01 0.000000000000000000e+00 2.007684206196632959e-01 0.000000000000000000e+00 4.773667896138619193e-01 1.000000000000000000e+00
6.233631657202781673e-01 0.000000000000000000e+00 2.080275810221302313e-01 0.000000000000000000e+00 4.727157143565881015e-01 1.000000000000000000e+00
7.034521544812435412e-01 0.000000000000000000e+00 2.508200233333264806e-01 0.000000000000000000e+00 4.399253296883377518e-01 1.000000000000000000e+00
9.356520581812766135e-01 0.000000000000000000e+00 0.000000000000000000e+00 2.815586189152042840e-01 2.790357378785449094e-01 1.000000000000000000e+00
1.000000000000000000e+00 0.000000000000000000e+00 0.000000000000000000e+00 2.434979650135787876e-01 1.321530998611753493e-01 1.000000000000000000e+00
1.000000000000000000e+00 0.000000000000000000e+00 0.000000000000000000e+00 2.482102301988411974e-01 1.378069878881509058e-01 1.000000000000000000e+00
1.000000000000000000e+00 0.000000000000000000e+00 0.000000000000000000e+00 2.396393038553904509e-01 1.201838524514242945e-01 1.000000000000000000e+00
1.000000000000000000e+00 0.000000000000000000e+00 5.819830084455358127e-02 2.141662938879323741e-01 3.971136923455046569e-02 1.000000000000000000e+00
9.989980249124544853e-01 0.000000000000000000e+00 0.000000000000000000e+00 3.800498245892366400e-01 0.000000000000000000e+00 1.000000000000000000e+00
1.000000000000000000e+00 0.000000000000000000e+00 0.000000000000000000e+00 3.684255617245317804e-01 0.000000000000000000e+00 1.000000000000000000e+00
1.000000000000000000e+00 0.000000000000000000e+00 0.000000000000000000e+00 4.081268080995908987e-01 0.000000000000000000e+00 1.000000000000000000e+00
1.000000000000000000e+00 0.000000000000000000e+00 0.000000000000000000e+00 4.092332252788155045e-01 0.000000000000000000e+00 1.000000000000000000e+00
1.000000000000000000e+00 0.000000000000000000e+00 0.000000000000000000e+00 4.537310493892098839e-01 0.000000000000000000e+00 1.000000000000000000e+00
9.558525648000922859e-01 0.000000000000000000e+00 0.000000000000000000e+00 4.629542919277460644e-01 0.000000000000000000e+00 1.000000000000000000e+00
9.490948251342714581e-01 0.000000000000000000e+00 0.000000000000000000e+00 4.695332445694859191e-01 0.000000000000000000e+00 1.000000000000000000e+00
9.567458268581423564e-01 0.000000000000000000e+00 0.000000000000000000e+00 4.624072304684556101e-01 0.000000000000000000e+00 1.000000000000000000e+00
1.000000000000000000e+00 0.000000000000000000e+00 0.000000000000000000e+00 4.394858735083811418e-01 0.000000000000000000e+00 1.000000000000000000e+00
1.000000000000000000e+00 0.000000000000000000e+00 0.000000000000000000e+00 4.433396907892284688e-01 0.000000000000000000e+00 1.000000000000000000e+00
1.000000000000000000e+00 0.000000000000000000e+00 0.000000000000000000e+00 4.321142146565199460e-01 0.000000000000000000e+00 1.000000000000000000e+00
1.000000000000000000e+00 0.000000000000000000e+00 0.000000000000000000e+00 4.181618899832192926e-01 2.581063201928359210e-02 1.000000000000000000e+00
9.996336355092583226e-01 0.000000000000000000e+00 0.000000000000000000e+00 4.237398860297437730e-01 1.697851931504282957e-02 1.000000000000000000e+00
1.000000000000000000e+00 0.000000000000000000e+00 0.000000000000000000e+00 4.213599430492929176e-01 1.308177664684838717e-02 1.000000000000000000e+00
9.673277232408286075e-01 0.000000000000000000e+00 0.000000000000000000e+00 3.909826221979812444e-01 2.925587630287465601e-01 1.000000000000000000e+00
9.443495308407381383e-01 0.000000000000000000e+00 0.000000000000000000e+00 3.992260277894460474e-01 2.861825449236669594e-01 1.000000000000000000e+00
1.000000000000000000e+00 0.000000000000000000e+00 0.000000000000000000e+00 3.229895509515877672e-01 2.658329673165360507e-01 1.000000000000000000e+00
9.469908542652053507e-01 0.000000000000000000e+00 0.000000000000000000e+00 2.804840647202915260e-01 2.589935260949108309e-01 1.000000000000000000e+00
1.000000000000000000e+00 0.000000000000000000e+00 0.000000000000000000e+00 2.979716576390444294e-01 2.591414125892197995e-01 1.000000000000000000e+00
1.000000000000000000e+00 0.000000000000000000e+00 0.000000000000000000e+00 2.919843813610735750e-01 2.599945269464422615e-01 1.000000000000000000e+00
1.000000000000000000e+00 0.000000000000000000e+00 0.000000000000000000e+00 1.822280665106044695e-01 2.190036944364486815e-01 1.000000000000000000e+00
1.000000000000000000e+00 0.000000000000000000e+00 1.171511244598636703e-01 3.012352786746697042e-01 2.159294665557993931e-01 1.000000000000000000e+00
1.000000000000000000e+00 0.000000000000000000e+00 1.394088414570929246e-01 3.440489024486905190e-01 2.164500828984441128e-01 1.000000000000000000e+00
1.000000000000000000e+00 0.000000000000000000e+00 8.295348442549804746e-02 3.300461679792303649e-01 2.100455656383876102e-01 1.000000000000000000e+00
1.000000000000000000e+00 0.000000000000000000e+00 5.465653696509710502e-02 2.879802449804401698e-01 2.043239764036294537e-01 1.000000000000000000e+00
0.000000000000000000e+00 3.625059382099254934e-01 0.000000000000000000e+00 6.574973641434390670e-01 9.557203878045177348e-01 0.000000000000000000e+00
0.000000000000000000e+00 0.000000000000000000e+00 0.000000000000000000e+00 0.000000000000000000e+00 3.681366515639904469e-01 2.016174111959080917e-01
0.000000000000000000e+00 0.000000000000000000e+00 0.000000000000000000e+00 0.000000000000000000e+00 3.536396875299514519e-01 2.608189762502430842e-01
0.000000000000000000e+00 0.000000000000000000e+00 0.000000000000000000e+00 0.000000000000000000e+00 3.470658249533971063e-01 2.919926968361599706e-01
0.000000000000000000e+00 0.000000000000000000e+00 0.000000000000000000e+00 0.000000000000000000e+00 3.352112425979286714e-01 3.291685221607822398e-01
0.000000000000000000e+00 0.000000000000000000e+00 0.000000000000000000e+00 0.000000000000000000e+00 3.386427749990628122e-01 4.632575968732109972e-01
0.000000000000000000e+00 0.000000000000000000e+00 0.000000000000000000e+00 0.000000000000000000e+00 3.390268733913779364e-01 4.643019750665008383e-01
