4.323566288346930575e-01
8.510350099807804103e-01
8.525383284735441602e-01
6.579940489481046484e-01
1.124421525719212500e+00
7.589148304159376579e-01
9.560975963139856093e-01
8.330998843768754325e-01
9.061793613948295745e-01
1.177958241415649310e+00
6.932159588924868832e-01
8.702974719757667899e-01
1.073712220227466707e+00
9.502161954271455269e-01
6.082473138243080779e-01
9.976453669637020960e-01
5.900228829985033618e-01
8.413971801284343410e-01
7.188694861076543319e-01
3.641219610251908989e-01
1.130085391400299066e+00
5.942623923880647752e-01
8.492415997177494846e-01
8.666876050444336510e-01
6.517308410805637831e-01
7.402314345112916971e-01
4.899810527805122384e-01
8.206105592264081317e-01
4.873102224497286028e-01
5.622294819413899969e-01
8.381553776610667361e-01
1.123086380011303120e+00
4.096342628447643963e-01
1.020786501560142501e+00
2.721081009905320092e-01
8.476292984529436580e-01
7.103278262370122942e-01
4.481539943666446590e-01
7.256515756092353220e-01
7.096611284371482364e-01
1.150536048246530552e+00
4.078528035055723477e-01
5.202829193248000861e-01
1.020247158436752510e+00
3.554918684066053491e-01
8.952653044913345681e-01
7.680678095193376187e-01
6.726536409276843154e-01
5.501864843251017545e-01
7.223166320045467659e-01
5.854186250393610402e-01
4.424873758810040636e-01
8.738589651491163179e-01
1.034939990284105438e+00
9.630816173200414942e-01
7.693426157939304844e-01
7.430018851728930063e-01
9.097955961459934793e-01
2.251136876429011280e-01
1.264105042808658430e+00
