8.980801701545715332e-01 2.121356129646301270e-01 3.257963061332702637e-01 4.465398788452148438e-01
8.980801701545715332e-01 2.121356129646301270e-01 3.257963061332702637e-01 4.465398788452148438e-01
8.980801701545715332e-01 2.121356129646301270e-01 3.257963061332702637e-01 4.465398788452148438e-01
7.886073589324951172e-01 1.605166196823120117e-01 1.951668262481689453e-01 3.977999687194824219e-01
7.604197859764099121e-01 4.932892322540283203e-02 2.530373334884643555e-01 7.501374483108520508e-01
7.604197859764099121e-01 4.932892322540283203e-02 2.530373334884643555e-01 7.501374483108520508e-01
7.604197859764099121e-01 4.932892322540283203e-02 2.530373334884643555e-01 7.501374483108520508e-01
7.604197859764099121e-01 4.932892322540283203e-02 2.530373334884643555e-01 7.501374483108520508e-01
7.604197859764099121e-01 4.932892322540283203e-02 2.530373334884643555e-01 7.501374483108520508e-01
7.604197859764099121e-01 4.932892322540283203e-02 2.530373334884643555e-01 7.501374483108520508e-01
7.604197859764099121e-01 4.932892322540283203e-02 2.530373334884643555e-01 7.501374483108520508e-01
7.604197859764099121e-01 4.932892322540283203e-02 2.530373334884643555e-01 7.501374483108520508e-01
7.604197859764099121e-01 4.932892322540283203e-02 2.530373334884643555e-01 7.501374483108520508e-01
7.604197859764099121e-01 4.932892322540283203e-02 2.530373334884643555e-01 7.501374483108520508e-01
7.604197859764099121e-01 4.932892322540283203e-02 2.530373334884643555e-01 7.501374483108520508e-01
7.604197859764099121e-01 4.932892322540283203e-02 2.530373334884643555e-01 7.501374483108520508e-01
7.604197859764099121e-01 4.932892322540283203e-02 2.530373334884643555e-01 7.501374483108520508e-01
7.604197859764099121e-01 4.932892322540283203e-02 2.530373334884643555e-01 7.501374483108520508e-01
7.604197859764099121e-01 4.932892322540283203e-02 2.530373334884643555e-01 7.501374483108520508e-01
7.604197859764099121e-01 4.932892322540283203e-02 2.530373334884643555e-01 7.501374483108520508e-01
7.604197859764099121e-01 4.932892322540283203e-02 2.530373334884643555e-01 7.501374483108520508e-01
7.604197859764099121e-01 4.932892322540283203e-02 2.530373334884643555e-01 7.501374483108520508e-01
7.604197859764099121e-01 4.932892322540283203e-02 2.530373334884643555e-01 7.501374483108520508e-01
7.604197859764099121e-01 4.932892322540283203e-02 2.530373334884643555e-01 7.501374483108520508e-01
7.604197859764099121e-01 4.932892322540283203e-02 2.530373334884643555e-01 7.501374483108520508e-01
7.604197859764099121e-01 4.932892322540283203e-02 2.530373334884643555e-01 7.501374483108520508e-01
7.604197859764099121e-01 4.932892322540283203e-02 2.530373334884643555e-01 7.501374483108520508e-01
7.604197859764099121e-01 4.932892322540283203e-02 2.530373334884643555e-01 7.501374483108520508e-01
7.604197859764099121e-01 4.932892322540283203e-02 2.530373334884643555e-01 7.501374483108520508e-01
7.604197859764099121e-01 4.932892322540283203e-02 2.530373334884643555e-01 7.501374483108520508e-01
7.604197859764099121e-01 4.932892322540283203e-02 2.530373334884643555e-01 7.501374483108520508e-01
7.604197859764099121e-01 4.932892322540283203e-02 2.530373334884643555e-01 7.501374483108520508e-01
7.604197859764099121e-01 4.932892322540283203e-02 2.530373334884643555e-01 7.501374483108520508e-01
7.604197859764099121e-01 4.932892322540283203e-02 2.530373334884643555e-01 7.501374483108520508e-01
7.604197859764099121e-01 4.932892322540283203e-02 2.530373334884643555e-01 7.501374483108520508e-01
7.604197859764099121e-01 4.932892322540283203e-02 2.530373334884643555e-01 7.501374483108520508e-01
7.604197859764099121e-01 4.932892322540283203e-02 2.530373334884643555e-01 7.501374483108520508e-01
7.604197859764099121e-01 4.932892322540283203e-02 2.530373334884643555e-01 7.501374483108520508e-01
7.604197859764099121e-01 4.932892322540283203e-02 2.530373334884643555e-01 7.501374483108520508e-01
7.604197859764099121e-01 4.932892322540283203e-02 2.530373334884643555e-01 7.501374483108520508e-01
7.604197859764099121e-01 4.932892322540283203e-02 2.530373334884643555e-01 7.501374483108520508e-01
7.604197859764099121e-01 4.932892322540283203e-02 2.530373334884643555e-01 7.501374483108520508e-01
7.604197859764099121e-01 4.932892322540283203e-02 2.530373334884643555e-01 7.501374483108520508e-01
7.604197859764099121e-01 4.932892322540283203e-02 2.530373334884643555e-01 7.501374483108520508e-01
7.604197859764099121e-01 4.932892322540283203e-02 2.530373334884643555e-01 7.501374483108520508e-01
9.141558408737182617e-02 6.190754175186157227e-01 7.392227649688720703e-03 7.834097146987915039e-01
9.141558408737182617e-02 6.190754175186157227e-01 7.392227649688720703e-03 7.834097146987915039e-01
9.141558408737182617e-02 6.190754175186157227e-01 7.392227649688720703e-03 7.834097146987915039e-01
9.141558408737182617e-02 6.190754175186157227e-01 7.392227649688720703e-03 7.834097146987915039e-01
9.141558408737182617e-02 6.190754175186157227e-01 7.392227649688720703e-03 7.834097146987915039e-01
9.141558408737182617e-02 6.190754175186157227e-01 7.392227649688720703e-03 7.834097146987915039e-01
9.141558408737182617e-02 6.190754175186157227e-01 7.392227649688720703e-03 7.834097146987915039e-01
9.141558408737182617e-02 6.190754175186157227e-01 7.392227649688720703e-03 7.834097146987915039e-01
9.141558408737182617e-02 6.190754175186157227e-01 7.392227649688720703e-03 7.834097146987915039e-01
9.141558408737182617e-02 6.190754175186157227e-01 7.392227649688720703e-03 7.834097146987915039e-01
9.141558408737182617e-02 6.190754175186157227e-01 7.392227649688720703e-03 7.834097146987915039e-01
9.141558408737182617e-02 6.190754175186157227e-01 7.392227649688720703e-03 7.834097146987915039e-01
9.141558408737182617e-02 6.190754175186157227e-01 7.392227649688720703e-03 7.834097146987915039e-01
9.141558408737182617e-02 6.190754175186157227e-01 7.392227649688720703e-03 7.834097146987915039e-01
9.141558408737182617e-02 6.190754175186157227e-01 7.392227649688720703e-03 7.834097146987915039e-01
9.141558408737182617e-02 6.190754175186157227e-01 7.392227649688720703e-03 7.834097146987915039e-01
9.141558408737182617e-02 6.190754175186157227e-01 7.392227649688720703e-03 7.834097146987915039e-01
9.141558408737182617e-02 6.190754175186157227e-01 7.392227649688720703e-03 7.834097146987915039e-01
9.141558408737182617e-02 6.190754175186157227e-01 7.392227649688720703e-03 7.834097146987915039e-01
9.141558408737182617e-02 6.190754175186157227e-01 7.392227649688720703e-03 7.834097146987915039e-01
9.141558408737182617e-02 6.190754175186157227e-01 7.392227649688720703e-03 7.834097146987915039e-01
9.141558408737182617e-02 6.190754175186157227e-01 7.392227649688720703e-03 7.834097146987915039e-01
9.141558408737182617e-02 6.190754175186157227e-01 7.392227649688720703e-03 7.834097146987915039e-01
9.141558408737182617e-02 6.190754175186157227e-01 7.392227649688720703e-03 7.834097146987915039e-01
9.141558408737182617e-02 6.190754175186157227e-01 7.392227649688720703e-03 7.834097146987915039e-01
9.141558408737182617e-02 6.190754175186157227e-01 7.392227649688720703e-03 7.834097146987915039e-01
9.141558408737182617e-02 6.190754175186157227e-01 7.392227649688720703e-03 7.834097146987915039e-01
9.141558408737182617e-02 6.190754175186157227e-01 7.392227649688720703e-03 7.834097146987915039e-01
9.141558408737182617e-02 6.190754175186157227e-01 7.392227649688720703e-03 7.834097146987915039e-01
9.141558408737182617e-02 6.190754175186157227e-01 7.392227649688720703e-03 7.834097146987915039e-01
9.141558408737182617e-02 6.190754175186157227e-01 7.392227649688720703e-03 7.834097146987915039e-01
9.141558408737182617e-02 6.190754175186157227e-01 7.392227649688720703e-03 7.834097146987915039e-01
9.141558408737182617e-02 6.190754175186157227e-01 7.392227649688720703e-03 7.834097146987915039e-01
9.141558408737182617e-02 6.190754175186157227e-01 7.392227649688720703e-03 7.834097146987915039e-01
9.141558408737182617e-02 6.190754175186157227e-01 7.392227649688720703e-03 7.834097146987915039e-01
9.141558408737182617e-02 6.190754175186157227e-01 7.392227649688720703e-03 7.834097146987915039e-01
9.141558408737182617e-02 6.190754175186157227e-01 7.392227649688720703e-03 7.834097146987915039e-01
9.141558408737182617e-02 6.190754175186157227e-01 7.392227649688720703e-03 7.834097146987915039e-01
9.141558408737182617e-02 6.190754175186157227e-01 7.392227649688720703e-03 7.834097146987915039e-01
9.141558408737182617e-02 6.190754175186157227e-01 7.392227649688720703e-03 7.834097146987915039e-01
9.141558408737182617e-02 6.190754175186157227e-01 7.392227649688720703e-03 7.834097146987915039e-01
9.141558408737182617e-02 6.190754175186157227e-01 7.392227649688720703e-03 7.834097146987915039e-01
9.141558408737182617e-02 6.190754175186157227e-01 7.392227649688720703e-03 7.834097146987915039e-01
9.141558408737182617e-02 6.190754175186157227e-01 7.392227649688720703e-03 7.834097146987915039e-01
9.141558408737182617e-02 6.190754175186157227e-01 7.392227649688720703e-03 7.834097146987915039e-01
9.141558408737182617e-02 6.190754175186157227e-01 7.392227649688720703e-03 7.834097146987915039e-01
9.141558408737182617e-02 6.190754175186157227e-01 7.392227649688720703e-03 7.834097146987915039e-01
9.141558408737182617e-02 6.190754175186157227e-01 7.392227649688720703e-03 7.834097146987915039e-01
9.141558408737182617e-02 6.190754175186157227e-01 7.392227649688720703e-03 7.834097146987915039e-01
9.141558408737182617e-02 6.190754175186157227e-01 7.392227649688720703e-03 7.834097146987915039e-01
9.141558408737182617e-02 6.190754175186157227e-01 7.392227649688720703e-03 7.834097146987915039e-01
9.141558408737182617e-02 6.190754175186157227e-01 7.392227649688720703e-03 7.834097146987915039e-01
9.141558408737182617e-02 6.190754175186157227e-01 7.392227649688720703e-03 7.834097146987915039e-01
9.141558408737182617e-02 6.190754175186157227e-01 7.392227649688720703e-03 7.834097146987915039e-01
9.141558408737182617e-02 6.190754175186157227e-01 7.392227649688720703e-03 7.834097146987915039e-01
