2.532470226287841797e-02 7.942517399787902832e-01 2.067760229110717773e-01 7.113333344459533691e-01
5.117894411087036133e-01 2.283043265342712402e-01 9.244483113288879395e-01 4.725019335746765137e-01
3.972787857055664062e-01 1.284105181694030762e-01 6.357861757278442383e-01 8.097553849220275879e-01
3.959259390830993652e-01 8.230851888656616211e-01 9.796842336654663086e-01 3.420492410659790039e-01
9.001063108444213867e-01 2.659624218940734863e-01 5.766793489456176758e-01 3.580579161643981934e-01
1.611582040786743164e-01 1.771444678306579590e-01 5.243134498596191406e-02 4.905156493186950684e-01
3.036406636238098145e-01 1.181882619857788086e-02 6.319731473922729492e-02 2.681551575660705566e-01
1.044908761978149414e-01 7.034674286842346191e-01 7.447909712791442871e-01 6.538285017013549805e-01
8.880294561386108398e-01 4.835862517356872559e-01 5.607551336288452148e-01 4.692826271057128906e-01
1.878117322921752930e-01 5.447428822517395020e-01 1.857318282127380371e-01 6.167674064636230469e-01
1.000000000000000000e+00 9.525488018989562988e-01 0.000000000000000000e+00 9.189600944519042969e-01
8.531476855278015137e-01 1.000000000000000000e+00 3.938649594783782959e-01 3.471199274063110352e-01
8.028317093849182129e-01 8.122719526290893555e-01 2.605833411216735840e-01 2.368652671575546265e-01
8.766567707061767578e-01 1.000000000000000000e+00 3.759318292140960693e-01 5.348104238510131836e-01
9.914610981941223145e-01 8.106036782264709473e-01 1.899339109659194946e-01 2.666405141353607178e-01
9.805214405059814453e-01 7.858366966247558594e-01 6.234757602214813232e-02 1.622662246227264404e-01
1.000000000000000000e+00 8.429805040359497070e-01 1.283091902732849121e-01 4.643380343914031982e-01
1.000000000000000000e+00 7.391849160194396973e-01 2.374346554279327393e-01 4.055073857307434082e-01
1.000000000000000000e+00 6.946231126785278320e-01 1.895598918199539185e-01 4.374264180660247803e-01
9.925333857536315918e-01 6.840834617614746094e-01 7.931672036647796631e-02 3.510611057281494141e-01
9.966875314712524414e-01 6.809600591659545898e-01 8.621791750192642212e-02 3.788459002971649170e-01
9.991896152496337891e-01 6.822962760925292969e-01 7.573375105857849121e-02 4.045313000679016113e-01
1.000000000000000000e+00 6.027153730392456055e-01 1.813562512397766113e-01 4.314080774784088135e-01
9.987245202064514160e-01 7.036421298980712891e-01 8.294562250375747681e-02 4.750178754329681396e-01
9.837574958801269531e-01 4.330832958221435547e-01 0.000000000000000000e+00 4.019269049167633057e-01
9.270411133766174316e-01 9.804517030715942383e-01 4.042776525020599365e-01 1.424800157546997070e-01
8.186219334602355957e-01 3.470680713653564453e-01 1.735820993781089783e-02 8.705630153417587280e-02
1.000000000000000000e+00 6.354680061340332031e-01 8.609909564256668091e-02 4.071095585823059082e-01
1.000000000000000000e+00 1.852081716060638428e-01 0.000000000000000000e+00 6.994245648384094238e-01
1.000000000000000000e+00 3.571106493473052979e-01 5.506482906639575958e-03 6.048116683959960938e-01
9.685484766960144043e-01 9.885981082916259766e-01 0.000000000000000000e+00 4.857549071311950684e-01
9.079391360282897949e-01 5.349783897399902344e-01 6.250432878732681274e-02 1.690907180309295654e-01
1.000000000000000000e+00 6.597534418106079102e-01 2.104354649782180786e-01 3.421604633331298828e-01
1.000000000000000000e+00 9.222998023033142090e-01 4.250135123729705811e-01 6.762096881866455078e-01
9.235383868217468262e-01 9.437286257743835449e-01 7.643738389015197754e-01 7.232507467269897461e-01
9.998160600662231445e-01 7.626740336418151855e-01 1.636012345552444458e-01 4.233863353729248047e-01
9.275619983673095703e-01 7.126449346542358398e-01 1.773682385683059692e-01 4.560500085353851318e-01
8.827435970306396484e-01 6.525188088417053223e-01 1.006184145808219910e-01 4.114115536212921143e-01
3.173154592514038086e-01 1.000000000000000000e+00 8.687120079994201660e-01 1.000000000000000000e+00
5.792849063873291016e-01 8.422158360481262207e-01 3.577014505863189697e-01 2.716519832611083984e-01
1.000000000000000000e+00 7.885790467262268066e-01 2.119306772947311401e-01 4.742470383644104004e-01
1.000000000000000000e+00 6.219609379768371582e-01 1.385819762945175171e-01 4.229206144809722900e-01
1.000000000000000000e+00 8.194890022277832031e-01 2.121922671794891357e-01 4.493938088417053223e-01
9.710252881050109863e-01 7.381009459495544434e-01 1.448581963777542114e-01 4.482027292251586914e-01
9.430750608444213867e-01 9.001274704933166504e-01 3.806072473526000977e-01 1.983986198902130127e-01
1.000000000000000000e+00 7.278369665145874023e-01 8.176310360431671143e-02 3.675864636898040771e-01
8.051888942718505859e-01 5.694744586944580078e-01 0.000000000000000000e+00 4.619143605232238770e-01
9.335369467735290527e-01 6.862428188323974609e-01 1.378939747810363770e-01 4.609319865703582764e-01
3.917007446289062500e-01 6.561314463615417480e-01 9.839586019515991211e-01 3.752249479293823242e-01
1.000000000000000000e+00 6.718356013298034668e-01 1.463959515094757080e-01 4.349361956119537354e-01
1.000000000000000000e+00 7.141296863555908203e-01 1.016958430409431458e-01 3.716120421886444092e-01
1.000000000000000000e+00 6.877246499061584473e-01 2.104763090610504150e-01 4.176419973373413086e-01
1.000000000000000000e+00 7.218294739723205566e-01 1.786673069000244141e-01 4.333310127258300781e-01
1.000000000000000000e+00 8.027925491333007812e-01 1.940822303295135498e-01 4.429763853549957275e-01
8.889203071594238281e-01 9.073838591575622559e-01 3.368598520755767822e-01 4.874380230903625488e-01
1.000000000000000000e+00 7.286235094070434570e-01 1.022626087069511414e-01 4.487126767635345459e-01
1.000000000000000000e+00 7.717863321304321289e-01 1.927219331264495850e-01 4.536233842372894287e-01
9.966120719909667969e-01 0.000000000000000000e+00 1.000000000000000000e+00 1.000000000000000000e+00
6.219826936721801758e-01 5.455768108367919922e-01 5.846358463168144226e-02 1.661755591630935669e-01
0.000000000000000000e+00 0.000000000000000000e+00 8.619549274444580078e-01 0.000000000000000000e+00
9.831167459487915039e-01 6.422481536865234375e-01 1.922795772552490234e-01 4.120531380176544189e-01
9.432463049888610840e-01 3.263269662857055664e-01 2.275056904181838036e-03 2.889010608196258545e-01
8.252894878387451172e-01 4.399473369121551514e-01 6.644325256347656250e-01 4.910364747047424316e-01
1.000000000000000000e+00 6.995281577110290527e-01 1.216601580381393433e-01 4.119793772697448730e-01
8.813560009002685547e-01 8.042522668838500977e-01 1.748534590005874634e-01 0.000000000000000000e+00
1.000000000000000000e+00 7.805417776107788086e-01 2.094613462686538696e-01 3.854712545871734619e-01
1.000000000000000000e+00 7.528393268585205078e-01 1.514005362987518311e-01 3.881025314331054688e-01
1.000000000000000000e+00 6.983926296234130859e-01 1.468261927366256714e-01 4.273878037929534912e-01
9.577617645263671875e-01 7.448229193687438965e-01 1.598117798566818237e-01 4.336673617362976074e-01
1.000000000000000000e+00 9.672158956527709961e-01 0.000000000000000000e+00 1.000000000000000000e+00
8.600060343742370605e-01 4.731383919715881348e-01 6.062093377113342285e-01 4.805001616477966309e-01
4.176557064056396484e-01 8.665361404418945312e-01 9.220229387283325195e-01 3.271838724613189697e-01
1.000000000000000000e+00 6.529241800308227539e-01 1.277306526899337769e-01 3.890285789966583252e-01
1.000000000000000000e+00 7.400613427162170410e-01 1.342129111289978027e-01 4.786765873432159424e-01
1.000000000000000000e+00 7.123252749443054199e-01 1.203332543373107910e-01 3.414328098297119141e-01
9.074091911315917969e-01 3.074471950531005859e-01 5.563041567802429199e-01 3.671096861362457275e-01
9.487693905830383301e-01 4.279025197029113770e-01 4.775798320770263672e-02 2.760503888130187988e-01
1.000000000000000000e+00 7.124493718147277832e-01 9.993509203195571899e-02 4.561122059822082520e-01
1.000000000000000000e+00 6.993290781974792480e-01 5.299240350723266602e-02 3.850739598274230957e-01
1.000000000000000000e+00 7.668376564979553223e-01 1.663161367177963257e-01 4.164317548274993896e-01
9.323834180831909180e-01 6.816269159317016602e-01 1.590114384889602661e-01 4.107800424098968506e-01
1.000000000000000000e+00 6.700850725173950195e-01 1.189609840512275696e-01 4.055871367454528809e-01
1.000000000000000000e+00 7.040631771087646484e-01 2.042276710271835327e-01 4.036298692226409912e-01
2.988072931766510010e-01 5.576887726783752441e-01 1.158320829272270203e-01 6.041893362998962402e-01
1.000000000000000000e+00 8.139665722846984863e-01 1.444074064493179321e-01 1.000000000000000000e+00
1.000000000000000000e+00 7.268927693367004395e-01 1.479824185371398926e-01 4.193061292171478271e-01
1.000000000000000000e+00 7.485840916633605957e-01 1.227592602372169495e-01 4.671872556209564209e-01
9.001401066780090332e-01 6.902833580970764160e-01 1.742571145296096802e-01 4.254810810089111328e-01
1.000000000000000000e+00 7.190411090850830078e-01 1.292201876640319824e-01 4.677877426147460938e-01
1.000000000000000000e+00 6.770682930946350098e-01 1.524033099412918091e-01 4.096116721630096436e-01
1.000000000000000000e+00 8.027653098106384277e-01 2.066069394350051880e-01 4.384119212627410889e-01
1.000000000000000000e+00 7.015551924705505371e-01 1.361858397722244263e-01 3.610850870609283447e-01
1.000000000000000000e+00 7.947543263435363770e-01 1.477366983890533447e-01 4.131116867065429688e-01
1.000000000000000000e+00 7.158542871475219727e-01 1.651002913713455200e-01 3.768545687198638916e-01
1.000000000000000000e+00 6.861694455146789551e-01 1.300139576196670532e-01 4.254617989063262939e-01
1.000000000000000000e+00 7.183349728584289551e-01 1.889640688896179199e-01 5.291677713394165039e-01
1.000000000000000000e+00 7.018996477127075195e-01 1.571610867977142334e-01 4.186584949493408203e-01
1.000000000000000000e+00 7.791321277618408203e-01 1.352054625749588013e-01 3.914712965488433838e-01
8.591332435607910156e-01 5.158821940422058105e-01 1.347824633121490479e-01 1.256844550371170044e-01
1.000000000000000000e+00 6.640725731849670410e-01 2.365016341209411621e-01 4.782054126262664795e-01
9.733689427375793457e-01 7.630991339683532715e-01 4.505892843008041382e-02 1.746719330549240112e-01
1.000000000000000000e+00 6.825665831565856934e-01 1.554064303636550903e-01 3.850440680980682373e-01
1.000000000000000000e+00 7.103420495986938477e-01 1.867562830448150635e-01 4.523814320564270020e-01
1.000000000000000000e+00 7.426007390022277832e-01 1.355891078710556030e-01 4.977329075336456299e-01
1.000000000000000000e+00 6.993935108184814453e-01 1.795687079429626465e-01 4.400580823421478271e-01
9.783371090888977051e-01 1.964865326881408691e-01 1.161338202655315399e-02 5.571617484092712402e-01
9.475594162940979004e-01 8.621826767921447754e-01 4.766610860824584961e-01 0.000000000000000000e+00
9.926404356956481934e-01 1.270019356161355972e-02 9.989403486251831055e-01 9.609988927841186523e-01
1.000000000000000000e+00 6.846482753753662109e-01 8.805560320615768433e-02 3.883078694343566895e-01
1.000000000000000000e+00 7.182814478874206543e-01 1.760753691196441650e-01 3.921071290969848633e-01
