1.921716064782125422e+00
1.653502716626729763e+00
1.663749636234549412e+00
1.674664528786959927e+00
1.619374545514845387e+00
1.790752754673164748e+00
1.336622562709170570e+00
1.946920876730419803e+00
1.390798605090264317e+00
1.384592700057843295e+00
1.732866589300022131e+00
1.444448618706442256e+00
1.944943398012938474e+00
1.964487934826529614e+00
6.838343218643578858e-01
2.194083740513857794e+00
2.192722720451373952e+00
2.235241504341508811e+00
1.649153657374396564e+00
2.199200342742235303e+00
1.819705796203193060e+00
2.186821047440115517e+00
2.247290976129099782e+00
1.525958046295891934e+00
2.242498896943709852e+00
2.320180964430736736e+00
2.403967730648066237e+00
2.360598207542124349e+00
2.391642285923627931e+00
2.411063479566471823e+00
2.008455781554429720e+00
2.326941393706680739e+00
2.271725040635495407e+00
2.386597142089122769e+00
2.464329957496655954e+00
2.478844269541393697e+00
2.366305479933935807e+00
2.429503832677176511e+00
2.383190852753254152e+00
2.122032402861072420e+00
2.595859807850444234e+00
1.082048711968222277e+00
1.976964097316698643e+00
2.025445032129209011e+00
2.673581322241830982e+00
1.756570431781338648e+00
2.182183018404705521e+00
2.640267985950619511e+00
1.684495634483940130e+00
1.949828255153013057e+00
1.977233319860201011e+00
1.093260721604853991e+00
2.486189374293505949e+00
1.235627905160182394e+00
1.794020640287405488e+00
1.509260944467927246e+00
1.912338299832532451e+00
2.299617776112421019e+00
8.250514074370091100e-01
2.654125445171452213e+00
1.754695045110843843e+00
1.183401611385026087e+00
1.908673786454154975e+00
1.223609519329582174e+00
2.661640133732046554e+00
2.244389890284484324e+00
1.851250923271809068e+00
1.701986625845613554e+00
2.118286888494692821e+00
1.626159801190817600e+00
1.609226835600368721e+00
1.835890228475651087e+00
7.847306631012327394e-01
1.893461048098027844e+00
8.687925866403002351e-01
2.496662365783929971e+00
1.783441701729809870e+00
2.396566235105057174e+00
1.505576067982551169e+00
2.210527559451522350e+00
1.626570777238746768e+00
9.457122510108310065e-01
1.833438320377730912e+00
1.888403026690020026e+00
2.005079646493493239e+00
1.309725555008083075e+00
1.549298224574345628e+00
2.668520236256145761e+00
2.440621902733338455e+00
2.300177099531996117e+00
2.121576032045326965e+00
1.807027034144179645e+00
2.051258701028212172e+00
2.673326022477083619e+00
2.311704556351485085e+00
1.191848116325274098e+00
1.384585308239398849e+00
2.329500793425584249e+00
2.670466746824909254e+00
2.082235181592793083e+00
2.270811370201793800e+00
2.529698452409602005e+00
2.288203301440468351e+00
1.428995995375355488e+00
2.345405550646938231e+00
2.658578251183901120e+00
1.877972838831992064e+00
2.070630573086652770e+00
2.672980256346868089e+00
1.936347974937624450e+00
