-1.723499609582340719e+00
-1.000438275535384891e+00
-4.521399322012892852e-01
-4.212880211987213297e-01
-2.547601704400632716e+00
-2.556818490472177352e+00
-3.362958458017371477e+00
-3.153945741995685559e+00
-1.605944760409105943e+00
-4.253223626970511262e+00
-4.430951980502721099e+00
-2.205514952180914534e+00
-5.409293585103887914e+00
-4.162527228101524202e+00
-1.818743666396509306e+00
-1.832447576919864707e+00
-1.709819135859942385e+00
-1.704290761964879275e+00
-1.617000060336092782e+00
-7.805922643487005708e+00
-7.781623750884702595e+00
-7.923987554369289477e+00
-7.933737553871235804e+00
-7.756617832281902380e+00
-7.781970790164691287e+00
-6.119510154191337925e+00
-6.124703395824656837e+00
-7.420022443667076750e+00
-7.450666626848407859e+00
-7.232156178198775542e+00
-7.315084380965421573e+00
-7.235505974939338891e+00
-7.410299217106153691e+00
-7.537879571398224954e+00
-8.031500757626709230e+00
-8.195712733432856112e+00
-8.090939111725250044e+00
-8.127891935892714415e+00
-7.456160315581770170e+00
-7.446165834298994923e+00
-7.441786412582769294e+00
-7.531811941976749303e+00
-7.575315235397535041e+00
-7.727818882302469383e+00
-7.748787346551623934e+00
-8.120046399731357667e+00
-7.761767539168066499e+00
-8.119274199009989701e+00
-9.065768581886073818e+00
-9.284639705475292715e+00
-9.278277861243166669e+00
-9.242351281801413521e+00
-9.176809028949726610e+00
-9.185921692002855465e+00
-9.179615141062512862e+00
-9.167632705593621978e+00
-9.459307829150233715e+00
-1.027427378161244498e+01
-1.049705192858675318e+01
-1.054702666938979583e+01
-1.051667793564036124e+01
-1.047304509441563170e+01
-1.037846265687164760e+01
-1.074737576120830340e+01
-1.031801063762212856e+01
-1.025464648511528409e+01
-1.040034153688224272e+01
-1.027146694682510741e+01
-1.051397224477702430e+01
-1.011831155722096653e+01
-1.006584628173967388e+01
-9.938659273350253898e+00
-9.632717982961665371e+00
-9.565227904205285014e+00
-9.664839265322143547e+00
-9.808687504972416704e+00
-9.864057367031705326e+00
-9.853934093562635610e+00
-9.832705807022618316e+00
-9.816248009700093036e+00
-9.621734816721961181e+00
-9.581422218032273008e+00
-9.462509256391491874e+00
-9.453609205080697464e+00
-9.472730124491448578e+00
-9.468301115239279753e+00
-9.592284920949269988e+00
-7.862038606434436971e+00
-7.948851008317826761e+00
-8.243256795010985627e+00
-1.021977477307619964e+01
-9.114975535908522275e+00
-9.540222450735486248e+00
-9.539824304863516957e+00
-9.105168920647853881e+00
-9.380624139707043341e+00
-8.563428289498418167e+00
-8.654621482089309481e+00
-8.548207007206221064e+00
-8.543155656781474150e+00
