5.359948776743743704e-01
5.247487258891555539e-01
9.601219787409875916e-01
8.260650969087510731e-01
7.767739132910984612e-01
7.782860447969057738e-01
1.103804325459907698e+00
1.103804325459907698e+00
1.110474513911444472e+00
1.116722954970332360e+00
3.323528239996618172e-01
1.136358710530216198e+00
1.137525330144836699e+00
1.146165708024048602e+00
1.150044722877238357e+00
1.150118069514039387e+00
1.150199394397947827e+00
1.150196035640714598e+00
1.150177406906942146e+00
1.150199812725748449e+00
1.150257784390135374e+00
1.150347153355919083e+00
1.150337351037316047e+00
1.150748260615114482e+00
1.157449035634942280e+00
1.156559188471570909e+00
1.154903398801256920e+00
1.167430710190415777e+00
1.167666687646564894e+00
1.167606876098099100e+00
1.168704433110420382e+00
1.168564838504236647e+00
1.168292722494553182e+00
1.169358336424438205e+00
1.170146288191685535e+00
1.170092750402571991e+00
1.170372208238397604e+00
1.170011840673469194e+00
1.169781295297904311e+00
1.170032089695044908e+00
1.169632440199221968e+00
1.169979257473295231e+00
1.170489275030891729e+00
1.169927113165295740e+00
1.170023108789029154e+00
1.169869646229123816e+00
1.169844303998890389e+00
1.169485878476477669e+00
1.169624683293264411e+00
1.169538552686565591e+00
1.169375935984925841e+00
1.169306584414815164e+00
1.170152281329461141e+00
1.170598423337793292e+00
1.170715018489744352e+00
1.170673364480386169e+00
1.170681649993059015e+00
1.170682697623146584e+00
1.170815647334407572e+00
1.170996135764823975e+00
1.171422021613062858e+00
1.171495754910432785e+00
1.171536752857651908e+00
1.171435082380228865e+00
1.171419587878093527e+00
1.171393376344133763e+00
1.171559079701945949e+00
1.171543245136274392e+00
1.171650366165460255e+00
1.171446929411541937e+00
1.171694100799661964e+00
1.171730006304985583e+00
1.171744436541735768e+00
1.171716291287042022e+00
1.171715178923928846e+00
1.171768722911365135e+00
1.171771519846663612e+00
1.171834470375022308e+00
1.171861045570310678e+00
1.171755112624221162e+00
1.171750124785894132e+00
1.171730939213850631e+00
1.171761606960863844e+00
1.171747639594130863e+00
1.171814761713085407e+00
1.171793910498147628e+00
1.171802900376229140e+00
1.171806406314027882e+00
1.171774459823018866e+00
1.171387557966135473e+00
1.171324875910145558e+00
1.171178047677272627e+00
1.171189401055390267e+00
1.171268328089117183e+00
1.171285152683507302e+00
1.171307074823420891e+00
1.171307390537813298e+00
1.171425043052165549e+00
1.171509122880664444e+00
1.171504070485628546e+00
