1.000000000000000000e+00 4.569714408203898737e-01 7.717549920800351737e-01 1.000000000000000000e+00
1.000000000000000000e+00 3.749773013449646530e-01 7.965570592381299164e-01 1.000000000000000000e+00
1.000000000000000000e+00 4.737261156833415532e-01 8.160542917652388040e-01 1.000000000000000000e+00
1.000000000000000000e+00 4.484715601196821999e-01 7.892466837792996293e-01 6.596345374755486768e-01
1.000000000000000000e+00 5.944020120536454010e-01 8.041505348542146159e-01 6.345184712122934334e-01
1.000000000000000000e+00 8.647296604451482072e-01 8.261189324233614295e-01 4.406997199073066085e-01
1.000000000000000000e+00 0.000000000000000000e+00 0.000000000000000000e+00 1.000000000000000000e+00
1.000000000000000000e+00 8.684672620454588765e-01 8.188576958746394130e-01 4.223075235746445721e-01
1.000000000000000000e+00 8.425186357180670660e-01 8.319501598345129256e-01 4.609100029737247528e-01
1.000000000000000000e+00 0.000000000000000000e+00 0.000000000000000000e+00 1.000000000000000000e+00
1.000000000000000000e+00 8.532098763122565321e-01 8.312771862455796690e-01 4.776025564656470879e-01
1.000000000000000000e+00 7.370352748381940877e-01 8.547676818989056180e-01 4.384601065238388218e-01
1.000000000000000000e+00 7.388946629478772010e-01 9.227565078316182223e-01 3.819606026727094816e-01
1.000000000000000000e+00 7.904205915045606767e-01 9.997067942793297357e-01 4.557619203133135288e-01
1.000000000000000000e+00 7.815475859988176843e-01 1.000000000000000000e+00 3.959706314815577000e-01
1.000000000000000000e+00 7.777589638849794484e-01 1.000000000000000000e+00 3.585481580866922147e-01
8.944901914805788445e-01 7.668960336031546143e-01 1.000000000000000000e+00 3.769692572349327975e-01
9.142289577723090588e-01 7.600617067372583691e-01 1.000000000000000000e+00 3.694179395948970490e-01
9.153567339122375968e-01 7.630707657541289102e-01 1.000000000000000000e+00 3.745171915336162338e-01
9.167246654705997200e-01 7.605225096023371378e-01 1.000000000000000000e+00 3.682195993393433953e-01
9.165496536792949733e-01 7.613432417707319821e-01 1.000000000000000000e+00 3.678566740833835724e-01
9.142972037077355951e-01 7.605454349772591272e-01 1.000000000000000000e+00 3.723630839483738075e-01
9.056555538757340429e-01 7.477915691901346751e-01 1.000000000000000000e+00 3.922362911135158781e-01
9.216987733300855412e-01 7.566574651615771696e-01 1.000000000000000000e+00 3.574745594435544405e-01
9.181923532344953287e-01 7.544912209354462940e-01 1.000000000000000000e+00 3.548592531679284900e-01
9.234873983739564363e-01 7.565437900037832453e-01 1.000000000000000000e+00 3.609909087548245910e-01
9.234549945719824349e-01 7.563555195607200021e-01 1.000000000000000000e+00 3.601264975440068850e-01
9.230815911634140392e-01 7.559472187126482501e-01 1.000000000000000000e+00 3.601198989576221421e-01
9.215469933612576714e-01 7.556496001536123774e-01 1.000000000000000000e+00 3.581687317089650158e-01
9.228866054475044489e-01 7.569925587314914051e-01 1.000000000000000000e+00 3.613240185539640104e-01
9.226957818643649611e-01 7.569851835738036216e-01 1.000000000000000000e+00 3.615086682637611570e-01
9.249087194078893237e-01 7.563256932135652422e-01 1.000000000000000000e+00 3.652521534295946615e-01
9.270846880670408074e-01 7.549290849013577942e-01 1.000000000000000000e+00 3.674975216205036976e-01
9.268567345902295473e-01 7.553410419568508116e-01 1.000000000000000000e+00 3.674748707784518675e-01
9.272645756064908928e-01 7.552785249895737074e-01 1.000000000000000000e+00 3.676723900848583027e-01
9.259295600507817525e-01 7.551098758487267970e-01 1.000000000000000000e+00 3.604026439726424336e-01
9.266384476174329698e-01 7.549070635971831811e-01 1.000000000000000000e+00 3.598035839857419704e-01
9.269139807311910229e-01 7.539850938468840580e-01 1.000000000000000000e+00 3.595476139517648217e-01
9.262216561508732626e-01 7.536221014493523773e-01 1.000000000000000000e+00 3.587768114731044178e-01
9.253805376453557718e-01 7.468157653382258010e-01 1.000000000000000000e+00 3.528623204733835617e-01
9.256143859829665255e-01 7.465540504151496615e-01 1.000000000000000000e+00 3.529374458584189633e-01
9.274450890592702557e-01 7.454263747176216315e-01 1.000000000000000000e+00 3.752580917847492814e-01
9.277083710684181916e-01 7.451884821198616615e-01 1.000000000000000000e+00 3.756701388054153878e-01
9.293970785226662867e-01 7.442904901739482160e-01 1.000000000000000000e+00 3.761722514164110298e-01
9.276628022408045515e-01 7.446485135574671954e-01 1.000000000000000000e+00 3.737237301969555392e-01
9.290432529258140226e-01 7.431391014441566245e-01 1.000000000000000000e+00 3.613482866441926622e-01
9.284137449957893251e-01 7.430556855604372180e-01 1.000000000000000000e+00 3.611865660375395692e-01
9.295425316524317250e-01 7.427864367670014012e-01 1.000000000000000000e+00 3.670974053045319985e-01
9.284502302985208066e-01 7.431374241126469382e-01 1.000000000000000000e+00 3.571813341895203053e-01
9.290670128562623642e-01 7.427312182004490726e-01 1.000000000000000000e+00 3.573983113831919467e-01
9.305017800379103976e-01 7.423490827070046150e-01 1.000000000000000000e+00 3.583949219937461739e-01
9.297603299563714785e-01 7.423803661177794666e-01 1.000000000000000000e+00 3.577427783008400031e-01
9.292060601219201965e-01 7.421492524248040068e-01 1.000000000000000000e+00 3.569511577819465264e-01
9.316213567935874851e-01 7.440394676174261201e-01 1.000000000000000000e+00 3.577848301092101391e-01
9.304529331359103761e-01 7.440804328660799438e-01 1.000000000000000000e+00 3.575510864002115485e-01
9.306705841166517112e-01 7.441052506743726092e-01 1.000000000000000000e+00 3.571566582771177334e-01
9.349645307911776948e-01 7.471012655581162898e-01 1.000000000000000000e+00 3.644468902738023375e-01
9.350549654996842541e-01 7.480237253909385320e-01 1.000000000000000000e+00 3.642597206242531582e-01
9.339550644142542435e-01 7.486952036270998478e-01 1.000000000000000000e+00 3.645484921311184512e-01
9.340328787663495502e-01 7.486198861875634769e-01 1.000000000000000000e+00 3.645992641743739382e-01
9.349260885689821832e-01 7.484033751731218320e-01 1.000000000000000000e+00 3.640904525002223169e-01
9.397096896804969512e-01 7.434029025078102704e-01 1.000000000000000000e+00 3.646689321149212959e-01
9.397484549015371336e-01 7.434106418638046776e-01 1.000000000000000000e+00 3.646483419768830059e-01
9.385254606881611172e-01 7.448471108086637260e-01 1.000000000000000000e+00 3.641524994221389533e-01
9.384560181414203228e-01 7.446590200252927172e-01 1.000000000000000000e+00 3.648172297978297118e-01
9.384915309027537234e-01 7.450544016607258957e-01 1.000000000000000000e+00 3.643212651573409788e-01
9.342556339101477647e-01 7.399200672731902628e-01 1.000000000000000000e+00 3.781381763152969477e-01
9.346540231685217526e-01 7.401313406238850812e-01 1.000000000000000000e+00 3.775901807574785218e-01
9.350153554025307789e-01 7.406787215530014068e-01 1.000000000000000000e+00 3.777140274102754880e-01
9.345030457105130139e-01 7.421219838028538796e-01 1.000000000000000000e+00 3.780277004675389185e-01
9.343310768128003652e-01 7.423286743323883607e-01 1.000000000000000000e+00 3.783982575009700033e-01
9.344894601373431309e-01 7.421934786852095733e-01 1.000000000000000000e+00 3.783040233441000710e-01
9.347164155868362689e-01 7.423276680188033438e-01 1.000000000000000000e+00 3.780928948706947512e-01
9.346974208371721105e-01 7.423477085143209697e-01 1.000000000000000000e+00 3.781402862057644532e-01
9.308023954261391841e-01 7.404762165386821193e-01 1.000000000000000000e+00 3.805981141582005511e-01
9.307908593550094922e-01 7.405253515989160817e-01 1.000000000000000000e+00 3.805366080310044197e-01
9.308724706801794202e-01 7.405140160615794054e-01 1.000000000000000000e+00 3.805408918786131744e-01
9.307437988839856180e-01 7.404307276029122864e-01 1.000000000000000000e+00 3.805025280138653598e-01
9.308596908467891007e-01 7.404122429383631632e-01 1.000000000000000000e+00 3.803213875593134952e-01
9.307490810415687266e-01 7.404902940006624634e-01 1.000000000000000000e+00 3.803824489502151684e-01
9.304764071970430539e-01 7.402314023995856251e-01 1.000000000000000000e+00 3.806242937324389453e-01
9.297520227758654388e-01 7.400621738948581774e-01 1.000000000000000000e+00 3.812691218860159714e-01
9.296846157070394190e-01 7.401480257463566303e-01 1.000000000000000000e+00 3.810949680670215889e-01
9.295248832185992738e-01 7.404369380677983115e-01 1.000000000000000000e+00 3.812371936312889953e-01
9.295330465796121100e-01 7.403360650114940711e-01 1.000000000000000000e+00 3.814497210338360644e-01
9.291785102528270501e-01 7.399387185770882613e-01 1.000000000000000000e+00 3.802356472633444673e-01
9.289411219072818415e-01 7.397676756451022628e-01 1.000000000000000000e+00 3.792862708323815890e-01
9.289119930865646912e-01 7.397866369361268957e-01 1.000000000000000000e+00 3.792172527939944304e-01
9.293053122914964881e-01 7.378256310078201707e-01 1.000000000000000000e+00 3.805410559938111614e-01
9.291918812845862963e-01 7.377132615543708916e-01 1.000000000000000000e+00 3.805867359116968385e-01
9.277447186008138669e-01 7.370221923273690967e-01 1.000000000000000000e+00 3.806166312964627263e-01
9.261352875969431908e-01 7.348560087972580979e-01 1.000000000000000000e+00 3.800880552563684622e-01
9.281995919489682834e-01 7.355575044244422322e-01 1.000000000000000000e+00 3.816708302700828059e-01
9.282322557476075930e-01 7.339533812341231256e-01 1.000000000000000000e+00 3.820988237761959172e-01
9.283316520623104973e-01 7.339313328017387228e-01 1.000000000000000000e+00 3.822900714703758029e-01
9.251982753418779293e-01 7.324819939839649630e-01 1.000000000000000000e+00 3.799369579326663526e-01
9.251984160081735409e-01 7.325697960237548267e-01 1.000000000000000000e+00 3.801092448229210774e-01
9.252428758756531257e-01 7.329256371533779957e-01 1.000000000000000000e+00 3.799291534429660167e-01
9.258483607270225901e-01 7.325743022670764271e-01 1.000000000000000000e+00 3.800685316037122896e-01
9.270214427073864005e-01 7.314591238947718566e-01 1.000000000000000000e+00 3.803588057810574630e-01
