-6.992548943023643715e-02
-6.992548943023643715e-02
-6.992548943023643715e-02
-6.992548943023643715e-02
-6.992548943023643715e-02
-9.616208283897469122e-03
-9.616208283897469122e-03
-9.616208283897469122e-03
-9.616208283897469122e-03
-9.616208283897469122e-03
-9.616208283897469122e-03
-9.616208283897469122e-03
1.933689384850485471e-01
1.933689384850485471e-01
1.933689384850485471e-01
1.933689384850485471e-01
1.933689384850485471e-01
1.933689384850485471e-01
1.933689384850485471e-01
1.933689384850485471e-01
1.933689384850485471e-01
1.933689384850485471e-01
1.933689384850485471e-01
1.933689384850485471e-01
3.858375288315619711e-01
3.858375288315619711e-01
3.858375288315619711e-01
3.858375288315619711e-01
3.858375288315619711e-01
3.858375288315619711e-01
3.858375288315619711e-01
3.858375288315619711e-01
3.858375288315619711e-01
3.858375288315619711e-01
3.858375288315619711e-01
3.858375288315619711e-01
3.858375288315619711e-01
3.858375288315619711e-01
3.858375288315619711e-01
3.858375288315619711e-01
3.858375288315619711e-01
3.858375288315619711e-01
3.858375288315619711e-01
3.858375288315619711e-01
3.858375288315619711e-01
3.858375288315619711e-01
3.858375288315619711e-01
3.858375288315619711e-01
3.858375288315619711e-01
3.858375288315619711e-01
3.858375288315619711e-01
3.858375288315619711e-01
3.858375288315619711e-01
3.858375288315619711e-01
3.858375288315619711e-01
3.858375288315619711e-01
3.858375288315619711e-01
3.858375288315619711e-01
3.858375288315619711e-01
3.858375288315619711e-01
3.858375288315619711e-01
3.858375288315619711e-01
3.858375288315619711e-01
3.858375288315619711e-01
3.858375288315619711e-01
3.858375288315619711e-01
3.858375288315619711e-01
3.858375288315619711e-01
4.450962519410377460e-01
4.450962519410377460e-01
4.450962519410377460e-01
4.450962519410377460e-01
4.450962519410377460e-01
4.450962519410377460e-01
4.450962519410377460e-01
4.450962519410377460e-01
4.450962519410377460e-01
4.450962519410377460e-01
4.450962519410377460e-01
4.450962519410377460e-01
4.450962519410377460e-01
4.450962519410377460e-01
4.450962519410377460e-01
4.450962519410377460e-01
4.450962519410377460e-01
4.450962519410377460e-01
4.450962519410377460e-01
4.450962519410377460e-01
4.450962519410377460e-01
4.450962519410377460e-01
4.450962519410377460e-01
4.450962519410377460e-01
4.450962519410377460e-01
4.450962519410377460e-01
4.450962519410377460e-01
4.450962519410377460e-01
4.450962519410377460e-01
9.097643418039532692e-01
9.097643418039532692e-01
9.097643418039532692e-01
