3.075944495807981793e-01
-9.879485401699272806e-02
6.092880777212184018e-01
5.999394666038777579e-01
1.122653600291495968e+00
6.554066108187608930e-02
2.996552673805111811e-01
4.954277537974183243e-02
2.646794534859878700e-01
1.760912099349774274e-01
6.331513227078830984e-03
9.043346139489918944e-02
1.088451811294969263e-01
-3.922660879395126199e-02
1.176535142827936364e-01
7.906729127428796522e-02
5.832133174532063702e-01
3.267308315148192421e-01
2.051356338407091529e-01
7.501030246231131515e-02
6.242063965532171910e-01
5.178038435270536644e-01
1.382183814843243264e+00
5.969853704633660829e-01
3.122553317049427957e-01
3.366197462247446648e-01
3.309981701092091222e-01
2.938442461013416329e-01
2.927449575766590817e-01
2.829582126424811661e-01
2.822504072285356158e-01
1.184954967332332992e-01
1.919906793179597115e-01
2.199124944928571579e-01
2.094396923601373195e-01
1.904145548304365387e-01
1.841021388625843636e-01
2.337762799211999531e-01
2.465994595290735003e-01
2.159778005848048132e-01
1.854464876978874910e-01
3.049766125946813400e-01
1.395797984711235173e+00
1.390064504283464952e+00
1.401316968076104175e+00
1.408661842877269699e+00
1.408880240725955302e+00
1.394535979089407851e+00
1.392000314693433216e+00
1.389620855379665176e+00
1.394680171717577633e+00
1.368964154524676013e+00
1.368140398124777279e+00
1.390192523034553540e+00
1.387944445541661187e+00
1.389599107453259430e+00
1.390651096541246634e+00
1.390261608378177360e+00
1.373780905803682062e+00
1.371093112830475302e+00
1.386833691553830628e+00
1.385591836995923254e+00
1.349832260029794728e+00
1.350453594188887108e+00
1.344584984595355248e+00
1.348601284193834848e+00
1.351157811960241650e+00
1.327275196679013280e+00
1.316999969098599399e+00
1.330358421533435642e+00
1.377301558033854567e+00
1.377589265936431273e+00
1.370645527386936013e+00
1.384242007056688983e+00
1.266659188528201474e+00
1.278823081310952681e+00
1.278864440527122337e+00
1.287341257534484695e+00
1.287740513922281949e+00
1.302357656372151062e+00
1.311816511886397363e+00
1.205334692689814524e+00
1.191059474238104876e+00
1.268871535725092814e+00
1.270416914909043182e+00
1.235955484800853377e+00
1.223665637634644199e+00
1.208012484098140993e+00
1.207551018565200307e+00
1.188733695622783859e+00
1.229401078518594037e+00
1.187007220526094198e+00
1.183462885031119738e+00
1.185196120597350022e+00
1.189245552145356877e+00
1.190804423533412759e+00
1.151205152152764422e+00
1.178784416776476496e+00
1.183450076039476606e+00
1.198454790636299672e+00
