7.040143013000488281e-01 4.526387453079223633e-01 9.342652559280395508e-01 2.756670713424682617e-01
9.488582611083984375e-03 5.830766558647155762e-01 8.546378016471862793e-01 1.084302663803100586e-01
4.171170592308044434e-01 6.879128217697143555e-01 7.600429058074951172e-01 1.337162256240844727e-01
8.622654676437377930e-01 4.144324064254760742e-01 5.407717823982238770e-01 3.851804137229919434e-01
8.604121208190917969e-01 1.343773007392883301e-01 8.012478351593017578e-01 3.699398636817932129e-01
7.127748727798461914e-01 6.633408665657043457e-01 5.183645486831665039e-01 8.989208936691284180e-02
8.893945217132568359e-01 1.606540083885192871e-01 5.129584074020385742e-01 1.674952507019042969e-01
9.447523355484008789e-01 4.963511228561401367e-01 9.381116032600402832e-01 7.158911228179931641e-02
5.521586537361145020e-01 5.635110139846801758e-01 8.927893638610839844e-02 6.336973309516906738e-01
4.170916676521301270e-01 5.185990333557128906e-01 1.216284036636352539e-01 6.348135471343994141e-01
6.911611557006835938e-01 2.798569202423095703e-02 7.035024166107177734e-01 6.400418281555175781e-02
7.883867025375366211e-01 6.180041432380676270e-01 6.356294751167297363e-01 9.821036458015441895e-01
4.827605485916137695e-01 5.181225538253784180e-01 1.188782453536987305e-01 7.072873711585998535e-01
2.197889089584350586e-01 8.805141448974609375e-01 7.974643707275390625e-01 9.976924657821655273e-01
1.156023144721984863e-01 3.406076431274414062e-01 2.543954253196716309e-01 3.031039237976074219e-02
6.355069875717163086e-01 6.706596612930297852e-01 7.880680561065673828e-01 9.105822443962097168e-01
9.023123383522033691e-01 8.839982151985168457e-01 1.994303464889526367e-01 9.224438667297363281e-02
1.194250583648681641e-02 3.065142631530761719e-01 2.009004950523376465e-01 2.190988659858703613e-01
6.403282284736633301e-01 9.870612621307373047e-01 5.543685555458068848e-01 4.719195961952209473e-01
6.692003607749938965e-01 2.313032150268554688e-01 2.186628580093383789e-01 9.121786952018737793e-01
6.667277812957763672e-01 2.365474104881286621e-01 1.797061562538146973e-01 2.234154939651489258e-01
7.351039052009582520e-01 3.911961913108825684e-01 8.820828795433044434e-01 1.737735867500305176e-01
6.042008996009826660e-01 7.574510574340820312e-02 4.468834400177001953e-02 6.966878771781921387e-01
3.088624477386474609e-01 1.847493052482604980e-01 4.943693876266479492e-01 6.993613243103027344e-01
9.731457829475402832e-01 6.993635296821594238e-01 5.419613718986511230e-01 1.406652331352233887e-01
4.719697833061218262e-01 3.380404114723205566e-01 4.951194524765014648e-01 9.412451386451721191e-01
7.506979703903198242e-01 9.010119438171386719e-01 3.387068510055541992e-01 9.853737950325012207e-01
5.223155021667480469e-02 7.050487995147705078e-01 7.297453880310058594e-01 8.552874922752380371e-01
1.644640564918518066e-01 7.278758287429809570e-01 3.531429171562194824e-01 4.448848962783813477e-02
6.167340278625488281e-01 6.088826656341552734e-01 2.247613668441772461e-01 6.724506616592407227e-01
4.399120807647705078e-03 3.817638754844665527e-01 1.530116200447082520e-01 4.287024736404418945e-01
1.747738718986511230e-01 6.245015263557434082e-01 2.066780328750610352e-01 7.844718694686889648e-01
7.780018448829650879e-01 2.485584020614624023e-01 7.925051450729370117e-01 2.395809292793273926e-01
1.724705100059509277e-01 6.360530853271484375e-03 9.026961326599121094e-01 7.617641091346740723e-01
5.989791154861450195e-01 6.154413819313049316e-01 6.640552282333374023e-01 7.963387966156005859e-01
3.232381939888000488e-01 3.330686092376708984e-01 6.602399945259094238e-01 9.645684361457824707e-01
4.491176605224609375e-01 5.621140003204345703e-01 4.979896545410156250e-01 7.190817594528198242e-02
9.413873553276062012e-01 2.391750812530517578e-01 9.541398286819458008e-01 2.480235099792480469e-01
3.988327980041503906e-01 6.288381218910217285e-01 2.666682600975036621e-01 8.299666047096252441e-01
1.064602732658386230e-01 2.852746844291687012e-01 7.004675269126892090e-01 4.799693822860717773e-01
6.179403066635131836e-01 8.822882771492004395e-01 7.820983529090881348e-01 7.154598832130432129e-01
7.062638401985168457e-01 8.377620577812194824e-01 5.529290437698364258e-02 9.221097826957702637e-01
5.264211297035217285e-01 3.929220438003540039e-01 4.034874439239501953e-01 3.264034390449523926e-01
7.316536903381347656e-01 5.196241140365600586e-01 2.023087739944458008e-01 6.869311332702636719e-01
7.360931634902954102e-01 8.018046617507934570e-02 9.300714731216430664e-02 5.637272000312805176e-01
3.982751369476318359e-01 4.873881936073303223e-01 5.551456809043884277e-01 6.118133664131164551e-01
8.499752283096313477e-01 3.297004699707031250e-01 6.064620614051818848e-01 4.611729383468627930e-01
5.940702557563781738e-01 6.477753520011901855e-01 7.377765774726867676e-01 5.111151337623596191e-01
8.349003791809082031e-01 1.973989009857177734e-01 9.514540433883666992e-02 2.050404548645019531e-01
8.669340610504150391e-01 9.680608510971069336e-01 2.980723977088928223e-01 9.570541977882385254e-01
5.694427490234375000e-01 6.607210636138916016e-01 6.673145294189453125e-02 1.232137084007263184e-01
7.110762596130371094e-02 9.017640352249145508e-02 9.996112585067749023e-01 1.350051164627075195e-02
4.417518377304077148e-01 9.531830549240112305e-01 7.173458337783813477e-01 5.203453898429870605e-01
4.969243407249450684e-01 5.776619911193847656e-02 2.963296175003051758e-01 7.852005958557128906e-02
4.962676763534545898e-02 3.551840186119079590e-01 7.228717803955078125e-01 4.797115921974182129e-01
6.800816059112548828e-01 7.090045809745788574e-01 7.303801774978637695e-01 5.797708630561828613e-01
1.140760183334350586e-01 9.841039776802062988e-01 2.250890731811523438e-01 2.424927353858947754e-01
2.668231725692749023e-02 7.916318774223327637e-01 4.802619218826293945e-01 1.604717969894409180e-02
9.894403815269470215e-01 8.402660489082336426e-01 6.687170863151550293e-01 4.438813328742980957e-01
4.816539287567138672e-01 4.617326855659484863e-01 1.511573791503906250e-03 3.442792296409606934e-01
9.906406402587890625e-01 9.846430420875549316e-01 3.046813011169433594e-01 8.963382244110107422e-02
6.193584799766540527e-01 3.871191740036010742e-01 6.459441781044006348e-01 2.257363796234130859e-01
2.226473689079284668e-01 8.870990872383117676e-01 5.958197116851806641e-01 7.892733812332153320e-02
2.021309137344360352e-01 9.490541219711303711e-01 2.017442584037780762e-01 2.572953701019287109e-02
6.268182396888732910e-01 3.393163084983825684e-01 1.168149709701538086e-02 2.994495034217834473e-01
2.031451463699340820e-02 2.158344984054565430e-01 7.798591852188110352e-01 4.163954854011535645e-01
8.877890110015869141e-01 7.204498052597045898e-01 5.216388106346130371e-01 6.133285760879516602e-01
5.057661533355712891e-01 1.530587673187255859e-01 3.152539134025573730e-01 8.910900950431823730e-01
3.687566518783569336e-02 5.961614847183227539e-01 6.804420351982116699e-01 9.286309480667114258e-01
2.431074976921081543e-01 6.960630416870117188e-01 6.814512610435485840e-01 2.339536547660827637e-01
5.383496880531311035e-01 7.504305243492126465e-01 6.321879625320434570e-01 7.454583644866943359e-01
5.696227550506591797e-01 3.351678848266601562e-01 4.766214489936828613e-01 1.935110688209533691e-01
6.455577611923217773e-01 5.808483362197875977e-01 4.065853953361511230e-01 8.092131018638610840e-01
7.734479904174804688e-01 5.176817774772644043e-01 1.179267168045043945e-01 9.741089940071105957e-01
6.719454526901245117e-01 8.903100490570068359e-01 5.302209854125976562e-01 5.106445550918579102e-01
1.114358901977539062e-01 7.048195600509643555e-01 8.075619339942932129e-01 6.618664860725402832e-01
8.103722333908081055e-01 8.729211688041687012e-01 8.668977022171020508e-01 2.781308889389038086e-01
6.312755346298217773e-01 5.933831334114074707e-01 1.753090023994445801e-01 5.145719051361083984e-01
9.886252284049987793e-01 4.081234335899353027e-01 7.904835939407348633e-01 1.258127093315124512e-01
4.053711891174316406e-03 7.978678941726684570e-01 4.010120630264282227e-01 3.349578380584716797e-02
8.884279727935791016e-01 3.648297190666198730e-01 2.550012469291687012e-01 7.834334969520568848e-01
3.519193530082702637e-01 4.813044667243957520e-01 6.638866662979125977e-01 9.560400247573852539e-02
4.231689572334289551e-01 4.751425981521606445e-02 8.854476809501647949e-01 2.300903201103210449e-01
3.322722911834716797e-01 6.906694173812866211e-01 6.048613190650939941e-01 1.745232939720153809e-01
1.249639391899108887e-01 9.045529365539550781e-01 3.428668379783630371e-01 7.943142056465148926e-01
5.602383613586425781e-02 1.902270913124084473e-01 2.852211594581604004e-01 3.292715549468994141e-01
4.601407647132873535e-01 5.738002657890319824e-01 9.435003399848937988e-01 2.242034673690795898e-01
2.679187655448913574e-01 4.133570790290832520e-01 6.946818232536315918e-01 1.310089230537414551e-01
4.640409350395202637e-01 8.328634500503540039e-02 2.540112733840942383e-01 5.966958403587341309e-01
1.175475120544433594e-01 2.257375717163085938e-01 4.038333892822265625e-01 2.979636192321777344e-01
8.457674384117126465e-01 2.665439844131469727e-01 6.310940980911254883e-01 4.257968664169311523e-01
6.387566328048706055e-01 9.568403959274291992e-01 7.119753360748291016e-01 1.975264549255371094e-01
7.684422731399536133e-01 7.389019131660461426e-01 4.927167296409606934e-01 4.713192582130432129e-01
1.688185930252075195e-01 4.404258728027343750e-01 9.095973968505859375e-01 6.384564042091369629e-01
8.818010687828063965e-01 2.387783527374267578e-01 7.442920207977294922e-01 7.024027109146118164e-01
3.228018283843994141e-01 7.092772722244262695e-01 8.777184486389160156e-01 2.793820500373840332e-01
4.117584824562072754e-01 2.795546650886535645e-01 8.859020471572875977e-02 6.675523519515991211e-02
4.552586078643798828e-01 1.383769512176513672e-01 9.355039000511169434e-01 5.614988803863525391e-01
5.333209633827209473e-01 2.495387196540832520e-01 9.606024026870727539e-01 1.857259273529052734e-01
2.659904956817626953e-02 8.084310293197631836e-01 4.344662427902221680e-01 9.895454645156860352e-01
7.449827194213867188e-01 1.161900758743286133e-01 2.244834899902343750e-01 3.389095067977905273e-01
4.440495967864990234e-01 5.773739218711853027e-01 4.289576411247253418e-01 7.934355735778808594e-02
9.506940245628356934e-01 8.346772789955139160e-01 3.149623274803161621e-01 5.909699201583862305e-02
4.178899526596069336e-01 5.476019382476806641e-01 8.746538758277893066e-01 2.336912751197814941e-01
1.712888479232788086e-01 5.646550655364990234e-02 2.908299565315246582e-01 1.294289827346801758e-01
3.446739315986633301e-01 9.881414771080017090e-01 9.303947687149047852e-01 9.084212183952331543e-01
5.393599271774291992e-01 9.970244765281677246e-01 3.545787334442138672e-01 5.999273061752319336e-02
2.751756310462951660e-01 9.558078050613403320e-01 3.103466629981994629e-01 7.406346201896667480e-01
7.198142409324645996e-01 1.853613853454589844e-01 3.546554446220397949e-01 7.816321253776550293e-01
1.313561201095581055e-02 4.348653554916381836e-02 8.714891672134399414e-01 8.893598318099975586e-01
