4.264873757787394082e-01
4.264873757787394082e-01
4.264873757787394082e-01
4.264873757787394082e-01
4.264873757787394082e-01
4.264873757787394082e-01
4.264873757787394082e-01
4.264873757787394082e-01
4.264873757787394082e-01
4.264873757787394082e-01
4.264873757787394082e-01
4.264873757787394082e-01
4.264873757787394082e-01
4.264873757787394082e-01
5.292352468805167076e-01
5.292352468805167076e-01
5.292352468805167076e-01
5.292352468805167076e-01
5.292352468805167076e-01
5.292352468805167076e-01
5.292352468805167076e-01
5.292352468805167076e-01
5.292352468805167076e-01
5.292352468805167076e-01
5.292352468805167076e-01
5.292352468805167076e-01
5.292352468805167076e-01
6.593142405630916247e-01
6.593142405630916247e-01
6.593142405630916247e-01
6.593142405630916247e-01
6.593142405630916247e-01
6.593142405630916247e-01
6.593142405630916247e-01
6.593142405630916247e-01
6.593142405630916247e-01
6.593142405630916247e-01
6.593142405630916247e-01
6.593142405630916247e-01
6.593142405630916247e-01
6.593142405630916247e-01
6.593142405630916247e-01
6.593142405630916247e-01
6.593142405630916247e-01
6.593142405630916247e-01
6.593142405630916247e-01
6.593142405630916247e-01
6.593142405630916247e-01
6.593142405630916247e-01
6.593142405630916247e-01
