1.166486740112304688e-01 1.851647496223449707e-01 4.959574937820434570e-01 2.927267551422119141e-02
4.372566342353820801e-01 7.617367506027221680e-01 9.294432401657104492e-01 5.231332182884216309e-01
6.165017485618591309e-01 1.625956892967224121e-01 1.674494743347167969e-01 2.934321761131286621e-01
5.218857526779174805e-02 4.368927478790283203e-01 9.568988680839538574e-01 7.834683656692504883e-01
5.541552305221557617e-01 2.931141853332519531e-01 7.249406576156616211e-01 8.366072177886962891e-02
1.355386972427368164e-01 9.377612471580505371e-01 8.053178191184997559e-01 9.223998785018920898e-01
3.602689504623413086e-01 6.408942341804504395e-01 4.794312715530395508e-01 3.581265211105346680e-01
9.088872075080871582e-01 6.435700058937072754e-01 8.588231801986694336e-01 1.521808505058288574e-01
5.246220231056213379e-01 7.671500444412231445e-01 9.540185332298278809e-01 9.890782237052917480e-01
3.493731021881103516e-01 7.891884446144104004e-01 6.425179839134216309e-01 5.643054842948913574e-01
7.558588385581970215e-01 3.863803744316101074e-01 1.473730206489562988e-01 7.093318104743957520e-01
8.119933009147644043e-01 9.740152955055236816e-01 2.342443466186523438e-01 3.519316315650939941e-01
6.626833081245422363e-01 3.758108019828796387e-01 3.330764174461364746e-01 8.972259759902954102e-01
9.867439270019531250e-01 9.192599654197692871e-01 6.817523837089538574e-01 6.746817827224731445e-01
6.122893691062927246e-01 5.119791626930236816e-01 9.550093412399291992e-01 4.979426264762878418e-01
4.996758699417114258e-02 1.815365552902221680e-01 9.383192062377929688e-01 6.218661665916442871e-01
7.475693821907043457e-01 9.561200141906738281e-01 3.676545023918151855e-01 2.440769672393798828e-01
5.947628617286682129e-01 4.463770389556884766e-01 2.424458861351013184e-01 9.139949679374694824e-01
2.495650053024291992e-01 8.937687873840332031e-01 5.077611804008483887e-01 2.371402382850646973e-01
9.057441949844360352e-01 8.299340605735778809e-01 7.305098176002502441e-01 2.392717003822326660e-01
4.930660128593444824e-01 1.614401340484619141e-01 5.221471190452575684e-01 6.762704849243164062e-01
9.555697441101074219e-03 3.009539842605590820e-01 7.870939373970031738e-01 2.657206654548645020e-01
7.382925152778625488e-01 4.329738616943359375e-01 2.190582156181335449e-01 6.896920800209045410e-01
5.255595445632934570e-01 9.389724731445312500e-01 8.835276365280151367e-01 9.887735247611999512e-01
6.370484828948974609e-01 4.292801618576049805e-01 8.173674345016479492e-01 1.771695017814636230e-01
2.697016596794128418e-01 9.497993588447570801e-01 8.793557286262512207e-01 9.809570312500000000e-01
1.685632467269897461e-01 9.955404996871948242e-01 5.237566232681274414e-01 7.101274728775024414e-01
6.958692669868469238e-01 5.688553452491760254e-01 3.905051350593566895e-01 8.196683526039123535e-01
6.320843696594238281e-01 1.944708228111267090e-01 2.730987071990966797e-01 4.691265225410461426e-01
8.121861219406127930e-01 4.160206317901611328e-01 5.217104554176330566e-01 8.906371593475341797e-01
3.732246756553649902e-01 6.498665809631347656e-01 2.205488085746765137e-01 7.386128306388854980e-01
7.812914848327636719e-01 2.944539785385131836e-01 8.093665838241577148e-01 8.119429945945739746e-01
2.364184260368347168e-01 6.062530279159545898e-01 3.941714167594909668e-01 8.020505309104919434e-01
3.500018119812011719e-01 5.037595629692077637e-01 4.810689091682434082e-01 4.896433353424072266e-01
1.662131547927856445e-01 1.927623748779296875e-01 7.887189388275146484e-01 7.450627684593200684e-01
6.147011518478393555e-01 8.764219880104064941e-01 1.693832278251647949e-01 4.971200823783874512e-01
2.006985545158386230e-01 2.275515198707580566e-01 1.766536235809326172e-01 4.478335380554199219e-02
2.420355677604675293e-01 8.774221539497375488e-01 3.005415201187133789e-02 5.584182143211364746e-01
1.617150902748107910e-01 2.310993075370788574e-01 6.262654662132263184e-01 4.292936325073242188e-01
3.697422742843627930e-01 5.528796911239624023e-01 8.299724459648132324e-01 4.273790717124938965e-01
3.459534049034118652e-01 1.717299222946166992e-02 5.884131193161010742e-01 7.649382948875427246e-01
6.992563605308532715e-01 6.624862551689147949e-01 4.552599787712097168e-01 6.078619360923767090e-01
8.301816582679748535e-01 9.338738322257995605e-01 9.709379673004150391e-01 5.109763145446777344e-01
9.425501823425292969e-01 2.067099213600158691e-01 5.334174633026123047e-02 7.235362529754638672e-01
3.509868979454040527e-01 6.321889758110046387e-01 5.598511695861816406e-01 3.290031552314758301e-01
9.759705662727355957e-01 6.882216930389404297e-01 7.511699199676513672e-02 8.770108222961425781e-01
4.095736145973205566e-01 6.709200739860534668e-01 1.886671781539916992e-01 8.777492046356201172e-01
7.723803520202636719e-01 5.579430460929870605e-01 9.788078069686889648e-01 4.282925128936767578e-01
1.669587492942810059e-01 9.002858400344848633e-02 9.944180250167846680e-01 3.923497796058654785e-01
1.512858867645263672e-01 2.995932102203369141e-01 5.408402085304260254e-01 2.249846458435058594e-01
9.832698106765747070e-01 8.643077611923217773e-01 3.842855691909790039e-01 7.956386804580688477e-01
2.065257430076599121e-01 4.136870503425598145e-01 6.832803487777709961e-01 1.255721449851989746e-01
6.133209466934204102e-01 7.747652530670166016e-01 7.493698596954345703e-01 4.853028059005737305e-01
7.115401625633239746e-01 8.591801524162292480e-01 1.815819144248962402e-01 8.812075853347778320e-02
1.847475767135620117e-01 7.957299351692199707e-01 6.526347994804382324e-01 3.793518543243408203e-01
4.526009559631347656e-01 8.270453810691833496e-01 3.325881361961364746e-01 3.226028084754943848e-01
6.826919317245483398e-01 4.817134141921997070e-01 7.926734685897827148e-01 6.418068408966064453e-01
3.562480211257934570e-02 7.742871642112731934e-01 3.457518815994262695e-01 5.966278314590454102e-01
6.885322332382202148e-01 3.764330744743347168e-01 1.773440241813659668e-01 5.564785003662109375e-02
1.740641593933105469e-01 9.562295675277709961e-01 7.545800805091857910e-01 6.624093055725097656e-01
5.605587363243103027e-01 4.432017803192138672e-01 3.496923446655273438e-01 4.022949934005737305e-01
4.071570038795471191e-01 2.423007488250732422e-01 7.401744127273559570e-01 4.610683321952819824e-01
3.474819660186767578e-01 8.432156443595886230e-01 2.004915475845336914e-01 7.003352642059326172e-01
2.745115756988525391e-01 3.706941604614257812e-01 3.595125079154968262e-01 6.802146434783935547e-01
3.517858982086181641e-01 6.903042197227478027e-01 4.881268739700317383e-01 3.944979906082153320e-01
5.817487835884094238e-01 8.428855538368225098e-01 9.161170721054077148e-01 2.240195274353027344e-01
8.823338747024536133e-01 6.867372989654541016e-01 5.000465512275695801e-01 4.642353653907775879e-01
8.312408328056335449e-01 2.393425107002258301e-01 9.056633710861206055e-02 8.507497310638427734e-01
6.686498522758483887e-01 2.082909345626831055e-01 9.265673160552978516e-01 9.503785371780395508e-01
8.613218069076538086e-01 8.785203695297241211e-01 1.557629704475402832e-01 4.431669712066650391e-01
5.825756788253784180e-01 9.571372270584106445e-01 7.782633304595947266e-01 1.853801608085632324e-01
6.577150225639343262e-01 3.626970648765563965e-01 4.154598116874694824e-01 4.807400703430175781e-02
7.307769656181335449e-01 4.190171957015991211e-01 1.370108127593994141e-01 3.200956583023071289e-01
3.892693519592285156e-01 2.162323594093322754e-01 2.431875467300415039e-02 4.543362855911254883e-01
6.938388943672180176e-01 5.339598655700683594e-02 5.822628736495971680e-02 9.563840031623840332e-01
1.922928094863891602e-01 2.515006065368652344e-02 3.802124261856079102e-01 3.193112611770629883e-01
2.826130390167236328e-02 7.460824847221374512e-01 6.244850158691406250e-01 7.594338655471801758e-01
3.965753316879272461e-01 9.547321796417236328e-01 1.634451150894165039e-01 7.101016044616699219e-01
1.841150522232055664e-01 7.504388689994812012e-01 3.176041245460510254e-01 7.091873884201049805e-02
2.850310802459716797e-01 9.851890802383422852e-01 5.017919540405273438e-01 4.353148937225341797e-01
3.229339122772216797e-01 2.170283198356628418e-01 3.691183924674987793e-01 7.424730062484741211e-02
3.604406118392944336e-01 3.375017642974853516e-01 3.582573533058166504e-01 9.490531086921691895e-01
1.116254925727844238e-01 8.579848408699035645e-01 8.485434651374816895e-01 2.970235943794250488e-01
9.001896977424621582e-01 9.901661276817321777e-01 2.212005853652954102e-01 6.302329301834106445e-01
7.285161018371582031e-01 5.090200901031494141e-02 8.139935135841369629e-01 8.965296745300292969e-01
1.402921676635742188e-01 7.215291261672973633e-02 8.865121603012084961e-01 5.215784907341003418e-01
6.754302978515625000e-01 9.766961336135864258e-01 3.253783583641052246e-01 6.641908288002014160e-01
7.042589783668518066e-01 6.765745878219604492e-01 8.759175539016723633e-01 6.418796777725219727e-01
7.306343317031860352e-01 8.702662587165832520e-01 5.232051014900207520e-01 8.982779383659362793e-01
4.412150382995605469e-01 7.260591983795166016e-01 4.489007592201232910e-01 8.708156347274780273e-01
8.468012809753417969e-01 9.720438718795776367e-02 9.706516861915588379e-01 8.682084083557128906e-01
8.776230812072753906e-01 7.235309481620788574e-01 8.894614577293395996e-01 8.257053494453430176e-01
6.138218641281127930e-01 4.919203519821166992e-01 4.033504724502563477e-01 3.336912393569946289e-02
1.013757586479187012e-01 6.921769976615905762e-01 3.622055053710937500e-01 4.850432872772216797e-01
8.635203838348388672e-01 7.733952403068542480e-01 1.425658464431762695e-01 7.623314857482910156e-02
8.507509827613830566e-01 2.406886816024780273e-01 5.364275574684143066e-01 3.850796222686767578e-01
4.462158083915710449e-01 7.444722652435302734e-01 4.939943552017211914e-01 2.320287227630615234e-01
1.435573101043701172e-01 6.763089895248413086e-01 4.467413425445556641e-01 5.959738492965698242e-01
6.832467913627624512e-01 7.074198126792907715e-01 4.211006164550781250e-01 9.534405469894409180e-01
2.975209951400756836e-01 2.767014503479003906e-02 6.092089414596557617e-01 5.869314670562744141e-01
8.587511777877807617e-01 2.837479114532470703e-01 4.228663444519042969e-01 3.629005551338195801e-01
7.715916633605957031e-01 8.481413125991821289e-02 1.726001501083374023e-01 1.135177612304687500e-01
5.029439926147460938e-03 5.340788364410400391e-01 8.057044148445129395e-01 4.239423274993896484e-01
8.460401892662048340e-01 3.631226420402526855e-01 5.455071926116943359e-01 8.290302157402038574e-01
6.828081607818603516e-02 3.592028617858886719e-01 9.421907067298889160e-01 4.326511621475219727e-01
6.602187156677246094e-01 6.819940805435180664e-01 1.376789212226867676e-01 2.568149566650390625e-01
2.015245556831359863e-01 5.702376365661621094e-03 9.113740324974060059e-01 8.902096152305603027e-01
3.908507823944091797e-01 1.749982237815856934e-01 6.657550930976867676e-01 1.820186972618103027e-01
9.621083736419677734e-03 6.612519025802612305e-01 7.228086590766906738e-01 2.728580832481384277e-01
9.158344864845275879e-01 4.776707291603088379e-01 2.312730550765991211e-01 8.851283788681030273e-01
