6.769813295882184390e-01
6.769813295882184390e-01
6.769813295882184390e-01
6.769813295882184390e-01
6.769813295882184390e-01
6.769813295882184390e-01
6.769813295882184390e-01
6.769813295882184390e-01
6.769813295882184390e-01
6.769813295882184390e-01
6.769813295882184390e-01
7.175112627375352936e-01
7.175112627375352936e-01
7.175112627375352936e-01
7.175112627375352936e-01
7.175112627375352936e-01
7.175112627375352936e-01
7.175112627375352936e-01
7.175112627375352936e-01
7.175112627375352936e-01
7.175112627375352936e-01
7.175112627375352936e-01
7.175112627375352936e-01
7.175112627375352936e-01
7.760780048918589635e-01
7.760780048918589635e-01
7.760780048918589635e-01
7.760780048918589635e-01
7.760780048918589635e-01
7.760780048918589635e-01
7.760780048918589635e-01
7.760780048918589635e-01
7.760780048918589635e-01
7.760780048918589635e-01
7.760780048918589635e-01
7.760780048918589635e-01
7.760780048918589635e-01
7.760780048918589635e-01
7.760780048918589635e-01
7.760780048918589635e-01
7.760780048918589635e-01
7.760780048918589635e-01
7.760780048918589635e-01
7.760780048918589635e-01
7.760780048918589635e-01
7.760780048918589635e-01
7.760780048918589635e-01
7.760780048918589635e-01
7.760780048918589635e-01
7.760780048918589635e-01
7.760780048918589635e-01
7.760780048918589635e-01
7.760780048918589635e-01
7.760780048918589635e-01
7.760780048918589635e-01
7.760780048918589635e-01
7.760780048918589635e-01
7.760780048918589635e-01
8.818424362332984989e-01
8.818424362332984989e-01
8.818424362332984989e-01
8.818424362332984989e-01
8.818424362332984989e-01
8.818424362332984989e-01
8.818424362332984989e-01
8.818424362332984989e-01
8.818424362332984989e-01
8.818424362332984989e-01
8.818424362332984989e-01
8.818424362332984989e-01
8.818424362332984989e-01
8.818424362332984989e-01
8.818424362332984989e-01
8.818424362332984989e-01
8.818424362332984989e-01
8.818424362332984989e-01
8.818424362332984989e-01
8.818424362332984989e-01
8.818424362332984989e-01
8.818424362332984989e-01
8.818424362332984989e-01
8.818424362332984989e-01
8.818424362332984989e-01
8.818424362332984989e-01
8.818424362332984989e-01
8.818424362332984989e-01
8.818424362332984989e-01
8.818424362332984989e-01
8.818424362332984989e-01
8.818424362332984989e-01
8.818424362332984989e-01
8.818424362332984989e-01
8.818424362332984989e-01
8.818424362332984989e-01
8.818424362332984989e-01
8.818424362332984989e-01
8.818424362332984989e-01
8.818424362332984989e-01
8.818424362332984989e-01
8.818424362332984989e-01
