1.000000000000000000e+00 0.000000000000000000e+00 9.530833860715380856e-01 3.574145053857308296e-02
1.000000000000000000e+00 1.133132417121211939e-02 8.471169151274916542e-01 0.000000000000000000e+00
1.000000000000000000e+00 8.338413353906277692e-01 1.000000000000000000e+00 3.567810098519003104e-01
1.000000000000000000e+00 8.958161604533024791e-01 1.000000000000000000e+00 6.700151302630746875e-01
1.000000000000000000e+00 8.707360911603463371e-01 1.000000000000000000e+00 2.535074701569790534e-01
1.000000000000000000e+00 4.358120191600358129e-01 0.000000000000000000e+00 8.146322205707627884e-01
7.698231703944046211e-01 2.924768164376534418e-01 0.000000000000000000e+00 0.000000000000000000e+00
8.413879479660404392e-01 4.087049923123317607e-01 0.000000000000000000e+00 2.862689941038661923e-01
1.000000000000000000e+00 4.610761661635905395e-01 0.000000000000000000e+00 6.156973791788497019e-01
1.000000000000000000e+00 4.885825232848252098e-01 0.000000000000000000e+00 7.916756833507001545e-01
1.000000000000000000e+00 5.178672845602659836e-01 0.000000000000000000e+00 1.000000000000000000e+00
1.000000000000000000e+00 5.330181745861861664e-01 0.000000000000000000e+00 1.000000000000000000e+00
1.000000000000000000e+00 5.191708042842483328e-01 2.548701924533387439e-02 1.000000000000000000e+00
1.000000000000000000e+00 3.849508486529516493e-01 0.000000000000000000e+00 1.000000000000000000e+00
1.000000000000000000e+00 4.455100931888539839e-01 0.000000000000000000e+00 1.000000000000000000e+00
7.899932495500654461e-01 4.465608533488713006e-01 0.000000000000000000e+00 0.000000000000000000e+00
8.176960745654374696e-01 4.470342492578127658e-01 0.000000000000000000e+00 0.000000000000000000e+00
1.000000000000000000e+00 4.407619476957535393e-02 1.491524545420336856e-01 1.000000000000000000e+00
8.299470893095908242e-01 6.475034518392872585e-01 0.000000000000000000e+00 0.000000000000000000e+00
1.000000000000000000e+00 6.941540898118773173e-01 0.000000000000000000e+00 0.000000000000000000e+00
9.906158028500020585e-01 7.016489208687708423e-01 0.000000000000000000e+00 0.000000000000000000e+00
8.842094285612824844e-01 7.456457140724812582e-01 0.000000000000000000e+00 0.000000000000000000e+00
8.752826942494031925e-01 7.209864022885886792e-01 0.000000000000000000e+00 0.000000000000000000e+00
8.515397601145693329e-01 7.470070417937030305e-01 0.000000000000000000e+00 0.000000000000000000e+00
1.000000000000000000e+00 7.225552617695073510e-01 0.000000000000000000e+00 0.000000000000000000e+00
1.000000000000000000e+00 7.243440477382846465e-01 0.000000000000000000e+00 0.000000000000000000e+00
1.000000000000000000e+00 7.535605631070565469e-01 0.000000000000000000e+00 0.000000000000000000e+00
1.000000000000000000e+00 7.578244365106043823e-01 0.000000000000000000e+00 0.000000000000000000e+00
1.000000000000000000e+00 7.583728231996795799e-01 0.000000000000000000e+00 0.000000000000000000e+00
1.000000000000000000e+00 7.380607203030241648e-01 0.000000000000000000e+00 0.000000000000000000e+00
1.000000000000000000e+00 7.744802797562667651e-01 5.864665080766032212e-02 0.000000000000000000e+00
1.000000000000000000e+00 7.894137129249669815e-01 8.687871839229222015e-02 0.000000000000000000e+00
1.000000000000000000e+00 7.733081505057516347e-01 9.667093844325888585e-02 0.000000000000000000e+00
1.000000000000000000e+00 6.524660582855936752e-01 6.764733715263900049e-02 3.629899783052910056e-01
1.000000000000000000e+00 6.535742583261706651e-01 6.978669178854678135e-02 3.553265904611581094e-01
1.000000000000000000e+00 6.568401267983675629e-01 7.073529109993946518e-02 3.576145627349395784e-01
1.000000000000000000e+00 6.564946269746410046e-01 1.072830009651611211e-01 2.842816108774327000e-01
1.000000000000000000e+00 6.483061778504308759e-01 1.101672489370846553e-01 2.759830417757085930e-01
1.000000000000000000e+00 6.784153603656044584e-01 1.140700797359215646e-01 2.910186635593015048e-01
1.000000000000000000e+00 6.915916381072233499e-01 1.365434142688112806e-01 1.662359673651895575e-01
1.000000000000000000e+00 6.947850997160274211e-01 1.447538094920127749e-01 1.583131577850610261e-01
1.000000000000000000e+00 6.926628354338160154e-01 1.519823624135983042e-01 1.668897249042324282e-01
1.000000000000000000e+00 6.917286688068463585e-01 1.616135453661372290e-01 1.568251016802945375e-01
1.000000000000000000e+00 7.239549832033327359e-01 5.978607886163712914e-02 2.419007141513019599e-01
1.000000000000000000e+00 7.243895300734486398e-01 5.389067896678892411e-02 2.391671288558508690e-01
1.000000000000000000e+00 7.192039878993359281e-01 1.115174150258272648e-03 1.923867232446103970e-01
1.000000000000000000e+00 7.208033525212511616e-01 1.613396728310268619e-02 2.010817722971984522e-01
1.000000000000000000e+00 7.051931263111484993e-01 4.503169498196785830e-02 2.544774668911931048e-01
1.000000000000000000e+00 6.912221730776291206e-01 1.030841228395999558e-02 2.590176753640545670e-01
1.000000000000000000e+00 6.820566717448068861e-01 0.000000000000000000e+00 2.356567138509013115e-01
1.000000000000000000e+00 7.016093389849282769e-01 0.000000000000000000e+00 2.162870001500036832e-01
1.000000000000000000e+00 6.927544427179479491e-01 0.000000000000000000e+00 2.237544752010925397e-01
1.000000000000000000e+00 6.955004525202641563e-01 0.000000000000000000e+00 2.202105138245050997e-01
1.000000000000000000e+00 7.008103590782086556e-01 2.356790350306301862e-03 2.284132628214611271e-01
1.000000000000000000e+00 7.108804052079172875e-01 2.648673156298752412e-02 2.072134126442078950e-01
1.000000000000000000e+00 7.086442300979535203e-01 4.833597204054079083e-02 2.385989427942213081e-01
1.000000000000000000e+00 7.236011639172300614e-01 1.159135965597840184e-01 2.551387942379536033e-01
1.000000000000000000e+00 7.238710588556902525e-01 1.123928066937500692e-01 2.557225632813887595e-01
1.000000000000000000e+00 7.019764967581806347e-01 1.439163597435775821e-01 3.300807800703463024e-01
1.000000000000000000e+00 7.075767641935959418e-01 1.648901573662685804e-01 3.512102651287582478e-01
1.000000000000000000e+00 7.068468373318563813e-01 1.651303091440211868e-01 3.727236192051640584e-01
1.000000000000000000e+00 7.120977736910304445e-01 1.613133044480865030e-01 4.092164039009407173e-01
1.000000000000000000e+00 7.147688648739128903e-01 1.609385985454749313e-01 4.104873729035987129e-01
1.000000000000000000e+00 6.546767635245986927e-01 1.325265950247481728e-01 3.869691731852415995e-01
1.000000000000000000e+00 6.331221768465936650e-01 1.079190563606558934e-01 4.083858319538395953e-01
1.000000000000000000e+00 6.304816517839633150e-01 1.044835175158317780e-01 4.093429119867764143e-01
1.000000000000000000e+00 6.282193606402440844e-01 1.016900046713553746e-01 4.095320445871936110e-01
1.000000000000000000e+00 6.293520444240661149e-01 9.439587226128606789e-02 3.940618881733957690e-01
9.664272386621400868e-01 6.358343855008862233e-01 1.627323121704074282e-01 3.044641767210195527e-01
9.629376055006793056e-01 6.335323848982431505e-01 1.713474213146737590e-01 2.965587885677937185e-01
9.556474017652613062e-01 6.518438728067371679e-01 1.852524314281306372e-01 2.689955560535422507e-01
9.808894478044489773e-01 6.438306624642078368e-01 1.780343509600064433e-01 2.980887427389483091e-01
9.753332303338190234e-01 5.973320122659683262e-01 1.756298846037128158e-01 3.046729580926382797e-01
9.780641319432575864e-01 5.990998918423283692e-01 1.752793605714559333e-01 3.092843450964087859e-01
9.702986705971076153e-01 6.033277852007805642e-01 1.833694750834670983e-01 3.019883049793788410e-01
1.000000000000000000e+00 6.531932647263677394e-01 2.236883941928881625e-01 2.867124982862448990e-01
1.000000000000000000e+00 6.468524501512715741e-01 2.256089653304521603e-01 2.865760495184710988e-01
1.000000000000000000e+00 6.263592475371388968e-01 2.041822620883206318e-01 3.098368502760262544e-01
1.000000000000000000e+00 5.982958143096354098e-01 1.906296466636599185e-01 3.252058245384253921e-01
1.000000000000000000e+00 6.042826088736900081e-01 1.941612426410866399e-01 3.305793412678528775e-01
1.000000000000000000e+00 6.114999344206802911e-01 1.916008273196009026e-01 3.518803608618613077e-01
1.000000000000000000e+00 5.938297850951550494e-01 1.844633837026973811e-01 3.439358191512694729e-01
1.000000000000000000e+00 5.948901002102151558e-01 1.844236470194917377e-01 3.458377124029485827e-01
1.000000000000000000e+00 5.983208031326278098e-01 1.753327817472001837e-01 3.619320661545092910e-01
1.000000000000000000e+00 5.981338970328012872e-01 1.747970857725125449e-01 3.623749023248069578e-01
1.000000000000000000e+00 6.087561040565132586e-01 1.839239362369824993e-01 3.588013934261284898e-01
1.000000000000000000e+00 6.167009790942826752e-01 1.528063093369611825e-01 4.093352629390451525e-01
1.000000000000000000e+00 6.166133614687594466e-01 1.529126246436677272e-01 4.089237672169880322e-01
1.000000000000000000e+00 6.035646795702466205e-01 1.421804482104865042e-01 4.114627595137408389e-01
1.000000000000000000e+00 6.027226793142850259e-01 1.456461650288748688e-01 4.002541155482941537e-01
1.000000000000000000e+00 5.945688819881275178e-01 1.354899829499192632e-01 4.027412710567214171e-01
1.000000000000000000e+00 6.178110663098994593e-01 1.625601919428118214e-01 3.796392517908132591e-01
1.000000000000000000e+00 6.324917810109241811e-01 1.557944206460356307e-01 3.858282827137551885e-01
1.000000000000000000e+00 6.319183137493147306e-01 1.576407866026081905e-01 3.790563129938495646e-01
1.000000000000000000e+00 6.339717714881102362e-01 1.602594365402855991e-01 3.674279710542557309e-01
1.000000000000000000e+00 6.291749188071220633e-01 1.598536228763603462e-01 3.575632158399563165e-01
1.000000000000000000e+00 6.285764996689373607e-01 1.591373039753060381e-01 3.592654566074016120e-01
1.000000000000000000e+00 0.000000000000000000e+00 5.518460713341193369e-01 0.000000000000000000e+00
1.000000000000000000e+00 7.173507817127634523e-01 1.153360928158351645e-01 4.215391842043469950e-01
1.000000000000000000e+00 7.168253371091628523e-01 1.152730896157886931e-01 4.205593762012634351e-01
