8.626766212144528767e-01
8.626766212144528767e-01
8.626766212144528767e-01
1.835526534895815853e+00
1.835526534895815853e+00
1.835526534895815853e+00
1.835526534895815853e+00
1.835526534895815853e+00
1.835526534895815853e+00
1.835526534895815853e+00
1.835526534895815853e+00
1.835526534895815853e+00
1.835526534895815853e+00
1.835526534895815853e+00
1.835526534895815853e+00
1.835526534895815853e+00
1.835526534895815853e+00
1.835526534895815853e+00
1.835526534895815853e+00
1.835526534895815853e+00
1.835526534895815853e+00
1.835526534895815853e+00
1.835526534895815853e+00
1.835526534895815853e+00
1.835526534895815853e+00
1.835526534895815853e+00
1.835526534895815853e+00
1.835526534895815853e+00
1.835526534895815853e+00
1.835526534895815853e+00
1.835526534895815853e+00
1.835526534895815853e+00
1.835526534895815853e+00
1.835526534895815853e+00
1.835526534895815853e+00
1.835526534895815853e+00
1.835526534895815853e+00
1.835526534895815853e+00
1.835526534895815853e+00
1.835526534895815853e+00
1.835526534895815853e+00
1.835526534895815853e+00
1.835526534895815853e+00
1.835526534895815853e+00
1.835526534895815853e+00
1.835526534895815853e+00
1.835526534895815853e+00
1.835526534895815853e+00
1.835526534895815853e+00
1.835526534895815853e+00
1.835526534895815853e+00
1.835526534895815853e+00
1.835526534895815853e+00
1.835526534895815853e+00
1.835526534895815853e+00
1.835526534895815853e+00
1.835526534895815853e+00
1.835526534895815853e+00
1.835526534895815853e+00
1.835526534895815853e+00
1.835526534895815853e+00
1.835526534895815853e+00
1.835526534895815853e+00
1.835526534895815853e+00
1.835526534895815853e+00
1.835526534895815853e+00
1.835526534895815853e+00
1.835526534895815853e+00
1.835526534895815853e+00
1.835526534895815853e+00
1.835526534895815853e+00
1.835526534895815853e+00
1.835526534895815853e+00
1.835526534895815853e+00
1.835526534895815853e+00
1.835526534895815853e+00
1.835526534895815853e+00
1.835526534895815853e+00
1.835526534895815853e+00
1.835526534895815853e+00
1.835526534895815853e+00
1.835526534895815853e+00
1.835526534895815853e+00
1.835526534895815853e+00
1.835526534895815853e+00
1.835526534895815853e+00
1.835526534895815853e+00
1.835526534895815853e+00
1.835526534895815853e+00
1.835526534895815853e+00
1.835526534895815853e+00
1.835526534895815853e+00
1.835526534895815853e+00
1.835526534895815853e+00
1.835526534895815853e+00
1.835526534895815853e+00
1.835526534895815853e+00
1.835526534895815853e+00
1.835526534895815853e+00
1.835526534895815853e+00
