1.449433991128430632e+00
1.400771837891386040e+00
1.327812983768311028e+00
1.580967618666711871e+00
1.476015544463253670e+00
1.308253343303687144e+00
1.505031768439040629e+00
1.503764396977484763e+00
1.979984270342071806e+00
1.760288310497716058e+00
1.688671175203748653e+00
1.920108831184982545e+00
2.032261224340023098e+00
1.635978007046119398e+00
1.917622870207894792e+00
1.814942822567303660e+00
1.970916513210724696e+00
1.827638230153779908e+00
1.869457687909948040e+00
1.863475168208519328e+00
1.946199557167502370e+00
1.922320126681027919e+00
1.751680651817636214e+00
1.943359619556292772e+00
1.952528760662195495e+00
1.952838095634215287e+00
1.894488150435225560e+00
1.993414517160985611e+00
1.992110396770057745e+00
2.064717823535948682e+00
2.057031166279494006e+00
2.075764540627493826e+00
2.087981344023047026e+00
2.108138589044484590e+00
2.106916370480104383e+00
2.092734580765622354e+00
2.091312206218785885e+00
2.112632051068884298e+00
2.117343120725667216e+00
2.119622857928296966e+00
2.119267920473361322e+00
2.109775174844488177e+00
2.109417981508283635e+00
2.108856981883961090e+00
2.108253549359651924e+00
2.106001836033736030e+00
2.084458098716966301e+00
2.072312012547603555e+00
2.068994669317595125e+00
2.098031077748827133e+00
2.100156599851213279e+00
2.095109300014492693e+00
2.091545333027588605e+00
2.082376575256149387e+00
2.092556154369519472e+00
2.045420834301483914e+00
2.041471204868058109e+00
2.075863669591067051e+00
2.050738818406014019e+00
2.033134164460976834e+00
2.027762517115843544e+00
2.057031078082298237e+00
2.069367135609079256e+00
2.072413393190751130e+00
2.071171397583149165e+00
2.081045324655350193e+00
2.080655393948254606e+00
2.081545060325634022e+00
2.060248316392300438e+00
2.059868764419373832e+00
2.060459600260307056e+00
2.059167775652727794e+00
2.044254100841097710e+00
2.044017170072843559e+00
2.055439305363559122e+00
2.062440015681203498e+00
2.071615514445132256e+00
2.086804589418604472e+00
2.088300721344430677e+00
2.105415160499554350e+00
2.109107716439959646e+00
2.104022007567210473e+00
2.115236861925307466e+00
2.129091812621279889e+00
2.128000546261752834e+00
2.127488880676758676e+00
2.125980794297499532e+00
2.125828564753668104e+00
2.125980173437766574e+00
2.133020315816994472e+00
2.132334349724166245e+00
2.133118230355290468e+00
2.138145136926921985e+00
2.137470417124690325e+00
2.138224131604735234e+00
2.138498311335445212e+00
2.137190264778541238e+00
2.142365328226907284e+00
2.142693607062681416e+00
2.141145413298191080e+00
