0.000000000000000000e+00 6.494637510762250043e-01 4.389900059818467870e-01 6.900910034005921512e-01 6.139695304602699188e-01 6.022996801665064792e-01
0.000000000000000000e+00 8.059521288649860171e-01 9.214591191174020812e-01 6.598893949848452234e-01 6.410081614595537491e-01 3.838659855781098584e-01
0.000000000000000000e+00 8.914497475883044197e-01 9.152310056594706866e-01 6.515188724989429137e-01 6.485887543978043901e-01 3.097300444178057721e-01
0.000000000000000000e+00 1.000000000000000000e+00 6.263622594819643341e-01 6.695659197200443113e-01 8.855664061155088529e-01 6.270257328052036838e-01
0.000000000000000000e+00 9.986704889003619190e-01 7.730374032232680825e-01 8.785536220391313433e-01 8.196169914571107551e-01 1.501210574849989599e-01
0.000000000000000000e+00 9.644490825135211276e-01 5.041504750738043938e-01 8.920182848184669000e-01 8.528360167642675682e-01 0.000000000000000000e+00
0.000000000000000000e+00 8.592864482463042908e-01 6.375894531610929450e-01 8.474660863230581986e-01 9.955384127085997736e-01 0.000000000000000000e+00
0.000000000000000000e+00 8.419500355714696349e-01 6.151853563590312657e-01 8.782057359846717759e-01 1.000000000000000000e+00 0.000000000000000000e+00
0.000000000000000000e+00 7.032569013111401590e-01 1.000000000000000000e+00 9.889081345595340800e-01 1.000000000000000000e+00 1.000000000000000000e+00
0.000000000000000000e+00 7.202630743560137772e-01 7.538423643363997284e-01 8.814482790399178480e-01 1.000000000000000000e+00 2.492788670685814056e-01
0.000000000000000000e+00 7.279731708550214453e-01 7.663323486776790761e-01 8.788923115352020865e-01 1.000000000000000000e+00 1.784910033936859819e-01
0.000000000000000000e+00 7.535711828176692162e-01 7.851030502002744882e-01 9.263764674875936134e-01 1.000000000000000000e+00 4.365222094112607421e-01
0.000000000000000000e+00 7.500123696487758229e-01 7.494808109613503300e-01 9.430974380947098057e-01 1.000000000000000000e+00 5.736417781779732383e-01
0.000000000000000000e+00 7.142366180611107174e-01 7.611720142427794711e-01 9.611205473709758529e-01 1.000000000000000000e+00 1.566148635453896154e-01
0.000000000000000000e+00 7.568277329024344358e-01 5.919407761885328023e-01 9.904319896400515244e-01 1.000000000000000000e+00 4.288900378233914679e-01
0.000000000000000000e+00 7.167119260647727419e-01 7.401971174503229056e-01 9.862882120367885141e-01 9.973247191961722713e-01 3.217293351711777438e-01
0.000000000000000000e+00 7.098803718947969132e-01 7.622397291968815436e-01 9.123154116665677105e-01 1.000000000000000000e+00 4.930792867314286454e-01
0.000000000000000000e+00 7.138400391232202491e-01 7.732689917989468142e-01 8.836530262942149383e-01 1.000000000000000000e+00 3.285518562222654038e-01
0.000000000000000000e+00 7.436569656445207732e-01 8.484117416047972648e-01 8.682630023116709728e-01 1.000000000000000000e+00 4.225893137033742697e-01
0.000000000000000000e+00 7.560425080154749011e-01 8.349941124636174328e-01 8.731470278084018100e-01 1.000000000000000000e+00 4.055174574780580077e-01
0.000000000000000000e+00 7.163573312498854317e-01 8.209392773571594359e-01 8.721985175312783056e-01 1.000000000000000000e+00 5.068513615518961402e-01
0.000000000000000000e+00 7.145434409052456859e-01 8.123349704312607944e-01 8.703948256524788318e-01 1.000000000000000000e+00 4.671918758516197534e-01
0.000000000000000000e+00 6.921271987286208294e-01 9.084236819118194362e-01 7.838171660254943385e-01 9.985146077182237567e-01 3.597404135229113065e-01
0.000000000000000000e+00 7.198364116993977158e-01 7.052931547675806989e-01 7.836875723260398052e-01 1.000000000000000000e+00 5.471759242375561216e-01
0.000000000000000000e+00 7.325424339045477629e-01 6.902924390269441490e-01 7.702438726606984920e-01 1.000000000000000000e+00 6.054600058339875135e-01
0.000000000000000000e+00 7.218810982596373105e-01 7.113393654167382563e-01 7.690034242437221446e-01 1.000000000000000000e+00 6.035613751959921780e-01
0.000000000000000000e+00 7.131288430797622091e-01 7.383934825401844426e-01 7.446843569121355255e-01 1.000000000000000000e+00 5.248781530925857863e-01
0.000000000000000000e+00 7.701841285567158080e-01 5.607332842151732111e-01 8.094662588752811194e-01 1.000000000000000000e+00 7.711269403670267808e-01
0.000000000000000000e+00 7.699130040997799185e-01 5.563945583449799726e-01 8.090651675926545661e-01 1.000000000000000000e+00 7.757801954602608907e-01
3.280268928400639078e-02 8.440385997703957477e-01 6.433011875869196761e-01 9.517286506505082677e-01 1.000000000000000000e+00 7.371813264535563848e-01
0.000000000000000000e+00 8.169685219103992591e-01 6.173558612682596980e-01 9.093738696600301985e-01 1.000000000000000000e+00 7.262397336886375898e-01
0.000000000000000000e+00 7.955055805201594055e-01 6.120108453130396198e-01 9.193402599672696462e-01 1.000000000000000000e+00 7.379622401713777924e-01
0.000000000000000000e+00 7.738240846011624763e-01 5.758309058773791733e-01 9.442018440937882673e-01 1.000000000000000000e+00 7.443116044195188241e-01
0.000000000000000000e+00 7.450889011018211328e-01 5.800223921551089790e-01 1.000000000000000000e+00 1.000000000000000000e+00 7.355149953518194117e-01
0.000000000000000000e+00 7.504528613375126556e-01 5.677355465511801924e-01 1.000000000000000000e+00 1.000000000000000000e+00 7.474198893147986356e-01
0.000000000000000000e+00 7.521475121377304562e-01 4.856141756952222499e-01 1.000000000000000000e+00 1.000000000000000000e+00 8.555606266509263591e-01
0.000000000000000000e+00 7.434114005315486384e-01 4.769936025601311802e-01 1.000000000000000000e+00 1.000000000000000000e+00 9.063454053107683484e-01
0.000000000000000000e+00 7.335786647638672386e-01 5.684886735440637384e-01 1.000000000000000000e+00 1.000000000000000000e+00 7.580721015750140346e-01
0.000000000000000000e+00 7.332866402422009156e-01 5.625549042647890463e-01 1.000000000000000000e+00 1.000000000000000000e+00 7.846642194457638109e-01
0.000000000000000000e+00 7.366519609744920372e-01 5.785211524270668093e-01 1.000000000000000000e+00 1.000000000000000000e+00 7.726048055680220239e-01
0.000000000000000000e+00 7.434005765933460186e-01 5.628868937471394052e-01 1.000000000000000000e+00 9.964354409659474943e-01 7.987245000971808784e-01
0.000000000000000000e+00 7.531793886550092187e-01 5.519396182788637306e-01 1.000000000000000000e+00 9.771455100062511612e-01 7.827581586584516637e-01
0.000000000000000000e+00 7.460238947628913264e-01 5.446003974683443216e-01 1.000000000000000000e+00 1.000000000000000000e+00 7.869346127021101811e-01
0.000000000000000000e+00 7.481329169377005650e-01 5.546299232752830433e-01 1.000000000000000000e+00 9.620813156694841828e-01 7.743509662524770132e-01
0.000000000000000000e+00 7.528414310829717460e-01 5.466102770225799157e-01 1.000000000000000000e+00 9.697501148643339342e-01 7.867790259928415519e-01
0.000000000000000000e+00 7.464697487458389347e-01 5.298096239484321179e-01 1.000000000000000000e+00 9.891430942970893536e-01 8.000303521435045973e-01
0.000000000000000000e+00 7.700265997790163297e-01 4.838870552761923016e-01 1.000000000000000000e+00 1.000000000000000000e+00 8.230959367610040101e-01
0.000000000000000000e+00 7.225580122281115569e-01 4.414450488294751618e-01 1.000000000000000000e+00 1.000000000000000000e+00 8.731567169378560145e-01
0.000000000000000000e+00 7.088124234423048842e-01 4.372928354197436751e-01 1.000000000000000000e+00 1.000000000000000000e+00 8.743071149527420483e-01
0.000000000000000000e+00 7.366245636808340658e-01 5.118198629246787368e-01 1.000000000000000000e+00 1.000000000000000000e+00 7.951150463017435666e-01
0.000000000000000000e+00 7.432081525271557743e-01 5.500678606106855772e-01 1.000000000000000000e+00 1.000000000000000000e+00 7.432551060011227673e-01
0.000000000000000000e+00 7.222008608585077649e-01 5.172807490566017075e-01 1.000000000000000000e+00 9.320300169796968959e-01 9.912975188136521343e-01
0.000000000000000000e+00 7.244253682574153252e-01 5.167769600698971511e-01 1.000000000000000000e+00 9.254732964428382669e-01 1.000000000000000000e+00
0.000000000000000000e+00 7.133111080973568718e-01 4.863248557832461350e-01 1.000000000000000000e+00 9.501979864736387338e-01 1.000000000000000000e+00
0.000000000000000000e+00 7.101071628962501991e-01 4.928275828407850945e-01 1.000000000000000000e+00 9.798102074332183387e-01 9.731481315682115607e-01
0.000000000000000000e+00 6.538230943096674519e-01 4.380468094189076678e-01 1.000000000000000000e+00 1.000000000000000000e+00 1.000000000000000000e+00
0.000000000000000000e+00 6.516125735858987467e-01 4.327240656461813217e-01 1.000000000000000000e+00 1.000000000000000000e+00 1.000000000000000000e+00
0.000000000000000000e+00 6.734158537791798960e-01 4.830864065350154446e-01 1.000000000000000000e+00 1.000000000000000000e+00 1.000000000000000000e+00
0.000000000000000000e+00 6.760772885133045085e-01 4.339642384009745890e-01 1.000000000000000000e+00 1.000000000000000000e+00 1.000000000000000000e+00
0.000000000000000000e+00 6.761690325861374751e-01 4.031554380226084477e-01 1.000000000000000000e+00 1.000000000000000000e+00 1.000000000000000000e+00
0.000000000000000000e+00 6.755440521812905441e-01 3.944307499817876761e-01 1.000000000000000000e+00 1.000000000000000000e+00 1.000000000000000000e+00
0.000000000000000000e+00 6.903211225352986480e-01 4.388014767157044638e-01 1.000000000000000000e+00 1.000000000000000000e+00 1.000000000000000000e+00
0.000000000000000000e+00 6.965522303078659494e-01 4.601624047359686442e-01 1.000000000000000000e+00 1.000000000000000000e+00 1.000000000000000000e+00
0.000000000000000000e+00 6.860998099171525810e-01 4.701730560386051527e-01 1.000000000000000000e+00 1.000000000000000000e+00 1.000000000000000000e+00
0.000000000000000000e+00 6.836726358745317533e-01 4.687493752756984322e-01 1.000000000000000000e+00 1.000000000000000000e+00 1.000000000000000000e+00
0.000000000000000000e+00 6.865813130867662872e-01 4.800519394205190471e-01 1.000000000000000000e+00 1.000000000000000000e+00 9.836153900212505352e-01
0.000000000000000000e+00 6.884174042102181312e-01 4.750172179422393892e-01 1.000000000000000000e+00 1.000000000000000000e+00 9.744170005699225312e-01
0.000000000000000000e+00 6.892522590655612014e-01 4.763886108661300467e-01 1.000000000000000000e+00 1.000000000000000000e+00 9.741839737183097814e-01
0.000000000000000000e+00 6.731931721711444938e-01 4.529110187974723090e-01 1.000000000000000000e+00 1.000000000000000000e+00 1.000000000000000000e+00
0.000000000000000000e+00 6.727531882389978790e-01 4.524404304190665083e-01 1.000000000000000000e+00 1.000000000000000000e+00 1.000000000000000000e+00
0.000000000000000000e+00 6.731711124732114859e-01 4.533173975137900213e-01 1.000000000000000000e+00 1.000000000000000000e+00 1.000000000000000000e+00
0.000000000000000000e+00 6.715404425237425645e-01 4.517987828226209812e-01 1.000000000000000000e+00 1.000000000000000000e+00 1.000000000000000000e+00
0.000000000000000000e+00 6.756927115897818359e-01 4.226365683658884209e-01 1.000000000000000000e+00 1.000000000000000000e+00 1.000000000000000000e+00
0.000000000000000000e+00 6.758940000935167447e-01 4.221123285047269080e-01 1.000000000000000000e+00 1.000000000000000000e+00 1.000000000000000000e+00
0.000000000000000000e+00 6.642438689058074441e-01 4.491712239069306500e-01 1.000000000000000000e+00 1.000000000000000000e+00 1.000000000000000000e+00
0.000000000000000000e+00 6.849811998453402273e-01 4.512538572289264138e-01 1.000000000000000000e+00 1.000000000000000000e+00 1.000000000000000000e+00
0.000000000000000000e+00 6.888785908738986885e-01 4.674472552394827174e-01 1.000000000000000000e+00 1.000000000000000000e+00 1.000000000000000000e+00
0.000000000000000000e+00 6.772654108906941417e-01 4.817913684313296918e-01 1.000000000000000000e+00 1.000000000000000000e+00 9.390362818489091934e-01
0.000000000000000000e+00 6.774033016442458921e-01 4.840986790243139160e-01 1.000000000000000000e+00 1.000000000000000000e+00 9.363944088548541433e-01
0.000000000000000000e+00 6.672664198672427771e-01 5.217772891769307808e-01 1.000000000000000000e+00 1.000000000000000000e+00 9.243289754671205616e-01
0.000000000000000000e+00 6.660811045230438099e-01 5.307786021866418569e-01 1.000000000000000000e+00 1.000000000000000000e+00 9.252589146888370308e-01
0.000000000000000000e+00 6.655225724359544737e-01 5.234344861313321440e-01 1.000000000000000000e+00 1.000000000000000000e+00 9.407518890313260052e-01
0.000000000000000000e+00 6.667586102779671231e-01 5.405109276968119714e-01 1.000000000000000000e+00 1.000000000000000000e+00 8.887237628111379628e-01
0.000000000000000000e+00 6.825684743049624803e-01 5.763612446082365670e-01 1.000000000000000000e+00 1.000000000000000000e+00 8.323937853070618731e-01
0.000000000000000000e+00 6.804297574482041089e-01 5.794247284174975920e-01 1.000000000000000000e+00 1.000000000000000000e+00 8.193765709153343346e-01
0.000000000000000000e+00 6.794200571289251700e-01 5.813578855547831825e-01 1.000000000000000000e+00 1.000000000000000000e+00 8.132004021522106774e-01
0.000000000000000000e+00 6.800126560985910729e-01 5.859846844359206663e-01 1.000000000000000000e+00 1.000000000000000000e+00 7.964806280259977278e-01
0.000000000000000000e+00 6.818401312561428451e-01 5.876555415437195729e-01 1.000000000000000000e+00 1.000000000000000000e+00 7.917940140401074078e-01
0.000000000000000000e+00 6.817671248378985860e-01 5.869629019480192555e-01 1.000000000000000000e+00 1.000000000000000000e+00 7.935807019770874104e-01
0.000000000000000000e+00 7.069438151034546092e-01 5.823462306523667920e-01 1.000000000000000000e+00 1.000000000000000000e+00 8.300421895426488561e-01
0.000000000000000000e+00 7.076730617739216411e-01 5.804120676669877188e-01 1.000000000000000000e+00 1.000000000000000000e+00 8.294325113469734889e-01
0.000000000000000000e+00 7.093685490220871248e-01 5.868429591366554066e-01 1.000000000000000000e+00 1.000000000000000000e+00 8.198979945598120489e-01
0.000000000000000000e+00 6.997068800466598182e-01 6.074203428773298219e-01 1.000000000000000000e+00 1.000000000000000000e+00 8.164626617751473692e-01
0.000000000000000000e+00 7.007237676984345853e-01 6.094835717244000417e-01 1.000000000000000000e+00 1.000000000000000000e+00 8.088009721219094894e-01
0.000000000000000000e+00 7.072382145216624671e-01 6.036063374534028636e-01 1.000000000000000000e+00 1.000000000000000000e+00 8.218771405209708281e-01
0.000000000000000000e+00 7.051388552838531165e-01 6.028333024530866391e-01 1.000000000000000000e+00 1.000000000000000000e+00 8.257459955843747812e-01
0.000000000000000000e+00 7.061834508141962008e-01 5.914587042019855412e-01 1.000000000000000000e+00 1.000000000000000000e+00 8.425466894995973233e-01
0.000000000000000000e+00 7.261494651809566880e-01 6.236424544771695944e-01 1.000000000000000000e+00 1.000000000000000000e+00 8.223581749844507405e-01
0.000000000000000000e+00 7.273520606582423165e-01 6.235900620731666955e-01 1.000000000000000000e+00 1.000000000000000000e+00 8.258139866374176741e-01
0.000000000000000000e+00 7.262771885430739927e-01 6.181251294793008721e-01 1.000000000000000000e+00 1.000000000000000000e+00 8.221299053251276412e-01
