4.509801268577575684e-01 4.651491045951843262e-01 4.867254495620727539e-01 4.929828047752380371e-01
7.955110073089599609e-01 4.356793761253356934e-01 8.203175663948059082e-01 4.495627880096435547e-01
6.892591118812561035e-01 7.921754121780395508e-01 7.653526663780212402e-01 8.918383121490478516e-01
9.117678403854370117e-01 4.668266773223876953e-01 7.261335849761962891e-02 4.974982738494873047e-01
6.303979754447937012e-01 8.510566353797912598e-01 2.907133102416992188e-02 4.442319869995117188e-01
4.400197267532348633e-01 8.715444803237915039e-02 7.998480796813964844e-01 6.899678707122802734e-01
9.061924219131469727e-01 5.202679038047790527e-01 7.875745892524719238e-01 6.758976578712463379e-01
7.375019788742065430e-01 5.065950155258178711e-01 5.001134872436523438e-01 8.323969841003417969e-01
8.182240128517150879e-01 8.970159292221069336e-02 5.655624270439147949e-01 3.588973283767700195e-01
2.595180273056030273e-02 2.524546384811401367e-01 7.322854399681091309e-01 7.762453556060791016e-01
0.000000000000000000e+00 1.000000000000000000e+00 1.000000000000000000e+00 0.000000000000000000e+00
0.000000000000000000e+00 1.000000000000000000e+00 0.000000000000000000e+00 0.000000000000000000e+00
0.000000000000000000e+00 0.000000000000000000e+00 1.000000000000000000e+00 0.000000000000000000e+00
1.000000000000000000e+00 1.000000000000000000e+00 1.000000000000000000e+00 5.737703884212643768e-01
0.000000000000000000e+00 0.000000000000000000e+00 1.000000000000000000e+00 1.000000000000000000e+00
0.000000000000000000e+00 0.000000000000000000e+00 0.000000000000000000e+00 1.000000000000000000e+00
0.000000000000000000e+00 0.000000000000000000e+00 1.000000000000000000e+00 9.889659703974613691e-01
0.000000000000000000e+00 1.000000000000000000e+00 1.000000000000000000e+00 1.000000000000000000e+00
0.000000000000000000e+00 2.665152687560882680e-02 1.000000000000000000e+00 1.000000000000000000e+00
0.000000000000000000e+00 0.000000000000000000e+00 0.000000000000000000e+00 0.000000000000000000e+00
0.000000000000000000e+00 1.000000000000000000e+00 5.551675549273723531e-01 6.960316645170002703e-01
0.000000000000000000e+00 6.719450381049332233e-01 1.000000000000000000e+00 1.000000000000000000e+00
1.000000000000000000e+00 1.000000000000000000e+00 0.000000000000000000e+00 0.000000000000000000e+00
8.126106516979950678e-01 1.000000000000000000e+00 1.000000000000000000e+00 1.000000000000000000e+00
1.000000000000000000e+00 1.000000000000000000e+00 4.403043336040760036e-01 0.000000000000000000e+00
1.000000000000000000e+00 1.000000000000000000e+00 3.664229810017446964e-01 3.995138886834186387e-01
5.849205604170634176e-01 1.000000000000000000e+00 3.636225996483956613e-01 0.000000000000000000e+00
0.000000000000000000e+00 1.000000000000000000e+00 0.000000000000000000e+00 1.000000000000000000e+00
4.385767811143315847e-02 0.000000000000000000e+00 1.000000000000000000e+00 1.000000000000000000e+00
3.243312305120026884e-01 1.000000000000000000e+00 1.000000000000000000e+00 7.793194904318062610e-01
2.468556263419771080e-01 0.000000000000000000e+00 1.000000000000000000e+00 1.000000000000000000e+00
1.000000000000000000e+00 0.000000000000000000e+00 1.000000000000000000e+00 0.000000000000000000e+00
6.751243035356069289e-01 0.000000000000000000e+00 1.000000000000000000e+00 1.000000000000000000e+00
1.000000000000000000e+00 0.000000000000000000e+00 0.000000000000000000e+00 0.000000000000000000e+00
1.000000000000000000e+00 1.000000000000000000e+00 1.000000000000000000e+00 0.000000000000000000e+00
0.000000000000000000e+00 0.000000000000000000e+00 0.000000000000000000e+00 4.530622875558841800e-01
0.000000000000000000e+00 0.000000000000000000e+00 4.512108390445322970e-01 0.000000000000000000e+00
1.000000000000000000e+00 1.000000000000000000e+00 7.319233603613598538e-01 0.000000000000000000e+00
2.361453343446232034e-01 1.000000000000000000e+00 8.164904305782220151e-01 1.000000000000000000e+00
3.927046631352094641e-01 0.000000000000000000e+00 1.000000000000000000e+00 1.000000000000000000e+00
4.233199531996003073e-01 0.000000000000000000e+00 1.000000000000000000e+00 1.000000000000000000e+00
0.000000000000000000e+00 0.000000000000000000e+00 1.000000000000000000e+00 4.301564481454675515e-01
4.331892942485352505e-01 9.121215977506484662e-02 1.000000000000000000e+00 1.000000000000000000e+00
5.188795368076912773e-01 6.618594329698260781e-01 0.000000000000000000e+00 0.000000000000000000e+00
1.000000000000000000e+00 1.000000000000000000e+00 0.000000000000000000e+00 1.000000000000000000e+00
0.000000000000000000e+00 5.118649711876727126e-01 5.245109414214744747e-01 0.000000000000000000e+00
5.721534101581078335e-01 1.147017398022525947e-01 7.630391437069037330e-01 1.574148557801358095e-03
4.206426002624105709e-01 0.000000000000000000e+00 1.000000000000000000e+00 1.000000000000000000e+00
8.764524944126605988e-03 9.808427179232239723e-01 5.749949906021356583e-02 3.618311770260334015e-01
9.813679382205009460e-01 4.368774686008691788e-02 1.483624987304210663e-02 9.368258267641067505e-01
4.133668689922221362e-01 0.000000000000000000e+00 1.000000000000000000e+00 1.000000000000000000e+00
5.263147586956620216e-01 9.546121694147586823e-01 9.191431915387511253e-01 1.143381455913186073e-01
4.440757511183619499e-01 9.883569395169615746e-01 2.353383498266339302e-01 8.002001019194722176e-01
3.771753050386905670e-01 8.100024862214922905e-01 9.985684603452682495e-01 9.412613930180668831e-01
9.771065497770905495e-01 6.586308684200048447e-01 9.844172708690166473e-01 1.820092089474201202e-02
3.233723547309637070e-01 6.541381031274795532e-02 8.127908464521169662e-01 9.956789379939436913e-01
9.422220289707183838e-03 6.401018481701612473e-01 8.855277597904205322e-01 4.502153536304831505e-01
3.201439380645751953e-01 9.933561235666275024e-01 5.800183760002255440e-01 4.073580931872129440e-01
4.458977840840816498e-03 5.050445031374692917e-01 3.332298062741756439e-02 3.684911867603659630e-01
5.163854779675602913e-01 1.695982646197080612e-02 3.988095466047525406e-02 9.304841477423906326e-01
9.368202760815620422e-01 7.566903056576848030e-01 4.524531140923500061e-01 6.647560745477676392e-03
4.221091764047741890e-01 1.453671883791685104e-02 3.807776048779487610e-02 1.568989111110568047e-01
9.699424002319574356e-01 5.639185793697834015e-01 9.868019884452223778e-01 9.987195795401930809e-01
3.706351965665817261e-01 7.344285026192665100e-01 3.276385786011815071e-01 7.810275750234723091e-01
2.924773003906011581e-02 7.130440436303615570e-01 3.945404645055532455e-01 9.895646395161747932e-01
4.050070960074663162e-01 9.925397895276546478e-01 1.068075029179453850e-01 4.161315876990556717e-02
9.934584293514490128e-01 4.183948319405317307e-02 9.685768689960241318e-01 4.804026558995246887e-01
1.335163572803139687e-01 5.054806359112262726e-03 5.488112969323992729e-01 9.940371038392186165e-01
4.080157447606325150e-01 9.939733324572443962e-01 9.878888884559273720e-01 9.742633337154984474e-01
7.342459037899971008e-01 7.457612352445721626e-01 4.761668452993035316e-01 9.046693611890077591e-02
8.142719352617859840e-01 1.099091330543160439e-01 1.675345217809081078e-01 4.130693906918168068e-01
5.959363449364900589e-01 3.325503012165427208e-01 5.006939359009265900e-01 5.495483018457889557e-01
9.082181379199028015e-01 6.931267268955707550e-01 6.105900639668107033e-01 5.884056901559233665e-01
6.006960766389966011e-01 8.212351640686392784e-01 2.861408172175288200e-01 2.103048693388700485e-01
9.562950823456048965e-01 5.717662945389747620e-01 6.982567561790347099e-01 1.384439356625080109e-01
1.531121451407670975e-01 1.474512992426753044e-01 4.615848297253251076e-01 6.761260703206062317e-02
7.900697886943817139e-01 2.651197593659162521e-01 7.588603049516677856e-01 7.092896960675716400e-01
4.293762603774666786e-01 1.229041693732142448e-01 3.536225045099854469e-01 8.901150031015276909e-01
9.962105574086308479e-01 6.570247933268547058e-04 8.585516540333628654e-01 9.966814834624528885e-01
8.933696905151009560e-01 4.092439198866486549e-01 6.892594695091247559e-02 8.720141174271702766e-01
9.965925887227058411e-01 9.954197304323315620e-01 8.724480327218770981e-01 9.865202261134982109e-01
8.159875171259045601e-01 9.895687345415353775e-01 4.491136595606803894e-02 1.247102953493595123e-02
7.987223202362656593e-01 4.429096551612019539e-01 6.993582295253872871e-01 5.925573129206895828e-02
2.359250644221901894e-01 1.979397060349583626e-01 4.257483789697289467e-01 2.177120000123977661e-01
6.887734215706586838e-01 8.894329285249114037e-01 3.718345323577523232e-01 6.972810802981257439e-01
1.595691209658980370e-01 4.035872444510459900e-01 3.689423790201544762e-01 7.795555442571640015e-01
8.565513407811522484e-01 7.287206854671239853e-01 9.118540789932012558e-01 9.246293380856513977e-01
6.557433931156992912e-01 3.305325657129287720e-01 2.277875049039721489e-01 7.096666358411312103e-01
1.703665414825081825e-01 3.739118194207549095e-01 9.821418048813939095e-01 2.180711366236209869e-03
4.475655779242515564e-01 6.866573020815849304e-01 1.084774704650044441e-01 3.081491524353623390e-01
2.923485357314348221e-01 5.578446798026561737e-01 7.525442354381084442e-02 4.709294186905026436e-01
2.972944928333163261e-01 1.720644207671284676e-01 7.640526071190834045e-01 4.889980638399720192e-01
6.392809152603149414e-01 8.671832047402858734e-01 1.427294127643108368e-01 1.133846137672662735e-01
1.696575311943888664e-01 9.909732080996036530e-01 8.736315434798598289e-01 5.719729233533143997e-01
1.295237001031637192e-01 8.953002095222473145e-02 9.477655133232474327e-01 3.986400691792368889e-01
9.298037067055702209e-01 2.158398078754544258e-01 7.667288510128855705e-01 4.077615877613425255e-01
5.443340837955474854e-01 5.916637908667325974e-01 2.598827872425317764e-01 1.291774138808250427e-01
3.415743364021182060e-01 8.297126097604632378e-01 2.222370030358433723e-01 3.721650997176766396e-01
7.466777414083480835e-02 2.910464601591229439e-01 5.318084983155131340e-01 3.577986806631088257e-01
8.473804751411080360e-01 4.138697925955057144e-01 6.553047941997647285e-01 9.811606612056493759e-01
5.469172718003392220e-01 9.386483570560812950e-01 4.740300355479121208e-01 8.950183074921369553e-02
6.106362817808985710e-01 4.406367801129817963e-02 9.296393375843763351e-01 5.847884574905037880e-01
3.344172965735197067e-01 3.184962766245007515e-01 4.231519494205713272e-01 1.796138007193803787e-01
7.734279679134488106e-01 6.121432641521096230e-01 4.380335779860615730e-01 6.963510643690824509e-01
5.475104413926601410e-02 5.052889036014676094e-01 1.324381530284881592e-01 9.272680925205349922e-01
2.623323490843176842e-01 7.435364574193954468e-01 9.225901672616600990e-01 1.623094212263822556e-01
4.452077150344848633e-01 1.253904625773429871e-01 6.680806698277592659e-01 7.730092443525791168e-01
6.831140862777829170e-01 3.163090161979198456e-01 7.580231605097651482e-01 2.199736619368195534e-01
8.304086001589894295e-01 4.072151314467191696e-01 2.206647619605064392e-01 1.028568092733621597e-01
1.784244440495967865e-01 2.883380642160773277e-01 6.765011502429842949e-01 6.352082183584570885e-01
