2.595180273056030273e-02 2.524546384811401367e-01 7.322854399681091309e-01 7.762453556060791016e-01
2.595180273056030273e-02 2.524546384811401367e-01 7.322854399681091309e-01 7.762453556060791016e-01
2.595180273056030273e-02 2.524546384811401367e-01 7.322854399681091309e-01 7.762453556060791016e-01
2.595180273056030273e-02 2.524546384811401367e-01 7.322854399681091309e-01 7.762453556060791016e-01
1.000000000000000000e+00 1.000000000000000000e+00 1.000000000000000000e+00 5.737703884212643768e-01
0.000000000000000000e+00 0.000000000000000000e+00 1.000000000000000000e+00 1.000000000000000000e+00
0.000000000000000000e+00 0.000000000000000000e+00 1.000000000000000000e+00 1.000000000000000000e+00
0.000000000000000000e+00 0.000000000000000000e+00 1.000000000000000000e+00 1.000000000000000000e+00
0.000000000000000000e+00 0.000000000000000000e+00 1.000000000000000000e+00 1.000000000000000000e+00
0.000000000000000000e+00 0.000000000000000000e+00 1.000000000000000000e+00 1.000000000000000000e+00
0.000000000000000000e+00 0.000000000000000000e+00 1.000000000000000000e+00 1.000000000000000000e+00
0.000000000000000000e+00 0.000000000000000000e+00 1.000000000000000000e+00 1.000000000000000000e+00
0.000000000000000000e+00 0.000000000000000000e+00 1.000000000000000000e+00 1.000000000000000000e+00
0.000000000000000000e+00 0.000000000000000000e+00 1.000000000000000000e+00 1.000000000000000000e+00
0.000000000000000000e+00 0.000000000000000000e+00 1.000000000000000000e+00 1.000000000000000000e+00
0.000000000000000000e+00 0.000000000000000000e+00 1.000000000000000000e+00 1.000000000000000000e+00
0.000000000000000000e+00 0.000000000000000000e+00 1.000000000000000000e+00 1.000000000000000000e+00
0.000000000000000000e+00 0.000000000000000000e+00 1.000000000000000000e+00 1.000000000000000000e+00
0.000000000000000000e+00 0.000000000000000000e+00 1.000000000000000000e+00 1.000000000000000000e+00
4.385767811143315847e-02 0.000000000000000000e+00 1.000000000000000000e+00 1.000000000000000000e+00
4.385767811143315847e-02 0.000000000000000000e+00 1.000000000000000000e+00 1.000000000000000000e+00
2.468556263419771080e-01 0.000000000000000000e+00 1.000000000000000000e+00 1.000000000000000000e+00
2.468556263419771080e-01 0.000000000000000000e+00 1.000000000000000000e+00 1.000000000000000000e+00
2.468556263419771080e-01 0.000000000000000000e+00 1.000000000000000000e+00 1.000000000000000000e+00
2.468556263419771080e-01 0.000000000000000000e+00 1.000000000000000000e+00 1.000000000000000000e+00
2.468556263419771080e-01 0.000000000000000000e+00 1.000000000000000000e+00 1.000000000000000000e+00
2.468556263419771080e-01 0.000000000000000000e+00 1.000000000000000000e+00 1.000000000000000000e+00
2.468556263419771080e-01 0.000000000000000000e+00 1.000000000000000000e+00 1.000000000000000000e+00
2.468556263419771080e-01 0.000000000000000000e+00 1.000000000000000000e+00 1.000000000000000000e+00
2.468556263419771080e-01 0.000000000000000000e+00 1.000000000000000000e+00 1.000000000000000000e+00
3.927046631352094641e-01 0.000000000000000000e+00 1.000000000000000000e+00 1.000000000000000000e+00
4.233199531996003073e-01 0.000000000000000000e+00 1.000000000000000000e+00 1.000000000000000000e+00
4.233199531996003073e-01 0.000000000000000000e+00 1.000000000000000000e+00 1.000000000000000000e+00
4.233199531996003073e-01 0.000000000000000000e+00 1.000000000000000000e+00 1.000000000000000000e+00
4.233199531996003073e-01 0.000000000000000000e+00 1.000000000000000000e+00 1.000000000000000000e+00
4.233199531996003073e-01 0.000000000000000000e+00 1.000000000000000000e+00 1.000000000000000000e+00
4.233199531996003073e-01 0.000000000000000000e+00 1.000000000000000000e+00 1.000000000000000000e+00
4.233199531996003073e-01 0.000000000000000000e+00 1.000000000000000000e+00 1.000000000000000000e+00
4.206426002624105709e-01 0.000000000000000000e+00 1.000000000000000000e+00 1.000000000000000000e+00
4.206426002624105709e-01 0.000000000000000000e+00 1.000000000000000000e+00 1.000000000000000000e+00
4.206426002624105709e-01 0.000000000000000000e+00 1.000000000000000000e+00 1.000000000000000000e+00
4.133668689922221362e-01 0.000000000000000000e+00 1.000000000000000000e+00 1.000000000000000000e+00
4.133668689922221362e-01 0.000000000000000000e+00 1.000000000000000000e+00 1.000000000000000000e+00
4.133668689922221362e-01 0.000000000000000000e+00 1.000000000000000000e+00 1.000000000000000000e+00
4.133668689922221362e-01 0.000000000000000000e+00 1.000000000000000000e+00 1.000000000000000000e+00
4.133668689922221362e-01 0.000000000000000000e+00 1.000000000000000000e+00 1.000000000000000000e+00
4.133668689922221362e-01 0.000000000000000000e+00 1.000000000000000000e+00 1.000000000000000000e+00
4.133668689922221362e-01 0.000000000000000000e+00 1.000000000000000000e+00 1.000000000000000000e+00
4.133668689922221362e-01 0.000000000000000000e+00 1.000000000000000000e+00 1.000000000000000000e+00
4.133668689922221362e-01 0.000000000000000000e+00 1.000000000000000000e+00 1.000000000000000000e+00
4.133668689922221362e-01 0.000000000000000000e+00 1.000000000000000000e+00 1.000000000000000000e+00
4.133668689922221362e-01 0.000000000000000000e+00 1.000000000000000000e+00 1.000000000000000000e+00
4.133668689922221362e-01 0.000000000000000000e+00 1.000000000000000000e+00 1.000000000000000000e+00
4.133668689922221362e-01 0.000000000000000000e+00 1.000000000000000000e+00 1.000000000000000000e+00
4.133668689922221362e-01 0.000000000000000000e+00 1.000000000000000000e+00 1.000000000000000000e+00
4.133668689922221362e-01 0.000000000000000000e+00 1.000000000000000000e+00 1.000000000000000000e+00
4.133668689922221362e-01 0.000000000000000000e+00 1.000000000000000000e+00 1.000000000000000000e+00
4.133668689922221362e-01 0.000000000000000000e+00 1.000000000000000000e+00 1.000000000000000000e+00
4.133668689922221362e-01 0.000000000000000000e+00 1.000000000000000000e+00 1.000000000000000000e+00
4.133668689922221362e-01 0.000000000000000000e+00 1.000000000000000000e+00 1.000000000000000000e+00
4.133668689922221362e-01 0.000000000000000000e+00 1.000000000000000000e+00 1.000000000000000000e+00
4.133668689922221362e-01 0.000000000000000000e+00 1.000000000000000000e+00 1.000000000000000000e+00
4.133668689922221362e-01 0.000000000000000000e+00 1.000000000000000000e+00 1.000000000000000000e+00
4.133668689922221362e-01 0.000000000000000000e+00 1.000000000000000000e+00 1.000000000000000000e+00
4.133668689922221362e-01 0.000000000000000000e+00 1.000000000000000000e+00 1.000000000000000000e+00
4.133668689922221362e-01 0.000000000000000000e+00 1.000000000000000000e+00 1.000000000000000000e+00
4.133668689922221362e-01 0.000000000000000000e+00 1.000000000000000000e+00 1.000000000000000000e+00
4.133668689922221362e-01 0.000000000000000000e+00 1.000000000000000000e+00 1.000000000000000000e+00
4.133668689922221362e-01 0.000000000000000000e+00 1.000000000000000000e+00 1.000000000000000000e+00
4.133668689922221362e-01 0.000000000000000000e+00 1.000000000000000000e+00 1.000000000000000000e+00
4.133668689922221362e-01 0.000000000000000000e+00 1.000000000000000000e+00 1.000000000000000000e+00
4.133668689922221362e-01 0.000000000000000000e+00 1.000000000000000000e+00 1.000000000000000000e+00
4.133668689922221362e-01 0.000000000000000000e+00 1.000000000000000000e+00 1.000000000000000000e+00
4.133668689922221362e-01 0.000000000000000000e+00 1.000000000000000000e+00 1.000000000000000000e+00
4.133668689922221362e-01 0.000000000000000000e+00 1.000000000000000000e+00 1.000000000000000000e+00
4.133668689922221362e-01 0.000000000000000000e+00 1.000000000000000000e+00 1.000000000000000000e+00
4.133668689922221362e-01 0.000000000000000000e+00 1.000000000000000000e+00 1.000000000000000000e+00
4.133668689922221362e-01 0.000000000000000000e+00 1.000000000000000000e+00 1.000000000000000000e+00
4.133668689922221362e-01 0.000000000000000000e+00 1.000000000000000000e+00 1.000000000000000000e+00
4.133668689922221362e-01 0.000000000000000000e+00 1.000000000000000000e+00 1.000000000000000000e+00
4.133668689922221362e-01 0.000000000000000000e+00 1.000000000000000000e+00 1.000000000000000000e+00
4.133668689922221362e-01 0.000000000000000000e+00 1.000000000000000000e+00 1.000000000000000000e+00
4.133668689922221362e-01 0.000000000000000000e+00 1.000000000000000000e+00 1.000000000000000000e+00
4.133668689922221362e-01 0.000000000000000000e+00 1.000000000000000000e+00 1.000000000000000000e+00
4.133668689922221362e-01 0.000000000000000000e+00 1.000000000000000000e+00 1.000000000000000000e+00
4.133668689922221362e-01 0.000000000000000000e+00 1.000000000000000000e+00 1.000000000000000000e+00
4.133668689922221362e-01 0.000000000000000000e+00 1.000000000000000000e+00 1.000000000000000000e+00
4.133668689922221362e-01 0.000000000000000000e+00 1.000000000000000000e+00 1.000000000000000000e+00
4.133668689922221362e-01 0.000000000000000000e+00 1.000000000000000000e+00 1.000000000000000000e+00
4.133668689922221362e-01 0.000000000000000000e+00 1.000000000000000000e+00 1.000000000000000000e+00
4.133668689922221362e-01 0.000000000000000000e+00 1.000000000000000000e+00 1.000000000000000000e+00
4.133668689922221362e-01 0.000000000000000000e+00 1.000000000000000000e+00 1.000000000000000000e+00
4.133668689922221362e-01 0.000000000000000000e+00 1.000000000000000000e+00 1.000000000000000000e+00
4.133668689922221362e-01 0.000000000000000000e+00 1.000000000000000000e+00 1.000000000000000000e+00
4.133668689922221362e-01 0.000000000000000000e+00 1.000000000000000000e+00 1.000000000000000000e+00
4.133668689922221362e-01 0.000000000000000000e+00 1.000000000000000000e+00 1.000000000000000000e+00
4.133668689922221362e-01 0.000000000000000000e+00 1.000000000000000000e+00 1.000000000000000000e+00
4.133668689922221362e-01 0.000000000000000000e+00 1.000000000000000000e+00 1.000000000000000000e+00
4.133668689922221362e-01 0.000000000000000000e+00 1.000000000000000000e+00 1.000000000000000000e+00
4.133668689922221362e-01 0.000000000000000000e+00 1.000000000000000000e+00 1.000000000000000000e+00
