2.509605884552001953e-01 4.273635149002075195e-01 6.101644039154052734e-01 2.082411646842956543e-01
1.115739345550537109e-01 9.605214595794677734e-01 5.031353235244750977e-02 5.968099832534790039e-01
3.291694521903991699e-01 8.525507450103759766e-01 3.948408365249633789e-02 4.308475852012634277e-01
4.877750277519226074e-01 6.172242760658264160e-01 1.070690155029296875e-01 4.035702347755432129e-01
7.534330487251281738e-01 2.569813728332519531e-01 5.368750095367431641e-01 7.014245390892028809e-01
9.816000461578369141e-01 9.169834852218627930e-02 8.429497480392456055e-01 8.811035752296447754e-01
3.296644091606140137e-01 6.225371360778808594e-02 5.423910617828369141e-01 5.303668379783630371e-01
6.160748600959777832e-01 5.629321336746215820e-01 2.329438328742980957e-01 6.309801340103149414e-02
4.182426333427429199e-01 3.162586092948913574e-01 8.740851879119873047e-01 9.075233936309814453e-01
4.305280447006225586e-01 5.123654007911682129e-01 5.185580253601074219e-02 2.709897160530090332e-01
6.115729133584711930e-01 2.724690915146731063e-02 9.226846785689327146e-02 1.000000000000000000e+00
6.284607767853477300e-01 9.172044441403313930e-02 2.692431450062021669e-01 9.874680291105624175e-01
6.742911575029558735e-01 0.000000000000000000e+00 0.000000000000000000e+00 9.947416702094362684e-01
8.946259183889881950e-01 9.326024629691008760e-01 0.000000000000000000e+00 5.877131472845934512e-01
6.018556390648267529e-01 1.586961934587054353e-04 0.000000000000000000e+00 9.968387068521058492e-01
6.109100909323904594e-01 1.818002572520369398e-01 8.489512928978779072e-02 1.000000000000000000e+00
1.000000000000000000e+00 1.370537616139438641e-01 7.414263307040634965e-01 1.367924864356044046e-01
9.739260401730361894e-01 2.787746927672452579e-01 1.679754678809345092e-01 1.692446244669820465e-01
9.919301796690209727e-01 7.470845847378190796e-02 2.176471135791927802e-01 4.172271989050255758e-01
9.616529200139962708e-01 7.083530692884364433e-01 6.714359834754706213e-01 2.213879386896459023e-01
4.603848131942568922e-01 1.203094864995952334e-02 0.000000000000000000e+00 9.886632505154567818e-01
3.536456199169911163e-01 1.039936209402109735e-01 2.355746013094822677e-02 8.890780073133996986e-01
1.329297499481716938e-01 1.625024849752635114e-01 2.361463972189289592e-02 9.295979061899896090e-01
8.153374496166519991e-01 9.474440431121256001e-02 6.885532629688280448e-02 8.613272920633702201e-01
6.811654398541956423e-01 8.550907894221914107e-01 4.082058722101862824e-01 1.000000000000000000e+00
8.905896077826090940e-01 9.694068361887857588e-01 1.464739378947592929e-01 1.206357549184069594e-01
9.077747081121148032e-01 1.511601200017010163e-02 2.324375989547506835e-02 3.839865054929429006e-02
5.629618370661804150e-01 8.725884371182825172e-02 3.598810597536913642e-03 9.986911432271490252e-01
9.980570438547472500e-01 5.799164776964453871e-01 1.961771149012370430e-01 3.368030956466538384e-01
9.985924594191651904e-01 7.007902850365910208e-01 1.144357605405369252e-02 2.537386116620096166e-01
9.954995695239928777e-01 5.865887296525301720e-01 4.000840555670609477e-01 2.335252589887178709e-01
9.965348523292728578e-01 4.691179934448178046e-01 3.777891406082143355e-01 4.490013325695446089e-01
9.977700379458067648e-01 7.197514737396892848e-01 3.200130975600636862e-01 3.817750859334796409e-01
9.995515870376290302e-01 6.471296508445795181e-01 2.696161489296304281e-01 4.117993542910495242e-01
1.000000000000000000e+00 7.074426187229104768e-01 2.364397035977480466e-01 4.652602321402974361e-01
9.321921274056617079e-01 8.596682058510548563e-01 2.864023590178106371e-01 7.229228007747670048e-01
1.000000000000000000e+00 9.893923926659120571e-01 1.535974734687391430e-01 3.317713464066589513e-01
9.822224571060376164e-01 2.593512593653369280e-01 5.352723482406628319e-01 3.983647144541181406e-01
9.770838218331412417e-01 5.997738303830951745e-01 0.000000000000000000e+00 1.984537177589388579e-01
9.972837108987409049e-01 6.140134635147590503e-01 1.545730726672869815e-01 4.769461860030643763e-01
1.000000000000000000e+00 6.396595162686283809e-01 4.481446395367446045e-01 4.266763862257971218e-01
9.903212417366507037e-01 4.040633391946202857e-01 6.046926767036896466e-01 4.180005797278988910e-01
9.036922059751387737e-01 3.391816290801032419e-01 9.526679561000456209e-01 3.083252312727571276e-01
9.956757287135362677e-01 7.694449140013509547e-01 1.762130815884866697e-01 3.729214432873220741e-01
1.122050133665532523e-01 1.215224142578524985e-01 6.173545279742370662e-01 9.578828783897243015e-01
9.546436994145697241e-01 5.695681472466304074e-01 2.643933336824021985e-01 5.952839561878954244e-01
8.213940564444589532e-01 6.615589875336436165e-01 2.231100545379231803e-01 3.971794097261353018e-01
9.599320603689225351e-01 9.311645040773053328e-01 0.000000000000000000e+00 3.502390986495091951e-01
8.728754987867529680e-01 0.000000000000000000e+00 5.554770362837817554e-01 4.585366948247192043e-01
9.688911649286243710e-01 1.000000000000000000e+00 5.618891366086430361e-01 2.644822531947170763e-01
0.000000000000000000e+00 3.657170069228175002e-01 5.454680934720396862e-02 8.674869840601157067e-01
9.944079501725339165e-01 6.531745965746607596e-02 4.900938833494491997e-01 7.055543980698922302e-02
6.490369214901756667e-01 5.272282289171231762e-01 2.991360936886240385e-01 9.888602226480777135e-01
4.301738223161578195e-02 8.319364556730513005e-01 9.251943857533554416e-01 8.537218608891006255e-01
1.000000000000000000e+00 8.564400135321468266e-01 6.771470519361147966e-01 5.433636116086936196e-01
9.536580576717220703e-01 9.238745267265925376e-01 7.118894422239787634e-01 2.035336934958383026e-01
8.191864630890496324e-01 2.049861676420727252e-01 1.733151231275165960e-01 7.069293863383495635e-01
3.794442779843298363e-01 9.981774410481825122e-01 9.527049996354949313e-01 3.776838707361437203e-02
1.000000000000000000e+00 5.841641579742301582e-01 6.609297219896036468e-01 5.008965542270203963e-01
9.953995253494626327e-01 5.498629140787100189e-01 8.433252048436611359e-01 5.767770914447356567e-01
9.423030438502735251e-01 4.237235450359331246e-01 6.217783485994557990e-01 9.214211648113735942e-01
9.448594048081684349e-01 1.078358900062602599e-01 3.333253076732159981e-01 9.552630762718683499e-01
9.651700859078761185e-01 4.258985913658385192e-01 7.402540571270614655e-02 9.609893535036683199e-01
8.968174288030555941e-01 7.811592588900294620e-01 1.046159319924069853e-01 1.990030832738181321e-01
8.986233313321659866e-01 0.000000000000000000e+00 2.763702388659860509e-01 5.040395319169199695e-01
3.378643291862636899e-01 2.634425342642965906e-01 6.440035772140191572e-02 7.830114994261492267e-01
9.180472970860494852e-01 7.884337155590281920e-01 6.049154035284399697e-03 6.234513967572046234e-01
7.187837509019102677e-01 1.000000000000000000e+00 4.555496991001611318e-01 1.000000000000000000e+00
6.097353973347998668e-01 5.147042266619260564e-01 1.840545846985159328e-01 4.556193368853326819e-01
9.036428993268385002e-01 3.101313643966807088e-01 9.798383863849885467e-02 7.294492493377550124e-01
4.915763274936673088e-01 2.531991478245425031e-01 9.308376810171881122e-02 7.302320263505492903e-01
9.325949444026340185e-01 9.508598133577043088e-01 8.296279075656451951e-01 1.705244710488097448e-01
9.276339073999195772e-01 9.724427507199455700e-01 1.704979473809686286e-01 4.264694500293551571e-01
1.390108786563891419e-01 4.498727167861443776e-01 7.479732477783899991e-02 7.832810912690570948e-01
9.117344016313186916e-01 1.309027018398087883e-01 9.200860998717744765e-01 2.994895489174813630e-01
4.053420509053756726e-01 1.857891459769587250e-01 4.567030496721347643e-01 4.886734975924029722e-01
8.394714850249952731e-02 0.000000000000000000e+00 8.528719619821125697e-01 6.497464870286412397e-01
9.312014091485486533e-01 2.154696978541940366e-01 8.649900946059457807e-01 3.163036667215230469e-01
9.141880502884555115e-01 5.477828938862009389e-01 5.710176776413380395e-01 9.138288439999243673e-01
8.903204329635076020e-01 6.710715144529715293e-01 9.654343161598559764e-01 1.898404003357717640e-01
7.318875842857944791e-01 8.893417614018495065e-01 1.871896894402348965e-01 5.247610821792365599e-01
5.142389667754192484e-01 4.602405266273717488e-01 0.000000000000000000e+00 1.667057169855289400e-01
6.845973937071531124e-01 1.398580508248879924e-02 1.744680138926240909e-01 6.657871503929193580e-01
3.037774235003666279e-01 6.901654740526326215e-01 1.115952873269646650e-01 6.474287901448700921e-01
8.922677731431334358e-01 8.431184914071931935e-02 4.087441655726101741e-01 4.953216333557768358e-01
8.776876640273676422e-01 7.557538590252567134e-01 4.388341261403724824e-01 8.702556758038410001e-01
9.832545925891101879e-01 2.671718319798340180e-01 3.119349906756330726e-01 7.869013731399430167e-01
1.192467433646720032e-01 8.572723595264880592e-01 7.655149577296552210e-02 6.473591106276395113e-01
1.675121019154564989e-02 9.960112012425565986e-01 6.993117568862188271e-01 2.696354046012279237e-01
8.048631282485277927e-01 2.557232510200631026e-01 7.398689781589093406e-02 9.295347077909393851e-01
9.259061332766389540e-01 7.736902186670919779e-01 3.325882163024742599e-01 2.348259522402201538e-01
8.424286002381077276e-01 6.497914927753006831e-01 4.197163824404497312e-01 2.302742330289994088e-01
6.416725122977110507e-01 3.127812675659287778e-01 6.372723121438930161e-01 7.828973427973360266e-01
7.087675618636182229e-01 5.610472453524422143e-01 5.004482897232618299e-01 2.439862020133735099e-01
8.089501891752051144e-01 8.027292322417445281e-01 3.316389946543254474e-01 0.000000000000000000e+00
9.414413600026251272e-01 5.171036831841040460e-01 8.007075111337343953e-01 2.237209107350272286e-01
5.457399426317603996e-01 3.011189983476948440e-01 3.256319282607731402e-01 4.691296151035065365e-01
4.574474136484887876e-01 9.837398124206117589e-02 4.377103959435635905e-01 5.297741310643384605e-01
9.727466258918019415e-01 1.201369519627895344e-01 2.066380961450657860e-01 9.011141632597735596e-01
9.534328032278434062e-01 4.912167790433851211e-01 3.146575963045073476e-01 2.523757292559430584e-02
9.160161728236370093e-01 4.368903715645413577e-01 9.245048995681114101e-02 3.898766596575540255e-01
3.480033293742951783e-01 3.038871135645108490e-04 5.335524510213058846e-01 9.953068118558958677e-01
8.868544027635273386e-01 2.802574987754722913e-01 2.610266243471521252e-01 2.678378714092643498e-01
7.468843790721846343e-01 2.269115718148342897e-01 2.403455305574184186e-01 8.511559598489896183e-01
6.432297396818276169e-01 6.622704268540240413e-01 1.778732425765725267e-01 6.284746969045479359e-01
8.005467854131681493e-01 1.493340692333732234e-01 4.462695526159531911e-01 3.539432894139276642e-01
9.917997010140381375e-01 1.000000000000000000e+00 7.552738670582332947e-01 6.371031167774111603e-01
9.298417081467855727e-01 1.310135889219328775e-01 9.490446160560794819e-02 8.286039511465831398e-02
7.107832235951573319e-01 6.390865658861519805e-01 6.083037369077189949e-01 1.832894202937825345e-01
9.166694175183055515e-01 4.888358626384752825e-01 1.139811679105013492e-01 9.091532828032624636e-01
