-1.266199983279241437e+00
-1.123023328313969449e+00
-7.157728838939535487e-01
-6.793158028364266743e-01
-1.424692574872646000e+00
-1.495042915936628081e+00
-1.490931456525883991e+00
-1.756055415959030030e+00
-1.857876054517299425e+00
-1.949760946363621184e+00
-1.636529382710983471e+00
-2.324153534130590781e+00
-2.624961665802154176e+00
-2.719330343536595862e+00
-2.685472129254991902e+00
-2.691189070141896789e+00
-2.716482083663045000e+00
-2.763982041348518770e+00
-2.752479228957474433e+00
-2.751402962717642620e+00
-2.755719444304906229e+00
-2.753887033923144934e+00
-2.650508838849834792e+00
-2.755530486010851376e+00
-2.764445242771715439e+00
-2.762015759511156077e+00
-2.764574100203855966e+00
-2.766834041445742187e+00
-2.755000700474784292e+00
-2.757015753381242718e+00
-2.771437844003806106e+00
-2.767392310169675351e+00
-2.769103089455196454e+00
-2.769744664974401971e+00
-2.769490742030791264e+00
-2.768347163868603467e+00
-2.769012115230109483e+00
-2.767485099604511500e+00
-2.768998353994829742e+00
-2.769736975117974342e+00
-2.771746219738099981e+00
-2.770989850345852545e+00
-2.770919771295106138e+00
-2.771083315276837045e+00
-2.771146058873424245e+00
-2.776130871915241105e+00
-2.775966391627930019e+00
-2.776001148702626153e+00
-2.776084100845396474e+00
-2.776277007319736700e+00
