1.662083327693328449e+00
1.161042145108150958e+00
1.657247593529967311e+00
1.638014719558944954e+00
1.640479693368309455e+00
1.893397038123254550e+00
1.984673503060491839e+00
1.972313183055388830e+00
1.967162315562543951e+00
1.963615137476196093e+00
1.968915410631838059e+00
1.976415510033831424e+00
1.996775934537823760e+00
1.996740075249032742e+00
1.989077823884635832e+00
2.046174402515414492e+00
2.045627407217686766e+00
2.040834277570318989e+00
2.059579672023593933e+00
2.068260634089885919e+00
2.092986750396682361e+00
2.115453225942710347e+00
2.136655854425350221e+00
2.134984172854263118e+00
2.138755266588507897e+00
2.142179271001070529e+00
2.142819763440411585e+00
2.144984874602577918e+00
2.145018141227255093e+00
2.145084448415289113e+00
2.145106789330089470e+00
2.145194620885421344e+00
2.144748749765458484e+00
2.145342593243117157e+00
2.145309461784105309e+00
2.143373689102528346e+00
2.145028761113659144e+00
2.145065269669221841e+00
2.102839411873759445e+00
2.142304673323899067e+00
2.145100731089214285e+00
2.145110213760050399e+00
2.162194683816906604e+00
2.162150859941271985e+00
2.146575572880811578e+00
2.197530199486567248e+00
2.211062730502072693e+00
2.216674123760256521e+00
2.289858066359691247e+00
2.289444138036798915e+00
2.285927025642850552e+00
2.282682389093790398e+00
2.290307809844811082e+00
2.290451095985426733e+00
2.289574440536653821e+00
2.290162960209332077e+00
2.290208818460612417e+00
2.290061500525800042e+00
2.290822817243681087e+00
2.290606929401484582e+00
2.289740237732830419e+00
2.289609408614512454e+00
2.289337815554867817e+00
2.289638661158492905e+00
2.289343395174291196e+00
2.289080407782699389e+00
2.289484208373796736e+00
2.286628682424242776e+00
2.285295972576960821e+00
2.284945688124619956e+00
2.285003640680435488e+00
2.284701266065286340e+00
2.284986029210754221e+00
2.287068491924106439e+00
2.288029123065449255e+00
2.288757800817259103e+00
2.289751271303319236e+00
2.290072551066883122e+00
2.290070742446331131e+00
2.290073629711250280e+00
2.290071868679682598e+00
2.289968380939749970e+00
2.290303984772806167e+00
2.290396345588833427e+00
2.290359199963238446e+00
2.290545838778276888e+00
2.290437347164281601e+00
2.290408172987370872e+00
2.290503456199705745e+00
2.290755641592609138e+00
2.290758168186050270e+00
2.290697286657261245e+00
2.290693304128337271e+00
2.290755497301064203e+00
2.290740078419900350e+00
2.290727656469959239e+00
2.290767693206795741e+00
2.290767009178314773e+00
2.290768521678000269e+00
2.290763204269156805e+00
