0.000000000000000000e+00 1.000000000000000000e+00 5.651214473966715834e-01 3.901645339362664888e-01 1.412201430634134058e-01 5.850857558243456602e-02
0.000000000000000000e+00 5.486496095606903101e-01 5.885625239271746745e-01 4.023345820543947626e-01 8.496638719878765178e-01 8.210603929922152266e-01
0.000000000000000000e+00 1.000000000000000000e+00 5.262538784749104526e-01 3.919556343991237313e-01 6.716311016678481183e-01 3.268046697811277101e-01
0.000000000000000000e+00 1.000000000000000000e+00 1.000000000000000000e+00 0.000000000000000000e+00 3.641393617655499515e-01 0.000000000000000000e+00
0.000000000000000000e+00 1.000000000000000000e+00 1.000000000000000000e+00 0.000000000000000000e+00 3.717859542564306286e-01 0.000000000000000000e+00
0.000000000000000000e+00 1.000000000000000000e+00 5.575752903417620088e-01 1.448141130217675543e-01 4.795420155316125754e-01 0.000000000000000000e+00
0.000000000000000000e+00 1.000000000000000000e+00 3.444339984384652831e-01 0.000000000000000000e+00 3.999924165971808776e-01 0.000000000000000000e+00
0.000000000000000000e+00 1.000000000000000000e+00 3.726374836384067635e-01 0.000000000000000000e+00 3.789075552829139215e-01 0.000000000000000000e+00
0.000000000000000000e+00 1.000000000000000000e+00 3.817368131350025728e-01 0.000000000000000000e+00 3.701921193744325822e-01 0.000000000000000000e+00
0.000000000000000000e+00 1.000000000000000000e+00 3.904805049923243399e-01 0.000000000000000000e+00 3.720581279422368604e-01 0.000000000000000000e+00
0.000000000000000000e+00 1.000000000000000000e+00 3.779775435617943602e-01 0.000000000000000000e+00 3.709390234350213866e-01 0.000000000000000000e+00
0.000000000000000000e+00 1.000000000000000000e+00 3.443626749949561527e-01 0.000000000000000000e+00 3.357520696087856749e-01 0.000000000000000000e+00
0.000000000000000000e+00 1.000000000000000000e+00 0.000000000000000000e+00 0.000000000000000000e+00 4.140555936715260010e-01 0.000000000000000000e+00
0.000000000000000000e+00 1.000000000000000000e+00 0.000000000000000000e+00 0.000000000000000000e+00 4.141432095186536877e-01 0.000000000000000000e+00
0.000000000000000000e+00 1.000000000000000000e+00 0.000000000000000000e+00 0.000000000000000000e+00 4.319422861607512543e-01 0.000000000000000000e+00
0.000000000000000000e+00 1.000000000000000000e+00 0.000000000000000000e+00 8.287418975235269492e-02 3.905558877028540987e-01 0.000000000000000000e+00
0.000000000000000000e+00 1.000000000000000000e+00 0.000000000000000000e+00 9.128092099472402687e-02 4.019093157127155425e-01 0.000000000000000000e+00
0.000000000000000000e+00 1.000000000000000000e+00 0.000000000000000000e+00 8.651623914844976115e-02 4.088707189261284736e-01 0.000000000000000000e+00
0.000000000000000000e+00 1.000000000000000000e+00 0.000000000000000000e+00 1.413806903283451322e-01 4.168492698809635466e-01 0.000000000000000000e+00
0.000000000000000000e+00 1.000000000000000000e+00 0.000000000000000000e+00 1.730276584328698519e-01 4.220164685422342910e-01 0.000000000000000000e+00
0.000000000000000000e+00 1.000000000000000000e+00 3.334004835159839336e-02 1.436585347743510044e-01 3.087399869470277003e-01 0.000000000000000000e+00
0.000000000000000000e+00 1.000000000000000000e+00 4.901690674183595275e-02 2.382057585990773885e-01 3.242918846831423507e-01 0.000000000000000000e+00
0.000000000000000000e+00 1.000000000000000000e+00 0.000000000000000000e+00 3.429454047146175966e-01 3.056373309009558503e-01 0.000000000000000000e+00
0.000000000000000000e+00 1.000000000000000000e+00 0.000000000000000000e+00 3.491745878259964742e-01 3.163610354890681320e-01 0.000000000000000000e+00
0.000000000000000000e+00 1.000000000000000000e+00 0.000000000000000000e+00 3.930910545184717053e-01 3.015162410570526585e-01 0.000000000000000000e+00
0.000000000000000000e+00 1.000000000000000000e+00 0.000000000000000000e+00 4.268617437635627287e-01 2.688266884751958630e-01 0.000000000000000000e+00
0.000000000000000000e+00 1.000000000000000000e+00 0.000000000000000000e+00 4.192404862110959418e-01 2.664889581745396030e-01 0.000000000000000000e+00
0.000000000000000000e+00 1.000000000000000000e+00 0.000000000000000000e+00 3.819128551276305683e-01 2.449612453656491162e-01 0.000000000000000000e+00
0.000000000000000000e+00 1.000000000000000000e+00 0.000000000000000000e+00 3.804287254692977349e-01 2.436392039950671939e-01 0.000000000000000000e+00
0.000000000000000000e+00 1.000000000000000000e+00 0.000000000000000000e+00 3.795110198288821346e-01 2.414726105162638692e-01 0.000000000000000000e+00
0.000000000000000000e+00 1.000000000000000000e+00 0.000000000000000000e+00 3.791053032871294914e-01 2.405989763157331818e-01 0.000000000000000000e+00
0.000000000000000000e+00 1.000000000000000000e+00 0.000000000000000000e+00 3.735953389902268995e-01 2.263738731107903246e-01 0.000000000000000000e+00
0.000000000000000000e+00 1.000000000000000000e+00 0.000000000000000000e+00 3.742543194117313177e-01 2.468193920668331764e-01 0.000000000000000000e+00
0.000000000000000000e+00 1.000000000000000000e+00 0.000000000000000000e+00 3.840891470236496019e-01 2.347048422933659950e-01 0.000000000000000000e+00
0.000000000000000000e+00 1.000000000000000000e+00 0.000000000000000000e+00 3.876672806358062995e-01 2.375349598943577167e-01 0.000000000000000000e+00
4.378694466114323863e-02 1.000000000000000000e+00 0.000000000000000000e+00 4.009337002323179466e-01 2.250484770411836366e-01 0.000000000000000000e+00
1.317443098194395756e-02 1.000000000000000000e+00 0.000000000000000000e+00 4.066671311207025186e-01 2.354709734875261029e-01 0.000000000000000000e+00
0.000000000000000000e+00 1.000000000000000000e+00 0.000000000000000000e+00 4.120219976973720777e-01 2.359392851478703812e-01 0.000000000000000000e+00
1.000000000000000000e+00 1.000000000000000000e+00 1.000000000000000000e+00 3.466876773978027487e-02 9.848204939026213717e-03 0.000000000000000000e+00
1.000000000000000000e+00 1.000000000000000000e+00 1.000000000000000000e+00 0.000000000000000000e+00 8.500613631697473416e-02 0.000000000000000000e+00
0.000000000000000000e+00 1.000000000000000000e+00 0.000000000000000000e+00 4.122828260071279560e-01 2.342909339182305817e-01 0.000000000000000000e+00
0.000000000000000000e+00 1.000000000000000000e+00 0.000000000000000000e+00 4.093459959982787000e-01 2.369861744628817823e-01 0.000000000000000000e+00
9.084230701447604250e-01 1.000000000000000000e+00 1.000000000000000000e+00 5.227967178960065547e-02 1.425780374786927152e-01 0.000000000000000000e+00
9.079176367487622468e-01 1.000000000000000000e+00 1.000000000000000000e+00 5.219127878086949474e-02 1.382963998380000448e-01 0.000000000000000000e+00
7.783811569403207287e-01 1.000000000000000000e+00 1.000000000000000000e+00 6.226094421340994806e-02 2.144311388744233049e-01 0.000000000000000000e+00
7.963884538622645337e-01 9.688822681126354475e-01 1.000000000000000000e+00 0.000000000000000000e+00 2.027608540946629623e-01 0.000000000000000000e+00
7.632259510809132896e-01 9.404361881106280130e-01 1.000000000000000000e+00 0.000000000000000000e+00 2.005327075944505211e-01 0.000000000000000000e+00
7.654240147439934638e-01 9.332732328712091130e-01 1.000000000000000000e+00 0.000000000000000000e+00 1.982309562770615541e-01 0.000000000000000000e+00
8.712874999249696772e-01 7.983868813125294395e-01 1.000000000000000000e+00 0.000000000000000000e+00 1.279573906280393192e-01 0.000000000000000000e+00
8.682445542215061485e-01 8.012700296737998995e-01 1.000000000000000000e+00 0.000000000000000000e+00 1.308547642830576452e-01 0.000000000000000000e+00
9.406755969422534447e-01 7.779944023606449877e-01 1.000000000000000000e+00 0.000000000000000000e+00 9.117635888689103185e-02 0.000000000000000000e+00
9.527466140134837058e-01 7.716459349719344551e-01 1.000000000000000000e+00 0.000000000000000000e+00 8.388719487653134577e-02 0.000000000000000000e+00
9.114269539756326699e-01 7.887808094536709058e-01 1.000000000000000000e+00 0.000000000000000000e+00 1.207107537259171776e-01 0.000000000000000000e+00
9.093043806542934204e-01 7.879324582204718652e-01 1.000000000000000000e+00 0.000000000000000000e+00 1.184412204332975782e-01 0.000000000000000000e+00
9.197885822527285260e-01 7.832269587343775319e-01 1.000000000000000000e+00 0.000000000000000000e+00 1.084866783559332859e-01 0.000000000000000000e+00
9.151931299473182735e-01 7.893239827140223763e-01 1.000000000000000000e+00 0.000000000000000000e+00 1.159359757143197805e-01 0.000000000000000000e+00
9.145474302330426353e-01 7.893651404484366418e-01 1.000000000000000000e+00 0.000000000000000000e+00 1.157754387371816435e-01 0.000000000000000000e+00
9.166918170707145652e-01 7.938093663009886392e-01 1.000000000000000000e+00 0.000000000000000000e+00 1.172055560046329770e-01 0.000000000000000000e+00
8.986783817971910615e-01 7.940935799206730872e-01 1.000000000000000000e+00 0.000000000000000000e+00 1.097597863332756690e-01 0.000000000000000000e+00
9.069101251735640634e-01 7.953570356591043167e-01 1.000000000000000000e+00 0.000000000000000000e+00 1.115279320494623333e-01 0.000000000000000000e+00
9.201699151955174960e-01 7.952553087894569384e-01 1.000000000000000000e+00 0.000000000000000000e+00 1.114094411866121126e-01 0.000000000000000000e+00
9.216039011895369448e-01 7.950765223768417878e-01 1.000000000000000000e+00 0.000000000000000000e+00 1.110569156505760019e-01 0.000000000000000000e+00
9.243307101491373690e-01 7.943197079504584757e-01 1.000000000000000000e+00 0.000000000000000000e+00 1.098426309970643167e-01 0.000000000000000000e+00
9.213801683272988541e-01 7.936177122914341853e-01 1.000000000000000000e+00 0.000000000000000000e+00 1.101833274067899604e-01 0.000000000000000000e+00
9.243378770573374981e-01 7.937802973552186003e-01 1.000000000000000000e+00 0.000000000000000000e+00 1.097126311025083539e-01 0.000000000000000000e+00
9.267963396516859520e-01 7.937748324132125610e-01 1.000000000000000000e+00 0.000000000000000000e+00 1.094679139378793575e-01 0.000000000000000000e+00
9.230119347109153605e-01 7.940259576697088484e-01 1.000000000000000000e+00 0.000000000000000000e+00 1.104018934363819315e-01 0.000000000000000000e+00
9.445515922198576275e-01 7.951228164673729282e-01 1.000000000000000000e+00 0.000000000000000000e+00 1.138674199092911954e-01 0.000000000000000000e+00
9.518109917327359781e-01 7.955293473356916945e-01 1.000000000000000000e+00 0.000000000000000000e+00 1.139606208054793762e-01 0.000000000000000000e+00
9.534509233570357400e-01 7.962875504829775020e-01 1.000000000000000000e+00 0.000000000000000000e+00 1.137211119146656763e-01 0.000000000000000000e+00
9.531908431288260708e-01 7.961322132571134746e-01 1.000000000000000000e+00 0.000000000000000000e+00 1.140113744202429225e-01 0.000000000000000000e+00
9.547185942140354875e-01 7.959818281349351210e-01 1.000000000000000000e+00 0.000000000000000000e+00 1.138643368289857238e-01 0.000000000000000000e+00
9.533721222643205540e-01 7.956098102784877613e-01 1.000000000000000000e+00 0.000000000000000000e+00 1.141553183200724048e-01 0.000000000000000000e+00
9.403177287002999485e-01 7.984430845349271832e-01 1.000000000000000000e+00 0.000000000000000000e+00 1.223143047369290859e-01 0.000000000000000000e+00
9.338233388924150891e-01 7.968861224612689975e-01 1.000000000000000000e+00 0.000000000000000000e+00 1.235706091432659387e-01 0.000000000000000000e+00
9.285588422481068083e-01 7.971640932551895542e-01 1.000000000000000000e+00 0.000000000000000000e+00 1.215773696297060280e-01 0.000000000000000000e+00
9.194514592102353001e-01 7.965973905418470835e-01 1.000000000000000000e+00 0.000000000000000000e+00 1.197940278763518079e-01 0.000000000000000000e+00
9.143146254138180273e-01 7.966854474894549121e-01 1.000000000000000000e+00 0.000000000000000000e+00 1.228228220796212800e-01 0.000000000000000000e+00
9.146402153522672496e-01 7.966731675557852110e-01 1.000000000000000000e+00 0.000000000000000000e+00 1.221574475898440509e-01 0.000000000000000000e+00
9.147055967157902145e-01 7.965709271836256544e-01 1.000000000000000000e+00 0.000000000000000000e+00 1.219748265859811470e-01 0.000000000000000000e+00
9.141658921225582768e-01 7.960354735305843477e-01 1.000000000000000000e+00 0.000000000000000000e+00 1.234884468346071906e-01 0.000000000000000000e+00
9.153879344142403784e-01 7.961512606945430059e-01 1.000000000000000000e+00 0.000000000000000000e+00 1.238526098697611683e-01 0.000000000000000000e+00
9.105749176061894712e-01 7.958077245504648900e-01 1.000000000000000000e+00 0.000000000000000000e+00 1.235093826797893229e-01 0.000000000000000000e+00
9.092698652880842891e-01 7.956504432986032382e-01 1.000000000000000000e+00 0.000000000000000000e+00 1.229994413040440826e-01 0.000000000000000000e+00
9.098580689172875990e-01 7.957143543225748683e-01 1.000000000000000000e+00 0.000000000000000000e+00 1.231275873077265354e-01 0.000000000000000000e+00
9.062204213977675948e-01 7.952412875895941147e-01 1.000000000000000000e+00 0.000000000000000000e+00 1.230622693859118322e-01 0.000000000000000000e+00
9.081343641514615372e-01 7.952216678979517894e-01 1.000000000000000000e+00 0.000000000000000000e+00 1.236354165161500374e-01 0.000000000000000000e+00
9.103975764744599575e-01 7.946233228698343920e-01 1.000000000000000000e+00 0.000000000000000000e+00 1.208397691360602738e-01 0.000000000000000000e+00
9.098303499893620749e-01 7.933700463791675261e-01 1.000000000000000000e+00 0.000000000000000000e+00 1.176972571322111166e-01 0.000000000000000000e+00
9.043718692327006314e-01 7.920866669123159953e-01 1.000000000000000000e+00 0.000000000000000000e+00 1.154347591625728003e-01 0.000000000000000000e+00
9.042590667570641338e-01 7.918224488626900426e-01 1.000000000000000000e+00 0.000000000000000000e+00 1.151432526944289464e-01 0.000000000000000000e+00
9.057079726428698407e-01 7.909221849548550010e-01 1.000000000000000000e+00 0.000000000000000000e+00 1.142170671868221882e-01 0.000000000000000000e+00
9.058408919918361502e-01 7.910853039368743733e-01 1.000000000000000000e+00 0.000000000000000000e+00 1.140756708707073991e-01 0.000000000000000000e+00
9.039111706526909984e-01 7.910308838900960149e-01 1.000000000000000000e+00 0.000000000000000000e+00 1.132077654715320097e-01 0.000000000000000000e+00
9.042756490927501556e-01 7.909034245078004899e-01 1.000000000000000000e+00 0.000000000000000000e+00 1.129356826926972424e-01 0.000000000000000000e+00
9.045805075497983516e-01 7.913309789371220093e-01 1.000000000000000000e+00 0.000000000000000000e+00 1.123630422993511513e-01 0.000000000000000000e+00
9.037859964812395841e-01 7.914441652324054610e-01 1.000000000000000000e+00 0.000000000000000000e+00 1.138914318470857084e-01 0.000000000000000000e+00
9.037771853525840005e-01 7.914248070983521677e-01 1.000000000000000000e+00 0.000000000000000000e+00 1.137467713226013172e-01 0.000000000000000000e+00
9.037294109497865380e-01 7.914516490552326866e-01 1.000000000000000000e+00 0.000000000000000000e+00 1.137120472603000143e-01 0.000000000000000000e+00
9.035709497645593169e-01 7.910760600127039188e-01 1.000000000000000000e+00 0.000000000000000000e+00 1.128297413071152888e-01 0.000000000000000000e+00
