1.166486740112304688e-01 1.851647496223449707e-01 4.959574937820434570e-01 2.927267551422119141e-02
4.372566342353820801e-01 7.617367506027221680e-01 9.294432401657104492e-01 5.231332182884216309e-01
6.165017485618591309e-01 1.625956892967224121e-01 1.674494743347167969e-01 2.934321761131286621e-01
5.218857526779174805e-02 4.368927478790283203e-01 9.568988680839538574e-01 7.834683656692504883e-01
5.541552305221557617e-01 2.931141853332519531e-01 7.249406576156616211e-01 8.366072177886962891e-02
1.355386972427368164e-01 9.377612471580505371e-01 8.053178191184997559e-01 9.223998785018920898e-01
3.602689504623413086e-01 6.408942341804504395e-01 4.794312715530395508e-01 3.581265211105346680e-01
9.088872075080871582e-01 6.435700058937072754e-01 8.588231801986694336e-01 1.521808505058288574e-01
5.246220231056213379e-01 7.671500444412231445e-01 9.540185332298278809e-01 9.890782237052917480e-01
3.493731021881103516e-01 7.891884446144104004e-01 6.425179839134216309e-01 5.643054842948913574e-01
1.000000000000000000e+00 1.000000000000000000e+00 0.000000000000000000e+00 5.541908993340397549e-01
6.808298768289326730e-02 0.000000000000000000e+00 0.000000000000000000e+00 4.266331458454832859e-01
1.000000000000000000e+00 1.000000000000000000e+00 7.324743332559291442e-01 5.795285383337475116e-01
9.643677161131429809e-01 1.000000000000000000e+00 7.039475808712947202e-01 5.311689406369949351e-01
7.970203287118631241e-01 1.000000000000000000e+00 5.663324673975779211e-01 4.377431716400565498e-01
1.000000000000000000e+00 0.000000000000000000e+00 1.531163296555296260e-01 7.776167804336211464e-01
1.108251674882288623e-01 0.000000000000000000e+00 0.000000000000000000e+00 0.000000000000000000e+00
8.342233393137767905e-01 1.000000000000000000e+00 6.289396334214888418e-01 4.134111128993376849e-01
6.179447694531770008e-01 0.000000000000000000e+00 0.000000000000000000e+00 4.803875525601538632e-01
1.000000000000000000e+00 0.000000000000000000e+00 5.269140807033708684e-01 5.920085782072780356e-01
1.000000000000000000e+00 4.173070640213672466e-01 3.869724440806267540e-01 5.025669169030807515e-01
5.075304832586112758e-01 0.000000000000000000e+00 3.255886636668364198e-01 5.354810174330977279e-01
1.000000000000000000e+00 1.000000000000000000e+00 0.000000000000000000e+00 6.910032838080770734e-02
1.000000000000000000e+00 1.000000000000000000e+00 3.222499430455207925e-01 1.000000000000000000e+00
1.000000000000000000e+00 0.000000000000000000e+00 5.288872966981358337e-01 3.339214945185644545e-01
1.000000000000000000e+00 0.000000000000000000e+00 6.662194814241063634e-01 1.000000000000000000e+00
1.000000000000000000e+00 1.000000000000000000e+00 5.813910146282882385e-01 3.784517687690389098e-01
0.000000000000000000e+00 1.000000000000000000e+00 0.000000000000000000e+00 5.351532248897765687e-01
2.969217549264749345e-01 2.849137655557137938e-01 0.000000000000000000e+00 4.193869831719206354e-01
7.562248930990689288e-01 1.000000000000000000e+00 7.081544201335395750e-01 3.694383387572568456e-01
7.781346890911693404e-01 9.720007874420104610e-01 6.698456292564812786e-01 3.937040698627264357e-01
7.953594629616121958e-01 1.000000000000000000e+00 7.148554553048307447e-01 3.689480345662073946e-01
7.096584332849460441e-01 5.444998178439202086e-01 1.633967560317090006e-01 5.439601338602536584e-01
8.838708465830369398e-01 1.000000000000000000e+00 1.000000000000000000e+00 0.000000000000000000e+00
1.000000000000000000e+00 4.049304396703826137e-01 4.811566037124692108e-01 8.111963213170453324e-01
0.000000000000000000e+00 7.377393840782768553e-02 0.000000000000000000e+00 1.000000000000000000e+00
8.570122278485265976e-01 1.000000000000000000e+00 8.022765708522587857e-01 3.648872245946127024e-01
8.918807829810802001e-01 1.000000000000000000e+00 8.463415937021629976e-01 3.596236509952683291e-01
6.305162666007402272e-01 5.973636478273749439e-01 3.861388726598084520e-01 4.911716922475782843e-01
7.928173254093151545e-01 1.000000000000000000e+00 9.573035330412003052e-01 3.485847539753218483e-01
1.000000000000000000e+00 0.000000000000000000e+00 0.000000000000000000e+00 2.597320074836857451e-01
5.219010101972739735e-01 1.000000000000000000e+00 0.000000000000000000e+00 1.000000000000000000e+00
0.000000000000000000e+00 2.384241503970132292e-01 1.201191839564609565e-01 3.456688305375461567e-01
3.024237053787551255e-01 0.000000000000000000e+00 1.934763032274025851e-01 2.717037007392459902e-01
5.450034398676116831e-01 5.819928219919149326e-01 1.101767745467921583e-01 3.680757525300950572e-01
8.316075931814045363e-01 2.838116531009877153e-01 3.437047458057824745e-01 5.002622521211066431e-01
7.969990119777383697e-01 1.000000000000000000e+00 7.861211967008278068e-01 4.545084699857031563e-01
0.000000000000000000e+00 1.000000000000000000e+00 1.000000000000000000e+00 0.000000000000000000e+00
1.000000000000000000e+00 6.990099960082435393e-01 3.929153366816977022e-01 6.412737680215397917e-01
1.000000000000000000e+00 6.490241845118605024e-01 1.850233080442969802e-01 7.817473583299228146e-01
1.000000000000000000e+00 7.012677184720369494e-01 3.294944290026725620e-01 7.933238637766151236e-01
1.000000000000000000e+00 6.594564970671457083e-01 2.621713117375808477e-01 6.882774964948238372e-01
1.000000000000000000e+00 6.458864983848423558e-01 2.210338564672946204e-01 6.500840240665739511e-01
1.000000000000000000e+00 6.366421344342038102e-01 2.547600091511588727e-01 6.855078778352164948e-01
1.000000000000000000e+00 6.881970724050513466e-01 2.551510819624462356e-01 6.736949917615550065e-01
1.000000000000000000e+00 6.902374656615019033e-01 2.634027529354934227e-01 6.554279818110213540e-01
1.000000000000000000e+00 6.921784823996484093e-01 2.448203995390978438e-01 6.860759256090540603e-01
1.000000000000000000e+00 0.000000000000000000e+00 1.000000000000000000e+00 6.120666880988822056e-01
7.077706628807087785e-01 0.000000000000000000e+00 1.726757279314540539e-01 0.000000000000000000e+00
0.000000000000000000e+00 5.371612401496409506e-01 1.000000000000000000e+00 0.000000000000000000e+00
9.838149503471081969e-01 6.843083731902543931e-01 2.610250440018344609e-01 6.618596962060944167e-01
9.870008045104007310e-01 1.000000000000000000e+00 1.000000000000000000e+00 1.000000000000000000e+00
3.925325040754328865e-01 2.375644877237900465e-01 0.000000000000000000e+00 2.632459530756344271e-02
0.000000000000000000e+00 1.000000000000000000e+00 2.656910861016685277e-01 0.000000000000000000e+00
1.000000000000000000e+00 6.856001644308635790e-01 2.663344140443200669e-01 6.475051383274520456e-01
0.000000000000000000e+00 0.000000000000000000e+00 1.000000000000000000e+00 3.398094533600330425e-01
8.041713840451454320e-01 5.656477167496691827e-01 2.225744385843508866e-01 0.000000000000000000e+00
6.002372198258003611e-01 1.000000000000000000e+00 4.975389199134812590e-01 1.000000000000000000e+00
3.031466846936289317e-01 2.543152075355767927e-01 3.342803191589567846e-01 4.596404547627666592e-01
4.356879526567877803e-01 5.455629648587745351e-02 9.451366662445546130e-01 9.801601392366283694e-01
7.282259413936564840e-03 8.376986567775879244e-01 9.648331698367895726e-01 4.408016396607254972e-01
1.000000000000000000e+00 8.205857150473113704e-01 4.907715033461444998e-01 0.000000000000000000e+00
6.713291071355342865e-02 7.481239382177591324e-01 2.551750605925917625e-01 9.633888956159353256e-01
8.493825178593397141e-01 6.518364772200584412e-01 2.748775044456124306e-01 4.521666858345270157e-01
8.615502238662198220e-01 7.231548314079875306e-01 2.931823250134222847e-01 7.359811244244414130e-01
3.800130066444292742e-01 4.113439185909318896e-01 3.250314114933613996e-01 3.321669468125065805e-03
1.000000000000000000e+00 4.158731044796989407e-01 0.000000000000000000e+00 0.000000000000000000e+00
6.063713738694787025e-01 9.485482471063733101e-01 7.601711060851812363e-02 1.005878672003746033e-03
3.929906956260592055e-01 1.000000000000000000e+00 2.849310555516477717e-01 5.648093696053686497e-01
7.761769788339734077e-01 5.082030314952135086e-02 3.904561698436737061e-01 9.421815546229481697e-01
8.642011517658829689e-01 7.274785591289401054e-01 9.632354425266385078e-01 6.245796708390116692e-01
5.020069601014256477e-01 5.715537304058670998e-01 8.803847618401050568e-02 9.491935297846794128e-01
4.249471658840775490e-01 1.844413764774799347e-02 8.730492554605007172e-03 7.662641648203134537e-01
3.508328858132433448e-01 0.000000000000000000e+00 0.000000000000000000e+00 2.913679872498934897e-01
1.090637501329183578e-02 3.978442400693893433e-04 3.065469926223158836e-01 5.032151229679584503e-01
4.264040254056453705e-01 9.667564984411001205e-01 9.876804156228899956e-01 1.824053004384040833e-03
5.067523634061217308e-01 3.995635425671935081e-01 5.527822691947221756e-01 9.257658179849386215e-01
1.631452981382608414e-01 7.953272880986332893e-01 6.892247125506401062e-03 5.048291664570569992e-02
8.960717841982841492e-01 7.085962593555450439e-01 1.256258599460124969e-02 9.921732293441891670e-01
3.567642904818058014e-01 9.813376339152455330e-01 2.338046971708536148e-01 1.063430216163396835e-02
6.515139741823077202e-01 2.463094107806682587e-01 4.043772816658020020e-03 1.343660270795226097e-01
2.665103487670421600e-01 9.657092560082674026e-01 1.322578201070427895e-01 9.740196466445922852e-01
3.124999757856130600e-01 5.409871665760874748e-01 2.819870924577116966e-01 7.337045511230826378e-01
2.897147275507450104e-02 2.533780317753553391e-02 7.216363605111837387e-01 9.071317790076136589e-01
9.712051833048462868e-01 6.203595865517854691e-01 9.709684271365404129e-02 6.500828303396701813e-01
9.625826710835099220e-01 3.000703724101185799e-01 1.311795888468623161e-01 9.800466746091842651e-01
2.670345837250351906e-01 3.109048241749405861e-01 9.784632241353392601e-01 3.059214539825916290e-02
8.883987031877040863e-01 1.183307785540819168e-01 9.587752763181924820e-01 1.762748975306749344e-02
8.888608254492282867e-01 1.594497999176383018e-01 1.357136247679591179e-01 1.173664256930351257e-02
4.567398726940155029e-01 2.602688558399677277e-01 3.892308305948972702e-01 2.891428740695118904e-01
7.259843340143561363e-01 9.364462383091449738e-01 5.599962864071130753e-01 4.461735486984252930e-03
6.931719956919550896e-01 9.634916670620441437e-03 7.559729339554905891e-01 3.487651925534009933e-01
9.735458055511116982e-01 3.191371317952871323e-01 8.816531486809253693e-02 5.243578050285577774e-01
1.210248796269297600e-01 7.823990499600768089e-01 5.572376288473606110e-01 2.922135498374700546e-02
7.042527962476015091e-01 9.926520017907023430e-01 9.389157211408019066e-01 7.251883987337350845e-01
2.094786381348967552e-01 2.509548254311084747e-01 4.176011001691222191e-01 9.917807420715689659e-01
9.893493866547942162e-01 3.310191258788108826e-02 8.565474301576614380e-03 2.919635735452175140e-03
9.034086642786860466e-01 5.802528904750943184e-01 3.420169278979301453e-01 6.995200430974364281e-01
7.274152440950274467e-01 9.752274099737405777e-01 2.489397302269935608e-04 4.950293777510523796e-01
9.548709988594055176e-01 2.765056006610393524e-01 9.848871454596519470e-01 9.860166404396295547e-01
