6.165017485618591309e-01 1.625956892967224121e-01 1.674494743347167969e-01 2.934321761131286621e-01
6.165017485618591309e-01 1.625956892967224121e-01 1.674494743347167969e-01 2.934321761131286621e-01
6.165017485618591309e-01 1.625956892967224121e-01 1.674494743347167969e-01 2.934321761131286621e-01
1.000000000000000000e+00 1.000000000000000000e+00 7.324743332559291442e-01 5.795285383337475116e-01
9.643677161131429809e-01 1.000000000000000000e+00 7.039475808712947202e-01 5.311689406369949351e-01
7.970203287118631241e-01 1.000000000000000000e+00 5.663324673975779211e-01 4.377431716400565498e-01
7.970203287118631241e-01 1.000000000000000000e+00 5.663324673975779211e-01 4.377431716400565498e-01
7.970203287118631241e-01 1.000000000000000000e+00 5.663324673975779211e-01 4.377431716400565498e-01
8.342233393137767905e-01 1.000000000000000000e+00 6.289396334214888418e-01 4.134111128993376849e-01
8.342233393137767905e-01 1.000000000000000000e+00 6.289396334214888418e-01 4.134111128993376849e-01
8.342233393137767905e-01 1.000000000000000000e+00 6.289396334214888418e-01 4.134111128993376849e-01
8.342233393137767905e-01 1.000000000000000000e+00 6.289396334214888418e-01 4.134111128993376849e-01
8.342233393137767905e-01 1.000000000000000000e+00 6.289396334214888418e-01 4.134111128993376849e-01
8.342233393137767905e-01 1.000000000000000000e+00 6.289396334214888418e-01 4.134111128993376849e-01
8.342233393137767905e-01 1.000000000000000000e+00 6.289396334214888418e-01 4.134111128993376849e-01
8.342233393137767905e-01 1.000000000000000000e+00 6.289396334214888418e-01 4.134111128993376849e-01
8.342233393137767905e-01 1.000000000000000000e+00 6.289396334214888418e-01 4.134111128993376849e-01
8.342233393137767905e-01 1.000000000000000000e+00 6.289396334214888418e-01 4.134111128993376849e-01
8.342233393137767905e-01 1.000000000000000000e+00 6.289396334214888418e-01 4.134111128993376849e-01
8.342233393137767905e-01 1.000000000000000000e+00 6.289396334214888418e-01 4.134111128993376849e-01
7.562248930990689288e-01 1.000000000000000000e+00 7.081544201335395750e-01 3.694383387572568456e-01
7.562248930990689288e-01 1.000000000000000000e+00 7.081544201335395750e-01 3.694383387572568456e-01
7.953594629616121958e-01 1.000000000000000000e+00 7.148554553048307447e-01 3.689480345662073946e-01
7.953594629616121958e-01 1.000000000000000000e+00 7.148554553048307447e-01 3.689480345662073946e-01
7.953594629616121958e-01 1.000000000000000000e+00 7.148554553048307447e-01 3.689480345662073946e-01
7.953594629616121958e-01 1.000000000000000000e+00 7.148554553048307447e-01 3.689480345662073946e-01
7.953594629616121958e-01 1.000000000000000000e+00 7.148554553048307447e-01 3.689480345662073946e-01
8.570122278485265976e-01 1.000000000000000000e+00 8.022765708522587857e-01 3.648872245946127024e-01
8.570122278485265976e-01 1.000000000000000000e+00 8.022765708522587857e-01 3.648872245946127024e-01
8.570122278485265976e-01 1.000000000000000000e+00 8.022765708522587857e-01 3.648872245946127024e-01
8.570122278485265976e-01 1.000000000000000000e+00 8.022765708522587857e-01 3.648872245946127024e-01
8.570122278485265976e-01 1.000000000000000000e+00 8.022765708522587857e-01 3.648872245946127024e-01
8.570122278485265976e-01 1.000000000000000000e+00 8.022765708522587857e-01 3.648872245946127024e-01
8.570122278485265976e-01 1.000000000000000000e+00 8.022765708522587857e-01 3.648872245946127024e-01
8.570122278485265976e-01 1.000000000000000000e+00 8.022765708522587857e-01 3.648872245946127024e-01
8.570122278485265976e-01 1.000000000000000000e+00 8.022765708522587857e-01 3.648872245946127024e-01
8.570122278485265976e-01 1.000000000000000000e+00 8.022765708522587857e-01 3.648872245946127024e-01
7.969990119777383697e-01 1.000000000000000000e+00 7.861211967008278068e-01 4.545084699857031563e-01
7.969990119777383697e-01 1.000000000000000000e+00 7.861211967008278068e-01 4.545084699857031563e-01
1.000000000000000000e+00 6.990099960082435393e-01 3.929153366816977022e-01 6.412737680215397917e-01
1.000000000000000000e+00 6.990099960082435393e-01 3.929153366816977022e-01 6.412737680215397917e-01
1.000000000000000000e+00 6.990099960082435393e-01 3.929153366816977022e-01 6.412737680215397917e-01
1.000000000000000000e+00 6.594564970671457083e-01 2.621713117375808477e-01 6.882774964948238372e-01
1.000000000000000000e+00 6.594564970671457083e-01 2.621713117375808477e-01 6.882774964948238372e-01
1.000000000000000000e+00 6.594564970671457083e-01 2.621713117375808477e-01 6.882774964948238372e-01
1.000000000000000000e+00 6.881970724050513466e-01 2.551510819624462356e-01 6.736949917615550065e-01
1.000000000000000000e+00 6.881970724050513466e-01 2.551510819624462356e-01 6.736949917615550065e-01
1.000000000000000000e+00 6.881970724050513466e-01 2.551510819624462356e-01 6.736949917615550065e-01
1.000000000000000000e+00 6.881970724050513466e-01 2.551510819624462356e-01 6.736949917615550065e-01
1.000000000000000000e+00 6.881970724050513466e-01 2.551510819624462356e-01 6.736949917615550065e-01
1.000000000000000000e+00 6.881970724050513466e-01 2.551510819624462356e-01 6.736949917615550065e-01
1.000000000000000000e+00 6.881970724050513466e-01 2.551510819624462356e-01 6.736949917615550065e-01
1.000000000000000000e+00 6.881970724050513466e-01 2.551510819624462356e-01 6.736949917615550065e-01
1.000000000000000000e+00 6.881970724050513466e-01 2.551510819624462356e-01 6.736949917615550065e-01
1.000000000000000000e+00 6.881970724050513466e-01 2.551510819624462356e-01 6.736949917615550065e-01
1.000000000000000000e+00 6.881970724050513466e-01 2.551510819624462356e-01 6.736949917615550065e-01
1.000000000000000000e+00 6.881970724050513466e-01 2.551510819624462356e-01 6.736949917615550065e-01
1.000000000000000000e+00 6.881970724050513466e-01 2.551510819624462356e-01 6.736949917615550065e-01
1.000000000000000000e+00 6.881970724050513466e-01 2.551510819624462356e-01 6.736949917615550065e-01
1.000000000000000000e+00 6.881970724050513466e-01 2.551510819624462356e-01 6.736949917615550065e-01
1.000000000000000000e+00 6.881970724050513466e-01 2.551510819624462356e-01 6.736949917615550065e-01
1.000000000000000000e+00 6.881970724050513466e-01 2.551510819624462356e-01 6.736949917615550065e-01
1.000000000000000000e+00 6.881970724050513466e-01 2.551510819624462356e-01 6.736949917615550065e-01
1.000000000000000000e+00 6.881970724050513466e-01 2.551510819624462356e-01 6.736949917615550065e-01
1.000000000000000000e+00 6.881970724050513466e-01 2.551510819624462356e-01 6.736949917615550065e-01
1.000000000000000000e+00 6.881970724050513466e-01 2.551510819624462356e-01 6.736949917615550065e-01
1.000000000000000000e+00 6.881970724050513466e-01 2.551510819624462356e-01 6.736949917615550065e-01
1.000000000000000000e+00 6.881970724050513466e-01 2.551510819624462356e-01 6.736949917615550065e-01
1.000000000000000000e+00 6.881970724050513466e-01 2.551510819624462356e-01 6.736949917615550065e-01
1.000000000000000000e+00 6.881970724050513466e-01 2.551510819624462356e-01 6.736949917615550065e-01
1.000000000000000000e+00 6.881970724050513466e-01 2.551510819624462356e-01 6.736949917615550065e-01
1.000000000000000000e+00 6.881970724050513466e-01 2.551510819624462356e-01 6.736949917615550065e-01
1.000000000000000000e+00 6.881970724050513466e-01 2.551510819624462356e-01 6.736949917615550065e-01
1.000000000000000000e+00 6.881970724050513466e-01 2.551510819624462356e-01 6.736949917615550065e-01
1.000000000000000000e+00 6.881970724050513466e-01 2.551510819624462356e-01 6.736949917615550065e-01
1.000000000000000000e+00 6.881970724050513466e-01 2.551510819624462356e-01 6.736949917615550065e-01
1.000000000000000000e+00 6.881970724050513466e-01 2.551510819624462356e-01 6.736949917615550065e-01
1.000000000000000000e+00 6.881970724050513466e-01 2.551510819624462356e-01 6.736949917615550065e-01
1.000000000000000000e+00 6.881970724050513466e-01 2.551510819624462356e-01 6.736949917615550065e-01
1.000000000000000000e+00 6.881970724050513466e-01 2.551510819624462356e-01 6.736949917615550065e-01
1.000000000000000000e+00 6.881970724050513466e-01 2.551510819624462356e-01 6.736949917615550065e-01
1.000000000000000000e+00 6.881970724050513466e-01 2.551510819624462356e-01 6.736949917615550065e-01
1.000000000000000000e+00 6.881970724050513466e-01 2.551510819624462356e-01 6.736949917615550065e-01
1.000000000000000000e+00 6.881970724050513466e-01 2.551510819624462356e-01 6.736949917615550065e-01
1.000000000000000000e+00 6.881970724050513466e-01 2.551510819624462356e-01 6.736949917615550065e-01
1.000000000000000000e+00 6.881970724050513466e-01 2.551510819624462356e-01 6.736949917615550065e-01
1.000000000000000000e+00 6.881970724050513466e-01 2.551510819624462356e-01 6.736949917615550065e-01
1.000000000000000000e+00 6.881970724050513466e-01 2.551510819624462356e-01 6.736949917615550065e-01
1.000000000000000000e+00 6.881970724050513466e-01 2.551510819624462356e-01 6.736949917615550065e-01
1.000000000000000000e+00 6.881970724050513466e-01 2.551510819624462356e-01 6.736949917615550065e-01
1.000000000000000000e+00 6.881970724050513466e-01 2.551510819624462356e-01 6.736949917615550065e-01
1.000000000000000000e+00 6.881970724050513466e-01 2.551510819624462356e-01 6.736949917615550065e-01
1.000000000000000000e+00 6.881970724050513466e-01 2.551510819624462356e-01 6.736949917615550065e-01
1.000000000000000000e+00 6.881970724050513466e-01 2.551510819624462356e-01 6.736949917615550065e-01
1.000000000000000000e+00 6.881970724050513466e-01 2.551510819624462356e-01 6.736949917615550065e-01
1.000000000000000000e+00 6.881970724050513466e-01 2.551510819624462356e-01 6.736949917615550065e-01
1.000000000000000000e+00 6.881970724050513466e-01 2.551510819624462356e-01 6.736949917615550065e-01
1.000000000000000000e+00 6.881970724050513466e-01 2.551510819624462356e-01 6.736949917615550065e-01
1.000000000000000000e+00 6.881970724050513466e-01 2.551510819624462356e-01 6.736949917615550065e-01
1.000000000000000000e+00 6.881970724050513466e-01 2.551510819624462356e-01 6.736949917615550065e-01
