1.785231986003467552e+00
1.785231986003467552e+00
2.254522059588170535e+00
2.284460566417149785e+00
2.284460566417149785e+00
2.481258704766014844e+00
2.481258704766014844e+00
2.533322847084797935e+00
2.574174475341623136e+00
2.588833851966539701e+00
2.588833851966539701e+00
2.588833851966539701e+00
2.588833851966539701e+00
2.588833851966539701e+00
2.588833851966539701e+00
2.588833851966539701e+00
2.588833851966539701e+00
2.588833851966539701e+00
2.588833851966539701e+00
2.588833851966539701e+00
2.588833851966539701e+00
2.588833851966539701e+00
2.588833851966539701e+00
2.588833851966539701e+00
2.588833851966539701e+00
2.588833851966539701e+00
2.589208029083170270e+00
2.589208029083170270e+00
2.589208029083170270e+00
2.589208029083170270e+00
2.589208029083170270e+00
2.589208029083170270e+00
2.589208029083170270e+00
2.589208029083170270e+00
2.591377208407284360e+00
2.591377208407284360e+00
2.591377208407284360e+00
2.591377208407284360e+00
2.591377208407284360e+00
2.591377208407284360e+00
2.591377208407284360e+00
2.591377208407284360e+00
2.591377208407284360e+00
2.593425978828696188e+00
2.593425978828696188e+00
2.593425978828696188e+00
2.593425978828696188e+00
2.593425978828696188e+00
2.593425978828696188e+00
2.593425978828696188e+00
2.593425978828696188e+00
2.593425978828696188e+00
2.593425978828696188e+00
2.593425978828696188e+00
2.593425978828696188e+00
2.593425978828696188e+00
2.593425978828696188e+00
2.593425978828696188e+00
2.593425978828696188e+00
2.593425978828696188e+00
2.593425978828696188e+00
2.593425978828696188e+00
2.593425978828696188e+00
2.593425978828696188e+00
2.593425978828696188e+00
2.593425978828696188e+00
2.593425978828696188e+00
2.593425978828696188e+00
2.593425978828696188e+00
2.593425978828696188e+00
2.593425978828696188e+00
2.593425978828696188e+00
2.593425978828696188e+00
2.593425978828696188e+00
2.593425978828696188e+00
2.593425978828696188e+00
2.593425978828696188e+00
2.593425978828696188e+00
2.593425978828696188e+00
2.593425978828696188e+00
2.593425978828696188e+00
2.593425978828696188e+00
2.593425978828696188e+00
2.593425978828696188e+00
2.593425978828696188e+00
2.593425978828696188e+00
2.593425978828696188e+00
2.593425978828696188e+00
2.593425978828696188e+00
2.593425978828696188e+00
2.593425978828696188e+00
2.593425978828696188e+00
2.593425978828696188e+00
2.593425978828696188e+00
2.593425978828696188e+00
2.593425978828696188e+00
2.593425978828696188e+00
2.593425978828696188e+00
2.593425978828696188e+00
2.593425978828696188e+00
