8.880294561386108398e-01 4.835862517356872559e-01 5.607551336288452148e-01 4.692826271057128906e-01
8.880294561386108398e-01 4.835862517356872559e-01 5.607551336288452148e-01 4.692826271057128906e-01
8.531476855278015137e-01 1.000000000000000000e+00 3.938649594783782959e-01 3.471199274063110352e-01
8.028317093849182129e-01 8.122719526290893555e-01 2.605833411216735840e-01 2.368652671575546265e-01
8.028317093849182129e-01 8.122719526290893555e-01 2.605833411216735840e-01 2.368652671575546265e-01
9.914610981941223145e-01 8.106036782264709473e-01 1.899339109659194946e-01 2.666405141353607178e-01
9.914610981941223145e-01 8.106036782264709473e-01 1.899339109659194946e-01 2.666405141353607178e-01
1.000000000000000000e+00 8.429805040359497070e-01 1.283091902732849121e-01 4.643380343914031982e-01
1.000000000000000000e+00 7.391849160194396973e-01 2.374346554279327393e-01 4.055073857307434082e-01
1.000000000000000000e+00 6.946231126785278320e-01 1.895598918199539185e-01 4.374264180660247803e-01
1.000000000000000000e+00 6.946231126785278320e-01 1.895598918199539185e-01 4.374264180660247803e-01
1.000000000000000000e+00 6.946231126785278320e-01 1.895598918199539185e-01 4.374264180660247803e-01
1.000000000000000000e+00 6.946231126785278320e-01 1.895598918199539185e-01 4.374264180660247803e-01
1.000000000000000000e+00 6.946231126785278320e-01 1.895598918199539185e-01 4.374264180660247803e-01
1.000000000000000000e+00 6.946231126785278320e-01 1.895598918199539185e-01 4.374264180660247803e-01
1.000000000000000000e+00 6.946231126785278320e-01 1.895598918199539185e-01 4.374264180660247803e-01
1.000000000000000000e+00 6.946231126785278320e-01 1.895598918199539185e-01 4.374264180660247803e-01
1.000000000000000000e+00 6.946231126785278320e-01 1.895598918199539185e-01 4.374264180660247803e-01
1.000000000000000000e+00 6.946231126785278320e-01 1.895598918199539185e-01 4.374264180660247803e-01
1.000000000000000000e+00 6.946231126785278320e-01 1.895598918199539185e-01 4.374264180660247803e-01
1.000000000000000000e+00 6.946231126785278320e-01 1.895598918199539185e-01 4.374264180660247803e-01
1.000000000000000000e+00 6.946231126785278320e-01 1.895598918199539185e-01 4.374264180660247803e-01
1.000000000000000000e+00 6.946231126785278320e-01 1.895598918199539185e-01 4.374264180660247803e-01
1.000000000000000000e+00 6.946231126785278320e-01 1.895598918199539185e-01 4.374264180660247803e-01
1.000000000000000000e+00 6.946231126785278320e-01 1.895598918199539185e-01 4.374264180660247803e-01
1.000000000000000000e+00 6.946231126785278320e-01 1.895598918199539185e-01 4.374264180660247803e-01
9.998160600662231445e-01 7.626740336418151855e-01 1.636012345552444458e-01 4.233863353729248047e-01
9.998160600662231445e-01 7.626740336418151855e-01 1.636012345552444458e-01 4.233863353729248047e-01
9.998160600662231445e-01 7.626740336418151855e-01 1.636012345552444458e-01 4.233863353729248047e-01
9.998160600662231445e-01 7.626740336418151855e-01 1.636012345552444458e-01 4.233863353729248047e-01
9.998160600662231445e-01 7.626740336418151855e-01 1.636012345552444458e-01 4.233863353729248047e-01
9.998160600662231445e-01 7.626740336418151855e-01 1.636012345552444458e-01 4.233863353729248047e-01
9.998160600662231445e-01 7.626740336418151855e-01 1.636012345552444458e-01 4.233863353729248047e-01
9.998160600662231445e-01 7.626740336418151855e-01 1.636012345552444458e-01 4.233863353729248047e-01
9.710252881050109863e-01 7.381009459495544434e-01 1.448581963777542114e-01 4.482027292251586914e-01
9.710252881050109863e-01 7.381009459495544434e-01 1.448581963777542114e-01 4.482027292251586914e-01
9.710252881050109863e-01 7.381009459495544434e-01 1.448581963777542114e-01 4.482027292251586914e-01
9.710252881050109863e-01 7.381009459495544434e-01 1.448581963777542114e-01 4.482027292251586914e-01
9.710252881050109863e-01 7.381009459495544434e-01 1.448581963777542114e-01 4.482027292251586914e-01
9.710252881050109863e-01 7.381009459495544434e-01 1.448581963777542114e-01 4.482027292251586914e-01
9.710252881050109863e-01 7.381009459495544434e-01 1.448581963777542114e-01 4.482027292251586914e-01
9.710252881050109863e-01 7.381009459495544434e-01 1.448581963777542114e-01 4.482027292251586914e-01
9.710252881050109863e-01 7.381009459495544434e-01 1.448581963777542114e-01 4.482027292251586914e-01
1.000000000000000000e+00 7.218294739723205566e-01 1.786673069000244141e-01 4.333310127258300781e-01
1.000000000000000000e+00 7.218294739723205566e-01 1.786673069000244141e-01 4.333310127258300781e-01
1.000000000000000000e+00 7.218294739723205566e-01 1.786673069000244141e-01 4.333310127258300781e-01
1.000000000000000000e+00 7.218294739723205566e-01 1.786673069000244141e-01 4.333310127258300781e-01
1.000000000000000000e+00 7.218294739723205566e-01 1.786673069000244141e-01 4.333310127258300781e-01
1.000000000000000000e+00 7.218294739723205566e-01 1.786673069000244141e-01 4.333310127258300781e-01
1.000000000000000000e+00 7.218294739723205566e-01 1.786673069000244141e-01 4.333310127258300781e-01
1.000000000000000000e+00 7.218294739723205566e-01 1.786673069000244141e-01 4.333310127258300781e-01
1.000000000000000000e+00 7.218294739723205566e-01 1.786673069000244141e-01 4.333310127258300781e-01
1.000000000000000000e+00 7.218294739723205566e-01 1.786673069000244141e-01 4.333310127258300781e-01
1.000000000000000000e+00 7.218294739723205566e-01 1.786673069000244141e-01 4.333310127258300781e-01
1.000000000000000000e+00 7.218294739723205566e-01 1.786673069000244141e-01 4.333310127258300781e-01
1.000000000000000000e+00 7.218294739723205566e-01 1.786673069000244141e-01 4.333310127258300781e-01
1.000000000000000000e+00 7.218294739723205566e-01 1.786673069000244141e-01 4.333310127258300781e-01
1.000000000000000000e+00 7.218294739723205566e-01 1.786673069000244141e-01 4.333310127258300781e-01
1.000000000000000000e+00 7.218294739723205566e-01 1.786673069000244141e-01 4.333310127258300781e-01
1.000000000000000000e+00 7.218294739723205566e-01 1.786673069000244141e-01 4.333310127258300781e-01
1.000000000000000000e+00 7.218294739723205566e-01 1.786673069000244141e-01 4.333310127258300781e-01
1.000000000000000000e+00 7.218294739723205566e-01 1.786673069000244141e-01 4.333310127258300781e-01
1.000000000000000000e+00 7.218294739723205566e-01 1.786673069000244141e-01 4.333310127258300781e-01
1.000000000000000000e+00 7.218294739723205566e-01 1.786673069000244141e-01 4.333310127258300781e-01
1.000000000000000000e+00 7.218294739723205566e-01 1.786673069000244141e-01 4.333310127258300781e-01
1.000000000000000000e+00 7.218294739723205566e-01 1.786673069000244141e-01 4.333310127258300781e-01
1.000000000000000000e+00 7.218294739723205566e-01 1.786673069000244141e-01 4.333310127258300781e-01
1.000000000000000000e+00 7.218294739723205566e-01 1.786673069000244141e-01 4.333310127258300781e-01
1.000000000000000000e+00 7.218294739723205566e-01 1.786673069000244141e-01 4.333310127258300781e-01
1.000000000000000000e+00 7.218294739723205566e-01 1.786673069000244141e-01 4.333310127258300781e-01
1.000000000000000000e+00 7.218294739723205566e-01 1.786673069000244141e-01 4.333310127258300781e-01
1.000000000000000000e+00 7.218294739723205566e-01 1.786673069000244141e-01 4.333310127258300781e-01
1.000000000000000000e+00 7.218294739723205566e-01 1.786673069000244141e-01 4.333310127258300781e-01
1.000000000000000000e+00 7.218294739723205566e-01 1.786673069000244141e-01 4.333310127258300781e-01
1.000000000000000000e+00 7.218294739723205566e-01 1.786673069000244141e-01 4.333310127258300781e-01
1.000000000000000000e+00 7.218294739723205566e-01 1.786673069000244141e-01 4.333310127258300781e-01
1.000000000000000000e+00 7.218294739723205566e-01 1.786673069000244141e-01 4.333310127258300781e-01
1.000000000000000000e+00 7.218294739723205566e-01 1.786673069000244141e-01 4.333310127258300781e-01
1.000000000000000000e+00 7.218294739723205566e-01 1.786673069000244141e-01 4.333310127258300781e-01
1.000000000000000000e+00 7.218294739723205566e-01 1.786673069000244141e-01 4.333310127258300781e-01
1.000000000000000000e+00 7.218294739723205566e-01 1.786673069000244141e-01 4.333310127258300781e-01
1.000000000000000000e+00 7.218294739723205566e-01 1.786673069000244141e-01 4.333310127258300781e-01
1.000000000000000000e+00 7.218294739723205566e-01 1.786673069000244141e-01 4.333310127258300781e-01
1.000000000000000000e+00 7.218294739723205566e-01 1.786673069000244141e-01 4.333310127258300781e-01
1.000000000000000000e+00 7.218294739723205566e-01 1.786673069000244141e-01 4.333310127258300781e-01
1.000000000000000000e+00 7.218294739723205566e-01 1.786673069000244141e-01 4.333310127258300781e-01
1.000000000000000000e+00 7.218294739723205566e-01 1.786673069000244141e-01 4.333310127258300781e-01
1.000000000000000000e+00 7.218294739723205566e-01 1.786673069000244141e-01 4.333310127258300781e-01
1.000000000000000000e+00 7.218294739723205566e-01 1.786673069000244141e-01 4.333310127258300781e-01
1.000000000000000000e+00 7.218294739723205566e-01 1.786673069000244141e-01 4.333310127258300781e-01
1.000000000000000000e+00 7.218294739723205566e-01 1.786673069000244141e-01 4.333310127258300781e-01
1.000000000000000000e+00 7.218294739723205566e-01 1.786673069000244141e-01 4.333310127258300781e-01
1.000000000000000000e+00 7.218294739723205566e-01 1.786673069000244141e-01 4.333310127258300781e-01
1.000000000000000000e+00 7.218294739723205566e-01 1.786673069000244141e-01 4.333310127258300781e-01
1.000000000000000000e+00 7.218294739723205566e-01 1.786673069000244141e-01 4.333310127258300781e-01
1.000000000000000000e+00 7.218294739723205566e-01 1.786673069000244141e-01 4.333310127258300781e-01
1.000000000000000000e+00 7.218294739723205566e-01 1.786673069000244141e-01 4.333310127258300781e-01
1.000000000000000000e+00 7.218294739723205566e-01 1.786673069000244141e-01 4.333310127258300781e-01
1.000000000000000000e+00 7.218294739723205566e-01 1.786673069000244141e-01 4.333310127258300781e-01
1.000000000000000000e+00 7.218294739723205566e-01 1.786673069000244141e-01 4.333310127258300781e-01
