8.885503650205001103e-01 8.859808324620283004e-01 2.227305692851205554e-01 4.603948769930427676e-01
8.542357125846306021e-01 8.089499752369264662e-01 3.306861053032064679e-01 3.861296819653071144e-01
8.478658349989122156e-01 8.634353674355671471e-01 3.445942531363245243e-01 3.718998938066971349e-01
8.486575221874188557e-01 8.441517102199251887e-01 3.299831547973861023e-01 3.146727768202310371e-01
8.490085768379885822e-01 8.509687100393914516e-01 3.252460233311724735e-01 3.405686725312333518e-01
1.000000000000000000e+00 8.270651819984118358e-01 2.025809399558794466e-01 3.703668727458812593e-01
1.000000000000000000e+00 8.279219286752008689e-01 2.032279221951112935e-01 3.725938574529233938e-01
1.000000000000000000e+00 8.294879960530551211e-01 1.436008522507616625e-01 3.874980859414365320e-01
1.000000000000000000e+00 7.282298599796548366e-01 1.600751050462750624e-01 4.046910974597935917e-01
1.000000000000000000e+00 7.013085174687458956e-01 1.459593218761820743e-01 4.055070526029092570e-01
1.000000000000000000e+00 6.951664572537467057e-01 1.388658223639969158e-01 4.031349072332483519e-01
1.000000000000000000e+00 6.981169670017747242e-01 1.414358920517404250e-01 4.031160259726062622e-01
1.000000000000000000e+00 6.984325425355986106e-01 1.418145080775471689e-01 4.028964378774493316e-01
1.000000000000000000e+00 7.140637343167378637e-01 1.406820975104512705e-01 3.997161508481612002e-01
1.000000000000000000e+00 7.123466154231830050e-01 1.374992939122462177e-01 4.055076697679948494e-01
1.000000000000000000e+00 7.109349366900733491e-01 1.364458894491233087e-01 4.049695928632887632e-01
1.000000000000000000e+00 7.040792706286260749e-01 1.361855232429576568e-01 4.126406408365366763e-01
1.000000000000000000e+00 7.020134545881069332e-01 1.391079883460900057e-01 4.102847286027874740e-01
1.000000000000000000e+00 7.034742573406769228e-01 1.403931926160261467e-01 4.107383404761558165e-01
1.000000000000000000e+00 7.032308859838204418e-01 1.403247925648326566e-01 4.101087343091399107e-01
1.000000000000000000e+00 7.070507054430981153e-01 1.429468246533751874e-01 4.037229112707869105e-01
1.000000000000000000e+00 7.077043021848383741e-01 1.445981498347592153e-01 4.044877045602310317e-01
1.000000000000000000e+00 6.979890414186890046e-01 1.410219553376277912e-01 3.981386058847806719e-01
1.000000000000000000e+00 7.040800828669524503e-01 1.374334356359719345e-01 4.058977936991640667e-01
1.000000000000000000e+00 7.038786752015691039e-01 1.367851207271054692e-01 4.054642984076966550e-01
1.000000000000000000e+00 7.055581451766099743e-01 1.397848711043407910e-01 4.066790553730473823e-01
1.000000000000000000e+00 7.067823084332003347e-01 1.408582485613464330e-01 4.073962304925531352e-01
9.906394126270987588e-01 7.087009563270586510e-01 1.416891193065805965e-01 4.116141718463354748e-01
1.000000000000000000e+00 7.125044710882255661e-01 1.475045892123725833e-01 4.142046859341712017e-01
1.000000000000000000e+00 7.107830789316722520e-01 1.466366835647855416e-01 4.142783873344408341e-01
1.000000000000000000e+00 7.088013935861668946e-01 1.452004828123045210e-01 4.150150486095447455e-01
1.000000000000000000e+00 7.111820338044421153e-01 1.479757737951750973e-01 4.172340326314152303e-01
1.000000000000000000e+00 7.118096729246027321e-01 1.480675862716581970e-01 4.172070617795614056e-01
1.000000000000000000e+00 7.125714591974233736e-01 1.487710513556320391e-01 4.175223280213625765e-01
1.000000000000000000e+00 7.131571489833627986e-01 1.490419633625749418e-01 4.186275465621898673e-01
1.000000000000000000e+00 7.125535151800825862e-01 1.486445831540765261e-01 4.188575684127091581e-01
1.000000000000000000e+00 7.127078910683316559e-01 1.495778306680787262e-01 4.195572843312807554e-01
1.000000000000000000e+00 7.125694834088778240e-01 1.494514705304561542e-01 4.195411930522467969e-01
1.000000000000000000e+00 7.125399801458697224e-01 1.495838907214379621e-01 4.201629022189774521e-01
1.000000000000000000e+00 7.124850837217741040e-01 1.494915073981880060e-01 4.199644967083595026e-01
1.000000000000000000e+00 7.125707060928007097e-01 1.494660557103214271e-01 4.198905549732552256e-01
1.000000000000000000e+00 7.127141681526991679e-01 1.500140066996624721e-01 4.203871012464278634e-01
1.000000000000000000e+00 7.127160006179169560e-01 1.499761979343883778e-01 4.203770300822055606e-01
1.000000000000000000e+00 7.127380670316487699e-01 1.500172304420690494e-01 4.204050350752783771e-01
1.000000000000000000e+00 7.129857018239242894e-01 1.502000776187264186e-01 4.204992088171239928e-01
1.000000000000000000e+00 7.137868706448575740e-01 1.509312325532017884e-01 4.210594565951074064e-01
1.000000000000000000e+00 7.137764725546154043e-01 1.509626021049313149e-01 4.210289314124294746e-01
1.000000000000000000e+00 7.139708798629013087e-01 1.511735509684371259e-01 4.212065029863081844e-01
1.000000000000000000e+00 7.139478181040520566e-01 1.510692421631303906e-01 4.210962832281652246e-01
1.000000000000000000e+00 7.138213797269264971e-01 1.505994696725154736e-01 4.209475335591855161e-01
1.000000000000000000e+00 7.139559063631695235e-01 1.500272416626546035e-01 4.207539822751377723e-01
1.000000000000000000e+00 7.144878790593799378e-01 1.496192621583749549e-01 4.209369133387103612e-01
1.000000000000000000e+00 7.135879503716927585e-01 1.484186066877832555e-01 4.207083173798885634e-01
1.000000000000000000e+00 7.140553760934104099e-01 1.471833240818705979e-01 4.203426499921617543e-01
1.000000000000000000e+00 7.141432161414523749e-01 1.473551882485726050e-01 4.204239451544400930e-01
1.000000000000000000e+00 7.138983608786929613e-01 1.465554873777333289e-01 4.186975894267752074e-01
1.000000000000000000e+00 7.139966397862749226e-01 1.466424974198025644e-01 4.186109397478109950e-01
1.000000000000000000e+00 7.138955318898091429e-01 1.467019367580977285e-01 4.188477558626331199e-01
1.000000000000000000e+00 7.139144867736303413e-01 1.467006897155294087e-01 4.188265374276753938e-01
1.000000000000000000e+00 7.142170600959476534e-01 1.468899400645987119e-01 4.191207195172715338e-01
1.000000000000000000e+00 7.142651157501798131e-01 1.465092085337861838e-01 4.174059970756044402e-01
1.000000000000000000e+00 7.142536620888123577e-01 1.464359659818444126e-01 4.173347119678640915e-01
1.000000000000000000e+00 7.143824449537383714e-01 1.467852109162929020e-01 4.175656185839703993e-01
1.000000000000000000e+00 7.147560399379975227e-01 1.470184321475238309e-01 4.178579274592922888e-01
1.000000000000000000e+00 7.148234499787013974e-01 1.470317305100874161e-01 4.180761256732666298e-01
1.000000000000000000e+00 7.150817014948670503e-01 1.476196890757714708e-01 4.189726645957914108e-01
1.000000000000000000e+00 7.152975340174010377e-01 1.477497945643707900e-01 4.192329231500091513e-01
1.000000000000000000e+00 7.154194510293976350e-01 1.477730600719356635e-01 4.192812749575167142e-01
1.000000000000000000e+00 7.154125102554338422e-01 1.477333341338958883e-01 4.193016396819400637e-01
1.000000000000000000e+00 7.154501715531483841e-01 1.478564081993621326e-01 4.193572304024097419e-01
1.000000000000000000e+00 7.153686890414535648e-01 1.478118178961766449e-01 4.193605745114667993e-01
1.000000000000000000e+00 7.154510325250100777e-01 1.478203154785114604e-01 4.194695571281544799e-01
1.000000000000000000e+00 7.155861744460736418e-01 1.479301446693931099e-01 4.195411322426128575e-01
1.000000000000000000e+00 7.155853364892480473e-01 1.480003132050792536e-01 4.195341796678080937e-01
1.000000000000000000e+00 7.157182515060056538e-01 1.475553783266626562e-01 4.195728515641004575e-01
1.000000000000000000e+00 7.156738918175017394e-01 1.474311466330595621e-01 4.192578040865933553e-01
1.000000000000000000e+00 7.156666218177024641e-01 1.474374118904521469e-01 4.192610665472897846e-01
1.000000000000000000e+00 7.156538224210108323e-01 1.474317727894951524e-01 4.192331918565788129e-01
1.000000000000000000e+00 7.156784077517072129e-01 1.473038106334736974e-01 4.192526459257155946e-01
1.000000000000000000e+00 7.156866234681980021e-01 1.473056418721427618e-01 4.193748253069777832e-01
1.000000000000000000e+00 7.157473593856809035e-01 1.473077980514444218e-01 4.193961874980346449e-01
1.000000000000000000e+00 7.160060830037576762e-01 1.475368800212178422e-01 4.194769874052287628e-01
1.000000000000000000e+00 7.161494547815776546e-01 1.477471475728220907e-01 4.198944322567319531e-01
1.000000000000000000e+00 7.159589801993989644e-01 1.477543746054560403e-01 4.199601386540890990e-01
1.000000000000000000e+00 7.159839638048015598e-01 1.477524232589232100e-01 4.201369996196445689e-01
1.000000000000000000e+00 7.160019074806418526e-01 1.477609967119823953e-01 4.201260657678023147e-01
1.000000000000000000e+00 7.162572120004677689e-01 1.490242059091135551e-01 4.222848731224595475e-01
1.000000000000000000e+00 7.162681250017924883e-01 1.490119729792170333e-01 4.222838878643661031e-01
1.000000000000000000e+00 7.161362791793651761e-01 1.490847437315399038e-01 4.224138719009619125e-01
1.000000000000000000e+00 7.163609564150573705e-01 1.498227059803400318e-01 4.227761739380074824e-01
1.000000000000000000e+00 7.161629780846715532e-01 1.511959549285348259e-01 4.238666443010168372e-01
1.000000000000000000e+00 7.161690403731448828e-01 1.511469371302486819e-01 4.238245125015817072e-01
1.000000000000000000e+00 7.162487259140208895e-01 1.511668723091152966e-01 4.239200017603309556e-01
1.000000000000000000e+00 7.162605863735717060e-01 1.512687004823928261e-01 4.240093244449253396e-01
1.000000000000000000e+00 7.162725580154228888e-01 1.512696632141015407e-01 4.240443477803858552e-01
1.000000000000000000e+00 7.162702104094069711e-01 1.513021352091647176e-01 4.240647306867741939e-01
1.000000000000000000e+00 7.161997173318570553e-01 1.512142199837016865e-01 4.238541553724011202e-01
1.000000000000000000e+00 7.162492219693552542e-01 1.513563248291063534e-01 4.237279934137918591e-01
1.000000000000000000e+00 7.161490062054549632e-01 1.512940129224812358e-01 4.237040952958023854e-01
1.000000000000000000e+00 7.162324595203174438e-01 1.514611931253297683e-01 4.237999815395797065e-01
