9.660522937774658203e-01 9.925217628479003906e-01 3.363199234008789062e-01 9.427338242530822754e-01 5.760481357574462891e-01 7.663593888282775879e-01
9.660522937774658203e-01 9.925217628479003906e-01 3.363199234008789062e-01 9.427338242530822754e-01 5.760481357574462891e-01 7.663593888282775879e-01
9.660522937774658203e-01 9.925217628479003906e-01 3.363199234008789062e-01 9.427338242530822754e-01 5.760481357574462891e-01 7.663593888282775879e-01
9.687308942833435799e-01 9.967834704822454706e-01 1.214457137530922659e-01 9.654382979527810216e-01 8.077947075506924923e-01 3.421139027684849676e-01
9.687308942833435799e-01 9.967834704822454706e-01 1.214457137530922659e-01 9.654382979527810216e-01 8.077947075506924923e-01 3.421139027684849676e-01
9.687308942833435799e-01 9.967834704822454706e-01 1.214457137530922659e-01 9.654382979527810216e-01 8.077947075506924923e-01 3.421139027684849676e-01
9.687308942833435799e-01 9.967834704822454706e-01 1.214457137530922659e-01 9.654382979527810216e-01 8.077947075506924923e-01 3.421139027684849676e-01
9.967825930819437241e-01 9.965163015695667204e-01 1.183165464418198115e-01 9.811355664683825140e-01 9.096362654899674549e-01 1.804388943394967526e-01
9.967825930819437241e-01 9.965163015695667204e-01 1.183165464418198115e-01 9.811355664683825140e-01 9.096362654899674549e-01 1.804388943394967526e-01
9.967825930819437241e-01 9.965163015695667204e-01 1.183165464418198115e-01 9.811355664683825140e-01 9.096362654899674549e-01 1.804388943394967526e-01
9.967825930819437241e-01 9.965163015695667204e-01 1.183165464418198115e-01 9.811355664683825140e-01 9.096362654899674549e-01 1.804388943394967526e-01
9.717462373943602794e-01 9.182516573113658209e-01 1.610315564027517757e-02 9.954275665929431804e-01 9.673228986479370795e-01 3.691078784824030623e-01
9.717462373943602794e-01 9.182516573113658209e-01 1.610315564027517757e-02 9.954275665929431804e-01 9.673228986479370795e-01 3.691078784824030623e-01
9.717462373943602794e-01 9.182516573113658209e-01 1.610315564027517757e-02 9.954275665929431804e-01 9.673228986479370795e-01 3.691078784824030623e-01
9.717462373943602794e-01 9.182516573113658209e-01 1.610315564027517757e-02 9.954275665929431804e-01 9.673228986479370795e-01 3.691078784824030623e-01
9.717462373943602794e-01 9.182516573113658209e-01 1.610315564027517757e-02 9.954275665929431804e-01 9.673228986479370795e-01 3.691078784824030623e-01
9.717462373943602794e-01 9.182516573113658209e-01 1.610315564027517757e-02 9.954275665929431804e-01 9.673228986479370795e-01 3.691078784824030623e-01
9.717462373943602794e-01 9.182516573113658209e-01 1.610315564027517757e-02 9.954275665929431804e-01 9.673228986479370795e-01 3.691078784824030623e-01
9.717462373943602794e-01 9.182516573113658209e-01 1.610315564027517757e-02 9.954275665929431804e-01 9.673228986479370795e-01 3.691078784824030623e-01
9.717462373943602794e-01 9.182516573113658209e-01 1.610315564027517757e-02 9.954275665929431804e-01 9.673228986479370795e-01 3.691078784824030623e-01
9.717462373943602794e-01 9.182516573113658209e-01 1.610315564027517757e-02 9.954275665929431804e-01 9.673228986479370795e-01 3.691078784824030623e-01
9.717462373943602794e-01 9.182516573113658209e-01 1.610315564027517757e-02 9.954275665929431804e-01 9.673228986479370795e-01 3.691078784824030623e-01
9.717462373943602794e-01 9.182516573113658209e-01 1.610315564027517757e-02 9.954275665929431804e-01 9.673228986479370795e-01 3.691078784824030623e-01
9.717462373943602794e-01 9.182516573113658209e-01 1.610315564027517757e-02 9.954275665929431804e-01 9.673228986479370795e-01 3.691078784824030623e-01
9.717462373943602794e-01 9.182516573113658209e-01 1.610315564027517757e-02 9.954275665929431804e-01 9.673228986479370795e-01 3.691078784824030623e-01
9.717462373943602794e-01 9.182516573113658209e-01 1.610315564027517757e-02 9.954275665929431804e-01 9.673228986479370795e-01 3.691078784824030623e-01
9.717462373943602794e-01 9.182516573113658209e-01 1.610315564027517757e-02 9.954275665929431804e-01 9.673228986479370795e-01 3.691078784824030623e-01
9.717462373943602794e-01 9.182516573113658209e-01 1.610315564027517757e-02 9.954275665929431804e-01 9.673228986479370795e-01 3.691078784824030623e-01
9.717462373943602794e-01 9.182516573113658209e-01 1.610315564027517757e-02 9.954275665929431804e-01 9.673228986479370795e-01 3.691078784824030623e-01
9.717462373943602794e-01 9.182516573113658209e-01 1.610315564027517757e-02 9.954275665929431804e-01 9.673228986479370795e-01 3.691078784824030623e-01
9.717462373943602794e-01 9.182516573113658209e-01 1.610315564027517757e-02 9.954275665929431804e-01 9.673228986479370795e-01 3.691078784824030623e-01
9.717462373943602794e-01 9.182516573113658209e-01 1.610315564027517757e-02 9.954275665929431804e-01 9.673228986479370795e-01 3.691078784824030623e-01
9.717462373943602794e-01 9.182516573113658209e-01 1.610315564027517757e-02 9.954275665929431804e-01 9.673228986479370795e-01 3.691078784824030623e-01
9.717462373943602794e-01 9.182516573113658209e-01 1.610315564027517757e-02 9.954275665929431804e-01 9.673228986479370795e-01 3.691078784824030623e-01
9.717462373943602794e-01 9.182516573113658209e-01 1.610315564027517757e-02 9.954275665929431804e-01 9.673228986479370795e-01 3.691078784824030623e-01
9.214671358865249573e-01 1.000000000000000000e+00 1.000646464809530796e-02 9.867256761144207466e-01 9.683969360212707489e-01 4.106478912684750071e-01
9.214671358865249573e-01 1.000000000000000000e+00 1.000646464809530796e-02 9.867256761144207466e-01 9.683969360212707489e-01 4.106478912684750071e-01
9.214671358865249573e-01 1.000000000000000000e+00 1.000646464809530796e-02 9.867256761144207466e-01 9.683969360212707489e-01 4.106478912684750071e-01
9.214671358865249573e-01 1.000000000000000000e+00 1.000646464809530796e-02 9.867256761144207466e-01 9.683969360212707489e-01 4.106478912684750071e-01
9.214671358865249573e-01 1.000000000000000000e+00 1.000646464809530796e-02 9.867256761144207466e-01 9.683969360212707489e-01 4.106478912684750071e-01
9.214671358865249573e-01 1.000000000000000000e+00 1.000646464809530796e-02 9.867256761144207466e-01 9.683969360212707489e-01 4.106478912684750071e-01
9.214671358865249573e-01 1.000000000000000000e+00 1.000646464809530796e-02 9.867256761144207466e-01 9.683969360212707489e-01 4.106478912684750071e-01
9.214671358865249573e-01 1.000000000000000000e+00 1.000646464809530796e-02 9.867256761144207466e-01 9.683969360212707489e-01 4.106478912684750071e-01
9.214671358865249573e-01 1.000000000000000000e+00 1.000646464809530796e-02 9.867256761144207466e-01 9.683969360212707489e-01 4.106478912684750071e-01
9.214671358865249573e-01 1.000000000000000000e+00 1.000646464809530796e-02 9.867256761144207466e-01 9.683969360212707489e-01 4.106478912684750071e-01
9.214671358865249573e-01 1.000000000000000000e+00 1.000646464809530796e-02 9.867256761144207466e-01 9.683969360212707489e-01 4.106478912684750071e-01
9.214671358865249573e-01 1.000000000000000000e+00 1.000646464809530796e-02 9.867256761144207466e-01 9.683969360212707489e-01 4.106478912684750071e-01
9.214671358865249573e-01 1.000000000000000000e+00 1.000646464809530796e-02 9.867256761144207466e-01 9.683969360212707489e-01 4.106478912684750071e-01
9.214671358865249573e-01 1.000000000000000000e+00 1.000646464809530796e-02 9.867256761144207466e-01 9.683969360212707489e-01 4.106478912684750071e-01
9.214671358865249573e-01 1.000000000000000000e+00 1.000646464809530796e-02 9.867256761144207466e-01 9.683969360212707489e-01 4.106478912684750071e-01
