-2.449498971393777591e-01
-1.275621903380927957e-01
-1.558440725011644989e-02
1.741661861804194578e-02
1.738113071025876311e-02
1.739051735457836090e-02
1.739358782493310995e-02
1.739768437340111218e-02
-9.933300008032780459e-01
5.600643980810768863e-01
5.616281171302455189e-01
5.616281171302455189e-01
5.616281171302455189e-01
5.690072970396475860e-01
5.686455486576323937e-01
5.692830552044797487e-01
5.689485687826736360e-01
5.684395731635372151e-01
5.685541616464757642e-01
5.686257958283980063e-01
5.685765978358381378e-01
5.683850523970029878e-01
5.683685774764055676e-01
5.684380050135033891e-01
5.684090075747525450e-01
5.693145589118018268e-01
5.692476908669523716e-01
5.691793648927068183e-01
5.339197570443942054e-01
5.696768829024950742e-01
5.693900186081726211e-01
5.693457459426998213e-01
4.720018792720158674e-01
4.712882000691251960e-01
5.294832238171269800e-01
5.694419108573132160e-01
5.694325681381933180e-01
5.696202290027654325e-01
5.697913454041467762e-01
5.698966015508990512e-01
5.698241203294278634e-01
5.698648121122990018e-01
5.699554601910794549e-01
5.699807469816630112e-01
5.699854240632757918e-01
5.700173377952941767e-01
5.700098972653098173e-01
5.699843439412417556e-01
5.699801663407786378e-01
5.699015042249722107e-01
5.699273279940986203e-01
5.699350887542176114e-01
5.698677754392866834e-01
5.698483830391536387e-01
5.698137577599777792e-01
5.698106473591715293e-01
5.698069237809111343e-01
5.697644083014110628e-01
5.695849674658985951e-01
5.695978753421286900e-01
5.696910082237562900e-01
5.696598777574004568e-01
5.696573659429833292e-01
5.696749970048849976e-01
5.696645091233233371e-01
5.696414721583169527e-01
5.696002225829661647e-01
5.695921657288123274e-01
5.695619085292924488e-01
5.695607216423430597e-01
5.695508614788070689e-01
5.695425719408703236e-01
5.695074736162695217e-01
5.695165869207319265e-01
5.695371913189974933e-01
5.696603952440066898e-01
5.695856954224323143e-01
5.695705205480443567e-01
5.695677741042248776e-01
5.695598173791976970e-01
5.695677502046530005e-01
5.695624055162999966e-01
5.695583632821190623e-01
5.694493723886853154e-01
5.694122428200061314e-01
5.694392876483120869e-01
5.694040599695162630e-01
5.693981935377079306e-01
5.693988388367943188e-01
5.693871512950261504e-01
5.693926932713899713e-01
5.694068735035870965e-01
5.695617946543034549e-01
5.695476296390933335e-01
5.695463296778202622e-01
5.695448597219550102e-01
5.695443227823291377e-01
5.695571277434470225e-01
5.695920051254759198e-01
5.695991167163403368e-01
