1.000000000000000000e+00 2.914687992442124287e-01 0.000000000000000000e+00 1.000000000000000000e+00
1.000000000000000000e+00 4.844055451971891468e-01 0.000000000000000000e+00 1.000000000000000000e+00
1.000000000000000000e+00 7.421478288070378904e-01 0.000000000000000000e+00 1.000000000000000000e+00
1.000000000000000000e+00 9.749004424906693167e-01 0.000000000000000000e+00 1.000000000000000000e+00
1.000000000000000000e+00 9.529396004617900484e-01 0.000000000000000000e+00 1.000000000000000000e+00
1.000000000000000000e+00 9.772870286609931512e-01 0.000000000000000000e+00 1.000000000000000000e+00
1.000000000000000000e+00 9.770306266503304693e-01 0.000000000000000000e+00 1.000000000000000000e+00
1.000000000000000000e+00 9.766799108387442807e-01 0.000000000000000000e+00 1.000000000000000000e+00
1.000000000000000000e+00 0.000000000000000000e+00 6.266979411180425563e-01 1.000000000000000000e+00
1.352567665481493007e-02 0.000000000000000000e+00 5.340014176400324081e-02 1.000000000000000000e+00
0.000000000000000000e+00 0.000000000000000000e+00 0.000000000000000000e+00 1.000000000000000000e+00
0.000000000000000000e+00 0.000000000000000000e+00 0.000000000000000000e+00 1.000000000000000000e+00
0.000000000000000000e+00 0.000000000000000000e+00 0.000000000000000000e+00 1.000000000000000000e+00
0.000000000000000000e+00 0.000000000000000000e+00 5.405618624727215327e-02 1.000000000000000000e+00
0.000000000000000000e+00 0.000000000000000000e+00 4.937475295382540152e-02 1.000000000000000000e+00
0.000000000000000000e+00 0.000000000000000000e+00 5.818563884968520200e-02 1.000000000000000000e+00
0.000000000000000000e+00 0.000000000000000000e+00 5.324788031393009463e-02 1.000000000000000000e+00
0.000000000000000000e+00 0.000000000000000000e+00 1.221735593766826444e-01 1.000000000000000000e+00
0.000000000000000000e+00 0.000000000000000000e+00 1.208349983032241670e-01 1.000000000000000000e+00
0.000000000000000000e+00 0.000000000000000000e+00 1.199729794985187892e-01 1.000000000000000000e+00
0.000000000000000000e+00 0.000000000000000000e+00 1.205671906093894186e-01 1.000000000000000000e+00
0.000000000000000000e+00 0.000000000000000000e+00 1.227942799684061254e-01 1.000000000000000000e+00
0.000000000000000000e+00 0.000000000000000000e+00 1.229799098436003685e-01 1.000000000000000000e+00
0.000000000000000000e+00 0.000000000000000000e+00 1.221915532313116171e-01 1.000000000000000000e+00
0.000000000000000000e+00 0.000000000000000000e+00 1.225227770165044500e-01 1.000000000000000000e+00
0.000000000000000000e+00 0.000000000000000000e+00 1.102783323891938921e-01 1.000000000000000000e+00
0.000000000000000000e+00 0.000000000000000000e+00 1.113709609656104438e-01 1.000000000000000000e+00
0.000000000000000000e+00 0.000000000000000000e+00 1.124438716580572206e-01 1.000000000000000000e+00
0.000000000000000000e+00 5.383023009206495263e-02 5.998186531650176456e-02 1.000000000000000000e+00
0.000000000000000000e+00 0.000000000000000000e+00 1.033000513229326428e-01 1.000000000000000000e+00
0.000000000000000000e+00 0.000000000000000000e+00 1.089876176006825959e-01 1.000000000000000000e+00
0.000000000000000000e+00 0.000000000000000000e+00 1.097527864746657839e-01 1.000000000000000000e+00
0.000000000000000000e+00 1.096406664206192039e-01 1.142394766604233787e-02 1.000000000000000000e+00
0.000000000000000000e+00 1.102666741384169952e-01 1.120214344074749180e-02 1.000000000000000000e+00
0.000000000000000000e+00 6.117549813094359107e-02 6.845860883536623864e-02 1.000000000000000000e+00
0.000000000000000000e+00 0.000000000000000000e+00 1.080595535117569728e-01 1.000000000000000000e+00
0.000000000000000000e+00 0.000000000000000000e+00 1.082292888151658028e-01 1.000000000000000000e+00
0.000000000000000000e+00 0.000000000000000000e+00 1.045499829279011444e-01 1.000000000000000000e+00
0.000000000000000000e+00 0.000000000000000000e+00 1.004829314215827663e-01 1.000000000000000000e+00
0.000000000000000000e+00 0.000000000000000000e+00 9.736601048849631568e-02 1.000000000000000000e+00
0.000000000000000000e+00 0.000000000000000000e+00 9.958085408629051283e-02 1.000000000000000000e+00
0.000000000000000000e+00 0.000000000000000000e+00 9.838050604773346253e-02 1.000000000000000000e+00
0.000000000000000000e+00 0.000000000000000000e+00 9.524081535419418043e-02 1.000000000000000000e+00
0.000000000000000000e+00 0.000000000000000000e+00 9.418752154583664993e-02 1.000000000000000000e+00
0.000000000000000000e+00 0.000000000000000000e+00 9.398004933564227392e-02 1.000000000000000000e+00
0.000000000000000000e+00 0.000000000000000000e+00 9.242269102576138040e-02 1.000000000000000000e+00
0.000000000000000000e+00 0.000000000000000000e+00 9.281155848447487922e-02 1.000000000000000000e+00
0.000000000000000000e+00 0.000000000000000000e+00 9.402835905443834852e-02 1.000000000000000000e+00
0.000000000000000000e+00 0.000000000000000000e+00 9.421297291201964630e-02 1.000000000000000000e+00
0.000000000000000000e+00 0.000000000000000000e+00 9.720242562781979123e-02 1.000000000000000000e+00
0.000000000000000000e+00 0.000000000000000000e+00 9.630386141931490673e-02 1.000000000000000000e+00
0.000000000000000000e+00 0.000000000000000000e+00 9.602029176737000848e-02 1.000000000000000000e+00
0.000000000000000000e+00 0.000000000000000000e+00 9.828905785600919320e-02 1.000000000000000000e+00
0.000000000000000000e+00 0.000000000000000000e+00 9.887707297019310282e-02 1.000000000000000000e+00
0.000000000000000000e+00 0.000000000000000000e+00 9.987172709880036414e-02 1.000000000000000000e+00
0.000000000000000000e+00 0.000000000000000000e+00 9.995797852540781736e-02 1.000000000000000000e+00
0.000000000000000000e+00 0.000000000000000000e+00 1.000606115610958302e-01 1.000000000000000000e+00
0.000000000000000000e+00 0.000000000000000000e+00 1.011882504538083732e-01 1.000000000000000000e+00
0.000000000000000000e+00 0.000000000000000000e+00 1.052904547276029695e-01 1.000000000000000000e+00
0.000000000000000000e+00 0.000000000000000000e+00 1.050224610713260537e-01 1.000000000000000000e+00
0.000000000000000000e+00 0.000000000000000000e+00 1.029753999166955619e-01 1.000000000000000000e+00
0.000000000000000000e+00 0.000000000000000000e+00 1.036836857278989471e-01 1.000000000000000000e+00
0.000000000000000000e+00 0.000000000000000000e+00 1.037397109592138877e-01 1.000000000000000000e+00
0.000000000000000000e+00 0.000000000000000000e+00 1.033429776542619527e-01 1.000000000000000000e+00
0.000000000000000000e+00 0.000000000000000000e+00 1.035799582161821414e-01 1.000000000000000000e+00
0.000000000000000000e+00 0.000000000000000000e+00 1.040905447336273049e-01 1.000000000000000000e+00
0.000000000000000000e+00 0.000000000000000000e+00 1.049733550639251611e-01 1.000000000000000000e+00
0.000000000000000000e+00 0.000000000000000000e+00 1.051414283467039940e-01 1.000000000000000000e+00
0.000000000000000000e+00 0.000000000000000000e+00 1.057608956260188832e-01 1.000000000000000000e+00
0.000000000000000000e+00 0.000000000000000000e+00 1.057848320198205017e-01 1.000000000000000000e+00
0.000000000000000000e+00 0.000000000000000000e+00 1.059826666235335335e-01 1.000000000000000000e+00
0.000000000000000000e+00 0.000000000000000000e+00 1.061476056765495862e-01 1.000000000000000000e+00
0.000000000000000000e+00 0.000000000000000000e+00 1.068326288348356717e-01 1.000000000000000000e+00
0.000000000000000000e+00 0.000000000000000000e+00 1.066567736282300199e-01 1.000000000000000000e+00
0.000000000000000000e+00 0.000000000000000000e+00 1.062540038820019017e-01 1.000000000000000000e+00
0.000000000000000000e+00 0.000000000000000000e+00 1.036721232454237834e-01 1.000000000000000000e+00
0.000000000000000000e+00 0.000000000000000000e+00 1.052754317885966490e-01 1.000000000000000000e+00
0.000000000000000000e+00 0.000000000000000000e+00 1.055864096150620490e-01 1.000000000000000000e+00
0.000000000000000000e+00 0.000000000000000000e+00 1.056422091927764623e-01 1.000000000000000000e+00
0.000000000000000000e+00 0.000000000000000000e+00 1.058030507948963389e-01 1.000000000000000000e+00
0.000000000000000000e+00 0.000000000000000000e+00 1.056426941223430616e-01 1.000000000000000000e+00
0.000000000000000000e+00 0.000000000000000000e+00 1.057508647888792952e-01 1.000000000000000000e+00
0.000000000000000000e+00 0.000000000000000000e+00 1.058323151870988743e-01 1.000000000000000000e+00
0.000000000000000000e+00 0.000000000000000000e+00 1.079231224843387738e-01 1.000000000000000000e+00
0.000000000000000000e+00 0.000000000000000000e+00 1.085944725861954924e-01 1.000000000000000000e+00
0.000000000000000000e+00 0.000000000000000000e+00 1.081073327763267117e-01 1.000000000000000000e+00
0.000000000000000000e+00 0.000000000000000000e+00 1.087399591640321322e-01 1.000000000000000000e+00
0.000000000000000000e+00 0.000000000000000000e+00 1.088437326039054520e-01 1.000000000000000000e+00
0.000000000000000000e+00 0.000000000000000000e+00 1.088323390687704478e-01 1.000000000000000000e+00
0.000000000000000000e+00 0.000000000000000000e+00 1.090378871270446248e-01 1.000000000000000000e+00
0.000000000000000000e+00 0.000000000000000000e+00 1.089406335586061425e-01 1.000000000000000000e+00
0.000000000000000000e+00 0.000000000000000000e+00 1.086900335573315057e-01 1.000000000000000000e+00
0.000000000000000000e+00 0.000000000000000000e+00 1.057631933404266505e-01 1.000000000000000000e+00
0.000000000000000000e+00 0.000000000000000000e+00 1.060471197497195872e-01 1.000000000000000000e+00
0.000000000000000000e+00 0.000000000000000000e+00 1.060729914330606621e-01 1.000000000000000000e+00
0.000000000000000000e+00 0.000000000000000000e+00 1.061022094437081009e-01 1.000000000000000000e+00
0.000000000000000000e+00 0.000000000000000000e+00 1.061128723497826998e-01 1.000000000000000000e+00
0.000000000000000000e+00 0.000000000000000000e+00 1.058571498478711043e-01 1.000000000000000000e+00
0.000000000000000000e+00 0.000000000000000000e+00 1.051447649299468989e-01 1.000000000000000000e+00
0.000000000000000000e+00 0.000000000000000000e+00 1.049965050948478140e-01 1.000000000000000000e+00
