4.646399021148681641e-01 6.261903047561645508e-02 2.647148370742797852e-01 8.437883853912353516e-02 9.525206685066223145e-01 6.236785054206848145e-01
4.646399021148681641e-01 6.261903047561645508e-02 2.647148370742797852e-01 8.437883853912353516e-02 9.525206685066223145e-01 6.236785054206848145e-01
4.646399021148681641e-01 6.261903047561645508e-02 2.647148370742797852e-01 8.437883853912353516e-02 9.525206685066223145e-01 6.236785054206848145e-01
4.646399021148681641e-01 6.261903047561645508e-02 2.647148370742797852e-01 8.437883853912353516e-02 9.525206685066223145e-01 6.236785054206848145e-01
4.646399021148681641e-01 6.261903047561645508e-02 2.647148370742797852e-01 8.437883853912353516e-02 9.525206685066223145e-01 6.236785054206848145e-01
4.646399021148681641e-01 6.261903047561645508e-02 2.647148370742797852e-01 8.437883853912353516e-02 9.525206685066223145e-01 6.236785054206848145e-01
4.646399021148681641e-01 6.261903047561645508e-02 2.647148370742797852e-01 8.437883853912353516e-02 9.525206685066223145e-01 6.236785054206848145e-01
4.646399021148681641e-01 6.261903047561645508e-02 2.647148370742797852e-01 8.437883853912353516e-02 9.525206685066223145e-01 6.236785054206848145e-01
4.646399021148681641e-01 6.261903047561645508e-02 2.647148370742797852e-01 8.437883853912353516e-02 9.525206685066223145e-01 6.236785054206848145e-01
4.646399021148681641e-01 6.261903047561645508e-02 2.647148370742797852e-01 8.437883853912353516e-02 9.525206685066223145e-01 6.236785054206848145e-01
4.646399021148681641e-01 6.261903047561645508e-02 2.647148370742797852e-01 8.437883853912353516e-02 9.525206685066223145e-01 6.236785054206848145e-01
4.646399021148681641e-01 6.261903047561645508e-02 2.647148370742797852e-01 8.437883853912353516e-02 9.525206685066223145e-01 6.236785054206848145e-01
4.646399021148681641e-01 6.261903047561645508e-02 2.647148370742797852e-01 8.437883853912353516e-02 9.525206685066223145e-01 6.236785054206848145e-01
4.646399021148681641e-01 6.261903047561645508e-02 2.647148370742797852e-01 8.437883853912353516e-02 9.525206685066223145e-01 6.236785054206848145e-01
4.646399021148681641e-01 6.261903047561645508e-02 2.647148370742797852e-01 8.437883853912353516e-02 9.525206685066223145e-01 6.236785054206848145e-01
4.646399021148681641e-01 6.261903047561645508e-02 2.647148370742797852e-01 8.437883853912353516e-02 9.525206685066223145e-01 6.236785054206848145e-01
4.646399021148681641e-01 6.261903047561645508e-02 2.647148370742797852e-01 8.437883853912353516e-02 9.525206685066223145e-01 6.236785054206848145e-01
4.646399021148681641e-01 6.261903047561645508e-02 2.647148370742797852e-01 8.437883853912353516e-02 9.525206685066223145e-01 6.236785054206848145e-01
4.646399021148681641e-01 6.261903047561645508e-02 2.647148370742797852e-01 8.437883853912353516e-02 9.525206685066223145e-01 6.236785054206848145e-01
4.646399021148681641e-01 6.261903047561645508e-02 2.647148370742797852e-01 8.437883853912353516e-02 9.525206685066223145e-01 6.236785054206848145e-01
4.646399021148681641e-01 6.261903047561645508e-02 2.647148370742797852e-01 8.437883853912353516e-02 9.525206685066223145e-01 6.236785054206848145e-01
4.646399021148681641e-01 6.261903047561645508e-02 2.647148370742797852e-01 8.437883853912353516e-02 9.525206685066223145e-01 6.236785054206848145e-01
4.646399021148681641e-01 6.261903047561645508e-02 2.647148370742797852e-01 8.437883853912353516e-02 9.525206685066223145e-01 6.236785054206848145e-01
4.646399021148681641e-01 6.261903047561645508e-02 2.647148370742797852e-01 8.437883853912353516e-02 9.525206685066223145e-01 6.236785054206848145e-01
4.646399021148681641e-01 6.261903047561645508e-02 2.647148370742797852e-01 8.437883853912353516e-02 9.525206685066223145e-01 6.236785054206848145e-01
4.646399021148681641e-01 6.261903047561645508e-02 2.647148370742797852e-01 8.437883853912353516e-02 9.525206685066223145e-01 6.236785054206848145e-01
4.646399021148681641e-01 6.261903047561645508e-02 2.647148370742797852e-01 8.437883853912353516e-02 9.525206685066223145e-01 6.236785054206848145e-01
4.646399021148681641e-01 6.261903047561645508e-02 2.647148370742797852e-01 8.437883853912353516e-02 9.525206685066223145e-01 6.236785054206848145e-01
4.646399021148681641e-01 6.261903047561645508e-02 2.647148370742797852e-01 8.437883853912353516e-02 9.525206685066223145e-01 6.236785054206848145e-01
4.646399021148681641e-01 6.261903047561645508e-02 2.647148370742797852e-01 8.437883853912353516e-02 9.525206685066223145e-01 6.236785054206848145e-01
4.646399021148681641e-01 6.261903047561645508e-02 2.647148370742797852e-01 8.437883853912353516e-02 9.525206685066223145e-01 6.236785054206848145e-01
4.646399021148681641e-01 6.261903047561645508e-02 2.647148370742797852e-01 8.437883853912353516e-02 9.525206685066223145e-01 6.236785054206848145e-01
4.646399021148681641e-01 6.261903047561645508e-02 2.647148370742797852e-01 8.437883853912353516e-02 9.525206685066223145e-01 6.236785054206848145e-01
4.646399021148681641e-01 6.261903047561645508e-02 2.647148370742797852e-01 8.437883853912353516e-02 9.525206685066223145e-01 6.236785054206848145e-01
4.646399021148681641e-01 6.261903047561645508e-02 2.647148370742797852e-01 8.437883853912353516e-02 9.525206685066223145e-01 6.236785054206848145e-01
4.646399021148681641e-01 6.261903047561645508e-02 2.647148370742797852e-01 8.437883853912353516e-02 9.525206685066223145e-01 6.236785054206848145e-01
4.646399021148681641e-01 6.261903047561645508e-02 2.647148370742797852e-01 8.437883853912353516e-02 9.525206685066223145e-01 6.236785054206848145e-01
4.646399021148681641e-01 6.261903047561645508e-02 2.647148370742797852e-01 8.437883853912353516e-02 9.525206685066223145e-01 6.236785054206848145e-01
4.646399021148681641e-01 6.261903047561645508e-02 2.647148370742797852e-01 8.437883853912353516e-02 9.525206685066223145e-01 6.236785054206848145e-01
4.646399021148681641e-01 6.261903047561645508e-02 2.647148370742797852e-01 8.437883853912353516e-02 9.525206685066223145e-01 6.236785054206848145e-01
4.646399021148681641e-01 6.261903047561645508e-02 2.647148370742797852e-01 8.437883853912353516e-02 9.525206685066223145e-01 6.236785054206848145e-01
4.646399021148681641e-01 6.261903047561645508e-02 2.647148370742797852e-01 8.437883853912353516e-02 9.525206685066223145e-01 6.236785054206848145e-01
4.646399021148681641e-01 6.261903047561645508e-02 2.647148370742797852e-01 8.437883853912353516e-02 9.525206685066223145e-01 6.236785054206848145e-01
4.646399021148681641e-01 6.261903047561645508e-02 2.647148370742797852e-01 8.437883853912353516e-02 9.525206685066223145e-01 6.236785054206848145e-01
8.326785564422607422e-01 5.153144001960754395e-01 1.745190620422363281e-01 4.789410233497619629e-01 9.146629571914672852e-01 9.764215946197509766e-01
8.326785564422607422e-01 5.153144001960754395e-01 1.745190620422363281e-01 4.789410233497619629e-01 9.146629571914672852e-01 9.764215946197509766e-01
8.326785564422607422e-01 5.153144001960754395e-01 1.745190620422363281e-01 4.789410233497619629e-01 9.146629571914672852e-01 9.764215946197509766e-01
8.326785564422607422e-01 5.153144001960754395e-01 1.745190620422363281e-01 4.789410233497619629e-01 9.146629571914672852e-01 9.764215946197509766e-01
8.326785564422607422e-01 5.153144001960754395e-01 1.745190620422363281e-01 4.789410233497619629e-01 9.146629571914672852e-01 9.764215946197509766e-01
8.326785564422607422e-01 5.153144001960754395e-01 1.745190620422363281e-01 4.789410233497619629e-01 9.146629571914672852e-01 9.764215946197509766e-01
8.326785564422607422e-01 5.153144001960754395e-01 1.745190620422363281e-01 4.789410233497619629e-01 9.146629571914672852e-01 9.764215946197509766e-01
8.326785564422607422e-01 5.153144001960754395e-01 1.745190620422363281e-01 4.789410233497619629e-01 9.146629571914672852e-01 9.764215946197509766e-01
8.326785564422607422e-01 5.153144001960754395e-01 1.745190620422363281e-01 4.789410233497619629e-01 9.146629571914672852e-01 9.764215946197509766e-01
8.326785564422607422e-01 5.153144001960754395e-01 1.745190620422363281e-01 4.789410233497619629e-01 9.146629571914672852e-01 9.764215946197509766e-01
8.326785564422607422e-01 5.153144001960754395e-01 1.745190620422363281e-01 4.789410233497619629e-01 9.146629571914672852e-01 9.764215946197509766e-01
8.326785564422607422e-01 5.153144001960754395e-01 1.745190620422363281e-01 4.789410233497619629e-01 9.146629571914672852e-01 9.764215946197509766e-01
8.326785564422607422e-01 5.153144001960754395e-01 1.745190620422363281e-01 4.789410233497619629e-01 9.146629571914672852e-01 9.764215946197509766e-01
8.326785564422607422e-01 5.153144001960754395e-01 1.745190620422363281e-01 4.789410233497619629e-01 9.146629571914672852e-01 9.764215946197509766e-01
8.326785564422607422e-01 5.153144001960754395e-01 1.745190620422363281e-01 4.789410233497619629e-01 9.146629571914672852e-01 9.764215946197509766e-01
8.326785564422607422e-01 5.153144001960754395e-01 1.745190620422363281e-01 4.789410233497619629e-01 9.146629571914672852e-01 9.764215946197509766e-01
8.326785564422607422e-01 5.153144001960754395e-01 1.745190620422363281e-01 4.789410233497619629e-01 9.146629571914672852e-01 9.764215946197509766e-01
8.326785564422607422e-01 5.153144001960754395e-01 1.745190620422363281e-01 4.789410233497619629e-01 9.146629571914672852e-01 9.764215946197509766e-01
8.326785564422607422e-01 5.153144001960754395e-01 1.745190620422363281e-01 4.789410233497619629e-01 9.146629571914672852e-01 9.764215946197509766e-01
8.326785564422607422e-01 5.153144001960754395e-01 1.745190620422363281e-01 4.789410233497619629e-01 9.146629571914672852e-01 9.764215946197509766e-01
8.326785564422607422e-01 5.153144001960754395e-01 1.745190620422363281e-01 4.789410233497619629e-01 9.146629571914672852e-01 9.764215946197509766e-01
8.326785564422607422e-01 5.153144001960754395e-01 1.745190620422363281e-01 4.789410233497619629e-01 9.146629571914672852e-01 9.764215946197509766e-01
8.326785564422607422e-01 5.153144001960754395e-01 1.745190620422363281e-01 4.789410233497619629e-01 9.146629571914672852e-01 9.764215946197509766e-01
8.326785564422607422e-01 5.153144001960754395e-01 1.745190620422363281e-01 4.789410233497619629e-01 9.146629571914672852e-01 9.764215946197509766e-01
8.326785564422607422e-01 5.153144001960754395e-01 1.745190620422363281e-01 4.789410233497619629e-01 9.146629571914672852e-01 9.764215946197509766e-01
8.326785564422607422e-01 5.153144001960754395e-01 1.745190620422363281e-01 4.789410233497619629e-01 9.146629571914672852e-01 9.764215946197509766e-01
8.326785564422607422e-01 5.153144001960754395e-01 1.745190620422363281e-01 4.789410233497619629e-01 9.146629571914672852e-01 9.764215946197509766e-01
8.326785564422607422e-01 5.153144001960754395e-01 1.745190620422363281e-01 4.789410233497619629e-01 9.146629571914672852e-01 9.764215946197509766e-01
8.326785564422607422e-01 5.153144001960754395e-01 1.745190620422363281e-01 4.789410233497619629e-01 9.146629571914672852e-01 9.764215946197509766e-01
8.326785564422607422e-01 5.153144001960754395e-01 1.745190620422363281e-01 4.789410233497619629e-01 9.146629571914672852e-01 9.764215946197509766e-01
8.326785564422607422e-01 5.153144001960754395e-01 1.745190620422363281e-01 4.789410233497619629e-01 9.146629571914672852e-01 9.764215946197509766e-01
8.326785564422607422e-01 5.153144001960754395e-01 1.745190620422363281e-01 4.789410233497619629e-01 9.146629571914672852e-01 9.764215946197509766e-01
8.326785564422607422e-01 5.153144001960754395e-01 1.745190620422363281e-01 4.789410233497619629e-01 9.146629571914672852e-01 9.764215946197509766e-01
8.326785564422607422e-01 5.153144001960754395e-01 1.745190620422363281e-01 4.789410233497619629e-01 9.146629571914672852e-01 9.764215946197509766e-01
8.326785564422607422e-01 5.153144001960754395e-01 1.745190620422363281e-01 4.789410233497619629e-01 9.146629571914672852e-01 9.764215946197509766e-01
8.326785564422607422e-01 5.153144001960754395e-01 1.745190620422363281e-01 4.789410233497619629e-01 9.146629571914672852e-01 9.764215946197509766e-01
8.326785564422607422e-01 5.153144001960754395e-01 1.745190620422363281e-01 4.789410233497619629e-01 9.146629571914672852e-01 9.764215946197509766e-01
8.326785564422607422e-01 5.153144001960754395e-01 1.745190620422363281e-01 4.789410233497619629e-01 9.146629571914672852e-01 9.764215946197509766e-01
8.326785564422607422e-01 5.153144001960754395e-01 1.745190620422363281e-01 4.789410233497619629e-01 9.146629571914672852e-01 9.764215946197509766e-01
8.326785564422607422e-01 5.153144001960754395e-01 1.745190620422363281e-01 4.789410233497619629e-01 9.146629571914672852e-01 9.764215946197509766e-01
8.326785564422607422e-01 5.153144001960754395e-01 1.745190620422363281e-01 4.789410233497619629e-01 9.146629571914672852e-01 9.764215946197509766e-01
8.326785564422607422e-01 5.153144001960754395e-01 1.745190620422363281e-01 4.789410233497619629e-01 9.146629571914672852e-01 9.764215946197509766e-01
8.326785564422607422e-01 5.153144001960754395e-01 1.745190620422363281e-01 4.789410233497619629e-01 9.146629571914672852e-01 9.764215946197509766e-01
8.326785564422607422e-01 5.153144001960754395e-01 1.745190620422363281e-01 4.789410233497619629e-01 9.146629571914672852e-01 9.764215946197509766e-01
8.326785564422607422e-01 5.153144001960754395e-01 1.745190620422363281e-01 4.789410233497619629e-01 9.146629571914672852e-01 9.764215946197509766e-01
8.326785564422607422e-01 5.153144001960754395e-01 1.745190620422363281e-01 4.789410233497619629e-01 9.146629571914672852e-01 9.764215946197509766e-01
8.326785564422607422e-01 5.153144001960754395e-01 1.745190620422363281e-01 4.789410233497619629e-01 9.146629571914672852e-01 9.764215946197509766e-01
8.326785564422607422e-01 5.153144001960754395e-01 1.745190620422363281e-01 4.789410233497619629e-01 9.146629571914672852e-01 9.764215946197509766e-01
8.326785564422607422e-01 5.153144001960754395e-01 1.745190620422363281e-01 4.789410233497619629e-01 9.146629571914672852e-01 9.764215946197509766e-01
8.326785564422607422e-01 5.153144001960754395e-01 1.745190620422363281e-01 4.789410233497619629e-01 9.146629571914672852e-01 9.764215946197509766e-01
8.326785564422607422e-01 5.153144001960754395e-01 1.745190620422363281e-01 4.789410233497619629e-01 9.146629571914672852e-01 9.764215946197509766e-01
8.326785564422607422e-01 5.153144001960754395e-01 1.745190620422363281e-01 4.789410233497619629e-01 9.146629571914672852e-01 9.764215946197509766e-01
8.326785564422607422e-01 5.153144001960754395e-01 1.745190620422363281e-01 4.789410233497619629e-01 9.146629571914672852e-01 9.764215946197509766e-01
8.326785564422607422e-01 5.153144001960754395e-01 1.745190620422363281e-01 4.789410233497619629e-01 9.146629571914672852e-01 9.764215946197509766e-01
8.326785564422607422e-01 5.153144001960754395e-01 1.745190620422363281e-01 4.789410233497619629e-01 9.146629571914672852e-01 9.764215946197509766e-01
8.326785564422607422e-01 5.153144001960754395e-01 1.745190620422363281e-01 4.789410233497619629e-01 9.146629571914672852e-01 9.764215946197509766e-01
