3.675737977027893066e-01 1.876814365386962891e-01 8.998645544052124023e-01 8.388725519180297852e-01 5.491202473640441895e-01 4.507626295089721680e-01
7.364158034324645996e-01 4.973125457763671875e-01 4.322239756584167480e-01 1.947087049484252930e-02 2.841257452964782715e-01 4.952394366264343262e-01
6.355846524238586426e-01 3.316119313240051270e-01 2.354858517646789551e-01 9.156133532524108887e-01 6.960507631301879883e-01 1.477075219154357910e-01
3.741427063941955566e-01 6.638253331184387207e-01 7.591333389282226562e-01 8.193832635879516602e-01 9.670391678810119629e-01 5.345314741134643555e-01
2.172136306762695312e-02 8.209351897239685059e-01 1.229423880577087402e-01 1.486330032348632812e-01 4.523384571075439453e-01 7.531247138977050781e-01
5.430609583854675293e-01 7.740926742553710938e-01 3.524243235588073730e-01 8.182526230812072754e-01 7.254135608673095703e-01 1.121804118156433105e-01
9.541434049606323242e-02 4.499190449714660645e-01 7.256436347961425781e-01 8.804765939712524414e-01 2.603877186775207520e-01 6.130666732788085938e-01
3.755463957786560059e-01 3.380574584007263184e-01 6.699740886688232422e-03 5.308504700660705566e-01 8.613255023956298828e-01 9.677674174308776855e-01
5.548073053359985352e-01 4.490418434143066406e-01 3.588042259216308594e-01 4.326553940773010254e-01 5.418561697006225586e-01 7.972910404205322266e-01
7.423871159553527832e-01 6.430748701095581055e-01 5.683477520942687988e-01 8.494138717651367188e-01 2.196553945541381836e-01 4.127011895179748535e-01
1.000000000000000000e+00 6.825294737367705311e-01 1.000000000000000000e+00 0.000000000000000000e+00 0.000000000000000000e+00 1.000000000000000000e+00
1.000000000000000000e+00 9.207713383139040086e-01 1.000000000000000000e+00 0.000000000000000000e+00 0.000000000000000000e+00 4.729784265038599611e-01
1.000000000000000000e+00 6.282472658767959128e-01 1.000000000000000000e+00 0.000000000000000000e+00 0.000000000000000000e+00 1.000000000000000000e+00
1.000000000000000000e+00 7.359444364675525874e-01 1.000000000000000000e+00 0.000000000000000000e+00 0.000000000000000000e+00 1.000000000000000000e+00
1.000000000000000000e+00 1.000000000000000000e+00 2.608476351251644565e-01 0.000000000000000000e+00 0.000000000000000000e+00 1.000000000000000000e+00
1.000000000000000000e+00 9.644597832418270178e-01 8.671697831025341197e-01 0.000000000000000000e+00 0.000000000000000000e+00 1.000000000000000000e+00
1.000000000000000000e+00 1.000000000000000000e+00 1.000000000000000000e+00 7.633293469169961654e-01 0.000000000000000000e+00 1.000000000000000000e+00
1.000000000000000000e+00 9.945430502761890557e-01 1.000000000000000000e+00 0.000000000000000000e+00 9.089920947852347943e-01 1.000000000000000000e+00
8.028498977224931554e-01 9.948693287109565686e-01 1.000000000000000000e+00 0.000000000000000000e+00 7.396465049168927663e-01 1.000000000000000000e+00
7.021477122053254583e-01 1.000000000000000000e+00 1.000000000000000000e+00 0.000000000000000000e+00 0.000000000000000000e+00 1.000000000000000000e+00
7.546818197627080949e-01 1.000000000000000000e+00 1.000000000000000000e+00 0.000000000000000000e+00 1.000000000000000000e+00 1.000000000000000000e+00
7.050849348494462321e-01 1.000000000000000000e+00 1.000000000000000000e+00 0.000000000000000000e+00 4.180023064980820102e-01 1.000000000000000000e+00
5.434936879947326327e-01 1.000000000000000000e+00 1.000000000000000000e+00 0.000000000000000000e+00 3.859453434150234008e-01 1.000000000000000000e+00
4.013575954582122018e-01 1.000000000000000000e+00 1.000000000000000000e+00 0.000000000000000000e+00 3.755273140195710124e-01 1.000000000000000000e+00
4.129939782096936907e-01 1.000000000000000000e+00 1.000000000000000000e+00 0.000000000000000000e+00 4.192426664413014814e-01 8.029329899010241300e-01
4.776776815468828929e-01 9.652539781185341949e-01 1.000000000000000000e+00 0.000000000000000000e+00 3.885061654749454307e-01 1.000000000000000000e+00
1.000000000000000000e+00 1.000000000000000000e+00 2.782035545114204256e-01 0.000000000000000000e+00 1.000000000000000000e+00 1.000000000000000000e+00
5.962326809054786098e-02 1.000000000000000000e+00 1.000000000000000000e+00 1.000000000000000000e+00 5.291778441220335027e-02 1.000000000000000000e+00
4.692240619049312111e-01 9.996825820077442915e-01 1.000000000000000000e+00 0.000000000000000000e+00 4.363357987320343190e-01 1.000000000000000000e+00
4.603699077381482874e-01 9.676458939601064735e-01 1.000000000000000000e+00 0.000000000000000000e+00 3.260629937576948190e-01 1.000000000000000000e+00
0.000000000000000000e+00 0.000000000000000000e+00 1.000000000000000000e+00 0.000000000000000000e+00 0.000000000000000000e+00 1.000000000000000000e+00
0.000000000000000000e+00 7.543557909591267485e-01 1.000000000000000000e+00 0.000000000000000000e+00 0.000000000000000000e+00 0.000000000000000000e+00
4.652019053167569806e-01 9.885603434237294485e-01 1.000000000000000000e+00 0.000000000000000000e+00 3.290971036416251994e-01 1.000000000000000000e+00
1.000000000000000000e+00 1.000000000000000000e+00 1.000000000000000000e+00 0.000000000000000000e+00 1.000000000000000000e+00 0.000000000000000000e+00
1.000000000000000000e+00 1.000000000000000000e+00 1.000000000000000000e+00 1.000000000000000000e+00 1.000000000000000000e+00 1.000000000000000000e+00
9.519726689904928207e-01 1.173977050930261612e-01 5.842014523223042488e-01 6.831949949264526367e-02 9.831516975536942482e-01 8.056885376572608948e-01
4.602796066459268198e-01 9.630281546848332708e-01 1.000000000000000000e+00 0.000000000000000000e+00 3.296856979402707499e-01 1.000000000000000000e+00
8.072785753756761551e-02 2.389246169477701187e-01 9.131232304498553276e-01 4.054546449333429337e-02 7.386711202561855316e-01 6.313479598611593246e-02
9.156409044048114954e-01 9.478364128434765279e-01 4.636013702984298490e-02 9.009004585136975995e-01 7.867490357485390495e-01 8.887708445265244395e-01
1.823034547269344330e-01 2.586899511516094208e-02 2.847528085112571716e-03 1.251854579895734787e-01 3.265432454645633698e-02 5.494067734107375145e-01
7.073371596634387970e-01 9.252297813072800636e-01 7.430737074464559555e-01 1.037229588255286217e-01 4.736238755285739899e-01 9.879936836659908295e-01
5.473141307011246681e-01 9.372685104608535767e-03 9.396908758208155632e-01 1.628363691270351410e-02 9.223535005003213882e-02 7.941685337573289871e-02
9.597805552184581757e-01 9.849172923713922501e-01 2.892054077237844467e-01 9.689901862293481827e-02 1.851598303765058517e-01 2.217385079711675644e-02
4.826148701831698418e-01 9.495747489854693413e-01 2.936663208529353142e-01 7.352803833782672882e-02 1.012370120733976364e-01 1.988870603963732719e-01
8.460564892739057541e-01 9.574335897341370583e-01 7.923331949859857559e-02 3.829385153949260712e-03 8.771240916103124619e-01 3.290851302444934845e-01
1.403135899454355240e-02 3.308948874473571777e-02 7.210591323673725128e-01 8.415619842708110809e-03 9.749940987676382065e-01 9.823540793731808662e-01
1.047591660171747208e-01 9.020248651504516602e-01 1.468949979171156883e-01 6.751280277967453003e-03 9.293604781851172447e-01 6.392472982406616211e-02
2.443391298875212669e-01 9.926207168027758598e-01 4.929048977792263031e-01 9.472869858145713806e-01 4.899016395211219788e-02 8.216568641364574432e-02
9.479463594034314156e-01 9.741759598255157471e-01 8.320257719606161118e-01 9.044823590666055679e-01 2.758349692448973656e-01 1.597064174711704254e-02
4.948922740295529366e-01 9.266343871131539345e-01 9.688930381089448929e-01 1.448813676834106445e-01 3.576658004894852638e-01 8.771054912358522415e-01
2.743909778073430061e-01 9.532099338248372078e-01 9.883766351267695427e-01 9.220410324633121490e-01 1.795410728082060814e-01 5.475082527846097946e-02
4.927646368741989136e-03 8.823057496920228004e-01 8.065267046913504601e-01 1.935400441288948059e-02 1.356197707355022430e-02 5.601420998573303223e-01
6.054223179817199707e-01 5.239123757928609848e-01 3.852038886398077011e-01 4.469192242249846458e-01 1.790955951437354088e-01 3.447045367211103439e-01
9.923255629837512970e-01 4.269571788609027863e-02 2.722485773265361786e-01 8.092772709205746651e-01 2.916699377819895744e-01 9.979786798357963562e-01
1.630798541009426117e-02 9.295092830434441566e-01 8.120622811838984489e-01 9.633460706099867821e-01 8.327192207798361778e-01 9.788670418784022331e-01
7.291122153401374817e-02 4.936636053025722504e-02 9.984308052808046341e-01 8.901758119463920593e-01 7.671904219314455986e-01 9.635862316936254501e-01
9.490734487771987915e-01 1.162638468667864799e-01 7.519251201301813126e-02 1.792484242469072342e-02 9.879489066079258919e-01 5.766560416668653488e-02
9.604591410607099533e-01 2.371490187942981720e-02 9.955112654715776443e-01 9.994791494682431221e-01 7.417056383565068245e-01 9.451644122600555420e-02
9.862588047981262207e-01 5.459034554660320282e-01 9.999743718653917313e-01 7.774714427068829536e-01 9.757959265261888504e-01 8.345460575073957443e-01
4.654964078217744827e-01 2.346701566129922867e-01 6.363232983276247978e-01 3.337604561820626259e-01 7.003482123836874962e-01 1.285660834982991219e-01
