1.000000000000000000e+00 0.000000000000000000e+00 3.139986437463661573e-01 0.000000000000000000e+00
5.573228831037825293e-01 0.000000000000000000e+00 3.829934461716289484e-01 0.000000000000000000e+00
6.802322353801897314e-01 7.191501730574934026e-01 3.914853489742692316e-01 1.242549923180246013e-01
5.075661836614383526e-01 4.744342519452382501e-01 3.882931589184283050e-01 3.714324155565459917e-02
3.115216697181656391e-01 0.000000000000000000e+00 4.223269399597905371e-01 2.146130449221879052e-02
0.000000000000000000e+00 0.000000000000000000e+00 3.668256946865164347e-01 0.000000000000000000e+00
0.000000000000000000e+00 0.000000000000000000e+00 3.734271463647771405e-01 0.000000000000000000e+00
0.000000000000000000e+00 0.000000000000000000e+00 3.833246448422887864e-01 0.000000000000000000e+00
0.000000000000000000e+00 0.000000000000000000e+00 3.462176504923573650e-01 8.725497088476492913e-02
0.000000000000000000e+00 0.000000000000000000e+00 3.153093715018595034e-01 4.485403630981389667e-02
0.000000000000000000e+00 0.000000000000000000e+00 2.162274634805205764e-01 0.000000000000000000e+00
0.000000000000000000e+00 0.000000000000000000e+00 2.061355388562463586e-01 1.552388908930303342e-04
0.000000000000000000e+00 0.000000000000000000e+00 2.307050619862622276e-01 3.476084174275941713e-02
0.000000000000000000e+00 0.000000000000000000e+00 2.416476988416915717e-01 2.813067788068298464e-02
0.000000000000000000e+00 0.000000000000000000e+00 2.247792980109270256e-01 6.312801021554274861e-02
0.000000000000000000e+00 0.000000000000000000e+00 2.015202230286471941e-01 1.354817645671899801e-02
0.000000000000000000e+00 0.000000000000000000e+00 1.569638748951046603e-01 8.180691499340954354e-03
0.000000000000000000e+00 0.000000000000000000e+00 1.605584680160183353e-01 9.252470741308957414e-03
0.000000000000000000e+00 0.000000000000000000e+00 1.580680809440914159e-01 3.795142296426834080e-03
0.000000000000000000e+00 0.000000000000000000e+00 1.465024447136158425e-01 0.000000000000000000e+00
0.000000000000000000e+00 0.000000000000000000e+00 1.382190684448523221e-01 0.000000000000000000e+00
0.000000000000000000e+00 0.000000000000000000e+00 7.187705999195374840e-02 0.000000000000000000e+00
0.000000000000000000e+00 5.182077171707639290e-02 6.134242546020344383e-02 0.000000000000000000e+00
0.000000000000000000e+00 4.615572590684537818e-02 5.948886498580975568e-02 0.000000000000000000e+00
0.000000000000000000e+00 5.549413973141679871e-04 4.629658338424467307e-02 0.000000000000000000e+00
0.000000000000000000e+00 0.000000000000000000e+00 5.336790306325675526e-02 1.507884739715688576e-03
0.000000000000000000e+00 0.000000000000000000e+00 9.507511592961846725e-02 0.000000000000000000e+00
0.000000000000000000e+00 0.000000000000000000e+00 1.062831125992515779e-01 0.000000000000000000e+00
0.000000000000000000e+00 0.000000000000000000e+00 1.077716317927736450e-01 0.000000000000000000e+00
0.000000000000000000e+00 1.455398019245770780e-01 5.287870916931811799e-02 0.000000000000000000e+00
0.000000000000000000e+00 1.427968801521889985e-01 5.602892432176838355e-02 0.000000000000000000e+00
0.000000000000000000e+00 1.463917112107772367e-01 5.483038688503092534e-02 0.000000000000000000e+00
0.000000000000000000e+00 1.392188836784201411e-01 5.078421592421839686e-02 0.000000000000000000e+00
0.000000000000000000e+00 1.108984620672264637e-01 2.945026340730181810e-02 0.000000000000000000e+00
0.000000000000000000e+00 6.225404531001755420e-02 1.242159347764584636e-02 0.000000000000000000e+00
0.000000000000000000e+00 6.021768819990598598e-02 1.805829658927224314e-03 0.000000000000000000e+00
5.451010442295284308e-01 1.410387671746926586e-01 2.432004540432544104e-01 0.000000000000000000e+00
6.282803727036564423e-01 2.356175326565105588e-01 2.360627809106022601e-01 0.000000000000000000e+00
6.141695838237886118e-01 2.239184244588649231e-01 2.374602397774545071e-01 0.000000000000000000e+00
7.345096372364935400e-01 2.574679524174575129e-01 2.246565312134898851e-01 0.000000000000000000e+00
6.887372733053058749e-01 2.402525926125625155e-01 2.253055779106425405e-01 0.000000000000000000e+00
6.627225605226640948e-01 2.942616967710309783e-01 2.082169825470855107e-01 4.969564505749167227e-05
6.434258044222157524e-01 2.915164535500477383e-01 2.077731911712354385e-01 1.479658145558994994e-03
6.284118077699334393e-01 2.646769686174346714e-01 2.058288445277244860e-01 0.000000000000000000e+00
6.502981652926986822e-01 3.122096846461698827e-01 2.039786756808582568e-01 1.164962918881922056e-02
6.493317738279533735e-01 3.102478393061220419e-01 2.034457469086732584e-01 8.406833471292283685e-03
6.828986996549176736e-01 3.141621595671723610e-01 2.067215554936970567e-01 0.000000000000000000e+00
6.849811736812798646e-01 3.149239742019807609e-01 2.072603243682956953e-01 0.000000000000000000e+00
6.623327220858487019e-01 3.212150313103309673e-01 2.087647838334111272e-01 0.000000000000000000e+00
6.636037112971484575e-01 3.202689489856543892e-01 2.114080808948978207e-01 0.000000000000000000e+00
1.473268777122254958e-01 2.442006036829978688e-01 0.000000000000000000e+00 1.453049123249304797e-01
7.707786836229528482e-02 2.111148474622936977e-01 0.000000000000000000e+00 1.776716472627379306e-01
5.798459137110407724e-01 3.155514337265184488e-01 2.213152166926896647e-01 2.476769581986472402e-02
4.670127747472170854e-01 2.983085612018805399e-01 1.771719789150670576e-01 4.218900629082800863e-02
4.918519957722419234e-01 3.060531401480054980e-01 1.834901880486053960e-01 3.944887047676293168e-02
4.384026894860566514e-01 2.807978931943031498e-01 1.440585463535974664e-01 5.327164394708885226e-02
4.251903596430861021e-01 2.754748204300853098e-01 1.514612284577546431e-01 6.045786590703301766e-02
4.436559349426920651e-01 2.873095579265066979e-01 1.557279426468876904e-01 5.437446679933879978e-02
4.414918199760574091e-01 2.856947818438212439e-01 1.552658217006705199e-01 5.393658813713780864e-02
4.345304676108394659e-01 2.837444513671604218e-01 1.525959393123797192e-01 5.574543520715004308e-02
3.825858098306237909e-01 2.457280173901006670e-01 1.070645403472782198e-01 7.411889579095350122e-02
3.815787446381953552e-01 2.454660764449232979e-01 1.049630214164273267e-01 7.472676612628420534e-02
3.684221873463515151e-01 2.297781817605276944e-01 8.600854206204221197e-02 8.117590810891996134e-02
4.053259857559931567e-01 2.333021539114071841e-01 9.974809652778607316e-02 8.044749876015627743e-02
3.954930892207481619e-01 2.273136066338983796e-01 9.705063030534614998e-02 7.652836651960850944e-02
3.952689669226626679e-01 2.259479091573698695e-01 9.321203126604292455e-02 7.616849816877978296e-02
3.942395859933772173e-01 2.242177723999258521e-01 8.524115904721024650e-02 7.861751451741103014e-02
4.136717699438132168e-01 2.327496000350729455e-01 8.870593493159434351e-02 6.040693086930329359e-02
4.207979743063104960e-01 1.990698142926722591e-01 2.137334853532432948e-03 7.806562505313413558e-02
4.234749855523200490e-01 2.145504668822540428e-01 3.890439223680043634e-02 6.711332283221289885e-02
4.253553540129902943e-01 2.178463161911704526e-01 4.455481355179255476e-02 6.353597064911611914e-02
4.248343841334582538e-01 2.179059029850245743e-01 4.611786010649115281e-02 6.275274628605163885e-02
4.162099344853419369e-01 2.205928496633933478e-01 6.571839499084899949e-02 5.752447839722337614e-02
4.216803008649466222e-01 1.984493814966833414e-01 0.000000000000000000e+00 6.195918675636474804e-02
4.195218881384056298e-01 2.218812108446247544e-01 5.263365181407371474e-02 4.345222281476686377e-02
4.265871890473115213e-01 1.936451515469722606e-01 0.000000000000000000e+00 6.154937958952769878e-02
3.478389426955349473e-01 1.874522622109115466e-01 0.000000000000000000e+00 2.973307148585138324e-02
3.643537970678414895e-01 1.944366761069412919e-01 0.000000000000000000e+00 2.645082875257694782e-02
3.678562605294089516e-01 1.946401903997281024e-01 0.000000000000000000e+00 2.524446568789752779e-02
3.276767388624242106e-01 1.942494086908497786e-01 0.000000000000000000e+00 2.958556434838448615e-02
2.405946736761823135e-01 1.619104141519037421e-01 0.000000000000000000e+00 3.958459957532891454e-02
2.396251094041892404e-01 1.616179537236715757e-01 0.000000000000000000e+00 4.001723675935464630e-02
2.350012605288022693e-01 1.596832974889319801e-01 0.000000000000000000e+00 4.251859626042141238e-02
2.043570414930470924e-01 1.519261671078000475e-01 0.000000000000000000e+00 5.181058557468000425e-02
1.875623429164018363e-01 1.397516922291663632e-01 0.000000000000000000e+00 5.828107241520437409e-02
1.865201640659972515e-01 1.379593238620751283e-01 0.000000000000000000e+00 5.805099295920567587e-02
1.891746047856256163e-01 1.417457022548311851e-01 0.000000000000000000e+00 5.599441068117149561e-02
5.793014468854188609e-02 1.543325034149044539e-01 0.000000000000000000e+00 1.133580284106785879e-01
5.096433945034163637e-02 1.503105647369938347e-01 0.000000000000000000e+00 1.125677410015821223e-01
4.769796315622020638e-02 1.509130801108535258e-01 0.000000000000000000e+00 1.107651845963628090e-01
3.471607078495897447e-02 1.508452024149462556e-01 0.000000000000000000e+00 1.091657553655444590e-01
2.438818496326069715e-02 1.299048916778011709e-01 0.000000000000000000e+00 9.102464025145971804e-02
4.618140219618311476e-02 1.365418125328932697e-01 0.000000000000000000e+00 8.418759516299237355e-02
1.158896162339593527e-01 1.520052105550140642e-01 0.000000000000000000e+00 8.887515996946414309e-02
1.121918874099110397e-01 1.490352101581058908e-01 0.000000000000000000e+00 9.116642145928001428e-02
5.093004045254214546e-02 6.251803757098678416e-02 0.000000000000000000e+00 1.238536329145495801e-01
3.036675699696634798e-02 6.643576234240555767e-02 0.000000000000000000e+00 1.265494579570152212e-01
3.331187206383416644e-02 7.753068099515035561e-02 0.000000000000000000e+00 1.254020240368026451e-01
2.890463810367199793e-03 7.987988292450966255e-02 0.000000000000000000e+00 1.453351447436803667e-01
2.235847154970693751e-02 8.892681979045390095e-02 0.000000000000000000e+00 1.391351562529494212e-01
