-2.032150020666461554e+00
-3.071861997884450801e+00
-3.096119631293263730e+00
-3.226566490957315292e+00
-5.531328158130602191e+00
-6.845056853158727250e+00
-7.012815521675292985e+00
-7.713776277941335913e+00
-8.820421727287445890e+00
-8.827551449675066664e+00
-9.019255981630131203e+00
-9.280287432235873268e+00
-9.426410727042689786e+00
-9.393220042858802188e+00
-9.304078745773098902e+00
-8.938054558507339209e+00
-9.123915996835538778e+00
-9.490186367871398687e+00
-9.830661711396286861e+00
-9.563669084905553675e+00
-8.364548601826397700e+00
-8.422461850157596075e+00
-1.372098872373246259e+01
-1.374666622845495390e+01
-1.377602361871054271e+01
-1.379295827909518124e+01
-1.380254953833174802e+01
-1.380908562573353571e+01
-1.380625599861123476e+01
-1.381477730875234933e+01
-1.380794719168031826e+01
-1.379695422721525233e+01
-1.378804395868105281e+01
-1.377850209467402642e+01
-1.380717807481163817e+01
-1.380980319161352021e+01
-1.381044450267887491e+01
-1.381186138126409979e+01
-1.378366192847222038e+01
-1.374629786462422132e+01
-1.373972805437362688e+01
-2.471338488762045316e+00
-1.376386563195904600e+01
-2.484340519233705802e+00
-1.379338556541604177e+01
-1.378050248542573186e+01
-1.376266624615311862e+01
-1.370538993351791213e+01
-1.381480683472592119e+01
-1.380305300769696686e+01
-1.381137700584351435e+01
-1.330672946165410941e+01
-1.287537292980961290e+01
-1.286165168976524598e+01
-1.287315898299875805e+01
-1.291001803533586845e+01
-1.284392069616697718e+01
-1.279199754626303509e+01
-1.268749829602333534e+01
-1.262756455346925044e+01
-1.261929412710817466e+01
-1.262396950300206910e+01
-1.261443956092404584e+01
-1.262853760285907789e+01
-1.263341416316147381e+01
-1.263857760303479871e+01
-1.255441225141908390e+01
-1.254281748613847292e+01
-1.239820688851292907e+01
-1.238634783348932800e+01
-1.237914468883330343e+01
-1.217617129304424139e+01
-1.212000993965814288e+01
-1.210605129014524017e+01
-1.225273883462285340e+01
-1.226397111008199836e+01
-1.246038993362934377e+01
-1.234652041152197732e+01
-1.236526305358005828e+01
-1.243550356243364163e+01
-1.239394303532412422e+01
-1.233422889998374927e+01
-1.234743331330418137e+01
-1.247338186046508923e+01
-1.232526250062728401e+01
-1.236713517271155460e+01
-1.235807546158790693e+01
-1.242622211602023263e+01
-1.243787783310846073e+01
-1.227776473454528627e+01
-1.254700804921645840e+01
-1.251733056031365798e+01
-1.248641835402296962e+01
-1.276960313421098725e+01
-1.274261615487584542e+01
-1.287250356612302582e+01
-1.276327439377446815e+01
-1.288233273026474812e+01
-1.287231571974540856e+01
-1.290760636889148394e+01
