8.452145044666775631e-01
1.745494192688439083e+00
1.753953222786803323e+00
1.753953222786803323e+00
1.759688316603828406e+00
1.759688316603828406e+00
1.759688316603828406e+00
1.759688316603828406e+00
1.759688316603828406e+00
1.759688316603828406e+00
1.759688316603828406e+00
1.759688316603828406e+00
1.759688316603828406e+00
1.759688316603828406e+00
1.759688316603828406e+00
1.759688316603828406e+00
1.759688316603828406e+00
1.759688316603828406e+00
1.759688316603828406e+00
1.759688316603828406e+00
1.759688316603828406e+00
1.759688316603828406e+00
1.759688316603828406e+00
1.759688316603828406e+00
1.759688316603828406e+00
1.759688316603828406e+00
1.759688316603828406e+00
1.759688316603828406e+00
1.759688316603828406e+00
1.759688316603828406e+00
1.759688316603828406e+00
1.759688316603828406e+00
1.759688316603828406e+00
1.759688316603828406e+00
1.759688316603828406e+00
1.759688316603828406e+00
1.759688316603828406e+00
1.759688316603828406e+00
1.759688316603828406e+00
1.759688316603828406e+00
1.759688316603828406e+00
1.759688316603828406e+00
1.759688316603828406e+00
1.759688316603828406e+00
1.759688316603828406e+00
1.759688316603828406e+00
1.759688316603828406e+00
1.759688316603828406e+00
1.759688316603828406e+00
1.759688316603828406e+00
