2.190375328063964844e-01 8.457161188125610352e-01 3.305097818374633789e-01 7.346298694610595703e-01
2.190375328063964844e-01 8.457161188125610352e-01 3.305097818374633789e-01 7.346298694610595703e-01
0.000000000000000000e+00 6.201067566871643066e-01 0.000000000000000000e+00 8.671017885208129883e-01
0.000000000000000000e+00 6.201067566871643066e-01 0.000000000000000000e+00 8.671017885208129883e-01
0.000000000000000000e+00 6.201067566871643066e-01 0.000000000000000000e+00 8.671017885208129883e-01
0.000000000000000000e+00 6.201067566871643066e-01 0.000000000000000000e+00 8.671017885208129883e-01
0.000000000000000000e+00 6.482884883880615234e-01 0.000000000000000000e+00 7.811864614486694336e-01
0.000000000000000000e+00 6.482884883880615234e-01 0.000000000000000000e+00 7.811864614486694336e-01
0.000000000000000000e+00 6.482884883880615234e-01 0.000000000000000000e+00 7.811864614486694336e-01
0.000000000000000000e+00 6.482884883880615234e-01 0.000000000000000000e+00 7.811864614486694336e-01
0.000000000000000000e+00 6.482884883880615234e-01 0.000000000000000000e+00 7.811864614486694336e-01
0.000000000000000000e+00 6.482884883880615234e-01 0.000000000000000000e+00 7.811864614486694336e-01
0.000000000000000000e+00 6.482884883880615234e-01 0.000000000000000000e+00 7.811864614486694336e-01
0.000000000000000000e+00 6.482884883880615234e-01 0.000000000000000000e+00 7.811864614486694336e-01
0.000000000000000000e+00 6.482884883880615234e-01 0.000000000000000000e+00 7.811864614486694336e-01
0.000000000000000000e+00 6.482884883880615234e-01 0.000000000000000000e+00 7.811864614486694336e-01
0.000000000000000000e+00 6.482884883880615234e-01 0.000000000000000000e+00 7.811864614486694336e-01
0.000000000000000000e+00 6.482884883880615234e-01 0.000000000000000000e+00 7.811864614486694336e-01
0.000000000000000000e+00 6.482884883880615234e-01 0.000000000000000000e+00 7.811864614486694336e-01
6.721080094575881958e-02 7.054241299629211426e-01 0.000000000000000000e+00 7.243142127990722656e-01
6.721080094575881958e-02 7.054241299629211426e-01 0.000000000000000000e+00 7.243142127990722656e-01
6.721080094575881958e-02 7.054241299629211426e-01 0.000000000000000000e+00 7.243142127990722656e-01
6.721080094575881958e-02 7.054241299629211426e-01 0.000000000000000000e+00 7.243142127990722656e-01
6.721080094575881958e-02 7.054241299629211426e-01 0.000000000000000000e+00 7.243142127990722656e-01
6.721080094575881958e-02 7.054241299629211426e-01 0.000000000000000000e+00 7.243142127990722656e-01
6.721080094575881958e-02 7.054241299629211426e-01 0.000000000000000000e+00 7.243142127990722656e-01
6.721080094575881958e-02 7.054241299629211426e-01 0.000000000000000000e+00 7.243142127990722656e-01
6.721080094575881958e-02 7.054241299629211426e-01 0.000000000000000000e+00 7.243142127990722656e-01
6.721080094575881958e-02 7.054241299629211426e-01 0.000000000000000000e+00 7.243142127990722656e-01
6.721080094575881958e-02 7.054241299629211426e-01 0.000000000000000000e+00 7.243142127990722656e-01
6.721080094575881958e-02 7.054241299629211426e-01 0.000000000000000000e+00 7.243142127990722656e-01
6.721080094575881958e-02 7.054241299629211426e-01 0.000000000000000000e+00 7.243142127990722656e-01
6.721080094575881958e-02 7.054241299629211426e-01 0.000000000000000000e+00 7.243142127990722656e-01
6.721080094575881958e-02 7.054241299629211426e-01 0.000000000000000000e+00 7.243142127990722656e-01
6.721080094575881958e-02 7.054241299629211426e-01 0.000000000000000000e+00 7.243142127990722656e-01
6.721080094575881958e-02 7.054241299629211426e-01 0.000000000000000000e+00 7.243142127990722656e-01
6.721080094575881958e-02 7.054241299629211426e-01 0.000000000000000000e+00 7.243142127990722656e-01
6.721080094575881958e-02 7.054241299629211426e-01 0.000000000000000000e+00 7.243142127990722656e-01
6.721080094575881958e-02 7.054241299629211426e-01 0.000000000000000000e+00 7.243142127990722656e-01
6.721080094575881958e-02 7.054241299629211426e-01 0.000000000000000000e+00 7.243142127990722656e-01
6.721080094575881958e-02 7.054241299629211426e-01 0.000000000000000000e+00 7.243142127990722656e-01
6.721080094575881958e-02 7.054241299629211426e-01 0.000000000000000000e+00 7.243142127990722656e-01
6.721080094575881958e-02 7.054241299629211426e-01 0.000000000000000000e+00 7.243142127990722656e-01
6.721080094575881958e-02 7.054241299629211426e-01 0.000000000000000000e+00 7.243142127990722656e-01
6.721080094575881958e-02 7.054241299629211426e-01 0.000000000000000000e+00 7.243142127990722656e-01
6.721080094575881958e-02 7.054241299629211426e-01 0.000000000000000000e+00 7.243142127990722656e-01
6.721080094575881958e-02 7.054241299629211426e-01 0.000000000000000000e+00 7.243142127990722656e-01
6.721080094575881958e-02 7.054241299629211426e-01 0.000000000000000000e+00 7.243142127990722656e-01
6.721080094575881958e-02 7.054241299629211426e-01 0.000000000000000000e+00 7.243142127990722656e-01
6.721080094575881958e-02 7.054241299629211426e-01 0.000000000000000000e+00 7.243142127990722656e-01
6.721080094575881958e-02 7.054241299629211426e-01 0.000000000000000000e+00 7.243142127990722656e-01
6.721080094575881958e-02 7.054241299629211426e-01 0.000000000000000000e+00 7.243142127990722656e-01
6.721080094575881958e-02 7.054241299629211426e-01 0.000000000000000000e+00 7.243142127990722656e-01
6.721080094575881958e-02 7.054241299629211426e-01 0.000000000000000000e+00 7.243142127990722656e-01
6.721080094575881958e-02 7.054241299629211426e-01 0.000000000000000000e+00 7.243142127990722656e-01
6.721080094575881958e-02 7.054241299629211426e-01 0.000000000000000000e+00 7.243142127990722656e-01
6.721080094575881958e-02 7.054241299629211426e-01 0.000000000000000000e+00 7.243142127990722656e-01
6.721080094575881958e-02 7.054241299629211426e-01 0.000000000000000000e+00 7.243142127990722656e-01
6.721080094575881958e-02 7.054241299629211426e-01 0.000000000000000000e+00 7.243142127990722656e-01
6.721080094575881958e-02 7.054241299629211426e-01 0.000000000000000000e+00 7.243142127990722656e-01
6.721080094575881958e-02 7.054241299629211426e-01 0.000000000000000000e+00 7.243142127990722656e-01
6.721080094575881958e-02 7.054241299629211426e-01 0.000000000000000000e+00 7.243142127990722656e-01
6.721080094575881958e-02 7.054241299629211426e-01 0.000000000000000000e+00 7.243142127990722656e-01
6.721080094575881958e-02 7.054241299629211426e-01 0.000000000000000000e+00 7.243142127990722656e-01
6.721080094575881958e-02 7.054241299629211426e-01 0.000000000000000000e+00 7.243142127990722656e-01
6.721080094575881958e-02 7.054241299629211426e-01 0.000000000000000000e+00 7.243142127990722656e-01
6.721080094575881958e-02 7.054241299629211426e-01 0.000000000000000000e+00 7.243142127990722656e-01
6.721080094575881958e-02 7.054241299629211426e-01 0.000000000000000000e+00 7.243142127990722656e-01
6.721080094575881958e-02 7.054241299629211426e-01 0.000000000000000000e+00 7.243142127990722656e-01
6.721080094575881958e-02 7.054241299629211426e-01 0.000000000000000000e+00 7.243142127990722656e-01
6.721080094575881958e-02 7.054241299629211426e-01 0.000000000000000000e+00 7.243142127990722656e-01
6.721080094575881958e-02 7.054241299629211426e-01 0.000000000000000000e+00 7.243142127990722656e-01
6.721080094575881958e-02 7.054241299629211426e-01 0.000000000000000000e+00 7.243142127990722656e-01
6.721080094575881958e-02 7.054241299629211426e-01 0.000000000000000000e+00 7.243142127990722656e-01
6.721080094575881958e-02 7.054241299629211426e-01 0.000000000000000000e+00 7.243142127990722656e-01
6.721080094575881958e-02 7.054241299629211426e-01 0.000000000000000000e+00 7.243142127990722656e-01
6.721080094575881958e-02 7.054241299629211426e-01 0.000000000000000000e+00 7.243142127990722656e-01
6.721080094575881958e-02 7.054241299629211426e-01 0.000000000000000000e+00 7.243142127990722656e-01
6.721080094575881958e-02 7.054241299629211426e-01 0.000000000000000000e+00 7.243142127990722656e-01
6.721080094575881958e-02 7.054241299629211426e-01 0.000000000000000000e+00 7.243142127990722656e-01
6.721080094575881958e-02 7.054241299629211426e-01 0.000000000000000000e+00 7.243142127990722656e-01
6.721080094575881958e-02 7.054241299629211426e-01 0.000000000000000000e+00 7.243142127990722656e-01
6.721080094575881958e-02 7.054241299629211426e-01 0.000000000000000000e+00 7.243142127990722656e-01
6.721080094575881958e-02 7.054241299629211426e-01 0.000000000000000000e+00 7.243142127990722656e-01
6.721080094575881958e-02 7.054241299629211426e-01 0.000000000000000000e+00 7.243142127990722656e-01
6.721080094575881958e-02 7.054241299629211426e-01 0.000000000000000000e+00 7.243142127990722656e-01
6.721080094575881958e-02 7.054241299629211426e-01 0.000000000000000000e+00 7.243142127990722656e-01
6.721080094575881958e-02 7.054241299629211426e-01 0.000000000000000000e+00 7.243142127990722656e-01
6.721080094575881958e-02 7.054241299629211426e-01 0.000000000000000000e+00 7.243142127990722656e-01
6.721080094575881958e-02 7.054241299629211426e-01 0.000000000000000000e+00 7.243142127990722656e-01
6.721080094575881958e-02 7.054241299629211426e-01 0.000000000000000000e+00 7.243142127990722656e-01
6.721080094575881958e-02 7.054241299629211426e-01 0.000000000000000000e+00 7.243142127990722656e-01
6.721080094575881958e-02 7.054241299629211426e-01 0.000000000000000000e+00 7.243142127990722656e-01
6.721080094575881958e-02 7.054241299629211426e-01 0.000000000000000000e+00 7.243142127990722656e-01
6.721080094575881958e-02 7.054241299629211426e-01 0.000000000000000000e+00 7.243142127990722656e-01
6.721080094575881958e-02 7.054241299629211426e-01 0.000000000000000000e+00 7.243142127990722656e-01
6.721080094575881958e-02 7.054241299629211426e-01 0.000000000000000000e+00 7.243142127990722656e-01
6.721080094575881958e-02 7.054241299629211426e-01 0.000000000000000000e+00 7.243142127990722656e-01
6.721080094575881958e-02 7.054241299629211426e-01 0.000000000000000000e+00 7.243142127990722656e-01
6.721080094575881958e-02 7.054241299629211426e-01 0.000000000000000000e+00 7.243142127990722656e-01
