8.566545248031616211e-01 2.426262497901916504e-01 7.217769026756286621e-01 4.877696633338928223e-01
9.166854023933410645e-01 8.822719454765319824e-01 9.787786006927490234e-02 6.410079002380371094e-01
1.544272303581237793e-01 3.408619761466979980e-01 5.993180871009826660e-01 4.696667790412902832e-01
3.311812877655029297e-03 1.347274780273437500e-01 6.658512949943542480e-01 4.625645875930786133e-01
7.059850692749023438e-01 7.966251969337463379e-01 6.259956359863281250e-01 6.781607866287231445e-02
3.865026235580444336e-01 3.312260508537292480e-01 6.408377885818481445e-01 9.301163554191589355e-01
8.030998706817626953e-01 1.062101125717163086e-02 8.634814023971557617e-01 8.018884062767028809e-01
8.101620674133300781e-01 4.754383563995361328e-01 9.161311388015747070e-01 3.234411478042602539e-01
6.459093093872070312e-01 1.357697248458862305e-01 2.621107697486877441e-01 5.054494738578796387e-01
3.058027625083923340e-01 5.328079462051391602e-01 6.212955117225646973e-01 3.822228312492370605e-01
0.000000000000000000e+00 0.000000000000000000e+00 1.000000000000000000e+00 0.000000000000000000e+00
5.168353953509928767e-01 1.000000000000000000e+00 1.000000000000000000e+00 0.000000000000000000e+00
5.154261111531932560e-01 8.657181836120334539e-01 0.000000000000000000e+00 1.000000000000000000e+00
0.000000000000000000e+00 0.000000000000000000e+00 0.000000000000000000e+00 1.000000000000000000e+00
5.710014387783738377e-01 7.535598425310444659e-01 1.000000000000000000e+00 0.000000000000000000e+00
6.668715340874538100e-01 1.000000000000000000e+00 1.000000000000000000e+00 0.000000000000000000e+00
5.252011926714071910e-01 9.917800501131938118e-01 4.540183363733780730e-01 0.000000000000000000e+00
4.989726864169362064e-01 1.000000000000000000e+00 5.555988298548343585e-02 0.000000000000000000e+00
5.048900159759928119e-01 1.000000000000000000e+00 4.510212826063991209e-01 0.000000000000000000e+00
4.020464814720394187e-01 1.000000000000000000e+00 3.895381766228446230e-01 0.000000000000000000e+00
4.179339526457314102e-01 1.000000000000000000e+00 4.616493682677574317e-01 1.000000000000000000e+00
0.000000000000000000e+00 0.000000000000000000e+00 1.000000000000000000e+00 1.000000000000000000e+00
0.000000000000000000e+00 0.000000000000000000e+00 0.000000000000000000e+00 0.000000000000000000e+00
0.000000000000000000e+00 1.000000000000000000e+00 1.000000000000000000e+00 0.000000000000000000e+00
4.437754625963352684e-01 9.572966787792251964e-01 4.585556109785076107e-01 0.000000000000000000e+00
0.000000000000000000e+00 1.000000000000000000e+00 0.000000000000000000e+00 1.000000000000000000e+00
3.413818526961863720e-01 1.000000000000000000e+00 5.605518434464634714e-01 0.000000000000000000e+00
3.891973393252344815e-01 1.000000000000000000e+00 5.218781429363016366e-01 0.000000000000000000e+00
0.000000000000000000e+00 6.295654513435529065e-01 0.000000000000000000e+00 1.000000000000000000e+00
0.000000000000000000e+00 0.000000000000000000e+00 6.531248959762221418e-01 1.000000000000000000e+00
0.000000000000000000e+00 1.000000000000000000e+00 0.000000000000000000e+00 4.692933517349881511e-01
0.000000000000000000e+00 4.774771841397066341e-01 1.000000000000000000e+00 1.000000000000000000e+00
0.000000000000000000e+00 7.311129914664472595e-01 3.036197820707491890e-01 1.000000000000000000e+00
0.000000000000000000e+00 7.975942095320139869e-01 0.000000000000000000e+00 1.000000000000000000e+00
0.000000000000000000e+00 0.000000000000000000e+00 6.841129270586769895e-01 1.000000000000000000e+00
3.481004112190675959e-01 1.000000000000000000e+00 4.961573859723206192e-01 6.949998065425257165e-02
1.000000000000000000e+00 0.000000000000000000e+00 0.000000000000000000e+00 0.000000000000000000e+00
0.000000000000000000e+00 3.450775834550225823e-02 7.471889457809163249e-01 1.000000000000000000e+00
2.476545912042553144e-01 4.815951701646947747e-01 0.000000000000000000e+00 1.000000000000000000e+00
0.000000000000000000e+00 0.000000000000000000e+00 7.572404318332444095e-01 1.000000000000000000e+00
2.926423998511760716e-01 1.000000000000000000e+00 0.000000000000000000e+00 6.129109340671726747e-01
0.000000000000000000e+00 1.000000000000000000e+00 4.585390902240219502e-01 0.000000000000000000e+00
0.000000000000000000e+00 1.000000000000000000e+00 5.315377131943282984e-01 3.337607738574125404e-01
5.328851955085037728e-01 0.000000000000000000e+00 1.000000000000000000e+00 0.000000000000000000e+00
1.000000000000000000e+00 0.000000000000000000e+00 0.000000000000000000e+00 1.000000000000000000e+00
0.000000000000000000e+00 5.706843589095615954e-01 0.000000000000000000e+00 0.000000000000000000e+00
0.000000000000000000e+00 1.000000000000000000e+00 1.000000000000000000e+00 1.000000000000000000e+00
1.000000000000000000e+00 3.742673814340438110e-01 0.000000000000000000e+00 1.000000000000000000e+00
1.000000000000000000e+00 1.000000000000000000e+00 1.000000000000000000e+00 1.000000000000000000e+00
0.000000000000000000e+00 5.070243963398575193e-01 1.000000000000000000e+00 0.000000000000000000e+00
0.000000000000000000e+00 0.000000000000000000e+00 7.518303673355865024e-01 1.000000000000000000e+00
1.000000000000000000e+00 2.759489277166410903e-01 1.000000000000000000e+00 0.000000000000000000e+00
0.000000000000000000e+00 8.447927377730690690e-01 6.142971677752632198e-01 1.308625301784767658e-01
9.909624326974153519e-01 5.463553676381707191e-01 6.029966473579406738e-02 1.160127427428960800e-01
0.000000000000000000e+00 3.589399078815020960e-01 0.000000000000000000e+00 7.346371922509253860e-01
0.000000000000000000e+00 0.000000000000000000e+00 7.476889783063889183e-01 1.000000000000000000e+00
9.620789904147386551e-01 2.632191525772213936e-01 4.835270587354898453e-01 9.775136886164546013e-01
1.110156234353780746e-01 3.481652121990919113e-02 9.691922832280397415e-01 7.989372164011001587e-01
3.098921943455934525e-01 9.473407641053199768e-01 9.831024296581745148e-01 5.419356552883982658e-01
1.522749057039618492e-01 1.955443155020475388e-02 6.733372844755649567e-01 9.628931367769837379e-01
