9.360339045524597168e-01 6.816500425338745117e-01 2.187690734863281250e-01 1.587879061698913574e-01 2.223228812217712402e-01 7.178283333778381348e-01
3.801858425140380859e-01 6.922874450683593750e-01 2.721061706542968750e-01 7.182399034500122070e-01 3.741185069084167480e-01 6.746862530708312988e-01
5.995511412620544434e-01 5.053586363792419434e-01 9.929572939872741699e-01 6.064502000808715820e-01 4.615876078605651855e-01 6.346939802169799805e-01
8.867223858833312988e-01 1.735693812370300293e-01 3.293953537940979004e-01 1.451942324638366699e-01 3.450757265090942383e-01 9.789418578147888184e-01
8.034327030181884766e-01 7.829276919364929199e-01 5.638697743415832520e-01 6.192576885223388672e-01 3.338360190391540527e-01 1.665931940078735352e-02
3.097104430198669434e-01 6.022441387176513672e-02 7.821500301361083984e-02 8.439490199089050293e-01 7.636129260063171387e-01 8.870061635971069336e-01
9.090963602066040039e-01 1.726754307746887207e-01 4.515254497528076172e-01 4.146746993064880371e-01 1.549928188323974609e-01 2.079975605010986328e-01
4.922338724136352539e-01 2.408287525177001953e-01 1.614218950271606445e-02 5.906996726989746094e-01 7.800624966621398926e-01 6.073278784751892090e-01
3.670559525489807129e-01 2.690458297729492188e-01 6.327211856842041016e-02 3.964551687240600586e-01 7.927912473678588867e-02 4.834067821502685547e-01
9.651168584823608398e-01 1.753200888633728027e-01 2.795690894126892090e-01 8.451783657073974609e-02 6.984967589378356934e-01 8.693021535873413086e-02
1.083791255950927734e-01 4.003224968910217285e-01 2.707688808441162109e-01 3.988363742828369141e-01 3.104150891304016113e-01 6.805699467658996582e-01
3.720698952674865723e-01 3.064131736755371094e-02 8.930930495262145996e-01 1.711714267730712891e-01 7.159059643745422363e-01 9.624995589256286621e-01
5.876375436782836914e-01 7.291684746742248535e-01 2.845605015754699707e-01 8.072332739830017090e-01 6.128621697425842285e-01 1.515449285507202148e-01
5.605153441429138184e-01 2.017337679862976074e-01 3.033685684204101562e-02 6.732371449470520020e-01 8.077092766761779785e-01 2.544483542442321777e-01
2.350850105285644531e-01 8.291954994201660156e-01 4.661798477172851562e-02 7.294831275939941406e-01 1.041773557662963867e-01 2.829706072807312012e-01
1.308311223983764648e-01 4.514415860176086426e-01 9.089540243148803711e-01 2.281326651573181152e-01 7.592114210128784180e-01 5.328705906867980957e-01
4.597833752632141113e-01 3.233413696289062500e-01 7.482959032058715820e-01 4.926397800445556641e-01 4.586659073829650879e-01 1.530687212944030762e-01
5.859291553497314453e-02 5.818817019462585449e-01 9.325910210609436035e-01 7.012332677841186523e-01 8.880949616432189941e-01 7.334684133529663086e-01
6.532378792762756348e-01 6.264336109161376953e-01 3.538160324096679688e-01 1.971491575241088867e-01 9.523367285728454590e-01 1.233161091804504395e-01
7.688134312629699707e-01 3.978728055953979492e-01 3.904501199722290039e-01 1.352295279502868652e-01 2.070951461791992188e-02 8.388984799385070801e-01
7.406655550003051758e-01 7.916597127914428711e-01 3.286798596382141113e-01 2.025879025459289551e-01 4.922698140144348145e-01 5.552418828010559082e-01
4.020584225654602051e-01 5.596715211868286133e-01 9.254854321479797363e-01 4.414065480232238770e-01 1.739155054092407227e-01 3.505671024322509766e-01
9.275583624839782715e-01 9.988650679588317871e-01 7.583648562431335449e-01 5.436235666275024414e-01 3.462978005409240723e-01 8.592366576194763184e-01
6.001071333885192871e-01 9.163773655891418457e-01 6.643343567848205566e-01 1.420370340347290039e-01 4.478374123573303223e-01 5.998802185058593750e-02
1.859012842178344727e-01 2.093058824539184570e-01 4.609519839286804199e-01 7.377797961235046387e-01 4.299353957176208496e-01 8.148992061614990234e-02
2.778193354606628418e-01 3.926210403442382812e-01 5.000702738761901855e-01 5.028479099273681641e-01 5.361053943634033203e-01 6.773355603218078613e-01
3.706306219100952148e-01 6.085293889045715332e-01 9.363400936126708984e-02 1.202158331871032715e-01 4.429101347923278809e-01 9.982998967170715332e-01
8.444194197654724121e-01 2.648851275444030762e-01 1.463708877563476562e-01 8.822004199028015137e-01 7.722656130790710449e-01 5.422370433807373047e-01
2.435073852539062500e-01 6.821894049644470215e-01 9.226645827293395996e-01 1.847106218338012695e-02 3.697192668914794922e-01 1.362231969833374023e-01
8.245456814765930176e-01 8.323896527290344238e-01 1.152756810188293457e-01 6.814314723014831543e-01 6.852719783782958984e-01 6.655603647232055664e-02
3.505759239196777344e-01 7.101545929908752441e-01 9.609899520874023438e-01 3.782829046249389648e-01 9.445661306381225586e-02 8.732676506042480469e-01
7.225991487503051758e-01 3.449855446815490723e-01 8.719019889831542969e-01 7.717739939689636230e-01 3.909646272659301758e-01 4.913319945335388184e-01
9.266147017478942871e-01 9.640846252441406250e-01 8.322764635086059570e-01 7.533677816390991211e-01 7.528635263442993164e-01 7.787953615188598633e-01
3.996976017951965332e-01 3.690558671951293945e-02 7.926169037818908691e-01 5.627091526985168457e-01 6.925846338272094727e-01 3.812800645828247070e-01
7.108760476112365723e-01 3.360683917999267578e-01 8.726187944412231445e-01 4.689255952835083008e-01 6.835138201713562012e-01 2.030204534530639648e-01
7.375031709671020508e-01 1.502810716629028320e-01 9.546306729316711426e-01 6.877493858337402344e-01 4.345942139625549316e-01 3.013843297958374023e-01
2.379447221755981445e-02 2.043568491935729980e-01 6.485804319381713867e-01 6.653066873550415039e-01 2.082228660583496094e-03 2.229699492454528809e-01
5.294096469879150391e-01 3.867973685264587402e-01 3.491594791412353516e-01 6.443442106246948242e-01 6.212158799171447754e-01 1.988199353218078613e-01
6.055397987365722656e-01 4.220839142799377441e-01 6.439481377601623535e-01 3.454887270927429199e-01 4.349660277366638184e-01 6.056541204452514648e-02
8.646641373634338379e-01 4.083856344223022461e-01 9.057394862174987793e-01 1.217365264892578125e-02 6.880819201469421387e-01 2.600619792938232422e-01
7.829192876815795898e-01 9.298635721206665039e-01 7.736135721206665039e-01 4.108174443244934082e-01 4.908815026283264160e-01 4.736993908882141113e-01
3.510072231292724609e-01 9.123075008392333984e-01 5.164464712142944336e-01 6.200124621391296387e-01 8.695622682571411133e-01 3.463559150695800781e-01
1.087799668312072754e-01 4.924567937850952148e-01 4.962080121040344238e-01 6.480696797370910645e-01 5.418941378593444824e-01 7.476388216018676758e-01
9.305040836334228516e-01 1.536697149276733398e-01 4.575270414352416992e-02 3.289262652397155762e-01 8.932157754898071289e-01 3.533697724342346191e-01
7.982529401779174805e-01 1.399967670440673828e-01 4.193818569183349609e-01 9.915173649787902832e-01 2.395610809326171875e-01 2.874671816825866699e-01
5.471771955490112305e-01 7.490236759185791016e-01 4.592570066452026367e-01 6.021833419799804688e-02 2.939823865890502930e-01 8.030043840408325195e-01
9.408248066902160645e-01 8.267297744750976562e-01 8.910826444625854492e-01 4.903857111930847168e-01 2.052769660949707031e-01 2.139492034912109375e-01
5.188022255897521973e-01 9.640290141105651855e-01 3.705055117607116699e-01 2.855608463287353516e-01 5.935376882553100586e-02 8.378142118453979492e-01
9.940598011016845703e-01 7.512911558151245117e-01 2.625352144241333008e-02 4.527387022972106934e-01 2.079796791076660156e-02 8.553564548492431641e-02
8.810151815414428711e-01 2.049161195755004883e-01 1.146669983863830566e-01 5.638975501060485840e-01 4.676992297172546387e-01 2.363085746765136719e-02
2.712151408195495605e-01 8.030771017074584961e-01 1.302719116210937500e-01 1.303629279136657715e-01 9.154228568077087402e-01 8.573206663131713867e-01
6.859992742538452148e-01 9.500293135643005371e-01 8.441269397735595703e-02 1.306581497192382812e-02 1.901328563690185547e-02 5.202025175094604492e-02
5.241000652313232422e-02 9.068368077278137207e-01 2.248482108116149902e-01 6.179953217506408691e-01 5.825322270393371582e-01 6.420067548751831055e-01
1.099456548690795898e-01 6.760129928588867188e-01 8.238464593887329102e-01 5.000262260437011719e-01 8.521433472633361816e-01 5.757510662078857422e-01
4.989578723907470703e-01 9.873156547546386719e-01 9.921750426292419434e-01 8.194282054901123047e-01 8.342523574829101562e-01 3.109167814254760742e-01
2.896630167961120605e-01 5.873792171478271484e-01 7.846051454544067383e-01 9.809468984603881836e-01 8.106974959373474121e-01 8.622599840164184570e-01
2.867818474769592285e-01 4.518815279006958008e-01 1.366763114929199219e-01 9.098243713378906250e-01 7.413037419319152832e-01 1.466118693351745605e-01
2.110202908515930176e-01 5.566436052322387695e-02 8.247698545455932617e-01 4.781239628791809082e-01 4.756019711494445801e-01 9.936933517456054688e-01
9.350015521049499512e-01 3.788375854492187500e-01 8.274584412574768066e-01 6.526120901107788086e-01 7.524425983428955078e-01 3.336715698242187500e-02
2.403710484504699707e-01 3.449982404708862305e-02 5.727753639221191406e-01 3.268890976905822754e-01 3.805847167968750000e-01 2.805787324905395508e-02
3.156038522720336914e-01 4.681882262229919434e-01 5.221306085586547852e-01 2.393327355384826660e-01 8.994105458259582520e-01 5.439760684967041016e-01
3.289319872856140137e-01 2.535457611083984375e-01 3.406894207000732422e-02 8.381044268608093262e-01 1.747267246246337891e-01 6.163184046745300293e-01
4.114115238189697266e-01 7.772451043128967285e-01 6.021621823310852051e-01 8.728244304656982422e-01 7.285171747207641602e-02 2.210808992385864258e-01
7.378644347190856934e-01 7.939028739929199219e-01 9.006574749946594238e-01 9.544695019721984863e-01 4.432457685470581055e-02 8.637357354164123535e-01
7.254626154899597168e-01 1.037735342979431152e-01 6.585834026336669922e-01 3.955478668212890625e-01 3.769865036010742188e-01 4.662966132164001465e-01
9.804208278656005859e-01 9.185889959335327148e-01 2.412760257720947266e-02 2.214395999908447266e-02 4.143872857093811035e-01 2.502555251121520996e-01
9.258645772933959961e-01 6.525198221206665039e-01 6.993023753166198730e-01 3.594160079956054688e-05 5.819402933120727539e-01 3.004384636878967285e-01
5.643278360366821289e-02 8.027532100677490234e-01 9.352948665618896484e-01 3.351092338562011719e-01 1.901555061340332031e-02 1.762486696243286133e-01
9.110777974128723145e-01 1.746200323104858398e-01 2.695611715316772461e-01 9.967553019523620605e-01 3.310502171516418457e-01 3.646622896194458008e-01
7.374776005744934082e-01 3.496437668800354004e-01 9.651003479957580566e-01 6.607882976531982422e-01 5.659898519515991211e-01 7.499250173568725586e-01
6.841267943382263184e-01 2.444696426391601562e-02 3.896232247352600098e-01 8.665752410888671875e-01 7.067807316780090332e-01 1.007781028747558594e-01
7.680475711822509766e-03 7.756271958351135254e-01 3.874739408493041992e-01 3.815128803253173828e-01 7.107004523277282715e-01 1.369627714157104492e-01
9.812964200973510742e-01 4.723978042602539062e-02 8.701086640357971191e-01 2.701677680015563965e-01 9.294252395629882812e-01 9.695369005203247070e-02
8.293657898902893066e-01 9.430712461471557617e-01 5.644650459289550781e-01 8.752416372299194336e-01 9.485517740249633789e-01 1.351796388626098633e-01
7.515882253646850586e-01 4.502110481262207031e-01 7.566012740135192871e-01 5.144408941268920898e-01 5.618263483047485352e-01 6.794233322143554688e-01
4.812520742416381836e-01 3.886742591857910156e-01 6.934953331947326660e-01 1.915293931961059570e-02 2.597934603691101074e-01 8.088864088058471680e-01
2.032610177993774414e-01 3.010679483413696289e-01 9.160921573638916016e-01 2.092332839965820312e-01 3.142863512039184570e-01 3.216543197631835938e-01
4.745082855224609375e-01 1.174691319465637207e-01 5.444977879524230957e-01 7.816448807716369629e-01 4.970462322235107422e-01 9.773206710815429688e-01
8.461630344390869141e-01 3.264461159706115723e-01 2.827996015548706055e-02 1.748601198196411133e-01 7.171416878700256348e-01 6.640670299530029297e-01
6.374110579490661621e-01 9.037283658981323242e-01 8.869360089302062988e-01 5.103698968887329102e-01 8.000329136848449707e-01 6.216107010841369629e-01
7.527595758438110352e-01 3.719705343246459961e-01 4.036116003990173340e-01 9.652085900306701660e-01 9.628429412841796875e-01 6.625980138778686523e-02
6.658082008361816406e-01 9.359561204910278320e-01 8.843076229095458984e-01 8.396959304809570312e-01 1.573142409324645996e-01 1.357774734497070312e-01
4.916971921920776367e-01 2.209826111793518066e-01 1.750384569168090820e-01 8.621339201927185059e-01 7.186105847358703613e-01 9.674364328384399414e-02
2.406907081604003906e-02 3.699055910110473633e-01 4.543711543083190918e-01 5.494189858436584473e-01 2.332794666290283203e-02 4.455637931823730469e-01
9.112823009490966797e-01 3.319501876831054688e-02 4.121357202529907227e-01 9.094080924987792969e-01 1.278139948844909668e-01 2.274798154830932617e-01
5.502092838287353516e-02 2.758505344390869141e-01 7.519505620002746582e-01 4.206792116165161133e-01 9.964883327484130859e-01 6.503015756607055664e-01
2.079785466194152832e-01 5.633186101913452148e-01 2.396125197410583496e-01 3.553013801574707031e-01 3.346890807151794434e-01 1.436293125152587891e-03
1.448690891265869141e-03 5.929189920425415039e-02 7.236997485160827637e-01 8.860568404197692871e-01 8.860211968421936035e-01 2.001361250877380371e-01
3.489422202110290527e-01 8.927838802337646484e-01 6.684172153472900391e-02 5.632877349853515625e-01 2.289637923240661621e-01 4.542782902717590332e-01
4.340571165084838867e-02 6.772291064262390137e-01 5.304465293884277344e-01 5.027488470077514648e-01 8.913086056709289551e-01 1.757251024246215820e-01
5.623648166656494141e-01 2.053954601287841797e-01 5.265170335769653320e-02 1.158663630485534668e-01 2.744184732437133789e-01 4.448103904724121094e-02
9.517753720283508301e-01 3.811993002891540527e-01 4.193208217620849609e-01 9.350897073745727539e-01 3.876984715461730957e-01 9.020498394966125488e-01
5.867206454277038574e-01 9.746340513229370117e-01 3.868128657341003418e-01 6.305546760559082031e-01 5.390924811363220215e-01 6.385126709938049316e-01
6.916704177856445312e-01 7.940025925636291504e-01 3.851653337478637695e-01 6.385761499404907227e-02 7.580818533897399902e-01 1.436598896980285645e-01
6.861612796783447266e-01 5.116558074951171875e-02 8.526545763015747070e-02 9.223266839981079102e-01 4.793367981910705566e-01 9.263563752174377441e-01
6.990290284156799316e-01 5.434826612472534180e-01 4.905280470848083496e-01 2.483910918235778809e-01 2.643249034881591797e-01 4.059041142463684082e-01
8.975427150726318359e-01 7.367781400680541992e-01 4.015808105468750000e-01 3.677511811256408691e-01 2.776873111724853516e-02 7.817972898483276367e-01
3.450405001640319824e-01 7.470538616180419922e-01 8.013149499893188477e-01 9.941610097885131836e-01 3.373509645462036133e-01 6.662954688072204590e-01
1.221620440483093262e-01 9.920929670333862305e-01 3.441829681396484375e-01 8.108663558959960938e-02 1.430791616439819336e-01 5.174370408058166504e-01
9.781937599182128906e-01 9.458241462707519531e-01 9.533679485321044922e-01 7.722362875938415527e-01 8.956675529479980469e-01 6.745861768722534180e-01
8.619383573532104492e-01 2.452148199081420898e-01 8.388381600379943848e-01 3.178573846817016602e-01 2.837630510330200195e-01 3.966647386550903320e-02
7.292386293411254883e-01 2.591000199317932129e-01 8.335103988647460938e-01 4.633723497390747070e-01 7.493278980255126953e-01 5.367403626441955566e-01
5.034460425376892090e-01 8.257296085357666016e-01 8.706714510917663574e-01 4.350076317787170410e-01 4.448050260543823242e-02 7.169565558433532715e-01
5.501320362091064453e-01 9.704780578613281250e-01 6.298825144767761230e-01 5.649236440658569336e-01 6.108199357986450195e-01 9.468715190887451172e-01
9.372293949127197266e-03 2.842750549316406250e-01 6.234619617462158203e-01 2.860320806503295898e-01 4.259917736053466797e-01 3.725429177284240723e-01
8.591310977935791016e-01 1.139820814132690430e-01 1.104961037635803223e-01 9.337619543075561523e-01 7.714980244636535645e-01 5.063414573669433594e-01
6.534842848777770996e-01 6.174726486206054688e-01 7.289274334907531738e-01 6.741710901260375977e-01 2.027084827423095703e-01 7.573169469833374023e-02
4.390562176704406738e-01 5.709292292594909668e-01 1.876723170280456543e-01 9.670971035957336426e-01 8.383175134658813477e-01 7.803994417190551758e-02
9.658252000808715820e-01 6.924462318420410156e-02 8.421827554702758789e-01 9.426898956298828125e-01 4.581502079963684082e-01 9.071323871612548828e-01
6.908490061759948730e-01 5.057401061058044434e-01 4.584476351737976074e-01 4.185987710952758789e-01 7.212219834327697754e-01 9.677492976188659668e-01
