3.535950787679481566e-01
8.401744185205444193e-01
4.884917366969628860e-01
4.536419117112593380e-01
1.172630440486252423e+00
1.117906928414042156e+00
2.114489876735257956e-01
9.674503211468257202e-01
5.643343297620186938e-01
8.242432893237148228e-01
6.136830003754105700e-01
3.003317932717730621e-01
1.858211625638954145e-01
-4.010726569925898710e-02
1.038881880769741528e+00
6.792929163745169419e-01
6.484811114034254587e-01
1.563070121533360890e-02
1.110833138179248003e+00
-1.020640368757303185e-01
6.965415075257070932e-01
-2.236284331814423210e-01
4.149679596008813975e-01
4.560593467740360896e-01
1.800891955678283474e-01
-3.439024166938414728e-01
9.994490015779298187e-01
5.928801071436440306e-01
5.576584942623301622e-01
3.927277377573731298e-01
3.808243262940581020e-01
8.330672539733359194e-01
9.403424809021259101e-01
4.620239899829040042e-01
6.125527996321497026e-01
1.185206772825706079e+00
-3.075393743957269832e-01
6.895598325648739646e-01
8.287006620451844441e-01
-3.294128106245031162e-02
7.447017101697051000e-01
2.583279285995401242e-01
1.060342391492648639e+00
6.914591172394140006e-01
6.847163212977644409e-02
1.342971671754315421e+00
6.349998752638543742e-01
1.801404772345973626e-01
1.121533950012317593e+00
1.067248227666527605e+00
4.888664613798496816e-01
9.600615122282090130e-01
4.692138769794809705e-01
3.490793753608197880e-01
9.242788709130453917e-01
-1.885582628050863629e-01
1.166977975541075629e+00
9.843551702128650049e-01
1.923249651849024411e-01
4.833047323095043812e-01
5.413056311102293350e-02
1.888708743674505364e-01
3.319595748627843790e-01
9.068347397529054055e-01
9.915777928189482004e-01
1.790186238114271911e-01
1.342516537420955780e-01
5.574135065239813613e-01
3.784760637084317314e-01
5.705049985169615701e-01
6.068366613147534450e-01
-1.464581335122250305e-02
-1.072279649569866655e-01
1.390065273106523280e-01
9.494598120415586040e-01
1.384552526732575561e+00
3.343989254746366768e-01
1.072690142682564129e+00
1.078569901755783045e+00
6.217492465397771451e-01
6.483704619620508369e-01
3.248045412176499003e-01
1.751254259629530519e-01
3.453943106813427422e-01
5.749891771769048976e-01
1.119680102326325422e+00
8.219388060117704953e-01
4.403097944732103919e-02
2.741522046839972582e-03
7.612790820865340535e-01
-1.810744089307607663e-01
1.004619627941891302e+00
4.026181065771980983e-01
7.778740937293920910e-01
2.530786034032816989e-01
9.386735854596015560e-01
2.012505754659686397e-01
3.028355739733064045e-01
2.872068246889026844e-01
4.597422072267873250e-01
5.546510237109822938e-01
9.649842262451886477e-01
5.600674648896782903e-01
1.237311956327996620e-02
9.507678896370959087e-01
1.026807234736660579e+00
3.899035639557497657e-01
3.477046977164719443e-01
4.681696461058666991e-01
4.067830305912142341e-01
