1.468299031257629395e-01 2.009427547454833984e-01 7.932231426239013672e-01 9.197006821632385254e-01 2.484858036041259766e-01 4.649716615676879883e-01
3.774271607398986816e-01 8.905532956123352051e-01 3.520988225936889648e-01 9.816942811012268066e-01 4.144651889801025391e-01 4.521902203559875488e-01
1.119649410247802734e-02 8.693099021911621094e-02 7.189199328422546387e-01 8.991847038269042969e-01 7.475460171699523926e-01 2.571461796760559082e-01
2.902164459228515625e-01 5.546762943267822266e-01 6.433160901069641113e-01 9.080290794372558594e-01 7.339046597480773926e-01 2.298982143402099609e-01
8.150950074195861816e-01 5.044490098953247070e-02 4.978009462356567383e-01 1.555693745613098145e-01 5.408614873886108398e-02 5.086708664894104004e-01
8.427094817161560059e-01 1.860617995262145996e-01 3.058414459228515625e-01 4.468457698822021484e-01 8.394238948822021484e-01 1.654054522514343262e-01
1.329441070556640625e-01 2.976991534233093262e-01 3.551440834999084473e-01 5.366288423538208008e-01 8.931001424789428711e-01 6.661768555641174316e-01
5.792426466941833496e-01 1.335192322731018066e-01 4.649944901466369629e-01 2.994686365127563477e-02 3.410550355911254883e-01 7.772112488746643066e-01
6.162517666816711426e-01 1.729342341423034668e-01 3.788166046142578125e-01 5.053346157073974609e-01 7.998817563056945801e-01 6.606492400169372559e-01
2.136625647544860840e-01 1.126593947410583496e-01 4.134612083435058594e-01 3.893413543701171875e-01 2.330541610717773438e-04 4.826659560203552246e-01
1.000000000000000000e+00 0.000000000000000000e+00 1.231292099129023543e-01 1.000000000000000000e+00 1.000000000000000000e+00 0.000000000000000000e+00
1.000000000000000000e+00 0.000000000000000000e+00 0.000000000000000000e+00 1.000000000000000000e+00 1.000000000000000000e+00 1.000000000000000000e+00
1.000000000000000000e+00 0.000000000000000000e+00 0.000000000000000000e+00 1.000000000000000000e+00 1.000000000000000000e+00 0.000000000000000000e+00
1.000000000000000000e+00 0.000000000000000000e+00 0.000000000000000000e+00 1.000000000000000000e+00 1.000000000000000000e+00 0.000000000000000000e+00
1.000000000000000000e+00 0.000000000000000000e+00 1.000000000000000000e+00 1.000000000000000000e+00 1.000000000000000000e+00 1.000000000000000000e+00
1.000000000000000000e+00 0.000000000000000000e+00 1.000000000000000000e+00 0.000000000000000000e+00 1.000000000000000000e+00 1.000000000000000000e+00
8.844235918222493886e-01 0.000000000000000000e+00 0.000000000000000000e+00 1.000000000000000000e+00 1.000000000000000000e+00 0.000000000000000000e+00
7.432409047806934899e-01 0.000000000000000000e+00 0.000000000000000000e+00 1.000000000000000000e+00 1.000000000000000000e+00 0.000000000000000000e+00
9.239007244206973724e-01 1.992024858254271003e-02 0.000000000000000000e+00 1.000000000000000000e+00 1.000000000000000000e+00 0.000000000000000000e+00
1.000000000000000000e+00 1.000000000000000000e+00 1.000000000000000000e+00 1.000000000000000000e+00 1.000000000000000000e+00 1.000000000000000000e+00
7.532077096402645111e-02 9.963809298351407051e-01 1.036341795697808266e-01 2.710208417847752571e-01 8.685274347662925720e-01 3.085845429450273514e-02
8.721520779654383659e-01 3.605445474386215210e-02 5.096845235675573349e-02 9.474929468706250191e-01 6.850272780284285545e-01 5.121762109920382500e-01
9.166962467133998871e-02 1.449150815606117249e-01 9.986875802278518677e-01 8.584034321829676628e-01 9.717787560075521469e-01 6.036720294505357742e-01
9.047207953408360481e-01 1.347225308418273926e-01 9.984554443508386612e-01 9.948479617014527321e-01 9.386887410655617714e-01 3.491421267390251160e-01
1.807912671938538551e-01 3.516868595033884048e-02 2.631295472383499146e-02 9.376403158530592918e-01 9.499386185780167580e-01 4.422483164817094803e-01
9.400127436965703964e-01 9.529336523264646530e-01 9.314428623765707016e-01 7.751430384814739227e-02 1.297362577170133591e-01 9.826101111248135567e-01
5.197352776303887367e-01 2.323045581579208374e-02 9.409824386239051819e-02 3.379039652645587921e-02 9.512672713026404381e-01 3.934417180716991425e-01
0.000000000000000000e+00 0.000000000000000000e+00 0.000000000000000000e+00 0.000000000000000000e+00 1.000000000000000000e+00 1.000000000000000000e+00
9.526055613532662392e-01 7.735890159383416176e-01 2.529526967555284500e-02 3.213233677670359612e-01 8.101393748074769974e-02 1.119491364806890488e-02
8.866680702194571495e-01 9.701901394873857498e-01 1.785586122423410416e-02 7.725369129329919815e-01 9.582587890326976776e-01 5.622781068086624146e-01
3.223939444869756699e-01 5.849053990095853806e-02 1.902083586901426315e-02 9.077895898371934891e-02 7.507523195818066597e-01 6.645144894719123840e-04
9.223462752997875214e-01 9.345499966293573380e-01 9.679861459881067276e-01 8.697246555238962173e-01 7.323545403778553009e-02 1.772419549524784088e-03
1.715791542083024979e-01 9.893164550885558128e-01 8.081334494054317474e-01 8.021710952743887901e-01 9.892180981114506721e-01 1.224300637841224670e-01
9.530668202787637711e-01 5.701605230569839478e-03 8.680950105190277100e-02 5.730432691052556038e-01 9.949891148135066032e-01 3.942180071026086807e-01
7.425601044669747353e-01 1.295224120840430260e-01 6.004805024713277817e-02 3.314739651978015900e-02 9.313906766474246979e-01 9.734255289658904076e-01
4.165287241339683533e-01 2.600531047210097313e-01 6.178805073723196983e-01 5.892260577529668808e-01 6.718665370717644691e-01 3.313791789114475250e-01
9.827084187418222427e-01 4.101991681382060051e-01 2.138494234532117844e-02 7.600680869072675705e-01 3.225045371800661087e-02 9.966397266834974289e-01
1.671332214027643204e-01 4.838330391794443130e-02 2.532015461474657059e-02 1.525789108127355576e-01 9.865272603929042816e-01 4.837206657975912094e-02
4.861657191067934036e-01 5.377819528803229332e-01 7.852972866967320442e-01 8.174483431503176689e-01 7.678549420088529587e-01 9.980619568377733231e-01
2.795963529497385025e-01 5.140984300523996353e-01 9.035822255536913872e-01 4.274942390620708466e-01 3.001787997782230377e-01 1.318912152200937271e-01
2.566995657980442047e-02 1.703697256743907928e-02 3.685155045241117477e-02 9.922056393697857857e-01 3.093130318447947502e-01 9.376232437789440155e-01
2.322579231113195419e-01 2.526929602026939392e-03 4.573706872761249542e-01 6.444614008069038391e-01 9.875488420948386192e-01 9.811662239953875542e-01
4.870798084884881973e-01 2.469664476811885834e-01 9.147891644388437271e-01 8.501120656728744507e-02 5.610934821888804436e-01 1.701943781226873398e-01
6.574753783643245697e-01 8.978197760879993439e-01 8.703988455235958099e-01 1.571141183376312256e-03 9.403951857239007950e-01 6.080865673720836639e-02
1.105798687785863876e-02 7.500298898667097092e-01 9.646265767514705658e-03 9.260019129142165184e-01 8.144309837371110916e-02 7.144864276051521301e-02
2.239184407517313957e-01 1.314485697075724602e-01 1.697157137095928192e-02 8.503468018025159836e-01 9.920768756419420242e-01 9.334878120571374893e-01
5.707224765792489052e-01 4.862152989953756332e-01 8.281672485172748566e-01 5.937022529542446136e-01 6.004880461841821671e-02 3.354529738426208496e-01
5.736935138702392578e-02 9.916026145219802856e-01 6.105803977698087692e-02 5.188691150397062302e-01 2.585702296346426010e-02 9.679251126945018768e-01
9.422184405848383904e-01 4.087323937565088272e-01 7.510944707319140434e-01 7.313418341800570488e-01 4.661247041076421738e-01 3.356958646327257156e-02
5.148998983204364777e-01 1.830263249576091766e-02 9.087959211319684982e-01 7.806402351707220078e-02 9.831819087266921997e-01 3.341497387737035751e-02
3.914857329800724983e-01 2.365135680884122849e-01 8.175631137564778328e-01 6.380748776718974113e-01 9.425261802971363068e-01 8.384818844497203827e-01
2.402566885575652122e-01 8.330217152833938599e-01 1.417793799191713333e-02 9.483571602031588554e-01 9.627845874056220055e-01 2.165759913623332977e-03
5.970378406345844269e-03 8.259791759774088860e-01 6.924679409712553024e-02 1.478283870965242386e-01 9.295081058517098427e-01 9.753974005579948425e-01
3.769108932465314865e-02 8.827831344678997993e-01 9.369132025167346001e-01 9.559982037171721458e-01 1.484897546470165253e-02 9.589067911729216576e-01
6.531032705679535866e-01 7.522569298744201660e-01 5.942112347111105919e-01 7.143519818782806396e-03 3.803372327238321304e-01 7.278409888967871666e-01
1.626950884237885475e-01 9.804571811109781265e-01 8.819658337160944939e-01 1.836031675338745117e-02 3.079332970082759857e-02 1.084925131872296333e-01
2.012417679652571678e-01 9.391851006075739861e-01 3.725196821615099907e-01 9.607924260199069977e-01 9.948927713558077812e-01 8.748375745490193367e-01
1.924460297450423241e-01 1.452627237886190414e-01 1.543223913758993149e-01 5.696316296234726906e-01 2.274727728217840195e-02 4.647551318630576134e-01
6.701011862605810165e-02 3.238648921251296997e-02 9.985864888876676559e-01 1.321209147572517395e-01 9.870446454733610153e-01 9.977370295673608780e-01
9.297145064920186996e-01 6.668043285608291626e-01 2.839181143790483475e-01 6.334410719573497772e-01 4.761898210272192955e-01 1.951225651428103447e-01
