1.000000000000000000e+00 0.000000000000000000e+00 0.000000000000000000e+00 1.000000000000000000e+00 1.000000000000000000e+00 0.000000000000000000e+00
1.000000000000000000e+00 0.000000000000000000e+00 0.000000000000000000e+00 1.000000000000000000e+00 1.000000000000000000e+00 0.000000000000000000e+00
1.000000000000000000e+00 0.000000000000000000e+00 0.000000000000000000e+00 1.000000000000000000e+00 1.000000000000000000e+00 0.000000000000000000e+00
1.000000000000000000e+00 0.000000000000000000e+00 0.000000000000000000e+00 1.000000000000000000e+00 1.000000000000000000e+00 0.000000000000000000e+00
1.000000000000000000e+00 0.000000000000000000e+00 0.000000000000000000e+00 1.000000000000000000e+00 1.000000000000000000e+00 0.000000000000000000e+00
1.000000000000000000e+00 0.000000000000000000e+00 0.000000000000000000e+00 1.000000000000000000e+00 1.000000000000000000e+00 0.000000000000000000e+00
1.000000000000000000e+00 0.000000000000000000e+00 0.000000000000000000e+00 1.000000000000000000e+00 1.000000000000000000e+00 0.000000000000000000e+00
1.000000000000000000e+00 0.000000000000000000e+00 0.000000000000000000e+00 1.000000000000000000e+00 1.000000000000000000e+00 0.000000000000000000e+00
1.000000000000000000e+00 0.000000000000000000e+00 0.000000000000000000e+00 1.000000000000000000e+00 1.000000000000000000e+00 0.000000000000000000e+00
1.000000000000000000e+00 0.000000000000000000e+00 0.000000000000000000e+00 1.000000000000000000e+00 1.000000000000000000e+00 0.000000000000000000e+00
1.000000000000000000e+00 0.000000000000000000e+00 0.000000000000000000e+00 1.000000000000000000e+00 1.000000000000000000e+00 0.000000000000000000e+00
1.000000000000000000e+00 0.000000000000000000e+00 0.000000000000000000e+00 1.000000000000000000e+00 1.000000000000000000e+00 0.000000000000000000e+00
1.000000000000000000e+00 0.000000000000000000e+00 0.000000000000000000e+00 1.000000000000000000e+00 1.000000000000000000e+00 0.000000000000000000e+00
1.000000000000000000e+00 0.000000000000000000e+00 0.000000000000000000e+00 1.000000000000000000e+00 1.000000000000000000e+00 0.000000000000000000e+00
1.000000000000000000e+00 0.000000000000000000e+00 0.000000000000000000e+00 1.000000000000000000e+00 1.000000000000000000e+00 0.000000000000000000e+00
1.000000000000000000e+00 0.000000000000000000e+00 0.000000000000000000e+00 1.000000000000000000e+00 1.000000000000000000e+00 0.000000000000000000e+00
1.000000000000000000e+00 0.000000000000000000e+00 0.000000000000000000e+00 1.000000000000000000e+00 1.000000000000000000e+00 0.000000000000000000e+00
9.142430814390304361e-01 0.000000000000000000e+00 0.000000000000000000e+00 1.000000000000000000e+00 1.000000000000000000e+00 0.000000000000000000e+00
1.000000000000000000e+00 0.000000000000000000e+00 0.000000000000000000e+00 1.000000000000000000e+00 1.000000000000000000e+00 0.000000000000000000e+00
1.000000000000000000e+00 0.000000000000000000e+00 0.000000000000000000e+00 1.000000000000000000e+00 1.000000000000000000e+00 0.000000000000000000e+00
1.000000000000000000e+00 0.000000000000000000e+00 0.000000000000000000e+00 1.000000000000000000e+00 1.000000000000000000e+00 0.000000000000000000e+00
1.000000000000000000e+00 0.000000000000000000e+00 0.000000000000000000e+00 1.000000000000000000e+00 1.000000000000000000e+00 8.373726635858602663e-02
1.000000000000000000e+00 0.000000000000000000e+00 0.000000000000000000e+00 1.000000000000000000e+00 1.000000000000000000e+00 3.981201778926909268e-02
1.000000000000000000e+00 0.000000000000000000e+00 0.000000000000000000e+00 1.000000000000000000e+00 1.000000000000000000e+00 3.618825759003180265e-02
1.000000000000000000e+00 0.000000000000000000e+00 0.000000000000000000e+00 1.000000000000000000e+00 1.000000000000000000e+00 4.328368216594451201e-02
1.000000000000000000e+00 0.000000000000000000e+00 0.000000000000000000e+00 1.000000000000000000e+00 1.000000000000000000e+00 4.977889003986972483e-02
1.000000000000000000e+00 0.000000000000000000e+00 0.000000000000000000e+00 1.000000000000000000e+00 1.000000000000000000e+00 6.069658709587831547e-02
1.000000000000000000e+00 0.000000000000000000e+00 0.000000000000000000e+00 1.000000000000000000e+00 1.000000000000000000e+00 1.097040343596345918e-01
1.000000000000000000e+00 0.000000000000000000e+00 0.000000000000000000e+00 1.000000000000000000e+00 1.000000000000000000e+00 1.059808540633406099e-01
1.000000000000000000e+00 0.000000000000000000e+00 0.000000000000000000e+00 1.000000000000000000e+00 1.000000000000000000e+00 8.304156615152631649e-02
1.000000000000000000e+00 0.000000000000000000e+00 0.000000000000000000e+00 1.000000000000000000e+00 1.000000000000000000e+00 1.200797211511483477e-02
1.000000000000000000e+00 0.000000000000000000e+00 0.000000000000000000e+00 1.000000000000000000e+00 1.000000000000000000e+00 0.000000000000000000e+00
1.000000000000000000e+00 0.000000000000000000e+00 0.000000000000000000e+00 1.000000000000000000e+00 1.000000000000000000e+00 0.000000000000000000e+00
1.000000000000000000e+00 0.000000000000000000e+00 0.000000000000000000e+00 1.000000000000000000e+00 1.000000000000000000e+00 0.000000000000000000e+00
1.000000000000000000e+00 0.000000000000000000e+00 0.000000000000000000e+00 1.000000000000000000e+00 1.000000000000000000e+00 0.000000000000000000e+00
1.000000000000000000e+00 0.000000000000000000e+00 0.000000000000000000e+00 8.432641725873450955e-01 1.000000000000000000e+00 0.000000000000000000e+00
1.000000000000000000e+00 0.000000000000000000e+00 0.000000000000000000e+00 8.627438574123972304e-01 1.000000000000000000e+00 0.000000000000000000e+00
1.000000000000000000e+00 0.000000000000000000e+00 0.000000000000000000e+00 8.513969291954435192e-01 1.000000000000000000e+00 0.000000000000000000e+00
6.881223771743386619e-01 0.000000000000000000e+00 0.000000000000000000e+00 1.000000000000000000e+00 1.000000000000000000e+00 0.000000000000000000e+00
6.828934465027479694e-01 0.000000000000000000e+00 0.000000000000000000e+00 1.000000000000000000e+00 1.000000000000000000e+00 0.000000000000000000e+00
6.861747434389307010e-01 0.000000000000000000e+00 0.000000000000000000e+00 1.000000000000000000e+00 1.000000000000000000e+00 0.000000000000000000e+00
6.900786172548123432e-01 0.000000000000000000e+00 0.000000000000000000e+00 1.000000000000000000e+00 1.000000000000000000e+00 0.000000000000000000e+00
7.849146276638441222e-01 0.000000000000000000e+00 0.000000000000000000e+00 1.000000000000000000e+00 1.000000000000000000e+00 0.000000000000000000e+00
8.590167057962864172e-01 0.000000000000000000e+00 0.000000000000000000e+00 9.949266507850138552e-01 1.000000000000000000e+00 0.000000000000000000e+00
1.000000000000000000e+00 0.000000000000000000e+00 0.000000000000000000e+00 8.884084961964128224e-01 1.000000000000000000e+00 0.000000000000000000e+00
8.007714402229818562e-01 0.000000000000000000e+00 0.000000000000000000e+00 1.000000000000000000e+00 1.000000000000000000e+00 0.000000000000000000e+00
7.960869224274286227e-01 0.000000000000000000e+00 0.000000000000000000e+00 1.000000000000000000e+00 1.000000000000000000e+00 0.000000000000000000e+00
8.036744457543874010e-01 0.000000000000000000e+00 0.000000000000000000e+00 1.000000000000000000e+00 1.000000000000000000e+00 0.000000000000000000e+00
7.816505333895653607e-01 0.000000000000000000e+00 0.000000000000000000e+00 1.000000000000000000e+00 1.000000000000000000e+00 0.000000000000000000e+00
7.845038616711864643e-01 0.000000000000000000e+00 0.000000000000000000e+00 1.000000000000000000e+00 1.000000000000000000e+00 0.000000000000000000e+00
7.854254327420426840e-01 0.000000000000000000e+00 0.000000000000000000e+00 1.000000000000000000e+00 1.000000000000000000e+00 0.000000000000000000e+00
7.795346670642638864e-01 0.000000000000000000e+00 0.000000000000000000e+00 1.000000000000000000e+00 1.000000000000000000e+00 0.000000000000000000e+00
7.843578979224532510e-01 0.000000000000000000e+00 0.000000000000000000e+00 1.000000000000000000e+00 1.000000000000000000e+00 0.000000000000000000e+00
8.190238157983947831e-01 0.000000000000000000e+00 0.000000000000000000e+00 1.000000000000000000e+00 1.000000000000000000e+00 0.000000000000000000e+00
8.138862421448354034e-01 0.000000000000000000e+00 0.000000000000000000e+00 1.000000000000000000e+00 1.000000000000000000e+00 0.000000000000000000e+00
8.336957109852700665e-01 0.000000000000000000e+00 0.000000000000000000e+00 9.966261106671557846e-01 1.000000000000000000e+00 0.000000000000000000e+00
8.332523351653282617e-01 0.000000000000000000e+00 0.000000000000000000e+00 9.884093962242309628e-01 1.000000000000000000e+00 0.000000000000000000e+00
8.020636842050793414e-01 0.000000000000000000e+00 0.000000000000000000e+00 1.000000000000000000e+00 1.000000000000000000e+00 0.000000000000000000e+00
7.949445993645288810e-01 0.000000000000000000e+00 0.000000000000000000e+00 1.000000000000000000e+00 1.000000000000000000e+00 0.000000000000000000e+00
7.936004626000272566e-01 0.000000000000000000e+00 0.000000000000000000e+00 1.000000000000000000e+00 1.000000000000000000e+00 0.000000000000000000e+00
7.602637181336993066e-01 0.000000000000000000e+00 0.000000000000000000e+00 1.000000000000000000e+00 1.000000000000000000e+00 0.000000000000000000e+00
7.652014711865593455e-01 0.000000000000000000e+00 0.000000000000000000e+00 9.732327265723440535e-01 1.000000000000000000e+00 0.000000000000000000e+00
7.658524050299020391e-01 0.000000000000000000e+00 0.000000000000000000e+00 9.739830154451607491e-01 1.000000000000000000e+00 0.000000000000000000e+00
7.667001771380641539e-01 0.000000000000000000e+00 0.000000000000000000e+00 9.714389271302721340e-01 1.000000000000000000e+00 0.000000000000000000e+00
8.723111308556217303e-01 0.000000000000000000e+00 0.000000000000000000e+00 9.110286564867321468e-01 1.000000000000000000e+00 0.000000000000000000e+00
8.704239808363199993e-01 0.000000000000000000e+00 0.000000000000000000e+00 9.159168967643629422e-01 1.000000000000000000e+00 0.000000000000000000e+00
8.695706981002024882e-01 0.000000000000000000e+00 0.000000000000000000e+00 9.180072116325123099e-01 1.000000000000000000e+00 0.000000000000000000e+00
8.684092551055622167e-01 0.000000000000000000e+00 0.000000000000000000e+00 9.207906989920794372e-01 1.000000000000000000e+00 0.000000000000000000e+00
8.717573926483581648e-01 0.000000000000000000e+00 0.000000000000000000e+00 9.205576885009792987e-01 1.000000000000000000e+00 0.000000000000000000e+00
8.790889825005075986e-01 0.000000000000000000e+00 0.000000000000000000e+00 9.409296246338419989e-01 1.000000000000000000e+00 0.000000000000000000e+00
8.747298136115320144e-01 0.000000000000000000e+00 0.000000000000000000e+00 9.357440310485826140e-01 1.000000000000000000e+00 0.000000000000000000e+00
8.743482233621636679e-01 0.000000000000000000e+00 0.000000000000000000e+00 9.523688258624951608e-01 1.000000000000000000e+00 0.000000000000000000e+00
8.788559636800302721e-01 0.000000000000000000e+00 0.000000000000000000e+00 9.623879231007107515e-01 1.000000000000000000e+00 0.000000000000000000e+00
8.753911737481390176e-01 0.000000000000000000e+00 0.000000000000000000e+00 9.405021399679783789e-01 1.000000000000000000e+00 0.000000000000000000e+00
8.766277240195039511e-01 0.000000000000000000e+00 0.000000000000000000e+00 9.275295685792246392e-01 1.000000000000000000e+00 0.000000000000000000e+00
8.773000601952931632e-01 0.000000000000000000e+00 0.000000000000000000e+00 9.270114300753433678e-01 1.000000000000000000e+00 0.000000000000000000e+00
8.595353680514833394e-01 0.000000000000000000e+00 0.000000000000000000e+00 9.083163141583165956e-01 1.000000000000000000e+00 0.000000000000000000e+00
8.580832927894680440e-01 0.000000000000000000e+00 0.000000000000000000e+00 9.107156420219088000e-01 1.000000000000000000e+00 0.000000000000000000e+00
8.592457354221517685e-01 0.000000000000000000e+00 0.000000000000000000e+00 9.112098874786052072e-01 1.000000000000000000e+00 0.000000000000000000e+00
8.472746789083430707e-01 0.000000000000000000e+00 0.000000000000000000e+00 9.094768577000279519e-01 1.000000000000000000e+00 0.000000000000000000e+00
8.827949071344444176e-01 0.000000000000000000e+00 0.000000000000000000e+00 9.092078599086164115e-01 1.000000000000000000e+00 0.000000000000000000e+00
8.860176283607453795e-01 0.000000000000000000e+00 0.000000000000000000e+00 9.026791733874354184e-01 1.000000000000000000e+00 0.000000000000000000e+00
8.198249717216017363e-01 0.000000000000000000e+00 0.000000000000000000e+00 9.028542148184116600e-01 1.000000000000000000e+00 0.000000000000000000e+00
8.181810731579609586e-01 0.000000000000000000e+00 0.000000000000000000e+00 9.035203675044736205e-01 1.000000000000000000e+00 0.000000000000000000e+00
8.232588139820143924e-01 0.000000000000000000e+00 0.000000000000000000e+00 9.047789541827087056e-01 1.000000000000000000e+00 0.000000000000000000e+00
8.205756715113236011e-01 0.000000000000000000e+00 0.000000000000000000e+00 9.066496111630804045e-01 1.000000000000000000e+00 0.000000000000000000e+00
8.478361278541965973e-01 0.000000000000000000e+00 0.000000000000000000e+00 9.019028938597424272e-01 1.000000000000000000e+00 0.000000000000000000e+00
8.604991823744101431e-01 0.000000000000000000e+00 0.000000000000000000e+00 9.022902059271397102e-01 1.000000000000000000e+00 0.000000000000000000e+00
8.488170816064246615e-01 0.000000000000000000e+00 0.000000000000000000e+00 8.928728175198199501e-01 1.000000000000000000e+00 0.000000000000000000e+00
8.618893544675809704e-01 0.000000000000000000e+00 0.000000000000000000e+00 8.916334455432279871e-01 1.000000000000000000e+00 0.000000000000000000e+00
8.597110038067550253e-01 0.000000000000000000e+00 0.000000000000000000e+00 9.018109349212066750e-01 1.000000000000000000e+00 0.000000000000000000e+00
8.559567113194571641e-01 0.000000000000000000e+00 0.000000000000000000e+00 9.032801982655176420e-01 1.000000000000000000e+00 0.000000000000000000e+00
8.562749257437572981e-01 0.000000000000000000e+00 0.000000000000000000e+00 9.033861486516328032e-01 1.000000000000000000e+00 0.000000000000000000e+00
8.594749851153955511e-01 0.000000000000000000e+00 0.000000000000000000e+00 8.990182597469662529e-01 1.000000000000000000e+00 0.000000000000000000e+00
8.603098373631122842e-01 0.000000000000000000e+00 0.000000000000000000e+00 9.024926438170737253e-01 1.000000000000000000e+00 0.000000000000000000e+00
8.595438522749784260e-01 0.000000000000000000e+00 0.000000000000000000e+00 9.046274412168497925e-01 1.000000000000000000e+00 0.000000000000000000e+00
8.611325683186151769e-01 0.000000000000000000e+00 0.000000000000000000e+00 9.038519683868330157e-01 1.000000000000000000e+00 0.000000000000000000e+00
8.695410495574129595e-01 0.000000000000000000e+00 0.000000000000000000e+00 8.941231465137005063e-01 1.000000000000000000e+00 0.000000000000000000e+00
8.671822835211456804e-01 0.000000000000000000e+00 0.000000000000000000e+00 8.972197803609822664e-01 1.000000000000000000e+00 0.000000000000000000e+00
8.669466191217880535e-01 0.000000000000000000e+00 0.000000000000000000e+00 9.007631955536673507e-01 1.000000000000000000e+00 0.000000000000000000e+00
