8.991360601997785418e-01 5.716782238124648030e-01 0.000000000000000000e+00 3.708225987870245044e-01
9.475082452889475038e-01 6.063183106637978215e-01 0.000000000000000000e+00 4.123042174258116366e-01
9.311814728892888748e-01 6.346310010793045908e-01 0.000000000000000000e+00 5.889346128774601841e-01
8.819667973977705078e-01 9.107328632217509545e-01 0.000000000000000000e+00 4.748877023523381258e-01
8.484009224446406039e-01 8.782739160144519275e-01 0.000000000000000000e+00 5.140634038296280073e-01
4.530800342558422567e-01 1.000000000000000000e+00 0.000000000000000000e+00 1.000000000000000000e+00
4.193159104428836881e-01 1.000000000000000000e+00 0.000000000000000000e+00 1.000000000000000000e+00
2.706150285702235703e-01 7.771699627409520694e-01 0.000000000000000000e+00 1.000000000000000000e+00
3.273665657918134464e-01 8.531765287598112035e-01 0.000000000000000000e+00 1.000000000000000000e+00
0.000000000000000000e+00 1.000000000000000000e+00 0.000000000000000000e+00 1.000000000000000000e+00
1.994523932375318054e-01 1.000000000000000000e+00 0.000000000000000000e+00 1.000000000000000000e+00
1.983464847648054030e-01 1.000000000000000000e+00 0.000000000000000000e+00 1.000000000000000000e+00
1.975011764839811612e-01 1.000000000000000000e+00 0.000000000000000000e+00 1.000000000000000000e+00
1.971911542040747922e-01 1.000000000000000000e+00 0.000000000000000000e+00 1.000000000000000000e+00
3.852813823384761971e-01 5.255270681562527191e-01 0.000000000000000000e+00 1.000000000000000000e+00
3.759327573255936139e-01 5.639919083827131807e-01 0.000000000000000000e+00 1.000000000000000000e+00
3.935964764708147490e-01 6.031733120400397663e-01 0.000000000000000000e+00 1.000000000000000000e+00
3.832054070945132285e-01 5.986750953764532479e-01 0.000000000000000000e+00 1.000000000000000000e+00
3.587343032226411599e-01 5.812813839523538473e-01 0.000000000000000000e+00 1.000000000000000000e+00
3.679832232126200586e-01 5.865011884846403900e-01 0.000000000000000000e+00 1.000000000000000000e+00
3.679734451632997172e-01 5.865462813708045564e-01 0.000000000000000000e+00 1.000000000000000000e+00
3.679209508902108183e-01 5.867505629276316137e-01 0.000000000000000000e+00 1.000000000000000000e+00
3.679624406176953411e-01 5.865504257289705370e-01 0.000000000000000000e+00 1.000000000000000000e+00
3.679166810729467829e-01 5.867885332892750494e-01 0.000000000000000000e+00 1.000000000000000000e+00
3.684721387132675052e-01 5.856145548810002266e-01 0.000000000000000000e+00 1.000000000000000000e+00
3.672155793343756525e-01 5.816478475110840041e-01 0.000000000000000000e+00 1.000000000000000000e+00
3.675071754721694894e-01 5.818464523965427571e-01 0.000000000000000000e+00 1.000000000000000000e+00
3.674464288721799865e-01 5.818629728404848267e-01 0.000000000000000000e+00 1.000000000000000000e+00
3.672157985236297328e-01 5.817817772438964585e-01 0.000000000000000000e+00 1.000000000000000000e+00
3.670386117190151953e-01 5.819293851679158136e-01 0.000000000000000000e+00 1.000000000000000000e+00
3.669891238748159146e-01 5.821533211773498584e-01 0.000000000000000000e+00 1.000000000000000000e+00
3.668795707329660094e-01 5.817916672847642801e-01 0.000000000000000000e+00 1.000000000000000000e+00
3.669136952386045092e-01 5.818882362334183433e-01 0.000000000000000000e+00 1.000000000000000000e+00
3.669065577640027165e-01 5.821903810627377940e-01 0.000000000000000000e+00 1.000000000000000000e+00
3.672964567785558243e-01 5.821419138408757687e-01 0.000000000000000000e+00 1.000000000000000000e+00
3.672856029509600218e-01 5.824916720279671445e-01 0.000000000000000000e+00 1.000000000000000000e+00
3.672671868130532036e-01 5.824514238371223396e-01 0.000000000000000000e+00 1.000000000000000000e+00
3.669375796498609010e-01 5.822455124409415816e-01 0.000000000000000000e+00 1.000000000000000000e+00
3.668406525842767829e-01 5.820889910031888936e-01 0.000000000000000000e+00 1.000000000000000000e+00
3.667079191257861526e-01 5.820815499557722150e-01 0.000000000000000000e+00 1.000000000000000000e+00
3.666460079469300304e-01 5.824200319698062955e-01 0.000000000000000000e+00 1.000000000000000000e+00
3.665696392016893346e-01 5.823492814127115835e-01 0.000000000000000000e+00 1.000000000000000000e+00
3.666918726537913287e-01 5.834124653583655506e-01 0.000000000000000000e+00 1.000000000000000000e+00
3.667187875184489410e-01 5.838674025189160011e-01 0.000000000000000000e+00 1.000000000000000000e+00
3.666934607672650559e-01 5.839107548753349475e-01 0.000000000000000000e+00 1.000000000000000000e+00
3.648706250158002540e-01 5.820725624855339619e-01 0.000000000000000000e+00 1.000000000000000000e+00
3.642492370460703732e-01 5.814026314889321201e-01 0.000000000000000000e+00 1.000000000000000000e+00
3.642065919253598683e-01 5.819671061408665524e-01 0.000000000000000000e+00 1.000000000000000000e+00
3.643607547960913684e-01 5.819636430310992647e-01 0.000000000000000000e+00 1.000000000000000000e+00
3.635618117540864169e-01 5.792432848078933327e-01 0.000000000000000000e+00 1.000000000000000000e+00
