0.000000000000000000e+00 1.000000000000000000e+00 5.257096510148496771e-01 1.000000000000000000e+00 1.000000000000000000e+00 1.000000000000000000e+00
1.000000000000000000e+00 1.000000000000000000e+00 0.000000000000000000e+00 1.000000000000000000e+00 8.614743652112653027e-01 1.000000000000000000e+00
1.000000000000000000e+00 1.000000000000000000e+00 1.729236910702231511e-01 1.000000000000000000e+00 8.172188017881480970e-01 1.000000000000000000e+00
1.000000000000000000e+00 1.000000000000000000e+00 1.012590747991608531e-01 1.000000000000000000e+00 1.000000000000000000e+00 1.000000000000000000e+00
1.000000000000000000e+00 1.000000000000000000e+00 1.103462102965330482e-01 1.000000000000000000e+00 1.000000000000000000e+00 1.000000000000000000e+00
1.000000000000000000e+00 1.000000000000000000e+00 9.763663919745072528e-01 1.000000000000000000e+00 1.000000000000000000e+00 1.000000000000000000e+00
1.000000000000000000e+00 1.000000000000000000e+00 9.207495959848590594e-01 1.000000000000000000e+00 1.000000000000000000e+00 1.000000000000000000e+00
6.875964269049331667e-01 1.000000000000000000e+00 1.000000000000000000e+00 1.000000000000000000e+00 1.000000000000000000e+00 1.000000000000000000e+00
5.440684239498688735e-01 1.000000000000000000e+00 1.000000000000000000e+00 1.000000000000000000e+00 1.000000000000000000e+00 1.000000000000000000e+00
6.532525165351005247e-01 1.000000000000000000e+00 1.000000000000000000e+00 1.000000000000000000e+00 1.000000000000000000e+00 1.000000000000000000e+00
6.490830583053807112e-01 1.000000000000000000e+00 1.000000000000000000e+00 1.000000000000000000e+00 1.000000000000000000e+00 1.000000000000000000e+00
6.485237706016010462e-01 1.000000000000000000e+00 1.000000000000000000e+00 1.000000000000000000e+00 1.000000000000000000e+00 1.000000000000000000e+00
6.483218769247202085e-01 1.000000000000000000e+00 1.000000000000000000e+00 1.000000000000000000e+00 1.000000000000000000e+00 1.000000000000000000e+00
6.674586814094161102e-01 7.959288225922911408e-01 1.000000000000000000e+00 1.000000000000000000e+00 1.000000000000000000e+00 1.000000000000000000e+00
6.761691388134345448e-01 7.917525450094327066e-01 1.000000000000000000e+00 1.000000000000000000e+00 1.000000000000000000e+00 1.000000000000000000e+00
5.947612261138620626e-01 8.179045153148678526e-01 1.000000000000000000e+00 1.000000000000000000e+00 1.000000000000000000e+00 1.000000000000000000e+00
6.310020980012672753e-01 8.107303830235349507e-01 1.000000000000000000e+00 1.000000000000000000e+00 1.000000000000000000e+00 1.000000000000000000e+00
6.354236838296328793e-01 8.108092056954385729e-01 1.000000000000000000e+00 1.000000000000000000e+00 1.000000000000000000e+00 1.000000000000000000e+00
6.368450861507577443e-01 8.106849478907912632e-01 1.000000000000000000e+00 1.000000000000000000e+00 1.000000000000000000e+00 1.000000000000000000e+00
6.347749764782847359e-01 8.116810285062699970e-01 1.000000000000000000e+00 1.000000000000000000e+00 1.000000000000000000e+00 1.000000000000000000e+00
6.381668848406008010e-01 8.112711213170955560e-01 1.000000000000000000e+00 1.000000000000000000e+00 1.000000000000000000e+00 1.000000000000000000e+00
6.367995384172936424e-01 8.135327418797271282e-01 1.000000000000000000e+00 1.000000000000000000e+00 1.000000000000000000e+00 1.000000000000000000e+00
6.373131825784248417e-01 8.109918653750671780e-01 1.000000000000000000e+00 1.000000000000000000e+00 1.000000000000000000e+00 1.000000000000000000e+00
6.339454456926495451e-01 8.123913965215251443e-01 1.000000000000000000e+00 1.000000000000000000e+00 1.000000000000000000e+00 1.000000000000000000e+00
6.320030710102950700e-01 8.126098011168312318e-01 1.000000000000000000e+00 1.000000000000000000e+00 1.000000000000000000e+00 1.000000000000000000e+00
6.330703191096963556e-01 8.125979223938277762e-01 1.000000000000000000e+00 1.000000000000000000e+00 1.000000000000000000e+00 1.000000000000000000e+00
6.239835046254953443e-01 8.151787013131597259e-01 1.000000000000000000e+00 1.000000000000000000e+00 1.000000000000000000e+00 1.000000000000000000e+00
4.897916365313800258e-01 9.152687995441601831e-01 1.000000000000000000e+00 1.000000000000000000e+00 1.000000000000000000e+00 8.346353970301300107e-01
4.734386313074331887e-01 9.860525233188690564e-01 1.000000000000000000e+00 1.000000000000000000e+00 1.000000000000000000e+00 7.970844856149581492e-01
4.764490541065438678e-01 9.728507298722515184e-01 1.000000000000000000e+00 1.000000000000000000e+00 1.000000000000000000e+00 8.028796793015275934e-01
5.259148155246775591e-01 1.000000000000000000e+00 1.000000000000000000e+00 1.000000000000000000e+00 1.000000000000000000e+00 7.781812501106598612e-01
5.241442591053658839e-01 1.000000000000000000e+00 1.000000000000000000e+00 1.000000000000000000e+00 1.000000000000000000e+00 7.974304747123994730e-01
5.286261730933493608e-01 1.000000000000000000e+00 1.000000000000000000e+00 1.000000000000000000e+00 1.000000000000000000e+00 7.947486059647147494e-01
5.246608571569848500e-01 1.000000000000000000e+00 1.000000000000000000e+00 1.000000000000000000e+00 1.000000000000000000e+00 7.962085905764585414e-01
5.211962271674716041e-01 1.000000000000000000e+00 1.000000000000000000e+00 1.000000000000000000e+00 1.000000000000000000e+00 7.942907200421848168e-01
4.676906324630122902e-01 1.000000000000000000e+00 1.000000000000000000e+00 1.000000000000000000e+00 1.000000000000000000e+00 7.368911826595723191e-01
4.974620537307145041e-01 9.886938384335686170e-01 1.000000000000000000e+00 1.000000000000000000e+00 1.000000000000000000e+00 7.439991925334522582e-01
4.831714696038793555e-01 9.871477903779402041e-01 1.000000000000000000e+00 1.000000000000000000e+00 1.000000000000000000e+00 7.467186450484503135e-01
4.818263076968506420e-01 9.946208758026294783e-01 1.000000000000000000e+00 1.000000000000000000e+00 1.000000000000000000e+00 7.434282206853846109e-01
4.851590999487038203e-01 9.881089852684769026e-01 1.000000000000000000e+00 1.000000000000000000e+00 1.000000000000000000e+00 7.526396375313962883e-01
4.371554510398367177e-01 1.000000000000000000e+00 1.000000000000000000e+00 1.000000000000000000e+00 1.000000000000000000e+00 6.277135257651489386e-01
4.529131701159183621e-01 1.000000000000000000e+00 1.000000000000000000e+00 1.000000000000000000e+00 1.000000000000000000e+00 6.621889667837654869e-01
4.524940916316768647e-01 1.000000000000000000e+00 1.000000000000000000e+00 1.000000000000000000e+00 1.000000000000000000e+00 6.621998611032182680e-01
4.534597676347395523e-01 1.000000000000000000e+00 1.000000000000000000e+00 1.000000000000000000e+00 1.000000000000000000e+00 6.630595843380361343e-01
4.535610320299995890e-01 1.000000000000000000e+00 1.000000000000000000e+00 1.000000000000000000e+00 1.000000000000000000e+00 6.634693329095308068e-01
4.467715509963328668e-01 1.000000000000000000e+00 1.000000000000000000e+00 1.000000000000000000e+00 1.000000000000000000e+00 6.625916758725011180e-01
4.463518545856240416e-01 1.000000000000000000e+00 1.000000000000000000e+00 1.000000000000000000e+00 1.000000000000000000e+00 6.615382261316391510e-01
4.462223811881015356e-01 1.000000000000000000e+00 1.000000000000000000e+00 1.000000000000000000e+00 1.000000000000000000e+00 6.611543230356828893e-01
4.462169608884442584e-01 1.000000000000000000e+00 1.000000000000000000e+00 1.000000000000000000e+00 1.000000000000000000e+00 6.612635006373847046e-01
4.398015916601769604e-01 1.000000000000000000e+00 1.000000000000000000e+00 1.000000000000000000e+00 1.000000000000000000e+00 6.613171115924668664e-01
4.409758111588950036e-01 1.000000000000000000e+00 1.000000000000000000e+00 1.000000000000000000e+00 1.000000000000000000e+00 6.622107284676951311e-01
4.422738193431961506e-01 1.000000000000000000e+00 1.000000000000000000e+00 1.000000000000000000e+00 1.000000000000000000e+00 6.649537340871233271e-01
4.410532571155954540e-01 1.000000000000000000e+00 1.000000000000000000e+00 1.000000000000000000e+00 1.000000000000000000e+00 6.647854127867924845e-01
4.469374826301961146e-01 1.000000000000000000e+00 1.000000000000000000e+00 1.000000000000000000e+00 1.000000000000000000e+00 6.646315855464847155e-01
4.523591158384198674e-01 1.000000000000000000e+00 1.000000000000000000e+00 1.000000000000000000e+00 1.000000000000000000e+00 6.639265965073803955e-01
4.585260162452031163e-01 1.000000000000000000e+00 1.000000000000000000e+00 1.000000000000000000e+00 1.000000000000000000e+00 6.603216099704006803e-01
7.037418529666717992e-01 7.911859957281087707e-01 1.000000000000000000e+00 1.000000000000000000e+00 1.000000000000000000e+00 1.000000000000000000e+00
4.731839879160626983e-01 1.000000000000000000e+00 1.000000000000000000e+00 1.000000000000000000e+00 1.000000000000000000e+00 6.633367470528330756e-01
4.697739777868244482e-01 1.000000000000000000e+00 1.000000000000000000e+00 1.000000000000000000e+00 1.000000000000000000e+00 6.626709887254630393e-01
4.761075532816751443e-01 1.000000000000000000e+00 1.000000000000000000e+00 1.000000000000000000e+00 1.000000000000000000e+00 6.631112581896350111e-01
4.688208804748288938e-01 1.000000000000000000e+00 1.000000000000000000e+00 1.000000000000000000e+00 1.000000000000000000e+00 6.614537397748242453e-01
7.089446734818704021e-01 7.917924882507768602e-01 1.000000000000000000e+00 1.000000000000000000e+00 1.000000000000000000e+00 1.000000000000000000e+00
4.652986018379517419e-01 1.000000000000000000e+00 1.000000000000000000e+00 1.000000000000000000e+00 1.000000000000000000e+00 6.618506650096752653e-01
4.711206237678214337e-01 1.000000000000000000e+00 1.000000000000000000e+00 1.000000000000000000e+00 1.000000000000000000e+00 6.650181153007369561e-01
6.967354508219534281e-01 7.937865266075500026e-01 1.000000000000000000e+00 1.000000000000000000e+00 1.000000000000000000e+00 1.000000000000000000e+00
5.093761761522114240e-01 1.000000000000000000e+00 1.000000000000000000e+00 1.000000000000000000e+00 1.000000000000000000e+00 6.742328834825814798e-01
5.156246832349156151e-01 1.000000000000000000e+00 1.000000000000000000e+00 1.000000000000000000e+00 1.000000000000000000e+00 6.746293345428675536e-01
5.150191144356492945e-01 1.000000000000000000e+00 1.000000000000000000e+00 1.000000000000000000e+00 1.000000000000000000e+00 6.753708479006435006e-01
4.545237548832680163e-01 1.000000000000000000e+00 1.000000000000000000e+00 1.000000000000000000e+00 1.000000000000000000e+00 6.637813683689163247e-01
4.663662382643600779e-01 1.000000000000000000e+00 1.000000000000000000e+00 1.000000000000000000e+00 1.000000000000000000e+00 6.667751930933495386e-01
6.680039391966511308e-01 8.004221020267603404e-01 1.000000000000000000e+00 1.000000000000000000e+00 1.000000000000000000e+00 1.000000000000000000e+00
6.697916915243027347e-01 7.998215637663903532e-01 1.000000000000000000e+00 1.000000000000000000e+00 1.000000000000000000e+00 1.000000000000000000e+00
4.613757074952385961e-01 1.000000000000000000e+00 1.000000000000000000e+00 1.000000000000000000e+00 1.000000000000000000e+00 6.643001904160467097e-01
4.676145300500487156e-01 1.000000000000000000e+00 1.000000000000000000e+00 1.000000000000000000e+00 1.000000000000000000e+00 6.661748468004959900e-01
6.760023598350252128e-01 7.984292166492816811e-01 1.000000000000000000e+00 1.000000000000000000e+00 1.000000000000000000e+00 1.000000000000000000e+00
4.680891354898710222e-01 1.000000000000000000e+00 1.000000000000000000e+00 1.000000000000000000e+00 1.000000000000000000e+00 6.676318328690591386e-01
4.696809550356718099e-01 1.000000000000000000e+00 1.000000000000000000e+00 1.000000000000000000e+00 1.000000000000000000e+00 6.665390004242207622e-01
4.706783717842004666e-01 1.000000000000000000e+00 1.000000000000000000e+00 1.000000000000000000e+00 1.000000000000000000e+00 6.639927679452781728e-01
4.709781839948842808e-01 1.000000000000000000e+00 1.000000000000000000e+00 1.000000000000000000e+00 1.000000000000000000e+00 6.640031821171873405e-01
4.704173213111357277e-01 1.000000000000000000e+00 1.000000000000000000e+00 1.000000000000000000e+00 1.000000000000000000e+00 6.638660098865204473e-01
4.651983444222149711e-01 1.000000000000000000e+00 1.000000000000000000e+00 1.000000000000000000e+00 1.000000000000000000e+00 6.634609555120627444e-01
4.652454298405767075e-01 1.000000000000000000e+00 1.000000000000000000e+00 1.000000000000000000e+00 1.000000000000000000e+00 6.621390431334505111e-01
4.612119667240224818e-01 1.000000000000000000e+00 1.000000000000000000e+00 1.000000000000000000e+00 1.000000000000000000e+00 6.621551021020609662e-01
6.645191285954821225e-01 8.013594987375767253e-01 1.000000000000000000e+00 1.000000000000000000e+00 1.000000000000000000e+00 1.000000000000000000e+00
4.607033784622024952e-01 1.000000000000000000e+00 1.000000000000000000e+00 1.000000000000000000e+00 1.000000000000000000e+00 6.606845586515529556e-01
4.609491542285478194e-01 1.000000000000000000e+00 1.000000000000000000e+00 1.000000000000000000e+00 1.000000000000000000e+00 6.602836212246143699e-01
4.599320966896203733e-01 1.000000000000000000e+00 1.000000000000000000e+00 1.000000000000000000e+00 1.000000000000000000e+00 6.609861380235527717e-01
4.628879416552534320e-01 1.000000000000000000e+00 1.000000000000000000e+00 1.000000000000000000e+00 1.000000000000000000e+00 6.599104002110556255e-01
4.618090286869688255e-01 1.000000000000000000e+00 1.000000000000000000e+00 1.000000000000000000e+00 1.000000000000000000e+00 6.594967566612510712e-01
6.562273462545780145e-01 8.058148720583206970e-01 1.000000000000000000e+00 1.000000000000000000e+00 1.000000000000000000e+00 1.000000000000000000e+00
6.562740851810406895e-01 8.058688379117482370e-01 1.000000000000000000e+00 1.000000000000000000e+00 1.000000000000000000e+00 1.000000000000000000e+00
4.616367922345591124e-01 1.000000000000000000e+00 1.000000000000000000e+00 1.000000000000000000e+00 1.000000000000000000e+00 6.621381758960309671e-01
4.637667790397676515e-01 1.000000000000000000e+00 1.000000000000000000e+00 1.000000000000000000e+00 1.000000000000000000e+00 6.604831088289294660e-01
4.614756216273157019e-01 1.000000000000000000e+00 1.000000000000000000e+00 1.000000000000000000e+00 1.000000000000000000e+00 6.610956962906976431e-01
4.667259711039869474e-01 1.000000000000000000e+00 1.000000000000000000e+00 1.000000000000000000e+00 1.000000000000000000e+00 6.614958488439344197e-01
6.714345659849907388e-01 8.034886594682548733e-01 1.000000000000000000e+00 1.000000000000000000e+00 1.000000000000000000e+00 1.000000000000000000e+00
4.655577111434325843e-01 1.000000000000000000e+00 1.000000000000000000e+00 1.000000000000000000e+00 1.000000000000000000e+00 6.552771786786945052e-01
4.644413428095867657e-01 1.000000000000000000e+00 1.000000000000000000e+00 1.000000000000000000e+00 1.000000000000000000e+00 6.562190434022434626e-01
4.658242668202851045e-01 1.000000000000000000e+00 1.000000000000000000e+00 1.000000000000000000e+00 1.000000000000000000e+00 6.565632231485445391e-01
4.646666265041147770e-01 1.000000000000000000e+00 1.000000000000000000e+00 1.000000000000000000e+00 1.000000000000000000e+00 6.582789478399603267e-01
