-1.381551055796427363e+01
-1.381551055796427363e+01
-2.694097239420170098e+00
-2.194097767752268169e+00
-2.591452267586268898e-01
-2.525544828927250296e-01
-2.475177633951425316e-01
-1.381551055796427363e+01
-1.381551055796427363e+01
-1.740260930660723515e+00
-1.740691058920190715e+00
-1.763459200326651599e+00
-1.770140627480261353e+00
-2.234467939782414536e+00
-2.142132541955837688e+00
-2.703709283525400853e+00
-2.451112939460927009e+00
-2.068157246027275686e+00
-2.289701667757207737e+00
-2.281622551507399788e+00
-2.210903140105104470e+00
-1.381551055796427363e+01
-1.381551055796427363e+01
-1.381551055796427363e+01
-1.381551055796427363e+01
-1.381551055796427363e+01
-1.381551055796427363e+01
-1.381551055796427363e+01
-1.381551055796427363e+01
-1.381551055796427363e+01
-1.381551055796427363e+01
-1.381551055796427363e+01
-1.381551055796427363e+01
-1.381551055796427363e+01
-1.381551055796427363e+01
-1.381551055796427363e+01
-1.381551055796427363e+01
-1.381551055796427363e+01
-1.381551055796427363e+01
-1.381551055796427363e+01
-1.381551055796427363e+01
-1.381551055796427363e+01
-1.381551055796427363e+01
-1.381551055796427363e+01
-1.381551055796427363e+01
-1.381551055796427363e+01
-1.381551055796427363e+01
-1.381551055796427363e+01
-1.381551055796427363e+01
-1.381551055796427363e+01
