4.323566288346946673e-01
8.510350099807807434e-01
8.525383284735443823e-01
6.579940489481057586e-01
1.124421525719211168e+00
7.589148304159372138e-01
9.560975963139844991e-01
8.330998843768757656e-01
9.061793613948293524e-01
1.177958241415648866e+00
3.849109283928411895e-01
5.610758888900466701e-01
8.573535753676917448e-01
1.069571860894800386e+00
4.263297792382729767e-01
1.780652127097546167e+00
5.740912714291532826e-01
1.349497042456784701e+00
1.927150359959046266e+00
1.172333169940281472e+00
9.349310929745429100e-01
2.474544107602906218e-01
7.492338313183735110e-01
5.823057349096382174e-01
4.614886072087365232e-02
1.449871386793119665e+00
1.480604549715235585e+00
6.489868265333683661e-01
6.395992888490662498e-01
1.472270942613751910e+00
1.114213799717830966e+00
4.992982181848018008e-01
8.600282015499224331e-01
1.192564988586681807e+00
6.006999857752289840e-01
9.073488578024838658e-01
3.901951191644429939e-01
4.174598212872528968e-01
8.295326729479979289e-01
1.247693550409370022e+00
1.091781349995799122e+00
6.369464236891120290e-01
5.787496765072854821e-01
9.624319582815730190e-01
8.403765433354279946e-01
1.049808042018908871e+00
7.289096763588626127e-01
1.977649309009004153e+00
7.333386481155635961e-01
3.969415596205009278e-01
3.243927871905502025e-01
3.234935764713573469e-01
5.501269434254987267e-01
4.303478041636383811e-01
3.242425880321279097e-01
5.481949243798637239e-01
6.195265211489261459e-01
6.395384142427800178e-01
2.303464739462077471e-01
5.001270553378112105e-01
1.214307379351524663e+00
6.581267032756550339e-01
7.089217497569031412e-01
3.567734131015017907e-01
5.064245837261107663e-01
1.340188240541899001e+00
1.047011033674393854e+00
3.200133795998580943e-01
3.852488053892598185e-01
2.514724662339959393e-01
1.276006889022121671e+00
4.107795061013531090e-01
9.203626014608048411e-01
3.633544342581638831e-01
1.051651767630528145e+00
9.188066584590168784e-01
8.365655324386686020e-01
8.928674475383402420e-01
1.150863618522740994e+00
5.913775647338881392e-01
8.789337718744445471e-01
1.213375322328886563e+00
9.509805350449205275e-01
1.700753937556344741e+00
1.497271622010621472e+00
9.667318942118824365e-01
6.091620471539147541e-01
1.340242467561219453e+00
1.440308708445794394e+00
1.404708839945767451e+00
8.413194880237238049e-01
1.003901840118067046e+00
4.729633428968113562e-01
1.909531464194927919e+00
5.489400835008559909e-01
1.076177290944945408e+00
5.032242989217516893e-01
8.053265823573219073e-01
1.569818348393662300e+00
-5.167005891307956122e-02
6.108672104992918239e-01
1.528968213414778843e+00
7.427023137963311150e-01
6.670623540378546323e-01
8.951055967398409141e-01
1.706138656200418269e-01
3.341934278265297209e-01
7.749046017476310944e-01
1.018861371198386934e+00
6.572946013075990912e-01
