-3.204625286461471045e-02
4.795362006626571749e-01
4.795362006626571749e-01
4.795362006626571749e-01
4.795362006626571749e-01
4.795362006626571749e-01
4.795362006626571749e-01
4.795362006626571749e-01
4.795362006626571749e-01
4.795362006626571749e-01
4.795362006626571749e-01
4.795362006626571749e-01
4.795362006626571749e-01
4.795362006626571749e-01
4.795362006626571749e-01
4.795362006626571749e-01
4.795362006626571749e-01
4.795362006626571749e-01
4.795362006626571749e-01
4.795362006626571749e-01
5.873004245103176091e-01
5.873004245103176091e-01
6.512491441283916327e-01
6.512491441283916327e-01
6.512491441283916327e-01
6.498388619421385792e-01
6.498388619421385792e-01
6.498388619421385792e-01
6.512491441283916327e-01
6.512491441283916327e-01
6.512491441283916327e-01
6.512491441283916327e-01
6.512491441283916327e-01
6.512491441283916327e-01
6.512491441283916327e-01
6.512491441283916327e-01
6.512491441283916327e-01
6.498388619421385792e-01
6.498388619421385792e-01
6.498388619421385792e-01
6.498388619421385792e-01
6.498388619421385792e-01
6.498388619421385792e-01
6.498388619421385792e-01
6.498388619421385792e-01
6.498388619421385792e-01
6.498388619421385792e-01
6.498388619421385792e-01
6.498388619421385792e-01
6.498388619421385792e-01
6.498388619421385792e-01
6.498388619421385792e-01
6.498388619421385792e-01
6.498388619421385792e-01
6.498388619421385792e-01
6.574896620135075587e-01
6.574896620135075587e-01
6.574896620135075587e-01
6.574896620135075587e-01
6.574896620135075587e-01
6.574896620135075587e-01
6.574896620135075587e-01
6.574896620135075587e-01
6.574896620135075587e-01
6.574896620135075587e-01
6.574896620135075587e-01
6.574896620135075587e-01
6.574896620135075587e-01
6.574896620135075587e-01
6.574896620135075587e-01
6.574896620135075587e-01
6.574896620135075587e-01
6.574896620135075587e-01
6.574896620135075587e-01
6.574896620135075587e-01
6.574896620135075587e-01
6.574896620135075587e-01
6.574896620135075587e-01
6.574896620135075587e-01
6.574896620135075587e-01
6.574896620135075587e-01
6.574896620135075587e-01
6.574896620135075587e-01
6.574896620135075587e-01
6.574896620135075587e-01
6.574896620135075587e-01
6.574896620135075587e-01
6.574896620135075587e-01
6.556713642013248800e-01
6.556713642013248800e-01
6.556713642013248800e-01
6.556713642013248800e-01
6.556713642013248800e-01
6.556713642013248800e-01
6.556713642013248800e-01
6.556713642013248800e-01
6.556713642013248800e-01
6.556713642013248800e-01
6.556713642013248800e-01
6.556713642013248800e-01
