5.436484217643737793e-01 4.115319252014160156e-02 9.261633753776550293e-01 1.226679086685180664e-01
5.436484217643737793e-01 4.115319252014160156e-02 9.261633753776550293e-01 1.226679086685180664e-01
5.436484217643737793e-01 4.115319252014160156e-02 9.261633753776550293e-01 1.226679086685180664e-01
5.436484217643737793e-01 4.115319252014160156e-02 9.261633753776550293e-01 1.226679086685180664e-01
6.190258860588073730e-01 0.000000000000000000e+00 1.000000000000000000e+00 2.785917930305004120e-02
6.190258860588073730e-01 0.000000000000000000e+00 1.000000000000000000e+00 2.785917930305004120e-02
8.622257113456726074e-01 0.000000000000000000e+00 1.000000000000000000e+00 0.000000000000000000e+00
8.622257113456726074e-01 0.000000000000000000e+00 1.000000000000000000e+00 0.000000000000000000e+00
8.622257113456726074e-01 0.000000000000000000e+00 1.000000000000000000e+00 0.000000000000000000e+00
8.622257113456726074e-01 0.000000000000000000e+00 1.000000000000000000e+00 0.000000000000000000e+00
8.622257113456726074e-01 0.000000000000000000e+00 1.000000000000000000e+00 0.000000000000000000e+00
8.622257113456726074e-01 0.000000000000000000e+00 1.000000000000000000e+00 0.000000000000000000e+00
8.622257113456726074e-01 0.000000000000000000e+00 1.000000000000000000e+00 0.000000000000000000e+00
8.622257113456726074e-01 0.000000000000000000e+00 1.000000000000000000e+00 0.000000000000000000e+00
7.002408504486083984e-01 0.000000000000000000e+00 1.000000000000000000e+00 0.000000000000000000e+00
7.002408504486083984e-01 0.000000000000000000e+00 1.000000000000000000e+00 0.000000000000000000e+00
7.173174023628234863e-01 3.708708658814430237e-02 1.000000000000000000e+00 0.000000000000000000e+00
7.173174023628234863e-01 3.708708658814430237e-02 1.000000000000000000e+00 0.000000000000000000e+00
7.173174023628234863e-01 3.708708658814430237e-02 1.000000000000000000e+00 0.000000000000000000e+00
7.173174023628234863e-01 3.708708658814430237e-02 1.000000000000000000e+00 0.000000000000000000e+00
7.173174023628234863e-01 3.708708658814430237e-02 1.000000000000000000e+00 0.000000000000000000e+00
7.173174023628234863e-01 3.708708658814430237e-02 1.000000000000000000e+00 0.000000000000000000e+00
7.173174023628234863e-01 3.708708658814430237e-02 1.000000000000000000e+00 0.000000000000000000e+00
7.173174023628234863e-01 3.708708658814430237e-02 1.000000000000000000e+00 0.000000000000000000e+00
7.173174023628234863e-01 3.708708658814430237e-02 1.000000000000000000e+00 0.000000000000000000e+00
7.173174023628234863e-01 3.708708658814430237e-02 1.000000000000000000e+00 0.000000000000000000e+00
7.173174023628234863e-01 3.708708658814430237e-02 1.000000000000000000e+00 0.000000000000000000e+00
7.173174023628234863e-01 3.708708658814430237e-02 1.000000000000000000e+00 0.000000000000000000e+00
7.173174023628234863e-01 3.708708658814430237e-02 1.000000000000000000e+00 0.000000000000000000e+00
7.173174023628234863e-01 3.708708658814430237e-02 1.000000000000000000e+00 0.000000000000000000e+00
7.173174023628234863e-01 3.708708658814430237e-02 1.000000000000000000e+00 0.000000000000000000e+00
7.173174023628234863e-01 3.708708658814430237e-02 1.000000000000000000e+00 0.000000000000000000e+00
7.173174023628234863e-01 3.708708658814430237e-02 1.000000000000000000e+00 0.000000000000000000e+00
7.173174023628234863e-01 3.708708658814430237e-02 1.000000000000000000e+00 0.000000000000000000e+00
7.173174023628234863e-01 3.708708658814430237e-02 1.000000000000000000e+00 0.000000000000000000e+00
7.173174023628234863e-01 3.708708658814430237e-02 1.000000000000000000e+00 0.000000000000000000e+00
7.173174023628234863e-01 3.708708658814430237e-02 1.000000000000000000e+00 0.000000000000000000e+00
7.173174023628234863e-01 3.708708658814430237e-02 1.000000000000000000e+00 0.000000000000000000e+00
7.173174023628234863e-01 3.708708658814430237e-02 1.000000000000000000e+00 0.000000000000000000e+00
7.173174023628234863e-01 3.708708658814430237e-02 1.000000000000000000e+00 0.000000000000000000e+00
7.173174023628234863e-01 3.708708658814430237e-02 1.000000000000000000e+00 0.000000000000000000e+00
7.173174023628234863e-01 3.708708658814430237e-02 1.000000000000000000e+00 0.000000000000000000e+00
7.173174023628234863e-01 3.708708658814430237e-02 1.000000000000000000e+00 0.000000000000000000e+00
7.173174023628234863e-01 3.708708658814430237e-02 1.000000000000000000e+00 0.000000000000000000e+00
7.173174023628234863e-01 3.708708658814430237e-02 1.000000000000000000e+00 0.000000000000000000e+00
7.173174023628234863e-01 3.708708658814430237e-02 1.000000000000000000e+00 0.000000000000000000e+00
7.173174023628234863e-01 3.708708658814430237e-02 1.000000000000000000e+00 0.000000000000000000e+00
7.173174023628234863e-01 3.708708658814430237e-02 1.000000000000000000e+00 0.000000000000000000e+00
7.173174023628234863e-01 3.708708658814430237e-02 1.000000000000000000e+00 0.000000000000000000e+00
7.173174023628234863e-01 3.708708658814430237e-02 1.000000000000000000e+00 0.000000000000000000e+00
7.173174023628234863e-01 3.708708658814430237e-02 1.000000000000000000e+00 0.000000000000000000e+00
7.173174023628234863e-01 3.708708658814430237e-02 1.000000000000000000e+00 0.000000000000000000e+00
7.173174023628234863e-01 3.708708658814430237e-02 1.000000000000000000e+00 0.000000000000000000e+00
7.173174023628234863e-01 3.708708658814430237e-02 1.000000000000000000e+00 0.000000000000000000e+00
7.173174023628234863e-01 3.708708658814430237e-02 1.000000000000000000e+00 0.000000000000000000e+00
7.173174023628234863e-01 3.708708658814430237e-02 1.000000000000000000e+00 0.000000000000000000e+00
7.173174023628234863e-01 3.708708658814430237e-02 1.000000000000000000e+00 0.000000000000000000e+00
7.173174023628234863e-01 3.708708658814430237e-02 1.000000000000000000e+00 0.000000000000000000e+00
7.173174023628234863e-01 3.708708658814430237e-02 1.000000000000000000e+00 0.000000000000000000e+00
7.173174023628234863e-01 3.708708658814430237e-02 1.000000000000000000e+00 0.000000000000000000e+00
7.173174023628234863e-01 3.708708658814430237e-02 1.000000000000000000e+00 0.000000000000000000e+00
7.173174023628234863e-01 3.708708658814430237e-02 1.000000000000000000e+00 0.000000000000000000e+00
7.173174023628234863e-01 3.708708658814430237e-02 1.000000000000000000e+00 0.000000000000000000e+00
7.173174023628234863e-01 3.708708658814430237e-02 1.000000000000000000e+00 0.000000000000000000e+00
7.173174023628234863e-01 3.708708658814430237e-02 1.000000000000000000e+00 0.000000000000000000e+00
7.173174023628234863e-01 3.708708658814430237e-02 1.000000000000000000e+00 0.000000000000000000e+00
7.173174023628234863e-01 3.708708658814430237e-02 1.000000000000000000e+00 0.000000000000000000e+00
7.173174023628234863e-01 3.708708658814430237e-02 1.000000000000000000e+00 0.000000000000000000e+00
7.173174023628234863e-01 3.708708658814430237e-02 1.000000000000000000e+00 0.000000000000000000e+00
7.173174023628234863e-01 3.708708658814430237e-02 1.000000000000000000e+00 0.000000000000000000e+00
7.173174023628234863e-01 3.708708658814430237e-02 1.000000000000000000e+00 0.000000000000000000e+00
7.173174023628234863e-01 3.708708658814430237e-02 1.000000000000000000e+00 0.000000000000000000e+00
7.173174023628234863e-01 3.708708658814430237e-02 1.000000000000000000e+00 0.000000000000000000e+00
7.173174023628234863e-01 3.708708658814430237e-02 1.000000000000000000e+00 0.000000000000000000e+00
7.173174023628234863e-01 3.708708658814430237e-02 1.000000000000000000e+00 0.000000000000000000e+00
7.173174023628234863e-01 3.708708658814430237e-02 1.000000000000000000e+00 0.000000000000000000e+00
7.173174023628234863e-01 3.708708658814430237e-02 1.000000000000000000e+00 0.000000000000000000e+00
7.173174023628234863e-01 3.708708658814430237e-02 1.000000000000000000e+00 0.000000000000000000e+00
7.173174023628234863e-01 3.708708658814430237e-02 1.000000000000000000e+00 0.000000000000000000e+00
7.173174023628234863e-01 3.708708658814430237e-02 1.000000000000000000e+00 0.000000000000000000e+00
7.173174023628234863e-01 3.708708658814430237e-02 1.000000000000000000e+00 0.000000000000000000e+00
7.173174023628234863e-01 3.708708658814430237e-02 1.000000000000000000e+00 0.000000000000000000e+00
7.173174023628234863e-01 3.708708658814430237e-02 1.000000000000000000e+00 0.000000000000000000e+00
7.173174023628234863e-01 3.708708658814430237e-02 1.000000000000000000e+00 0.000000000000000000e+00
7.173174023628234863e-01 3.708708658814430237e-02 1.000000000000000000e+00 0.000000000000000000e+00
7.173174023628234863e-01 3.708708658814430237e-02 1.000000000000000000e+00 0.000000000000000000e+00
7.173174023628234863e-01 3.708708658814430237e-02 1.000000000000000000e+00 0.000000000000000000e+00
7.173174023628234863e-01 3.708708658814430237e-02 1.000000000000000000e+00 0.000000000000000000e+00
7.173174023628234863e-01 3.708708658814430237e-02 1.000000000000000000e+00 0.000000000000000000e+00
7.173174023628234863e-01 3.708708658814430237e-02 1.000000000000000000e+00 0.000000000000000000e+00
7.173174023628234863e-01 3.708708658814430237e-02 1.000000000000000000e+00 0.000000000000000000e+00
7.173174023628234863e-01 3.708708658814430237e-02 1.000000000000000000e+00 0.000000000000000000e+00
7.173174023628234863e-01 3.708708658814430237e-02 1.000000000000000000e+00 0.000000000000000000e+00
7.173174023628234863e-01 3.708708658814430237e-02 1.000000000000000000e+00 0.000000000000000000e+00
7.173174023628234863e-01 3.708708658814430237e-02 1.000000000000000000e+00 0.000000000000000000e+00
7.173174023628234863e-01 3.708708658814430237e-02 1.000000000000000000e+00 0.000000000000000000e+00
7.173174023628234863e-01 3.708708658814430237e-02 1.000000000000000000e+00 0.000000000000000000e+00
7.173174023628234863e-01 3.708708658814430237e-02 1.000000000000000000e+00 0.000000000000000000e+00
7.173174023628234863e-01 3.708708658814430237e-02 1.000000000000000000e+00 0.000000000000000000e+00
7.173174023628234863e-01 3.708708658814430237e-02 1.000000000000000000e+00 0.000000000000000000e+00
