2.452158927917480469e-01 8.500215411186218262e-01 7.619037628173828125e-01 6.862547397613525391e-01 1.471124291419982910e-01 9.871663451194763184e-01
8.381471037864685059e-01 2.808437943458557129e-01 5.908544063568115234e-01 1.006706357002258301e-01 9.787467718124389648e-01 6.364823579788208008e-01
9.623792171478271484e-01 8.206415176391601562e-02 7.775686979293823242e-01 3.003271222114562988e-01 8.582315444946289062e-01 4.756138324737548828e-01
6.939752697944641113e-01 5.681894421577453613e-01 9.544157385826110840e-01 1.428518891334533691e-01 5.832890272140502930e-01 1.223909854888916016e-01
3.543280363082885742e-01 6.444825530052185059e-01 6.650885939598083496e-01 6.878004670143127441e-01 4.874789118766784668e-01 9.954360723495483398e-01
8.845732212066650391e-01 6.909024715423583984e-01 6.502335667610168457e-01 7.069640159606933594e-01 4.288275241851806641e-01 6.468040347099304199e-01
3.663867712020874023e-01 5.629761219024658203e-01 9.301995038986206055e-01 1.675570607185363770e-01 5.786986351013183594e-01 3.861945867538452148e-02
2.060440778732299805e-01 2.501477003097534180e-01 8.287115097045898438e-01 8.840024471282958984e-02 7.093432545661926270e-01 5.232989788055419922e-01
1.033665537834167480e-01 2.170211076736450195e-02 6.151822805404663086e-01 4.809921979904174805e-02 2.950599193572998047e-01 6.887012720108032227e-02
4.209769368171691895e-01 1.273685693740844727e-01 4.716207385063171387e-01 7.376305460929870605e-01 8.834096789360046387e-01 2.438734173774719238e-01
1.557415723800659180e-01 2.692385911941528320e-01 8.106892704963684082e-01 4.068290591239929199e-01 6.668171286582946777e-01 4.428068995475769043e-01
5.701289176940917969e-01 7.974645495414733887e-01 9.758039116859436035e-01 6.981778740882873535e-01 1.370894908905029297e-01 4.731578826904296875e-01
4.217838048934936523e-01 3.606158494949340820e-01 4.743500351905822754e-01 2.115926742553710938e-01 9.123344421386718750e-01 1.443287134170532227e-01
3.065227270126342773e-01 3.703195452690124512e-01 6.443804502487182617e-01 7.898353338241577148e-01 2.374423146247863770e-01 9.052556753158569336e-01
1.427776813507080078e-01 7.491583228111267090e-01 9.870283007621765137e-01 3.729966282844543457e-01 3.015836477279663086e-01 8.152316808700561523e-01
4.719978570938110352e-01 4.940013289451599121e-01 1.546186208724975586e-01 7.218341231346130371e-01 4.683970212936401367e-01 8.476725220680236816e-01
2.075833678245544434e-01 9.482259154319763184e-01 2.671892642974853516e-01 7.010846734046936035e-01 2.712035775184631348e-01 6.987695097923278809e-01
6.069949269294738770e-01 2.273681163787841797e-01 8.551378846168518066e-01 7.362974882125854492e-01 2.176525592803955078e-01 5.113041400909423828e-02
4.688602089881896973e-01 2.435209155082702637e-01 6.630340814590454102e-01 2.662953734397888184e-01 4.504954218864440918e-01 7.085629105567932129e-01
4.566990733146667480e-01 6.254619359970092773e-02 9.336785078048706055e-01 4.319879412651062012e-01 6.662657260894775391e-01 3.969064950942993164e-01
4.733982086181640625e-01 7.983222603797912598e-01 3.134019970893859863e-01 9.415653347969055176e-01 5.627603530883789062e-01 9.900604486465454102e-01
5.567378401756286621e-01 9.331739544868469238e-01 3.029133677482604980e-01 4.832144379615783691e-01 9.538581371307373047e-01 3.895451426506042480e-01
9.703088998794555664e-01 7.430641055107116699e-01 7.511335611343383789e-01 4.473962783813476562e-01 7.926057577133178711e-01 5.295535922050476074e-01
2.566553950309753418e-01 6.629163622856140137e-01 6.312618255615234375e-01 8.548591136932373047e-01 3.548389077186584473e-01 8.563803434371948242e-01
8.420602083206176758e-01 5.340229272842407227e-01 6.758546829223632812e-01 6.712834835052490234e-01 9.441950917243957520e-01 7.286637425422668457e-01
6.851621270179748535e-01 5.060473680496215820e-01 2.324325442314147949e-01 6.080474257469177246e-01 1.530563831329345703e-01 2.905896902084350586e-01
2.317526936531066895e-01 2.066423892974853516e-01 5.388705730438232422e-01 5.952739715576171875e-01 4.442478418350219727e-01 5.569001436233520508e-01
6.294600367546081543e-01 5.886406898498535156e-01 3.008619546890258789e-01 2.899107336997985840e-01 5.448001623153686523e-01 4.217780232429504395e-01
8.023453354835510254e-01 9.720712900161743164e-02 5.847355127334594727e-01 5.927351117134094238e-01 4.275767207145690918e-01 7.973206639289855957e-01
6.431107521057128906e-01 1.522195935249328613e-01 4.577962160110473633e-01 1.033731102943420410e-01 7.645909786224365234e-01 7.010006904602050781e-01
8.832812309265136719e-04 6.115490198135375977e-02 9.181850552558898926e-01 9.074011445045471191e-01 5.574560165405273438e-02 7.444005012512207031e-01
2.951691150665283203e-01 4.446678161621093750e-01 7.877550721168518066e-01 8.349440097808837891e-01 3.663070201873779297e-01 1.721292734146118164e-01
8.451471924781799316e-01 8.134416341781616211e-01 5.509537458419799805e-01 6.707906723022460938e-04 6.514930725097656250e-02 6.974205374717712402e-01
5.931520462036132812e-02 4.092341065406799316e-01 7.980802655220031738e-01 5.199950337409973145e-01 3.753746747970581055e-01 6.899032592773437500e-01
1.201067566871643066e-01 2.178841829299926758e-02 1.098359823226928711e-01 5.225001573562622070e-01 1.148740053176879883e-01 6.813406348228454590e-01
9.502544999122619629e-01 5.550422668457031250e-01 2.392283678054809570e-01 7.275115847587585449e-01 2.577155828475952148e-01 9.310494065284729004e-01
9.236804842948913574e-01 6.161864995956420898e-01 2.278739213943481445e-02 6.427783370018005371e-01 4.988451600074768066e-01 8.114159107208251953e-03
8.630682229995727539e-01 2.941227555274963379e-01 1.626405119895935059e-01 2.381670475006103516e-01 5.995811820030212402e-01 8.764201998710632324e-01
6.013313531875610352e-01 6.754067540168762207e-01 3.518378138542175293e-01 6.063559055328369141e-01 9.766517281532287598e-01 5.813524723052978516e-01
3.490965366363525391e-01 9.913746118545532227e-01 5.792004466056823730e-01 7.710807919502258301e-01 9.229814410209655762e-01 7.794169783592224121e-01
5.271772146224975586e-01 4.988253116607666016e-02 4.327607154846191406e-01 4.023218750953674316e-01 5.654356479644775391e-01 3.288680911064147949e-01
2.338641881942749023e-01 5.393957495689392090e-01 5.422748327255249023e-01 6.414462327957153320e-01 2.475816011428833008e-01 9.338794946670532227e-01
4.372741580009460449e-01 3.925645351409912109e-01 4.861140251159667969e-01 8.277779221534729004e-01 1.023904085159301758e-01 9.897797107696533203e-01
7.934949398040771484e-01 7.758448719978332520e-01 1.197125315666198730e-01 9.027925133705139160e-01 5.866332054138183594e-01 6.069093942642211914e-02
3.391103148460388184e-01 1.900230050086975098e-01 9.432036280632019043e-01 4.940561056137084961e-01 7.419121265411376953e-01 3.167765736579895020e-01
3.614758253097534180e-01 9.393025636672973633e-01 2.589823603630065918e-01 1.723684072494506836e-01 4.079528450965881348e-01 9.934676885604858398e-01
3.385794162750244141e-01 3.206866979598999023e-02 7.186731100082397461e-01 2.864350080490112305e-01 1.562858223915100098e-01 7.198711633682250977e-01
3.660176396369934082e-01 2.592160701751708984e-01 5.186057090759277344e-02 5.521313548088073730e-01 9.115219712257385254e-01 5.531340837478637695e-01
1.160380244255065918e-01 7.142542600631713867e-01 7.280505895614624023e-01 6.670379638671875000e-02 8.283339738845825195e-01 1.824249625205993652e-01
2.211805582046508789e-01 8.561844825744628906e-01 4.004687666893005371e-01 4.310488700866699219e-01 3.338661193847656250e-01 1.372427344322204590e-01
4.066705703735351562e-01 5.043871998786926270e-01 5.888476967811584473e-01 4.742783308029174805e-02 7.072154879570007324e-01 5.160862207412719727e-01
5.305048227310180664e-01 3.812822103500366211e-01 7.336400151252746582e-01 6.209043264389038086e-01 5.215156078338623047e-01 3.449327349662780762e-01
7.442612648010253906e-01 3.513364791870117188e-01 1.254902482032775879e-01 3.971369266510009766e-01 3.715919256210327148e-01 2.080346941947937012e-01
4.106127023696899414e-01 6.406755447387695312e-01 2.386416196823120117e-01 8.173348307609558105e-01 9.575349688529968262e-01 2.988687753677368164e-01
5.849007368087768555e-01 3.308749794960021973e-01 8.216666579246520996e-01 8.705364465713500977e-01 1.297670602798461914e-01 8.434934020042419434e-01
8.993439674377441406e-01 3.172432780265808105e-01 1.162134408950805664e-01 1.935015320777893066e-01 3.369256854057312012e-01 3.170449733734130859e-01
6.288474202156066895e-01 3.663837909698486328e-02 6.118106842041015625e-02 6.460791826248168945e-02 8.019899129867553711e-01 4.993472695350646973e-01
6.387284994125366211e-01 8.651027083396911621e-01 6.978200674057006836e-01 9.299415349960327148e-01 7.421637177467346191e-01 5.948829650878906250e-02
1.966359615325927734e-01 2.283266186714172363e-01 9.635746479034423828e-02 1.486907601356506348e-01 2.582771182060241699e-01 2.854413390159606934e-01
1.361678838729858398e-01 5.334929227828979492e-01 3.075391054153442383e-02 7.472824454307556152e-01 6.815584897994995117e-01 7.982766032218933105e-01
3.082149028778076172e-01 9.905772805213928223e-01 2.896231412887573242e-02 7.544637918472290039e-01 4.569284319877624512e-01 9.338700771331787109e-01
1.622867584228515625e-01 2.881626486778259277e-01 7.353832125663757324e-01 3.870965838432312012e-01 9.191211462020874023e-01 2.414337396621704102e-01
7.650714516639709473e-01 5.523552894592285156e-01 8.976051211357116699e-01 7.039069533348083496e-01 7.998474240303039551e-01 9.877291321754455566e-01
1.074804067611694336e-01 9.158539175987243652e-01 4.351429939270019531e-01 2.584099173545837402e-01 6.459371447563171387e-01 7.590137720108032227e-01
7.112725973129272461e-01 4.593861103057861328e-01 6.984685063362121582e-01 8.443108797073364258e-01 3.913018703460693359e-01 1.458233594894409180e-01
6.736934185028076172e-01 5.456650853157043457e-01 4.254720211029052734e-01 7.287075519561767578e-01 5.659002661705017090e-01 6.485314369201660156e-01
6.349166035652160645e-01 7.701736688613891602e-02 1.344954967498779297e-02 2.696841359138488770e-01 9.678825139999389648e-01 5.507344007492065430e-01
6.737955212593078613e-01 4.919885396957397461e-01 9.631825089454650879e-01 8.070493340492248535e-01 3.488432765007019043e-01 4.564914107322692871e-01
5.125170350074768066e-01 2.027316689491271973e-01 7.328163385391235352e-01 1.791211366653442383e-01 9.454914331436157227e-01 3.738443851470947266e-01
7.699967622756958008e-01 5.897464156150817871e-01 2.124548554420471191e-01 5.611353516578674316e-01 6.565089821815490723e-01 5.020443201065063477e-01
2.533087730407714844e-01 8.934221267700195312e-01 7.692626118659973145e-01 1.326298713684082031e-02 2.059561014175415039e-02 6.170988082885742188e-02
8.994970321655273438e-01 6.336802244186401367e-02 2.958522439002990723e-01 2.598094940185546875e-02 3.330783843994140625e-01 8.703331947326660156e-01
6.389122009277343750e-01 9.404565095901489258e-01 8.651448488235473633e-01 6.583163738250732422e-01 8.726749420166015625e-01 2.451078891754150391e-01
3.871547579765319824e-01 8.609163165092468262e-01 1.553267240524291992e-02 3.799356222152709961e-01 5.381427407264709473e-01 4.466818571090698242e-01
6.535730361938476562e-01 3.262636661529541016e-01 5.002470612525939941e-01 4.635918140411376953e-01 9.150925874710083008e-01 8.294019699096679688e-01
9.809018373489379883e-01 6.718224883079528809e-01 7.488654851913452148e-01 8.212819099426269531e-01 6.884683966636657715e-01 1.579636335372924805e-01
7.722223401069641113e-01 3.981921672821044922e-01 1.277583241462707520e-01 7.896342277526855469e-01 8.258146643638610840e-01 7.269284129142761230e-01
3.766253590583801270e-01 6.156345605850219727e-01 8.339525461196899414e-01 7.650136947631835938e-03 6.820715069770812988e-01 9.355723261833190918e-01
8.310174942016601562e-02 5.769138932228088379e-01 7.278919219970703125e-03 6.157636046409606934e-01 9.328644871711730957e-01 5.207224488258361816e-01
9.750208854675292969e-01 6.788938045501708984e-01 9.353095889091491699e-01 5.907270908355712891e-01 8.603993654251098633e-01 5.199046730995178223e-01
1.675518155097961426e-01 2.594853639602661133e-01 1.406120657920837402e-01 8.898392915725708008e-01 7.917594909667968750e-02 8.132183551788330078e-02
8.871155977249145508e-02 6.661914587020874023e-01 8.308534026145935059e-01 7.095337510108947754e-01 2.238485813140869141e-01 2.629102468490600586e-01
1.186888217926025391e-01 2.267052531242370605e-01 2.070414423942565918e-01 2.370015978813171387e-01 7.860190272331237793e-01 3.970005512237548828e-01
4.403288960456848145e-01 3.004842996597290039e-02 5.090588927268981934e-01 9.749269485473632812e-02 3.263850808143615723e-01 8.805130124092102051e-01
9.782024025917053223e-01 5.161345005035400391e-01 1.580005884170532227e-01 1.633073687553405762e-01 8.525434136390686035e-01 3.648184537887573242e-01
9.400634765625000000e-01 1.692301034927368164e-01 3.728836774826049805e-02 2.920827865600585938e-01 3.855668902397155762e-01 8.644172549247741699e-01
6.415625810623168945e-01 9.726631045341491699e-01 6.217725276947021484e-01 3.534655570983886719e-01 5.123834609985351562e-01 6.184572577476501465e-01
9.796655178070068359e-01 9.635885953903198242e-01 8.963227272033691406e-02 2.822232246398925781e-02 4.598065614700317383e-01 7.888450622558593750e-01
2.137670516967773438e-01 1.148149967193603516e-01 3.322628736495971680e-01 5.459702014923095703e-01 1.388732790946960449e-01 6.160207986831665039e-01
9.366067647933959961e-01 8.774822354316711426e-01 6.457616686820983887e-01 4.648101925849914551e-01 2.064967751502990723e-01 5.194513797760009766e-01
1.682679653167724609e-01 7.233937382698059082e-01 9.750616550445556641e-02 6.291338801383972168e-01 9.598690867424011230e-01 8.322980403900146484e-01
9.539563655853271484e-01 8.935780525207519531e-01 2.823483943939208984e-01 5.629475712776184082e-01 3.308168053627014160e-01 4.964979887008666992e-01
4.032507538795471191e-01 3.367496132850646973e-01 7.433098554611206055e-02 8.702068328857421875e-01 4.039009213447570801e-01 8.545972704887390137e-01
6.818968057632446289e-02 1.168328523635864258e-02 3.336983323097229004e-01 2.721035480499267578e-02 7.538133859634399414e-02 3.515275716781616211e-01
3.538539409637451172e-01 4.790701866149902344e-01 4.954824447631835938e-01 4.487413167953491211e-02 9.292739629745483398e-01 6.656799316406250000e-01
3.149796724319458008e-01 1.889560818672180176e-01 7.365375757217407227e-02 3.446083068847656250e-01 4.239394068717956543e-01 8.513453006744384766e-01
3.787746429443359375e-01 9.666430950164794922e-02 3.735795021057128906e-01 4.612377882003784180e-01 5.686907768249511719e-01 1.964871883392333984e-01
5.572078227996826172e-01 1.204791069030761719e-01 2.096074819564819336e-01 9.734107851982116699e-01 9.828680753707885742e-02 9.449496865272521973e-01
3.017730712890625000e-01 8.757506608963012695e-01 3.424136638641357422e-01 1.225191950798034668e-01 7.809712290763854980e-01 2.470898032188415527e-01
3.176293373107910156e-01 6.079707145690917969e-01 9.233552217483520508e-01 2.360908389091491699e-01 3.506946563720703125e-02 9.328682422637939453e-01
2.831056714057922363e-01 5.999566912651062012e-01 4.914432168006896973e-01 1.800695061683654785e-01 5.252835154533386230e-01 2.742949724197387695e-01
6.948478221893310547e-01 9.258772134780883789e-01 1.342964768409729004e-01 9.726104736328125000e-01 4.034066796302795410e-01 2.192202210426330566e-01
2.603608369827270508e-01 7.855570316314697266e-01 9.793841242790222168e-01 5.097437500953674316e-01 3.187937736511230469e-01 2.832986712455749512e-01
3.957751393318176270e-01 8.676339983940124512e-01 1.353341341018676758e-01 6.622101068496704102e-01 5.972217321395874023e-01 8.863635063171386719e-01
3.881444334983825684e-01 3.889792561531066895e-01 2.039886713027954102e-01 5.991935729980468750e-02 9.795445203781127930e-02 3.741568326950073242e-02
8.580906987190246582e-01 3.936185836791992188e-01 5.519694685935974121e-01 6.703933477401733398e-01 1.731524467468261719e-01 2.563941478729248047e-01
3.136793375015258789e-01 2.580690383911132812e-02 3.146082162857055664e-01 4.194478392601013184e-01 5.100708007812500000e-01 5.550188422203063965e-01
2.286298871040344238e-01 1.739864349365234375e-01 7.667708992958068848e-01 2.690827846527099609e-01 2.361262440681457520e-01 6.451071500778198242e-01
8.517385125160217285e-01 7.085009813308715820e-01 9.510172605514526367e-01 4.726974368095397949e-01 2.574224472045898438e-01 6.821359395980834961e-01
7.414850592613220215e-01 9.956957697868347168e-01 1.022740602493286133e-01 6.770338416099548340e-01 2.047154903411865234e-01 4.448580741882324219e-02
