8.163862228393554688e-01 2.196268439292907715e-01 5.523898005485534668e-01 8.793517947196960449e-01 6.968564987182617188e-01 6.774110198020935059e-01
8.867794275283813477e-01 7.671065330505371094e-01 9.264850020408630371e-01 9.475131034851074219e-01 9.721230864524841309e-01 5.918642878532409668e-02
8.867794275283813477e-01 7.671065330505371094e-01 9.264850020408630371e-01 9.475131034851074219e-01 9.721230864524841309e-01 5.918642878532409668e-02
8.867794275283813477e-01 7.671065330505371094e-01 9.264850020408630371e-01 9.475131034851074219e-01 9.721230864524841309e-01 5.918642878532409668e-02
8.867794275283813477e-01 7.671065330505371094e-01 9.264850020408630371e-01 9.475131034851074219e-01 9.721230864524841309e-01 5.918642878532409668e-02
8.867794275283813477e-01 7.671065330505371094e-01 9.264850020408630371e-01 9.475131034851074219e-01 9.721230864524841309e-01 5.918642878532409668e-02
8.867794275283813477e-01 7.671065330505371094e-01 9.264850020408630371e-01 9.475131034851074219e-01 9.721230864524841309e-01 5.918642878532409668e-02
8.867794275283813477e-01 7.671065330505371094e-01 9.264850020408630371e-01 9.475131034851074219e-01 9.721230864524841309e-01 5.918642878532409668e-02
8.867794275283813477e-01 7.671065330505371094e-01 9.264850020408630371e-01 9.475131034851074219e-01 9.721230864524841309e-01 5.918642878532409668e-02
8.867794275283813477e-01 7.671065330505371094e-01 9.264850020408630371e-01 9.475131034851074219e-01 9.721230864524841309e-01 5.918642878532409668e-02
7.760530114173889160e-01 0.000000000000000000e+00 6.411368250846862793e-01 2.439546436071395874e-01 7.558462023735046387e-01 1.088770255446434021e-01
7.760530114173889160e-01 0.000000000000000000e+00 6.411368250846862793e-01 2.439546436071395874e-01 7.558462023735046387e-01 1.088770255446434021e-01
7.760530114173889160e-01 0.000000000000000000e+00 6.411368250846862793e-01 2.439546436071395874e-01 7.558462023735046387e-01 1.088770255446434021e-01
7.760530114173889160e-01 0.000000000000000000e+00 6.411368250846862793e-01 2.439546436071395874e-01 7.558462023735046387e-01 1.088770255446434021e-01
7.760530114173889160e-01 0.000000000000000000e+00 6.411368250846862793e-01 2.439546436071395874e-01 7.558462023735046387e-01 1.088770255446434021e-01
9.551455378532409668e-01 0.000000000000000000e+00 8.032969832420349121e-01 1.043067798018455505e-01 9.438640475273132324e-01 2.797057665884494781e-02
9.551455378532409668e-01 0.000000000000000000e+00 8.032969832420349121e-01 1.043067798018455505e-01 9.438640475273132324e-01 2.797057665884494781e-02
9.551455378532409668e-01 0.000000000000000000e+00 8.032969832420349121e-01 1.043067798018455505e-01 9.438640475273132324e-01 2.797057665884494781e-02
9.551455378532409668e-01 0.000000000000000000e+00 8.032969832420349121e-01 1.043067798018455505e-01 9.438640475273132324e-01 2.797057665884494781e-02
9.551455378532409668e-01 0.000000000000000000e+00 8.032969832420349121e-01 1.043067798018455505e-01 9.438640475273132324e-01 2.797057665884494781e-02
9.551455378532409668e-01 0.000000000000000000e+00 8.032969832420349121e-01 1.043067798018455505e-01 9.438640475273132324e-01 2.797057665884494781e-02
9.551455378532409668e-01 0.000000000000000000e+00 8.032969832420349121e-01 1.043067798018455505e-01 9.438640475273132324e-01 2.797057665884494781e-02
9.958075881004333496e-01 6.128964014351367950e-03 7.513544559478759766e-01 6.895191967487335205e-03 7.695721983909606934e-01 1.970871537923812866e-02
9.958075881004333496e-01 6.128964014351367950e-03 7.513544559478759766e-01 6.895191967487335205e-03 7.695721983909606934e-01 1.970871537923812866e-02
9.958075881004333496e-01 6.128964014351367950e-03 7.513544559478759766e-01 6.895191967487335205e-03 7.695721983909606934e-01 1.970871537923812866e-02
9.958075881004333496e-01 6.128964014351367950e-03 7.513544559478759766e-01 6.895191967487335205e-03 7.695721983909606934e-01 1.970871537923812866e-02
9.958075881004333496e-01 6.128964014351367950e-03 7.513544559478759766e-01 6.895191967487335205e-03 7.695721983909606934e-01 1.970871537923812866e-02
9.958075881004333496e-01 6.128964014351367950e-03 7.513544559478759766e-01 6.895191967487335205e-03 7.695721983909606934e-01 1.970871537923812866e-02
9.958075881004333496e-01 6.128964014351367950e-03 7.513544559478759766e-01 6.895191967487335205e-03 7.695721983909606934e-01 1.970871537923812866e-02
9.958075881004333496e-01 6.128964014351367950e-03 7.513544559478759766e-01 6.895191967487335205e-03 7.695721983909606934e-01 1.970871537923812866e-02
9.958075881004333496e-01 6.128964014351367950e-03 7.513544559478759766e-01 6.895191967487335205e-03 7.695721983909606934e-01 1.970871537923812866e-02
9.958075881004333496e-01 6.128964014351367950e-03 7.513544559478759766e-01 6.895191967487335205e-03 7.695721983909606934e-01 1.970871537923812866e-02
9.958075881004333496e-01 6.128964014351367950e-03 7.513544559478759766e-01 6.895191967487335205e-03 7.695721983909606934e-01 1.970871537923812866e-02
9.958075881004333496e-01 6.128964014351367950e-03 7.513544559478759766e-01 6.895191967487335205e-03 7.695721983909606934e-01 1.970871537923812866e-02
9.958075881004333496e-01 6.128964014351367950e-03 7.513544559478759766e-01 6.895191967487335205e-03 7.695721983909606934e-01 1.970871537923812866e-02
9.958075881004333496e-01 6.128964014351367950e-03 7.513544559478759766e-01 6.895191967487335205e-03 7.695721983909606934e-01 1.970871537923812866e-02
9.958075881004333496e-01 6.128964014351367950e-03 7.513544559478759766e-01 6.895191967487335205e-03 7.695721983909606934e-01 1.970871537923812866e-02
9.958075881004333496e-01 6.128964014351367950e-03 7.513544559478759766e-01 6.895191967487335205e-03 7.695721983909606934e-01 1.970871537923812866e-02
9.958075881004333496e-01 6.128964014351367950e-03 7.513544559478759766e-01 6.895191967487335205e-03 7.695721983909606934e-01 1.970871537923812866e-02
9.958075881004333496e-01 6.128964014351367950e-03 7.513544559478759766e-01 6.895191967487335205e-03 7.695721983909606934e-01 1.970871537923812866e-02
9.958075881004333496e-01 6.128964014351367950e-03 7.513544559478759766e-01 6.895191967487335205e-03 7.695721983909606934e-01 1.970871537923812866e-02
9.958075881004333496e-01 6.128964014351367950e-03 7.513544559478759766e-01 6.895191967487335205e-03 7.695721983909606934e-01 1.970871537923812866e-02
9.958075881004333496e-01 6.128964014351367950e-03 7.513544559478759766e-01 6.895191967487335205e-03 7.695721983909606934e-01 1.970871537923812866e-02
9.958075881004333496e-01 6.128964014351367950e-03 7.513544559478759766e-01 6.895191967487335205e-03 7.695721983909606934e-01 1.970871537923812866e-02
9.958075881004333496e-01 6.128964014351367950e-03 7.513544559478759766e-01 6.895191967487335205e-03 7.695721983909606934e-01 1.970871537923812866e-02
9.958075881004333496e-01 6.128964014351367950e-03 7.513544559478759766e-01 6.895191967487335205e-03 7.695721983909606934e-01 1.970871537923812866e-02
9.958075881004333496e-01 6.128964014351367950e-03 7.513544559478759766e-01 6.895191967487335205e-03 7.695721983909606934e-01 1.970871537923812866e-02
9.958075881004333496e-01 6.128964014351367950e-03 7.513544559478759766e-01 6.895191967487335205e-03 7.695721983909606934e-01 1.970871537923812866e-02
9.958075881004333496e-01 6.128964014351367950e-03 7.513544559478759766e-01 6.895191967487335205e-03 7.695721983909606934e-01 1.970871537923812866e-02
9.958075881004333496e-01 6.128964014351367950e-03 7.513544559478759766e-01 6.895191967487335205e-03 7.695721983909606934e-01 1.970871537923812866e-02
9.958075881004333496e-01 6.128964014351367950e-03 7.513544559478759766e-01 6.895191967487335205e-03 7.695721983909606934e-01 1.970871537923812866e-02
9.958075881004333496e-01 6.128964014351367950e-03 7.513544559478759766e-01 6.895191967487335205e-03 7.695721983909606934e-01 1.970871537923812866e-02
9.958075881004333496e-01 6.128964014351367950e-03 7.513544559478759766e-01 6.895191967487335205e-03 7.695721983909606934e-01 1.970871537923812866e-02
9.958075881004333496e-01 6.128964014351367950e-03 7.513544559478759766e-01 6.895191967487335205e-03 7.695721983909606934e-01 1.970871537923812866e-02
9.958075881004333496e-01 6.128964014351367950e-03 7.513544559478759766e-01 6.895191967487335205e-03 7.695721983909606934e-01 1.970871537923812866e-02
9.958075881004333496e-01 6.128964014351367950e-03 7.513544559478759766e-01 6.895191967487335205e-03 7.695721983909606934e-01 1.970871537923812866e-02
1.000000000000000000e+00 0.000000000000000000e+00 7.060440182685852051e-01 0.000000000000000000e+00 7.898154258728027344e-01 0.000000000000000000e+00
1.000000000000000000e+00 0.000000000000000000e+00 7.060440182685852051e-01 0.000000000000000000e+00 7.898154258728027344e-01 0.000000000000000000e+00
1.000000000000000000e+00 0.000000000000000000e+00 7.060440182685852051e-01 0.000000000000000000e+00 7.898154258728027344e-01 0.000000000000000000e+00
1.000000000000000000e+00 0.000000000000000000e+00 7.060440182685852051e-01 0.000000000000000000e+00 7.898154258728027344e-01 0.000000000000000000e+00
1.000000000000000000e+00 0.000000000000000000e+00 7.060440182685852051e-01 0.000000000000000000e+00 7.898154258728027344e-01 0.000000000000000000e+00
1.000000000000000000e+00 0.000000000000000000e+00 7.060440182685852051e-01 0.000000000000000000e+00 7.898154258728027344e-01 0.000000000000000000e+00
1.000000000000000000e+00 0.000000000000000000e+00 7.060440182685852051e-01 0.000000000000000000e+00 7.898154258728027344e-01 0.000000000000000000e+00
1.000000000000000000e+00 0.000000000000000000e+00 7.060440182685852051e-01 0.000000000000000000e+00 7.898154258728027344e-01 0.000000000000000000e+00
1.000000000000000000e+00 0.000000000000000000e+00 7.060440182685852051e-01 0.000000000000000000e+00 7.898154258728027344e-01 0.000000000000000000e+00
1.000000000000000000e+00 0.000000000000000000e+00 7.060440182685852051e-01 0.000000000000000000e+00 7.898154258728027344e-01 0.000000000000000000e+00
1.000000000000000000e+00 0.000000000000000000e+00 7.060440182685852051e-01 0.000000000000000000e+00 7.898154258728027344e-01 0.000000000000000000e+00
1.000000000000000000e+00 0.000000000000000000e+00 7.060440182685852051e-01 0.000000000000000000e+00 7.898154258728027344e-01 0.000000000000000000e+00
1.000000000000000000e+00 0.000000000000000000e+00 7.060440182685852051e-01 0.000000000000000000e+00 7.898154258728027344e-01 0.000000000000000000e+00
1.000000000000000000e+00 0.000000000000000000e+00 7.060440182685852051e-01 0.000000000000000000e+00 7.898154258728027344e-01 0.000000000000000000e+00
1.000000000000000000e+00 0.000000000000000000e+00 7.060440182685852051e-01 0.000000000000000000e+00 7.898154258728027344e-01 0.000000000000000000e+00
1.000000000000000000e+00 0.000000000000000000e+00 7.060440182685852051e-01 0.000000000000000000e+00 7.898154258728027344e-01 0.000000000000000000e+00
1.000000000000000000e+00 0.000000000000000000e+00 7.060440182685852051e-01 0.000000000000000000e+00 7.898154258728027344e-01 0.000000000000000000e+00
1.000000000000000000e+00 0.000000000000000000e+00 7.060440182685852051e-01 0.000000000000000000e+00 7.898154258728027344e-01 0.000000000000000000e+00
1.000000000000000000e+00 0.000000000000000000e+00 7.060440182685852051e-01 0.000000000000000000e+00 7.898154258728027344e-01 0.000000000000000000e+00
1.000000000000000000e+00 0.000000000000000000e+00 7.413083314895629883e-01 0.000000000000000000e+00 8.151245713233947754e-01 0.000000000000000000e+00
1.000000000000000000e+00 0.000000000000000000e+00 7.413083314895629883e-01 0.000000000000000000e+00 8.151245713233947754e-01 0.000000000000000000e+00
1.000000000000000000e+00 0.000000000000000000e+00 7.413083314895629883e-01 0.000000000000000000e+00 8.151245713233947754e-01 0.000000000000000000e+00
1.000000000000000000e+00 0.000000000000000000e+00 7.413083314895629883e-01 0.000000000000000000e+00 8.151245713233947754e-01 0.000000000000000000e+00
1.000000000000000000e+00 0.000000000000000000e+00 7.413083314895629883e-01 0.000000000000000000e+00 8.151245713233947754e-01 0.000000000000000000e+00
1.000000000000000000e+00 0.000000000000000000e+00 7.413083314895629883e-01 0.000000000000000000e+00 8.151245713233947754e-01 0.000000000000000000e+00
1.000000000000000000e+00 0.000000000000000000e+00 7.413083314895629883e-01 0.000000000000000000e+00 8.151245713233947754e-01 0.000000000000000000e+00
1.000000000000000000e+00 0.000000000000000000e+00 7.413083314895629883e-01 0.000000000000000000e+00 8.151245713233947754e-01 0.000000000000000000e+00
1.000000000000000000e+00 0.000000000000000000e+00 7.413083314895629883e-01 0.000000000000000000e+00 8.151245713233947754e-01 0.000000000000000000e+00
1.000000000000000000e+00 0.000000000000000000e+00 7.413083314895629883e-01 0.000000000000000000e+00 8.151245713233947754e-01 0.000000000000000000e+00
1.000000000000000000e+00 0.000000000000000000e+00 7.413083314895629883e-01 0.000000000000000000e+00 8.151245713233947754e-01 0.000000000000000000e+00
1.000000000000000000e+00 0.000000000000000000e+00 7.413083314895629883e-01 0.000000000000000000e+00 8.151245713233947754e-01 0.000000000000000000e+00
1.000000000000000000e+00 0.000000000000000000e+00 7.413083314895629883e-01 0.000000000000000000e+00 8.151245713233947754e-01 0.000000000000000000e+00
1.000000000000000000e+00 0.000000000000000000e+00 7.413083314895629883e-01 0.000000000000000000e+00 8.151245713233947754e-01 0.000000000000000000e+00
1.000000000000000000e+00 0.000000000000000000e+00 7.413083314895629883e-01 0.000000000000000000e+00 8.151245713233947754e-01 0.000000000000000000e+00
1.000000000000000000e+00 0.000000000000000000e+00 7.413083314895629883e-01 0.000000000000000000e+00 8.151245713233947754e-01 0.000000000000000000e+00
1.000000000000000000e+00 0.000000000000000000e+00 7.413083314895629883e-01 0.000000000000000000e+00 8.151245713233947754e-01 0.000000000000000000e+00
1.000000000000000000e+00 0.000000000000000000e+00 7.413083314895629883e-01 0.000000000000000000e+00 8.151245713233947754e-01 0.000000000000000000e+00
1.000000000000000000e+00 0.000000000000000000e+00 7.413083314895629883e-01 0.000000000000000000e+00 8.151245713233947754e-01 0.000000000000000000e+00
1.000000000000000000e+00 0.000000000000000000e+00 7.413083314895629883e-01 0.000000000000000000e+00 8.151245713233947754e-01 0.000000000000000000e+00
1.000000000000000000e+00 0.000000000000000000e+00 7.413083314895629883e-01 0.000000000000000000e+00 8.151245713233947754e-01 0.000000000000000000e+00
1.000000000000000000e+00 0.000000000000000000e+00 7.413083314895629883e-01 0.000000000000000000e+00 8.151245713233947754e-01 0.000000000000000000e+00
1.000000000000000000e+00 0.000000000000000000e+00 7.413083314895629883e-01 0.000000000000000000e+00 8.151245713233947754e-01 0.000000000000000000e+00
1.000000000000000000e+00 0.000000000000000000e+00 7.413083314895629883e-01 0.000000000000000000e+00 8.151245713233947754e-01 0.000000000000000000e+00
1.000000000000000000e+00 0.000000000000000000e+00 7.413083314895629883e-01 0.000000000000000000e+00 8.151245713233947754e-01 0.000000000000000000e+00
