-6.889057026800342598e-01
5.208125921014077064e-02
5.208125921014077064e-02
5.208125921014077064e-02
2.754464584580094688e-01
2.754464584580094688e-01
2.754464584580094688e-01
2.754464584580094688e-01
3.103939167418092726e-01
3.101471168179764648e-01
3.100342462124288101e-01
3.103755606381247700e-01
3.089319368038624947e-01
3.085419133545569403e-01
3.085620678193357058e-01
3.107563553137915879e-01
3.106099762516522644e-01
3.113491830002655947e-01
3.235109664440883881e-01
3.224454268096266230e-01
3.532222160470550043e-01
3.532594048039504053e-01
3.532137443242552299e-01
3.528232590101179067e-01
3.531004709551711085e-01
3.523854598483018297e-01
3.522250526873953458e-01
3.523474136008434288e-01
3.522145411026024187e-01
3.521493692908030382e-01
3.520991502654765570e-01
3.531243796444558103e-01
3.530765721331847740e-01
3.531616990049504246e-01
3.532751752783848120e-01
3.515090413592957264e-01
3.509000843865389685e-01
3.528633966146123568e-01
3.529315060717177488e-01
3.529631606297071178e-01
3.529213075313368808e-01
3.529153753608021971e-01
3.529850843234419444e-01
3.529599110201722123e-01
3.529530803434590691e-01
3.529491197152211379e-01
3.529586429251744817e-01
3.530030413593360228e-01
3.530573998212571674e-01
3.530938724705393605e-01
