-1.048091898643137121e+00
-1.196251391403885700e+00
-1.495173132471299349e+00
-1.830141015930240478e+00
-1.258398411971084929e+00
-1.401590981644305067e+00
-1.383816921521543009e+00
-1.334069465356403583e+00
-8.557703737174582326e-01
-1.449952559380415895e+00
5.208125921014086779e-02
-9.948048093087906718e-01
6.292739933965829646e-02
-5.078084740413237874e-01
-3.247689107232151207e-01
2.754464584580095243e-01
-9.170698910172092599e-01
-1.061655369757515288e+00
-8.341118722270278729e-01
-5.139653239818908759e-03
-6.893893829628465753e-01
-9.962281332266218481e-01
-1.009304862022825544e+00
-1.268377790261844940e+00
-1.271182005950016958e+00
-8.207845247988079240e-01
-4.490483397082174477e-01
1.737415273156106554e-02
-2.154756347415271112e+00
3.084541084702462910e-01
2.495673169986782902e-01
-3.947830376837335731e-02
-5.316091093109067689e-01
-9.720650141182525239e-01
1.875320955643456078e-01
2.322390506099921981e-01
-8.063703766558061314e-01
-9.615333165176673802e-01
-6.171238274753215736e-01
-9.215004530101127411e-01
-8.076201859642616609e-01
2.878794831722331637e-01
-1.426418693010285121e+00
-2.807224708906234101e-01
-3.922174553775455430e-01
-6.066013398929976930e-01
-1.196422627758817470e+00
-9.304267057236713656e-01
-1.500499056782748752e+00
-7.058728380016360271e-01
3.109861451383268971e-01
-5.835543054376972627e-01
4.318683855733949917e-02
-1.499756591623228053e+00
-8.879147802733486916e-01
-9.401363871171470876e-01
-9.211613967108864820e-01
-6.070822749041392408e-01
-9.149438935220848279e-01
2.306218981052411410e-01
-8.161447702848938501e-01
-7.109602817666341723e-01
-1.562579782042275323e+00
-8.118732875306071683e-01
-6.588211841681472780e-01
-5.688845692866124626e-01
-9.813316261886070868e-02
-4.897004948980294703e-01
-1.939561537648789580e-01
-7.989811599252943930e-01
-4.156356175817381704e-01
-9.309685784127614827e-01
2.257384576222182804e-01
-6.810854726700211748e-01
-5.628904675648563893e-01
-1.673172355260017508e-01
-7.832401193999476430e-01
-8.743718920426207797e-01
-1.088378183491193640e+00
-1.089565894338466734e+00
-5.827759589775833859e-01
-1.155200267240010348e+00
-7.806697478909533361e-01
-7.292834310862612579e-01
-1.241048163982874541e+00
-1.205555087411025017e+00
-8.050506661010604637e-01
-6.675463698191088646e-01
-7.604428140873049635e-01
-1.108004448755799842e+00
-9.476926204167439582e-01
-3.161836903809544519e-01
-1.140934303704073116e+00
-3.173389942983903533e-02
-1.088071495598706750e+00
-6.019097814024392257e-01
-5.509709700338222271e-01
-1.670217399615830711e+00
-1.017362594160625688e+00
-1.056520386697985092e+00
-1.461101293840761484e+00
-1.208895911201789186e+00
-1.193058538946863756e+00
-1.573467530418816596e+00
-9.080795014613234351e-01
-8.916217981685896632e-01
-7.181948145826937413e-01
-1.213768940209359659e+00
-9.270196331756749286e-01
-2.234401240312343440e+00
