8.530430524979315532e-02
8.530430524979315532e-02
8.530430524979315532e-02
8.530430524979315532e-02
8.530430524979315532e-02
8.530430524979315532e-02
4.958113778452475362e-01
4.958113778452475362e-01
4.958113778452475362e-01
4.958113778452475362e-01
4.958113778452475362e-01
4.958113778452475362e-01
6.196783300768535785e-01
6.196783300768535785e-01
6.196783300768535785e-01
6.196783300768535785e-01
6.242842112038011759e-01
6.242842112038011759e-01
6.242842112038011759e-01
6.242842112038011759e-01
6.242842112038011759e-01
6.242842112038011759e-01
6.242842112038011759e-01
6.242842112038011759e-01
6.242842112038011759e-01
6.346553717336873568e-01
6.346553717336873568e-01
6.346553717336873568e-01
6.623356639053619155e-01
6.623356639053619155e-01
6.623356639053619155e-01
6.623356639053619155e-01
6.623356639053619155e-01
6.623356639053619155e-01
6.623356639053619155e-01
6.623356639053619155e-01
6.623356639053619155e-01
6.623356639053619155e-01
6.623356639053619155e-01
6.623356639053619155e-01
6.623356639053619155e-01
6.623356639053619155e-01
6.623356639053619155e-01
6.623356639053619155e-01
6.623356639053619155e-01
6.623356639053619155e-01
6.623356639053619155e-01
6.623356639053619155e-01
6.623356639053619155e-01
6.623356639053619155e-01
6.623356639053619155e-01
6.623356639053619155e-01
6.623356639053619155e-01
6.623356639053619155e-01
6.623356639053619155e-01
6.623356639053619155e-01
6.623356639053619155e-01
6.623356639053619155e-01
6.623356639053619155e-01
6.623356639053619155e-01
6.623356639053619155e-01
6.623356639053619155e-01
6.623356639053619155e-01
6.623356639053619155e-01
6.623356639053619155e-01
6.623356639053619155e-01
6.623356639053619155e-01
6.623356639053619155e-01
6.623356639053619155e-01
6.623356639053619155e-01
6.623356639053619155e-01
6.623356639053619155e-01
6.623356639053619155e-01
6.623356639053619155e-01
6.623356639053619155e-01
6.623356639053619155e-01
6.623356639053619155e-01
6.623356639053619155e-01
6.623356639053619155e-01
6.623356639053619155e-01
6.623356639053619155e-01
6.623356639053619155e-01
6.623356639053619155e-01
6.623356639053619155e-01
6.623356639053619155e-01
6.623356639053619155e-01
6.623356639053619155e-01
6.623356639053619155e-01
6.623356639053619155e-01
6.623356639053619155e-01
6.623356639053619155e-01
6.623356639053619155e-01
6.623356639053619155e-01
6.623356639053619155e-01
6.623356639053619155e-01
6.623356639053619155e-01
6.623356639053619155e-01
6.623356639053619155e-01
6.623356639053619155e-01
6.623356639053619155e-01
