6.263599395751953125e-01 4.553402066230773926e-01 4.024796485900878906e-01 6.668210029602050781e-03 1.517482995986938477e-01 8.267490863800048828e-01
4.385685920715332031e-01 2.467679977416992188e-02 7.994055151939392090e-01 3.612092733383178711e-01 9.397948384284973145e-01 3.354654312133789062e-01
6.403080821037292480e-01 8.588470220565795898e-01 4.516613483428955078e-02 9.796613454818725586e-02 5.616604685783386230e-01 6.288468837738037109e-01
6.665228605270385742e-01 8.785521388053894043e-01 8.425068855285644531e-02 2.779532670974731445e-01 4.691970348358154297e-01 2.802433371543884277e-01
1.486355662345886230e-01 8.743548393249511719e-01 2.085316181182861328e-02 2.253541350364685059e-01 7.483369112014770508e-01 3.136757612228393555e-01
1.758058667182922363e-01 3.877329826354980469e-01 8.709273338317871094e-01 5.444226264953613281e-01 3.832110166549682617e-01 9.437685608863830566e-01
1.020208597183227539e-01 5.957024693489074707e-01 2.571081519126892090e-01 2.210685014724731445e-01 1.018482446670532227e-01 9.142884612083435059e-01
6.700496077537536621e-01 9.484444856643676758e-01 5.047024488449096680e-01 7.211248874664306641e-01 6.544375419616699219e-02 1.380268931388854980e-01
4.795554876327514648e-01 4.463824629783630371e-01 2.066791057586669922e-02 9.947756528854370117e-01 2.768829464912414551e-01 8.937518000602722168e-01
9.569004774093627930e-01 5.556254386901855469e-01 4.919332861900329590e-01 9.068673849105834961e-02 2.848246097564697266e-01 1.704843640327453613e-01
7.766643539071083069e-03 0.000000000000000000e+00 0.000000000000000000e+00 1.000000000000000000e+00 1.000000000000000000e+00 9.390021562576293945e-01
1.000000000000000000e+00 0.000000000000000000e+00 8.198388218879699707e-01 9.335252046585083008e-01 0.000000000000000000e+00 0.000000000000000000e+00
9.162249565124511719e-01 1.000000000000000000e+00 2.330912053585052490e-01 2.655475437641143799e-01 9.701437354087829590e-01 8.918855786323547363e-01
6.478826701641082764e-02 0.000000000000000000e+00 4.753476940095424652e-03 0.000000000000000000e+00 8.268551826477050781e-01 1.000000000000000000e+00
3.717903196811676025e-01 4.837251007556915283e-01 3.838892281055450439e-01 1.000000000000000000e+00 7.981272339820861816e-01 9.719335287809371948e-02
1.000000000000000000e+00 9.963868260383605957e-01 9.111473560333251953e-01 9.325176477432250977e-01 0.000000000000000000e+00 9.222433567047119141e-01
0.000000000000000000e+00 1.302084140479564667e-02 1.000000000000000000e+00 5.105087757110595703e-01 0.000000000000000000e+00 0.000000000000000000e+00
2.827111072838306427e-02 9.866119623184204102e-01 3.222305178642272949e-01 7.030592113733291626e-02 1.707644760608673096e-02 2.488298900425434113e-02
1.267405599355697632e-02 9.713398814201354980e-01 9.820526242256164551e-01 2.702222391963005066e-02 3.342926129698753357e-02 2.121965587139129639e-01
0.000000000000000000e+00 5.731672048568725586e-02 7.827218174934387207e-01 6.414286792278289795e-02 2.735250815749168396e-02 0.000000000000000000e+00
9.955555433407425880e-04 1.000000000000000000e+00 5.495142340660095215e-01 7.436326239258050919e-03 9.557661414146423340e-01 9.646139107644557953e-03
3.506396338343620300e-02 9.808297753334045410e-01 4.434085916727781296e-03 9.856597781181335449e-01 1.244593597948551178e-02 1.078766677528619766e-02
0.000000000000000000e+00 8.500195741653442383e-01 7.233567237854003906e-01 6.325104236602783203e-01 7.626200318336486816e-01 7.339608669281005859e-02
1.019245479255914688e-03 3.831314668059349060e-02 9.951308965682983398e-01 1.000000000000000000e+00 1.460048742592334747e-02 0.000000000000000000e+00
1.981008611619472504e-02 3.595077991485595703e-02 1.555683016777038574e-01 2.922132797539234161e-02 9.771125912666320801e-01 4.469937458634376526e-02
2.026740834116935730e-02 8.256231993436813354e-02 9.575167894363403320e-01 0.000000000000000000e+00 2.167855203151702881e-02 3.502618893980979919e-02
1.989281028509140015e-01 0.000000000000000000e+00 1.334097329527139664e-02 8.564516156911849976e-02 6.787689924240112305e-01 9.352663159370422363e-01
9.737690091133117676e-01 9.795333147048950195e-01 7.960790991783142090e-01 9.110764265060424805e-01 5.221058428287506104e-02 9.088602662086486816e-01
4.365649521350860596e-01 3.752573952078819275e-02 9.384949207305908203e-01 1.381890922784805298e-01 8.931339718401432037e-03 6.699391640722751617e-03
8.775048851966857910e-01 4.803239926695823669e-02 9.695389866828918457e-01 5.238234624266624451e-02 3.538930714130401611e-01 9.548841714859008789e-01
2.101751863956451416e-01 4.784329235553741455e-01 6.983531713485717773e-01 3.642361164093017578e-01 6.562566757202148438e-02 1.393890008330345154e-02
1.272749155759811401e-01 2.579111047089099884e-02 9.304398298263549805e-01 2.037130743265151978e-01 1.000000000000000000e+00 2.562389895319938660e-02
7.211939096450805664e-01 1.556667089462280273e-01 8.288663029670715332e-01 0.000000000000000000e+00 1.461643278598785400e-01 4.817043989896774292e-02
0.000000000000000000e+00 6.798083782196044922e-01 7.714854925870895386e-02 7.904456853866577148e-01 5.766680091619491577e-02 7.174308300018310547e-01
9.953212141990661621e-01 8.644360303878784180e-01 4.458949863910675049e-01 6.893799901008605957e-01 6.554650515317916870e-02 1.705792695283889771e-01
5.493408069014549255e-02 4.369104281067848206e-02 9.877105355262756348e-01 7.838635444641113281e-01 1.218247711658477783e-01 5.286461673676967621e-03
9.244898557662963867e-01 7.745798826217651367e-01 9.269002676010131836e-01 4.554248452186584473e-01 1.670066453516483307e-02 1.323919836431741714e-02
8.417546749114990234e-02 2.009594142436981201e-01 5.789788365364074707e-01 0.000000000000000000e+00 3.211759030818939209e-01 1.097623631358146667e-02
1.000000000000000000e+00 8.869391866028308868e-03 4.470366984605789185e-02 2.297138869762420654e-01 4.192969501018524170e-01 7.869136333465576172e-01
5.874545574188232422e-01 7.334843873977661133e-01 9.740757942199707031e-01 4.249560236930847168e-01 3.574713170528411865e-01 2.975863218307495117e-02
5.400179028511047363e-01 8.743312358856201172e-01 2.375861406326293945e-01 2.723954916000366211e-01 6.705845594406127930e-01 9.034059643745422363e-01
9.613167643547058105e-01 2.412937581539154053e-02 8.479953408241271973e-01 1.000000000000000000e+00 1.930437535047531128e-01 3.425260633230209351e-02
7.956516742706298828e-01 3.144507110118865967e-01 6.597758531570434570e-01 8.773614168167114258e-01 8.971135616302490234e-01 4.500914514064788818e-01
1.947762072086334229e-01 2.413095906376838684e-02 9.553902745246887207e-01 6.077101230621337891e-01 2.018620371818542480e-01 2.542300522327423096e-01
7.357452064752578735e-02 2.179261296987533569e-01 3.821431472897529602e-02 2.455385401844978333e-02 5.943457782268524170e-02 5.055575966835021973e-01
1.615698486566543579e-01 7.271764278411865234e-01 8.300963044166564941e-02 8.214873075485229492e-01 0.000000000000000000e+00 3.012880086898803711e-01
2.746668830513954163e-02 9.990121722221374512e-01 5.915540736168622971e-03 7.908638566732406616e-02 9.494834393262863159e-02 5.439606308937072754e-01
5.922107100486755371e-01 8.318858742713928223e-01 4.984637722373008728e-02 1.483491808176040649e-01 0.000000000000000000e+00 6.267303824424743652e-01
6.326276063919067383e-02 1.000000000000000000e+00 7.358712702989578247e-02 3.712034970521926880e-02 1.000000000000000000e+00 9.417183995246887207e-01
1.979496479034423828e-01 6.674969941377639771e-02 9.491931796073913574e-01 5.996057391166687012e-01 2.351168394088745117e-01 4.622315466403961182e-01
8.359673023223876953e-01 8.959037065505981445e-01 6.962233036756515503e-02 3.932083398103713989e-02 1.680879741907119751e-01 9.427762031555175781e-01
2.044398896396160126e-02 9.731236696243286133e-01 5.597257986664772034e-02 0.000000000000000000e+00 0.000000000000000000e+00 4.475646913051605225e-01
7.127475738525390625e-02 9.435450434684753418e-01 1.178169324994087219e-01 1.284757405519485474e-01 2.133771330118179321e-01 3.831868171691894531e-01
2.983174622058868408e-01 6.665697693824768066e-01 2.391410320997238159e-01 7.817653417587280273e-01 5.925848484039306641e-01 1.887589246034622192e-01
3.670171499252319336e-01 9.098346233367919922e-01 1.998291760683059692e-01 1.404743641614913940e-01 8.099111914634704590e-01 5.069928169250488281e-01
5.591674447059631348e-01 6.909446120262145996e-01 7.031133025884628296e-02 9.680066704750061035e-01 5.162873268127441406e-01 6.349274516105651855e-01
9.304143488407135010e-02 1.711360365152359009e-01 1.623865403234958649e-02 8.354201316833496094e-01 9.253232479095458984e-01 3.504125028848648071e-02
7.489182800054550171e-02 9.289017319679260254e-01 0.000000000000000000e+00 2.319407165050506592e-01 2.494910806417465210e-01 4.361320436000823975e-01
1.700895577669143677e-01 1.084924340248107910e-01 9.591317176818847656e-01 3.397983312606811523e-01 6.956032514572143555e-01 2.804958634078502655e-02
1.063060984015464783e-01 8.392748981714248657e-02 1.843357458710670471e-02 3.699871478602290154e-03 8.236023783683776855e-01 8.511238098144531250e-01
2.076269127428531647e-02 1.000000000000000000e+00 4.856414496898651123e-01 3.991658240556716919e-02 1.192155852913856506e-01 3.418173491954803467e-01
2.203772962093353271e-02 9.391616582870483398e-01 6.177752744406461716e-03 1.041707769036293030e-02 1.508385501801967621e-02 7.183257341384887695e-01
3.001944124698638916e-01 2.547282278537750244e-01 9.137040972709655762e-01 5.001003146171569824e-01 8.175862431526184082e-01 4.391544684767723083e-02
1.369227170944213867e-01 8.735844492912292480e-01 3.104348480701446533e-02 2.760087549686431885e-01 7.432916164398193359e-01 0.000000000000000000e+00
8.693641424179077148e-02 0.000000000000000000e+00 8.544407039880752563e-02 5.112625285983085632e-02 7.793141007423400879e-01 3.905146420001983643e-01
8.409978747367858887e-01 2.203791588544845581e-02 9.589264392852783203e-01 6.868295371532440186e-02 3.856509029865264893e-01 8.061196208000183105e-01
7.745620608329772949e-01 0.000000000000000000e+00 9.353436231613159180e-01 8.854845166206359863e-02 4.239276945590972900e-01 5.446006059646606445e-01
6.939896345138549805e-01 2.832022011280059814e-01 5.195340514183044434e-01 2.893031574785709381e-02 2.279972583055496216e-01 5.543944835662841797e-01
6.630809307098388672e-01 5.503911375999450684e-01 4.601122066378593445e-02 1.112604960799217224e-01 2.850199937820434570e-01 8.117076754570007324e-01
9.184554219245910645e-02 3.786194920539855957e-01 8.175600320100784302e-02 7.621006667613983154e-02 9.062643647193908691e-01 4.009547233581542969e-01
4.831418991088867188e-01 4.836179316043853760e-03 7.503768205642700195e-01 3.830747902393341064e-01 9.595033526420593262e-01 5.191432237625122070e-01
6.165149435400962830e-02 2.081888467073440552e-01 1.561411283910274506e-02 9.709760546684265137e-01 9.511720538139343262e-01 8.400685191154479980e-01
1.403780281543731689e-01 4.203196167945861816e-01 5.663965269923210144e-02 8.903363347053527832e-01 9.276165366172790527e-01 5.217834711074829102e-01
6.721936911344528198e-02 9.713574647903442383e-01 4.023416936397552490e-01 4.214412346482276917e-02 1.259127110242843628e-01 5.358945727348327637e-01
8.881589770317077637e-02 0.000000000000000000e+00 3.293915092945098877e-02 9.553621411323547363e-01 8.610082268714904785e-01 4.894010722637176514e-02
4.313969984650611877e-03 1.513789445161819458e-01 1.245894804596900940e-01 2.314555458724498749e-02 7.293266803026199341e-02 2.737752795219421387e-01
5.066486597061157227e-01 5.286141484975814819e-02 6.579353809356689453e-01 3.995441198348999023e-01 9.282157421112060547e-01 8.522937893867492676e-01
1.000000000000000000e+00 5.979276299476623535e-01 4.794387519359588623e-01 1.110258325934410095e-01 2.719947695732116699e-01 0.000000000000000000e+00
5.441249161958694458e-02 7.527153491973876953e-01 1.276674568653106689e-01 1.180328149348497391e-02 3.087913058698177338e-02 2.900654077529907227e-01
0.000000000000000000e+00 0.000000000000000000e+00 6.964317560195922852e-01 2.598502486944198608e-02 2.430265247821807861e-01 6.340864300727844238e-01
9.468896985054016113e-01 9.865996241569519043e-01 8.875852227210998535e-01 9.167706370353698730e-01 3.342828480526804924e-03 7.998726367950439453e-01
1.000000000000000000e+00 8.856949806213378906e-01 1.761689037084579468e-01 3.976078033447265625e-01 6.267882585525512695e-01 5.759781599044799805e-02
4.149756729602813721e-01 1.765069216489791870e-01 2.492919713258743286e-01 4.746221005916595459e-02 9.598283469676971436e-02 2.581633031368255615e-01
1.000000000000000000e+00 8.626646995544433594e-01 6.858797371387481689e-02 6.686373054981231689e-02 2.130736857652664185e-01 9.470675587654113770e-01
4.787428304553031921e-02 8.978004455566406250e-01 8.135481923818588257e-02 5.250814184546470642e-02 7.720059249550104141e-03 8.803502917289733887e-01
2.468529194593429565e-01 6.225524842739105225e-02 8.623321056365966797e-01 1.789465248584747314e-01 9.271983504295349121e-01 8.846899867057800293e-01
0.000000000000000000e+00 9.928259849548339844e-01 0.000000000000000000e+00 0.000000000000000000e+00 0.000000000000000000e+00 8.690131902694702148e-01
7.928400039672851562e-01 9.784579277038574219e-01 7.979469299316406250e-01 8.570022583007812500e-01 1.968736946582794189e-02 4.948048293590545654e-01
2.126135677099227905e-01 1.000000000000000000e+00 1.506655812263488770e-01 5.128366872668266296e-02 3.080807439982891083e-02 2.273255735635757446e-01
1.000000000000000000e+00 9.596688151359558105e-01 2.371044158935546875e-01 2.513215541839599609e-01 9.169915318489074707e-01 6.105141043663024902e-01
3.490399941802024841e-02 8.328272700309753418e-01 1.126155257225036621e-01 7.131900638341903687e-02 2.553516253829002380e-02 1.000000000000000000e+00
2.159930616617202759e-01 6.710885465145111084e-02 8.822906017303466797e-01 1.709299087524414062e-01 9.650649428367614746e-01 1.000000000000000000e+00
2.898941040039062500e-01 6.533420085906982422e-02 6.765097379684448242e-01 2.649160474538803101e-02 2.418432831764221191e-01 6.325504183769226074e-01
1.752366274595260620e-01 1.081434264779090881e-01 6.445345878601074219e-01 2.421226352453231812e-02 2.912811636924743652e-01 2.439045757055282593e-01
4.980841279029846191e-01 8.973049521446228027e-01 2.295329421758651733e-01 2.501850128173828125e-01 6.634554862976074219e-01 7.289523482322692871e-01
1.000000000000000000e+00 9.116657376289367676e-01 2.211525589227676392e-01 2.826456427574157715e-01 8.029549121856689453e-01 3.511092066764831543e-01
1.645486243069171906e-02 0.000000000000000000e+00 6.994307637214660645e-01 3.673284128308296204e-02 2.054639607667922974e-01 8.927196264266967773e-01
9.351015686988830566e-01 7.321820259094238281e-01 1.257574558258056641e-01 2.577829062938690186e-01 0.000000000000000000e+00 5.246344804763793945e-01
3.783924877643585205e-01 0.000000000000000000e+00 8.761656284332275391e-01 3.429588079452514648e-01 9.218035936355590820e-01 0.000000000000000000e+00
9.925295710563659668e-01 1.601411774754524231e-02 8.288513422012329102e-01 9.425487518310546875e-01 0.000000000000000000e+00 1.039379537105560303e-01
1.000000000000000000e+00 8.072552829980850220e-02 8.438823819160461426e-01 9.676093459129333496e-01 0.000000000000000000e+00 4.939261078834533691e-01
1.508215516805648804e-01 1.676772162318229675e-02 5.188692733645439148e-02 6.580341607332229614e-02 7.018419504165649414e-01 6.439954638481140137e-01
5.161936953663825989e-02 2.570385113358497620e-02 7.659962773323059082e-01 1.687744073569774628e-02 2.084652706980705261e-02 3.887048065662384033e-01
1.782094538211822510e-01 6.246924772858619690e-02 9.014516472816467285e-01 1.960739344358444214e-01 9.447394609451293945e-01 3.802743852138519287e-01
9.600121974945068359e-01 1.666126251220703125e-01 7.329165935516357422e-02 6.531414985656738281e-01 6.277668476104736328e-02 7.727260142564773560e-02
8.941764011979103088e-03 9.997336864471435547e-01 0.000000000000000000e+00 1.388498116284608841e-02 2.150389254093170166e-01 8.169648051261901855e-01
1.299525350332260132e-01 3.889074921607971191e-01 4.863789379596710205e-01 3.659878671169281006e-01 1.019397303462028503e-01 8.148571848869323730e-01
0.000000000000000000e+00 8.558366894721984863e-01 7.299118638038635254e-01 6.268279552459716797e-01 7.607825994491577148e-01 2.267576903104782104e-01
7.004168629646301270e-01 1.013789176940917969e-01 6.801899522542953491e-02 9.952430129051208496e-01 2.415681481361389160e-01 5.877030268311500549e-02
5.205464959144592285e-01 3.702434599399566650e-01 2.754758670926094055e-02 9.827278852462768555e-01 2.431736886501312256e-01 6.942571401596069336e-01
