-1.406420135057475651e+00
-1.501457672639326502e+00
-1.262915830981133913e+00
-1.956714491798705602e+00
-1.284471563609330680e+00
-1.496797568401442291e+00
-8.415450385769847053e-01
-1.098503209512097678e+00
-7.614856227736923611e-01
-1.030935243843357441e+00
-1.100221640495330888e+00
-6.030942908915980505e-01
-6.191045524329922278e-01
-2.182633407794759839e-01
-2.307970695868665489e-01
-2.847541322297493238e-01
-5.466128783918631218e-01
-8.565365860426056299e-01
-2.771517028143998321e-02
-4.230564462000047099e-01
-8.188656707738677376e-01
2.139607442662318781e-01
2.943695867280541334e-01
-7.572149415998606914e-01
2.996318395432971959e-01
2.740014144073428248e-01
2.985042638659238246e-01
-5.831475190120409546e-02
1.476629290121385385e-01
-6.584974926553327501e-01
1.163098746837032960e-01
-3.762322878453328023e-01
-1.078039914589366433e+00
-8.614593411128818046e-01
-5.955230865289309339e-01
-4.085673120967219241e-01
-1.711245326154124946e+00
-7.663598543422234233e-01
-7.021199609155479582e-01
-9.465173060107092695e-01
-1.117932688618152204e+00
-1.168044201884662847e+00
-8.403324422965584573e-01
-6.435192687262016875e-01
-7.115185959915251157e-01
-1.135163458635891187e+00
-3.109180983967652079e-01
-1.066658766248967050e+00
-1.343189475464976246e+00
-1.929661323055913424e+00
-8.816802243251361526e-01
-1.250005130385217544e+00
-2.263383267803482368e-01
-8.024826286958822719e-01
-4.604149523454811321e-01
-1.194081756895960078e+00
-1.037166057071518210e+00
-4.150854637596840813e-01
-9.633452682384510135e-01
-7.040700673328719184e-01
