-5.049349948173664782e-01
-5.655081130199391959e-01
-6.305694430287894781e-01
-1.033606805050403254e+00
-1.349768291790470309e+00
-5.725996822489112237e-01
-1.354247560145781071e+00
-1.575633068301719009e+00
-1.313978759675176855e+00
-1.698313722174408236e+00
-1.582660029356622200e+00
-1.941288467946004959e+00
-1.696020233639899288e+00
-1.657231921319251899e+00
-1.911110369163916411e+00
-1.576575824269581982e+00
-1.302534732671595252e+00
-1.321626898265603867e+00
-5.273808062412850273e-01
-5.194758270778326859e-01
-1.819926146041561221e+00
-1.666415942706701347e+00
-1.677367871341900907e+00
-4.404656864025284224e-01
-1.928349525283776567e+00
-1.772744139518926287e+00
-2.212097960365294380e+00
-2.208390398652928965e+00
-2.825634364315736224e+00
-2.221568752486993592e+00
-2.264428909402140366e+00
-1.727196733463058465e+00
-1.912002811404955427e+00
-2.797693063461323515e+00
-2.849506938461498606e+00
-2.782102249699089036e+00
-2.796170119447619840e+00
-4.068210178926598530e+00
-4.096656715780594205e+00
-4.299804783954221499e+00
-4.327979689857313517e+00
-4.461172779272494893e+00
-4.348021030391449493e+00
-4.351249424844800373e+00
-4.466468506140572892e+00
-4.458529730142583247e+00
-4.452213982320621710e+00
-4.433882183344231898e+00
-4.357996909829886967e+00
-4.468692035940819984e+00
