7.837756909924658011e-01
7.837756909924658011e-01
7.837756909924658011e-01
9.974764378793457009e-01
9.974764378793457009e-01
9.974764378793457009e-01
9.974764378793457009e-01
9.974764378793457009e-01
9.974764378793457009e-01
9.974764378793457009e-01
9.974764378793457009e-01
9.974764378793457009e-01
9.974764378793457009e-01
9.974764378793457009e-01
9.974764378793457009e-01
1.064562743054823901e+00
1.064562743054823901e+00
1.064562743054823901e+00
1.064562743054823901e+00
1.064562743054823901e+00
1.064562743054823901e+00
1.064562743054823901e+00
1.064562743054823901e+00
1.064562743054823901e+00
1.064562743054823901e+00
1.064562743054823901e+00
1.064562743054823901e+00
1.064562743054823901e+00
1.064562743054823901e+00
1.064562743054823901e+00
1.078722822492828026e+00
1.078722822492828026e+00
1.078675576054433982e+00
1.078675576054433982e+00
1.134796653997181437e+00
1.134796653997181437e+00
1.134796653997181437e+00
1.134796653997181437e+00
1.134796653997181437e+00
1.134796653997181437e+00
1.134796653997181437e+00
1.142232107115584094e+00
1.183173353222154445e+00
1.183173353222154445e+00
1.183173353222154445e+00
1.183173353222154445e+00
1.183173353222154445e+00
1.183173353222154445e+00
1.183173353222154445e+00
1.183173353222154445e+00
