2.452158927917480469e-01 8.500215411186218262e-01 7.619037628173828125e-01 6.862547397613525391e-01 1.471124291419982910e-01 9.871663451194763184e-01
8.381471037864685059e-01 2.808437943458557129e-01 5.908544063568115234e-01 1.006706357002258301e-01 9.787467718124389648e-01 6.364823579788208008e-01
9.623792171478271484e-01 8.206415176391601562e-02 7.775686979293823242e-01 3.003271222114562988e-01 8.582315444946289062e-01 4.756138324737548828e-01
6.939752697944641113e-01 5.681894421577453613e-01 9.544157385826110840e-01 1.428518891334533691e-01 5.832890272140502930e-01 1.223909854888916016e-01
3.543280363082885742e-01 6.444825530052185059e-01 6.650885939598083496e-01 6.878004670143127441e-01 4.874789118766784668e-01 9.954360723495483398e-01
8.845732212066650391e-01 6.909024715423583984e-01 6.502335667610168457e-01 7.069640159606933594e-01 4.288275241851806641e-01 6.468040347099304199e-01
3.663867712020874023e-01 5.629761219024658203e-01 9.301995038986206055e-01 1.675570607185363770e-01 5.786986351013183594e-01 3.861945867538452148e-02
2.060440778732299805e-01 2.501477003097534180e-01 8.287115097045898438e-01 8.840024471282958984e-02 7.093432545661926270e-01 5.232989788055419922e-01
1.033665537834167480e-01 2.170211076736450195e-02 6.151822805404663086e-01 4.809921979904174805e-02 2.950599193572998047e-01 6.887012720108032227e-02
4.209769368171691895e-01 1.273685693740844727e-01 4.716207385063171387e-01 7.376305460929870605e-01 8.834096789360046387e-01 2.438734173774719238e-01
3.676125407218933105e-01 1.262359619140625000e-01 8.090959787368774414e-01 6.740287542343139648e-01 3.916280269622802734e-01 1.481567621231079102e-01
4.833973646163940430e-01 2.368175387382507324e-01 6.833907365798950195e-01 9.148053526878356934e-01 1.641557812690734863e-01 8.856320381164550781e-02
3.389621973037719727e-01 1.059473156929016113e-01 4.786782264709472656e-01 8.340695500373840332e-01 1.826468110084533691e-01 5.659263730049133301e-01
7.750853896141052246e-01 2.755254507064819336e-02 7.866960763931274414e-01 3.487941622734069824e-01 1.912085413932800293e-01 3.757227063179016113e-01
5.308968424797058105e-01 1.218881011009216309e-01 6.060338020324707031e-01 5.059995055198669434e-01 7.809114456176757812e-01 3.788464069366455078e-01
1.973785161972045898e-01 2.364572882652282715e-01 4.095081090927124023e-01 1.147937178611755371e-01 5.073691606521606445e-01 5.862426757812500000e-02
7.643778920173645020e-01 2.770808935165405273e-01 8.480543494224548340e-01 2.175816297531127930e-01 7.987370491027832031e-01 6.198514699935913086e-01
1.907354593276977539e-02 4.529840946197509766e-01 5.291435122489929199e-01 5.558743476867675781e-01 1.240844726562500000e-01 1.536953449249267578e-02
8.141710758209228516e-01 1.914322376251220703e-01 3.509874343872070312e-01 9.977277517318725586e-01 6.840022802352905273e-01 4.593653082847595215e-01
4.495914578437805176e-01 9.473248720169067383e-01 9.605354070663452148e-01 3.317326903343200684e-01 7.063061594963073730e-01 6.806313991546630859e-02
2.070492506027221680e-01 7.006428241729736328e-01 8.531708717346191406e-01 3.226476311683654785e-01 8.853989839553833008e-01 2.098450660705566406e-01
9.279483556747436523e-02 1.123221516609191895e-01 3.384972810745239258e-01 9.772216677665710449e-01 4.496234059333801270e-01 1.388108134269714355e-01
7.388499975204467773e-01 9.548113942146301270e-01 8.668047189712524414e-02 2.743844389915466309e-01 9.888733625411987305e-01 9.557871818542480469e-01
1.657843589782714844e-01 6.435929536819458008e-01 4.236931800842285156e-01 5.726043581962585449e-01 1.148446202278137207e-01 8.399422168731689453e-01
8.274375796318054199e-01 4.720354676246643066e-01 8.670037984848022461e-02 6.712507009506225586e-01 4.125228524208068848e-01 4.747761487960815430e-01
2.180141210556030273e-02 9.327764511108398438e-01 5.271065235137939453e-01 4.825599193572998047e-01 1.331499814987182617e-01 4.798948764801025391e-02
6.025789976119995117e-01 7.677445411682128906e-01 4.564040899276733398e-02 5.484901666641235352e-01 6.195974946022033691e-01 3.477607965469360352e-01
3.785184621810913086e-01 7.556990385055541992e-01 7.611730694770812988e-01 4.223289489746093750e-01 3.470337986946105957e-01 5.899390578269958496e-01
9.908345341682434082e-01 1.897785067558288574e-01 1.823514699935913086e-01 9.646582007408142090e-01 9.207381010055541992e-01 6.486409902572631836e-02
5.262265801429748535e-01 6.810728907585144043e-01 8.117467164993286133e-02 3.630178570747375488e-01 5.120784044265747070e-01 9.846688508987426758e-01
3.102929592132568359e-01 1.236122250556945801e-01 6.328890323638916016e-01 6.821030378341674805e-02 4.596312642097473145e-01 7.362565994262695312e-01
6.628400087356567383e-02 6.066443920135498047e-01 5.969876050949096680e-01 9.428888559341430664e-02 6.297423839569091797e-01 8.879023790359497070e-01
2.354407310485839844e-01 3.879726529121398926e-01 2.961956262588500977e-01 3.682649731636047363e-01 3.331032395362854004e-01 1.342511177062988281e-02
2.874715924263000488e-01 5.533668994903564453e-01 2.375360131263732910e-01 4.938724040985107422e-01 4.591094255447387695e-01 8.114923238754272461e-01
2.170813083648681641e-02 7.502483129501342773e-01 5.593021512031555176e-01 8.228648900985717773e-01 5.378758311271667480e-01 9.049292802810668945e-01
9.116677641868591309e-01 2.026672363281250000e-01 5.868235230445861816e-01 4.319087862968444824e-01 8.390608429908752441e-01 3.957483768463134766e-01
3.652533292770385742e-01 5.721490383148193359e-01 3.123104572296142578e-02 4.083693027496337891e-01 9.129513502120971680e-01 1.923213005065917969e-01
9.576172828674316406e-01 1.702294945716857910e-01 4.999023675918579102e-02 6.297124028205871582e-01 6.312307715415954590e-01 7.091323733329772949e-01
1.251851916313171387e-01 7.436263561248779297e-02 5.431281924247741699e-01 2.415425777435302734e-01 1.413720846176147461e-02 5.969989895820617676e-01
1.618126034736633301e-01 3.723523020744323730e-01 2.416696548461914062e-01 2.335422039031982422e-01 6.696609854698181152e-01 8.400073051452636719e-01
2.934824824333190918e-01 8.982725739479064941e-01 9.616667032241821289e-02 2.509627938270568848e-01 1.321817040443420410e-01 2.933260798454284668e-01
9.295247793197631836e-01 1.996432542800903320e-01 4.942756295204162598e-01 7.364816665649414062e-01 7.237821221351623535e-01 1.620299220085144043e-01
3.956726193428039551e-01 5.667209625244140625e-01 3.577200770378112793e-01 7.402118444442749023e-01 3.221831917762756348e-01 2.476419806480407715e-01
1.048719286918640137e-01 4.345541596412658691e-01 4.364835023880004883e-01 2.633811235427856445e-01 7.065230607986450195e-01 3.580476045608520508e-01
9.152394533157348633e-02 3.786569237709045410e-01 5.986620187759399414e-01 4.834926128387451172e-02 3.207892179489135742e-01 4.413707852363586426e-01
2.370851635932922363e-01 4.741969704627990723e-01 5.617053508758544922e-01 9.512702822685241699e-01 3.960084915161132812e-02 9.724155664443969727e-01
1.586109995841979980e-01 4.122530221939086914e-01 8.795661330223083496e-01 7.903965711593627930e-01 8.890842795372009277e-01 2.607212066650390625e-01
2.203626632690429688e-01 2.181969285011291504e-01 6.251266002655029297e-01 8.425011634826660156e-01 2.359283566474914551e-01 9.260720014572143555e-01
4.722382426261901855e-01 2.424581050872802734e-01 1.038497090339660645e-01 7.391014695167541504e-01 6.083163022994995117e-01 4.622405767440795898e-01
4.800349473953247070e-01 7.722091078758239746e-01 4.291236400604248047e-03 4.958150386810302734e-01 7.231144905090332031e-01 7.699451446533203125e-01
6.033284068107604980e-01 1.654947400093078613e-01 1.442595720291137695e-01 6.629170179367065430e-01 6.412293314933776855e-01 7.845677137374877930e-01
7.076191306114196777e-01 3.537877798080444336e-01 8.412147164344787598e-01 5.880773067474365234e-02 4.557349085807800293e-01 8.745042681694030762e-01
2.778947353363037109e-02 2.056175470352172852e-01 6.268492937088012695e-01 6.721192598342895508e-01 8.271395564079284668e-01 8.413473963737487793e-01
5.699716210365295410e-01 4.569144248962402344e-01 4.863182306289672852e-01 4.128583073616027832e-01 6.569235920906066895e-01 8.636462092399597168e-01
2.273751497268676758e-01 2.697889804840087891e-01 2.059648036956787109e-01 3.529489040374755859e-03 3.548265099525451660e-01 9.428977370262145996e-01
8.722895383834838867e-01 9.883880615234375000e-02 4.846106171607971191e-01 9.659258127212524414e-01 7.426440715789794922e-02 1.208838224411010742e-01
7.000792026519775391e-01 3.079451918601989746e-01 4.299690127372741699e-01 8.499884605407714844e-01 6.030763983726501465e-01 4.625535011291503906e-02
8.567939996719360352e-01 4.397032856941223145e-01 1.189203858375549316e-01 5.431020259857177734e-01 4.169045090675354004e-01 4.024529457092285156e-02
8.661453723907470703e-01 2.512685060501098633e-01 8.629468083381652832e-01 4.161410331726074219e-01 2.994235157966613770e-01 5.102672576904296875e-01
2.482271790504455566e-01 5.875671505928039551e-01 4.474290609359741211e-01 9.201981425285339355e-01 2.537065744400024414e-02 2.025685310363769531e-01
