1.031385230989767088e+00
1.413043288548256893e+00
1.704687206577184089e+00
1.691804431509471129e+00
1.663999931483650663e+00
1.650089433116742388e+00
1.631742066145340342e+00
1.633904433541010448e+00
1.632520139704585427e+00
1.632007924715279445e+00
1.579766897974995254e+00
1.589044881086655536e+00
1.798668582699066487e+00
1.808116375884627702e+00
1.806064521758421026e+00
1.743324437936798477e+00
1.793207249570545780e+00
1.788922799063556557e+00
1.788859711733009394e+00
1.828209297576210091e+00
1.818969891485632928e+00
1.818331711492856551e+00
1.818441395042905473e+00
1.816891102335246533e+00
1.817935635777303549e+00
1.818115905236624252e+00
1.829826709001273422e+00
1.829367620383259396e+00
1.829617644603700910e+00
1.831609708692286898e+00
1.831483389969630560e+00
1.834467305972174778e+00
1.834231292078721820e+00
1.834259821553733794e+00
1.834599623625632336e+00
1.834540095277475524e+00
1.834497529274161653e+00
1.834544249399121529e+00
1.834457769935266658e+00
1.833917505886139443e+00
1.833713164281984831e+00
1.833766194511644798e+00
1.835540387840760346e+00
1.835326264791489637e+00
1.835567113421468166e+00
1.836283186699936731e+00
1.836422505766097224e+00
1.836542392918678157e+00
1.837346433160805592e+00
1.837254252372276131e+00
1.837239208134381574e+00
1.838336195416874208e+00
1.838713148615492177e+00
1.838283922660995717e+00
1.838369577094867369e+00
1.837430861644473445e+00
1.837986917944951504e+00
1.837813974273185158e+00
1.837775171165446864e+00
1.837855229110287425e+00
1.837963201930970181e+00
1.838926096928606757e+00
1.838894527939675783e+00
1.838092213650025286e+00
1.837970345618533230e+00
1.839549727622594055e+00
1.839468442420978178e+00
1.839427886118651490e+00
1.839362534631442170e+00
1.839742833903683650e+00
1.839817623023850324e+00
1.839453352561440269e+00
1.838991943806894014e+00
1.838464776114105081e+00
1.838118076690478331e+00
1.837914729398677061e+00
1.838413311691056151e+00
1.838346304273437148e+00
1.838313761343157493e+00
1.838141579758101329e+00
1.838046596147009382e+00
1.838465420720436949e+00
1.838694642662257239e+00
1.838672668060142179e+00
1.838650687550099194e+00
1.838054394466801966e+00
1.838128964334231341e+00
1.837943657882717741e+00
1.837972951127678112e+00
1.838007306422630105e+00
1.837958745761410384e+00
1.838666391890007024e+00
1.838605756934948321e+00
1.838382219167935538e+00
1.838329725605055920e+00
1.838567040046628520e+00
1.838586497102540074e+00
1.838559421524905035e+00
1.838792365405578000e+00
1.838058482785999370e+00
