1.623347401618957520e-01 7.911617159843444824e-01 3.311221003532409668e-01 1.392704248428344727e-02 7.343760728836059570e-01 8.423744440078735352e-01
5.457145888788762500e-01 2.385590072027429787e-01 9.020533282477327663e-01 3.369281836332181923e-01 7.779421157180447244e-01 9.315580223391151105e-01
6.605850059480798953e-01 0.000000000000000000e+00 1.000000000000000000e+00 8.613364439555667440e-01 4.155630350660088346e-01 9.874121395542602153e-01
3.235496971514889575e-01 2.910809707775627482e-03 9.978144301233002889e-01 9.725109665287730021e-01 5.765134280882373563e-01 9.959315651873027475e-01
3.235496971514889575e-01 2.910809707775627482e-03 9.978144301233002889e-01 9.725109665287730021e-01 5.765134280882373563e-01 9.959315651873027475e-01
3.235496971514889575e-01 2.910809707775627482e-03 9.978144301233002889e-01 9.725109665287730021e-01 5.765134280882373563e-01 9.959315651873027475e-01
3.235496971514889575e-01 2.910809707775627482e-03 9.978144301233002889e-01 9.725109665287730021e-01 5.765134280882373563e-01 9.959315651873027475e-01
3.235496971514889575e-01 2.910809707775627482e-03 9.978144301233002889e-01 9.725109665287730021e-01 5.765134280882373563e-01 9.959315651873027475e-01
3.235496971514889575e-01 2.910809707775627482e-03 9.978144301233002889e-01 9.725109665287730021e-01 5.765134280882373563e-01 9.959315651873027475e-01
3.235496971514889575e-01 2.910809707775627482e-03 9.978144301233002889e-01 9.725109665287730021e-01 5.765134280882373563e-01 9.959315651873027475e-01
3.235496971514889575e-01 2.910809707775627482e-03 9.978144301233002889e-01 9.725109665287730021e-01 5.765134280882373563e-01 9.959315651873027475e-01
3.235496971514889575e-01 2.910809707775627482e-03 9.978144301233002889e-01 9.725109665287730021e-01 5.765134280882373563e-01 9.959315651873027475e-01
3.344298837741887520e-01 3.070597021339146158e-03 9.993874349105568156e-01 1.000000000000000000e+00 5.341401478513083667e-01 1.000000000000000000e+00
3.344298837741887520e-01 3.070597021339146158e-03 9.993874349105568156e-01 1.000000000000000000e+00 5.341401478513083667e-01 1.000000000000000000e+00
3.344298837741887520e-01 3.070597021339146158e-03 9.993874349105568156e-01 1.000000000000000000e+00 5.341401478513083667e-01 1.000000000000000000e+00
3.344298837741887520e-01 3.070597021339146158e-03 9.993874349105568156e-01 1.000000000000000000e+00 5.341401478513083667e-01 1.000000000000000000e+00
3.344298837741887520e-01 3.070597021339146158e-03 9.993874349105568156e-01 1.000000000000000000e+00 5.341401478513083667e-01 1.000000000000000000e+00
3.344298837741887520e-01 3.070597021339146158e-03 9.993874349105568156e-01 1.000000000000000000e+00 5.341401478513083667e-01 1.000000000000000000e+00
3.344298837741887520e-01 3.070597021339146158e-03 9.993874349105568156e-01 1.000000000000000000e+00 5.341401478513083667e-01 1.000000000000000000e+00
3.344298837741887520e-01 3.070597021339146158e-03 9.993874349105568156e-01 1.000000000000000000e+00 5.341401478513083667e-01 1.000000000000000000e+00
3.344298837741887520e-01 3.070597021339146158e-03 9.993874349105568156e-01 1.000000000000000000e+00 5.341401478513083667e-01 1.000000000000000000e+00
3.344298837741887520e-01 3.070597021339146158e-03 9.993874349105568156e-01 1.000000000000000000e+00 5.341401478513083667e-01 1.000000000000000000e+00
3.344298837741887520e-01 3.070597021339146158e-03 9.993874349105568156e-01 1.000000000000000000e+00 5.341401478513083667e-01 1.000000000000000000e+00
3.344298837741887520e-01 3.070597021339146158e-03 9.993874349105568156e-01 1.000000000000000000e+00 5.341401478513083667e-01 1.000000000000000000e+00
3.344298837741887520e-01 3.070597021339146158e-03 9.993874349105568156e-01 1.000000000000000000e+00 5.341401478513083667e-01 1.000000000000000000e+00
3.344298837741887520e-01 3.070597021339146158e-03 9.993874349105568156e-01 1.000000000000000000e+00 5.341401478513083667e-01 1.000000000000000000e+00
3.344298837741887520e-01 3.070597021339146158e-03 9.993874349105568156e-01 1.000000000000000000e+00 5.341401478513083667e-01 1.000000000000000000e+00
3.344298837741887520e-01 3.070597021339146158e-03 9.993874349105568156e-01 1.000000000000000000e+00 5.341401478513083667e-01 1.000000000000000000e+00
3.344298837741887520e-01 3.070597021339146158e-03 9.993874349105568156e-01 1.000000000000000000e+00 5.341401478513083667e-01 1.000000000000000000e+00
9.175501790385874878e-01 9.534220594697592199e-01 9.523614844041666805e-01 5.003448204050136433e-02 3.741993437503839115e-02 2.976479127823641879e-01
9.175501790385874878e-01 9.534220594697592199e-01 9.523614844041666805e-01 5.003448204050136433e-02 3.741993437503839115e-02 2.976479127823641879e-01
9.175501790385874878e-01 9.534220594697592199e-01 9.523614844041666805e-01 5.003448204050136433e-02 3.741993437503839115e-02 2.976479127823641879e-01
1.000000000000000000e+00 9.920521669979958101e-01 9.953389828491928659e-01 1.423375327932143719e-01 0.000000000000000000e+00 5.166853851350556859e-01
1.000000000000000000e+00 9.920521669979958101e-01 9.953389828491928659e-01 1.423375327932143719e-01 0.000000000000000000e+00 5.166853851350556859e-01
1.000000000000000000e+00 9.920521669979958101e-01 9.953389828491928659e-01 1.423375327932143719e-01 0.000000000000000000e+00 5.166853851350556859e-01
1.000000000000000000e+00 9.920521669979958101e-01 9.953389828491928659e-01 1.423375327932143719e-01 0.000000000000000000e+00 5.166853851350556859e-01
1.000000000000000000e+00 9.920521669979958101e-01 9.953389828491928659e-01 1.423375327932143719e-01 0.000000000000000000e+00 5.166853851350556859e-01
1.000000000000000000e+00 9.920521669979958101e-01 9.953389828491928659e-01 1.423375327932143719e-01 0.000000000000000000e+00 5.166853851350556859e-01
1.000000000000000000e+00 9.920521669979958101e-01 9.953389828491928659e-01 1.423375327932143719e-01 0.000000000000000000e+00 5.166853851350556859e-01
1.000000000000000000e+00 9.920521669979958101e-01 9.953389828491928659e-01 1.423375327932143719e-01 0.000000000000000000e+00 5.166853851350556859e-01
1.000000000000000000e+00 9.920521669979958101e-01 9.953389828491928659e-01 1.423375327932143719e-01 0.000000000000000000e+00 5.166853851350556859e-01
1.000000000000000000e+00 9.920521669979958101e-01 9.953389828491928659e-01 1.423375327932143719e-01 0.000000000000000000e+00 5.166853851350556859e-01
1.000000000000000000e+00 9.920521669979958101e-01 9.953389828491928659e-01 1.423375327932143719e-01 0.000000000000000000e+00 5.166853851350556859e-01
1.000000000000000000e+00 9.920521669979958101e-01 9.953389828491928659e-01 1.423375327932143719e-01 0.000000000000000000e+00 5.166853851350556859e-01
1.000000000000000000e+00 9.920521669979958101e-01 9.953389828491928659e-01 1.423375327932143719e-01 0.000000000000000000e+00 5.166853851350556859e-01
1.000000000000000000e+00 9.920521669979958101e-01 9.953389828491928659e-01 1.423375327932143719e-01 0.000000000000000000e+00 5.166853851350556859e-01
1.000000000000000000e+00 9.920521669979958101e-01 9.953389828491928659e-01 1.423375327932143719e-01 0.000000000000000000e+00 5.166853851350556859e-01
1.000000000000000000e+00 9.920521669979958101e-01 9.953389828491928659e-01 1.423375327932143719e-01 0.000000000000000000e+00 5.166853851350556859e-01
1.000000000000000000e+00 9.920521669979958101e-01 9.953389828491928659e-01 1.423375327932143719e-01 0.000000000000000000e+00 5.166853851350556859e-01
1.000000000000000000e+00 9.920521669979958101e-01 9.953389828491928659e-01 1.423375327932143719e-01 0.000000000000000000e+00 5.166853851350556859e-01
