-7.518095166850683464e-01
-9.725732635786825675e-01
-6.135421411466698283e-01
-6.601678656380485233e-01
-4.290506712937555145e-01
-4.761450909783737084e-01
-6.681377471724623263e-01
-8.894589022199204109e-01
-1.382397499554196107e+00
-9.053997213103175401e-01
-3.345781706956391793e-02
2.556823961399580236e-01
4.016304008870206221e-01
-4.930360214291134024e-01
1.343623130063348048e-01
1.102100879086026219e-01
1.337086802015160780e-01
1.062671148471437399e-01
3.527912184063355938e-01
3.224549720164788802e-01
-6.521186611139240252e-01
4.382782300599656899e-01
1.340319133902330706e-01
3.484360242068887392e-01
-2.541152823067168165e-01
7.220130776689875907e-02
2.948831793512128874e-01
4.116666726691610712e-01
3.607544146027298892e-01
-4.973869904829983368e-01
1.671857499711356665e-01
-3.509590225913238326e-01
2.467993592061992064e-02
-1.734974795331874903e-02
4.046114888252744929e-02
9.010121338581444927e-02
5.970997253186433040e-02
3.393050736255600469e-02
4.508540881588016247e-01
4.050850308942331446e-01
3.798991607856001540e-01
6.449385629180227619e-01
-4.149755232340971989e-01
4.332717121581275421e-01
5.834480260634419269e-01
6.355352580351855130e-01
-2.584518034435077105e-01
5.430564372831490072e-01
-5.499796754692106715e-01
4.752599964741788252e-01
2.923532738432654821e-01
2.760275430283338216e-01
3.161757130749794920e-01
-9.990861505459754932e-01
-5.623454297191298190e-01
3.051563413688685444e-01
-4.673566119058935597e-01
2.316021684778176437e-01
3.439019384980840366e-01
-5.558433942063247812e-01
