1.755412330364127360e+00
1.755412330364127360e+00
1.755412330364127360e+00
1.755412330364127360e+00
1.755412330364127360e+00
1.755412330364127360e+00
1.755412330364127360e+00
1.660438942817570762e+00
1.792614582002803214e+00
1.746372579660551150e+00
1.792585753965271200e+00
1.792614596891373591e+00
1.792519374676723398e+00
1.792538510364988236e+00
1.792545474722640142e+00
1.995452035806915658e+00
1.964795544716331221e+00
1.982277009883134822e+00
1.984185991162698226e+00
1.981417948777357996e+00
1.981403519849270767e+00
1.982597267465867841e+00
1.980484382774432728e+00
1.980965058673711754e+00
1.980257743328632136e+00
1.977772221841944456e+00
1.981968077513096116e+00
1.986497596985418612e+00
1.990634575538375639e+00
1.989890196193936811e+00
1.990190251534031729e+00
1.989950221093384819e+00
1.988836191455175095e+00
1.992171883242451980e+00
1.991988511617305502e+00
1.991411324366625379e+00
1.990776758722412998e+00
1.990286200211101253e+00
1.989976279708760343e+00
1.989724156009591516e+00
1.989680535869337019e+00
1.991516140165925375e+00
1.990603276547153744e+00
1.990155669795245608e+00
1.990936376592549628e+00
1.990877215048092674e+00
1.987601708509407095e+00
1.989208234344463255e+00
1.989321572305497998e+00
1.989171727094634967e+00
1.989163838023018327e+00
1.989344834393920403e+00
1.989457216427332309e+00
1.989472151756090490e+00
1.991218923084977277e+00
1.991801897633223462e+00
1.991713125163149245e+00
1.991828553001909086e+00
1.991943094624036625e+00
1.991940890416783461e+00
1.991719311611716670e+00
1.991898387853210384e+00
1.991435683417835278e+00
1.991344921860348727e+00
1.992419322917059255e+00
1.993603564595312294e+00
1.993681404507927857e+00
1.993966962614980742e+00
1.994013900396364392e+00
1.994205824059143817e+00
1.994168979926702168e+00
1.995040868943432466e+00
1.995018651941387500e+00
1.995233729611554763e+00
1.995185301893483309e+00
1.995178086705425402e+00
1.995251521617759094e+00
1.995240450851724523e+00
1.994724610888353622e+00
1.994822651360506072e+00
1.995026486923015430e+00
1.994842428158044578e+00
1.995655710969937768e+00
1.995697255988589491e+00
1.995706344880400884e+00
1.992892322795987603e+00
1.993140903994434776e+00
1.993173469195152814e+00
1.993127176734651673e+00
1.994575213331017505e+00
1.995081547798459365e+00
1.995081716161840824e+00
1.996363357749039169e+00
1.996558586523934586e+00
1.996604243307763316e+00
1.996598034480082440e+00
1.996284011127273494e+00
1.996283729016617325e+00
1.996226137058281225e+00
1.996529283116212916e+00
