1.154929314961097742e+00
1.154929314961097742e+00
1.262778040482391173e+00
1.755412330364127360e+00
1.755412330364127360e+00
1.755412330364127360e+00
1.755412330364127360e+00
1.755412330364127360e+00
1.762725584168480131e+00
1.762725584168480131e+00
1.762725584168480131e+00
1.762725584168480131e+00
1.762725584168480131e+00
1.762725584168480131e+00
1.762725584168480131e+00
1.762725584168480131e+00
1.946894401020747623e+00
1.946894401020747623e+00
1.946894401020747623e+00
1.946894401020747623e+00
1.946894401020747623e+00
1.946894401020747623e+00
1.946894401020747623e+00
1.946894401020747623e+00
1.946894401020747623e+00
1.946894401020747623e+00
1.946894401020747623e+00
1.971332127259956213e+00
1.971332127259956213e+00
1.971332127259956213e+00
1.971332127259956213e+00
1.971332127259956213e+00
1.971332127259956213e+00
1.971332127259956213e+00
1.971332127259956213e+00
1.987930037364333380e+00
1.987930037364333380e+00
1.987930037364333380e+00
1.987930037364333380e+00
1.987930037364333380e+00
1.987930037364333380e+00
1.987930037364333380e+00
1.987930037364333380e+00
1.987930037364333380e+00
1.987930037364333380e+00
1.987930037364333380e+00
1.987930037364333380e+00
1.987930037364333380e+00
1.987930037364333380e+00
1.987930037364333380e+00
1.987930037364333380e+00
1.987930037364333380e+00
1.987930037364333380e+00
1.987930037364333380e+00
1.987930037364333380e+00
1.987930037364333380e+00
1.987930037364333380e+00
1.987930037364333380e+00
1.987930037364333380e+00
1.987930037364333380e+00
1.987930037364333380e+00
1.987930037364333380e+00
1.987930037364333380e+00
1.987930037364333380e+00
1.987930037364333380e+00
1.987930037364333380e+00
1.987930037364333380e+00
1.987930037364333380e+00
1.987930037364333380e+00
1.987930037364333380e+00
1.987930037364333380e+00
1.987930037364333380e+00
1.987930037364333380e+00
1.987930037364333380e+00
1.987930037364333380e+00
1.987930037364333380e+00
1.987930037364333380e+00
1.987930037364333380e+00
1.987930037364333380e+00
1.987930037364333380e+00
1.987930037364333380e+00
1.987930037364333380e+00
1.987930037364333380e+00
1.987930037364333380e+00
1.987930037364333380e+00
1.987930037364333380e+00
1.987930037364333380e+00
1.987930037364333380e+00
1.987930037364333380e+00
1.987930037364333380e+00
1.987930037364333380e+00
1.987930037364333380e+00
1.987930037364333380e+00
1.987930037364333380e+00
1.987930037364333380e+00
1.987930037364333380e+00
1.987930037364333380e+00
1.987930037364333380e+00
1.987930037364333380e+00
1.987930037364333380e+00
