8.906761407852172852e-01 8.854168057441711426e-01 5.263060331344604492e-02 7.550432085990905762e-01
7.336910367012023926e-01 9.250306487083435059e-01 5.581990480422973633e-01 2.221201062202453613e-01
2.987388968467712402e-01 2.380452156066894531e-01 7.843751907348632812e-01 8.860870599746704102e-01
5.062639713287353516e-01 6.056242585182189941e-01 3.152757287025451660e-01 1.304946541786193848e-01
9.726303815841674805e-02 3.909624814987182617e-01 3.268553614616394043e-01 2.800510525703430176e-01
2.057847380638122559e-01 7.367223501205444336e-02 2.902958989143371582e-01 9.177516698837280273e-01
5.952861309051513672e-01 6.516361832618713379e-01 1.299936175346374512e-01 7.078482508659362793e-01
3.386351466178894043e-01 5.679290294647216797e-01 7.721715569496154785e-01 2.720243930816650391e-01
5.395045280456542969e-01 5.227774977684020996e-01 3.686858415603637695e-01 3.698161840438842773e-01
6.333786845207214355e-01 8.354866504669189453e-01 7.368803024291992188e-01 1.592165827751159668e-01
3.051742315292358398e-01 5.119881033897399902e-01 4.758012890815734863e-01 9.602458477020263672e-01
4.776896834373474121e-01 9.833604097366333008e-02 1.081441044807434082e-01 5.852740406990051270e-01
7.331408262252807617e-01 1.079881191253662109e-02 1.088976860046386719e-03 5.190930962562561035e-01
9.495199322700500488e-01 7.065233588218688965e-01 1.525382995605468750e-01 3.916770219802856445e-02
8.071810007095336914e-01 5.130897164344787598e-01 4.384855628013610840e-01 4.446588754653930664e-01
1.328572630882263184e-01 3.505357503890991211e-01 6.389470696449279785e-01 7.511540055274963379e-01
7.849617600440979004e-01 2.503075599670410156e-01 2.380450367927551270e-01 1.188883781433105469e-01
6.472000479698181152e-01 5.110509395599365234e-01 4.023742675781250000e-01 9.607543945312500000e-01
2.540734410285949707e-01 5.177961587905883789e-01 9.318287372589111328e-01 9.465202689170837402e-01
6.285362839698791504e-01 1.649444103240966797e-01 2.346070408821105957e-01 8.996719121932983398e-02
8.540843129158020020e-01 3.267127275466918945e-02 1.003309488296508789e-01 8.918538093566894531e-01
5.846687555313110352e-01 8.450602293014526367e-01 5.952606201171875000e-01 7.895365357398986816e-01
2.316001653671264648e-01 4.146875739097595215e-01 4.434412121772766113e-01 9.355218410491943359e-01
8.720460534095764160e-01 1.508235931396484375e-03 1.752598285675048828e-01 2.259620428085327148e-01
4.777303338050842285e-01 5.597547888755798340e-01 4.153051376342773438e-01 6.160447597503662109e-01
7.933179140090942383e-01 2.741779685020446777e-01 1.578562259674072266e-01 3.794680833816528320e-01
2.309093475341796875e-01 5.269220471382141113e-01 9.370302557945251465e-01 1.212589144706726074e-01
3.114008307456970215e-01 3.396046161651611328e-02 8.606421351432800293e-01 7.525485157966613770e-01
7.251798510551452637e-01 8.351553082466125488e-01 3.830448389053344727e-01 9.540224671363830566e-01
6.849679946899414062e-01 6.513935327529907227e-01 2.383702397346496582e-01 5.503397583961486816e-01
7.472842335700988770e-01 4.380873441696166992e-01 1.544578075408935547e-01 7.276739478111267090e-01
9.340966343879699707e-01 8.386561870574951172e-01 8.719420433044433594e-01 8.805786967277526855e-01
5.556681156158447266e-01 2.209420800209045410e-01 5.067549347877502441e-01 4.755020141601562500e-03
1.469985842704772949e-01 9.706599712371826172e-01 3.785137534141540527e-01 2.993063926696777344e-01
9.725444912910461426e-01 5.203652381896972656e-02 4.132425785064697266e-02 6.627442836761474609e-01
7.285391688346862793e-01 5.436116456985473633e-01 2.730099558830261230e-01 7.536497712135314941e-01
6.381971240043640137e-01 2.135741710662841797e-02 2.190917730331420898e-01 2.079990506172180176e-01
9.507146477699279785e-01 4.872418642044067383e-01 5.359898209571838379e-01 9.489691257476806641e-02
5.607845783233642578e-01 8.201182484626770020e-01 6.749045252799987793e-01 2.762262821197509766e-01
4.076420068740844727e-01 5.955213308334350586e-01 5.460196137428283691e-01 1.039096713066101074e-01
6.633563637733459473e-01 7.833647727966308594e-02 9.855378270149230957e-01 3.622211217880249023e-01
1.214923262596130371e-01 6.840531826019287109e-01 7.360435128211975098e-01 3.883385062217712402e-01
9.896453022956848145e-01 4.818058013916015625e-01 9.989090561866760254e-01 2.265530228614807129e-01
7.086735963821411133e-02 7.208861708641052246e-01 1.800146698951721191e-01 7.563203573226928711e-02
3.072748184204101562e-01 8.155091404914855957e-01 7.480934858322143555e-01 3.212598562240600586e-01
4.606163501739501953e-02 2.341770529747009277e-01 4.128867387771606445e-02 3.618491888046264648e-01
8.706684112548828125e-01 2.199131250381469727e-02 6.542174816131591797e-01 3.477932810783386230e-01
9.393775463104248047e-01 1.458913683891296387e-01 9.473128914833068848e-01 4.257076978683471680e-01
1.196640729904174805e-02 8.096681237220764160e-01 8.530579805374145508e-01 9.644480347633361816e-01
2.138397097587585449e-01 5.073889493942260742e-01 3.374289870262145996e-01 8.836410045623779297e-01
3.835422396659851074e-01 3.454018235206604004e-01 4.187111854553222656e-01 4.346247911453247070e-01
2.221571803092956543e-01 2.572713494300842285e-01 9.347364306449890137e-01 6.472176313400268555e-01
7.751376032829284668e-01 9.126601815223693848e-01 3.130179643630981445e-02 3.908079862594604492e-02
9.042618274688720703e-01 6.004387140274047852e-02 2.846521139144897461e-01 4.340893626213073730e-01
6.982191801071166992e-01 5.040252208709716797e-02 8.341073393821716309e-01 4.905875325202941895e-01
4.478452205657958984e-01 3.010177612304687500e-01 1.944836974143981934e-01 5.705485343933105469e-01
3.822111487388610840e-01 2.669600844383239746e-01 5.064261555671691895e-01 1.442453265190124512e-01
3.975179791450500488e-01 6.762865781784057617e-01 3.426089882850646973e-01 4.103285670280456543e-01
9.227232933044433594e-01 8.075819611549377441e-01 6.618666648864746094e-01 4.588974714279174805e-01
2.925902009010314941e-01 3.265637755393981934e-01 3.560206890106201172e-01 2.463768720626831055e-01
