4.833802580833435059e-01 7.772915959358215332e-01 3.884809017181396484e-01 9.756499528884887695e-02 1.263551712036132812e-01 4.808796048164367676e-01
1.557475924491882324e-01 2.711558938026428223e-01 5.986413955688476562e-01 2.494734525680541992e-01 1.809329390525817871e-01 9.309727549552917480e-01
6.094484925270080566e-01 8.924294710159301758e-01 7.120943665504455566e-01 2.688658237457275391e-01 1.491740942001342773e-01 6.590694189071655273e-01
2.663821578025817871e-01 4.743079543113708496e-01 4.674031138420104980e-01 6.553905606269836426e-01 5.324053764343261719e-02 9.327765703201293945e-01
5.254699587821960449e-01 2.868334054946899414e-01 5.406731367111206055e-01 3.265823125839233398e-01 3.508399724960327148e-01 8.331879377365112305e-01
4.526563286781311035e-01 5.261556506156921387e-01 4.129769206047058105e-01 4.290460348129272461e-01 9.713205099105834961e-01 1.782216429710388184e-01
2.210932970046997070e-01 4.862492084503173828e-01 4.626100063323974609e-01 7.722631096839904785e-01 6.860517263412475586e-01 2.918216586112976074e-01
5.844482183456420898e-01 3.107868432998657227e-01 1.199769377708435059e-01 3.365096449851989746e-01 4.476271271705627441e-01 3.641910552978515625e-01
5.259162187576293945e-02 5.488061904907226562e-02 9.456437826156616211e-02 5.142046213150024414e-01 2.040534019470214844e-01 8.133969306945800781e-01
1.801602840423583984e-01 2.976655960083007812e-03 1.323933005332946777e-01 5.941404700279235840e-01 6.429525017738342285e-01 6.606376171112060547e-01
9.477453827857971191e-01 1.000000000000000000e+00 3.379642665386199951e-01 8.336464762687683105e-01 1.000000000000000000e+00 9.459169507026672363e-01
1.000000000000000000e+00 5.790942311286926270e-01 1.000000000000000000e+00 0.000000000000000000e+00 1.000000000000000000e+00 0.000000000000000000e+00
2.261886373162269592e-02 1.000000000000000000e+00 1.000000000000000000e+00 0.000000000000000000e+00 1.000000000000000000e+00 0.000000000000000000e+00
1.000000000000000000e+00 0.000000000000000000e+00 1.000000000000000000e+00 4.409177899360656738e-01 1.000000000000000000e+00 0.000000000000000000e+00
1.000000000000000000e+00 0.000000000000000000e+00 6.115599870681762695e-01 0.000000000000000000e+00 1.000000000000000000e+00 0.000000000000000000e+00
8.613201975822448730e-01 1.000000000000000000e+00 9.527208805084228516e-01 1.289741694927215576e-01 1.000000000000000000e+00 0.000000000000000000e+00
1.000000000000000000e+00 1.000000000000000000e+00 0.000000000000000000e+00 1.000000000000000000e+00 0.000000000000000000e+00 0.000000000000000000e+00
1.000000000000000000e+00 0.000000000000000000e+00 1.000000000000000000e+00 0.000000000000000000e+00 0.000000000000000000e+00 0.000000000000000000e+00
0.000000000000000000e+00 1.000000000000000000e+00 0.000000000000000000e+00 1.000000000000000000e+00 1.000000000000000000e+00 0.000000000000000000e+00
0.000000000000000000e+00 0.000000000000000000e+00 7.408390641212463379e-01 1.000000000000000000e+00 1.000000000000000000e+00 0.000000000000000000e+00
1.000000000000000000e+00 4.576513916254043579e-02 1.000000000000000000e+00 0.000000000000000000e+00 1.000000000000000000e+00 4.967632889747619629e-01
1.000000000000000000e+00 6.168317794799804688e-01 1.000000000000000000e+00 1.000000000000000000e+00 1.000000000000000000e+00 0.000000000000000000e+00
1.000000000000000000e+00 1.000000000000000000e+00 6.886514425277709961e-01 1.000000000000000000e+00 0.000000000000000000e+00 0.000000000000000000e+00
0.000000000000000000e+00 0.000000000000000000e+00 0.000000000000000000e+00 1.000000000000000000e+00 1.000000000000000000e+00 1.000000000000000000e+00
1.000000000000000000e+00 3.113747239112854004e-01 1.000000000000000000e+00 0.000000000000000000e+00 1.000000000000000000e+00 0.000000000000000000e+00
0.000000000000000000e+00 1.000000000000000000e+00 0.000000000000000000e+00 1.000000000000000000e+00 0.000000000000000000e+00 1.000000000000000000e+00
1.000000000000000000e+00 0.000000000000000000e+00 2.336975932121276855e-01 1.000000000000000000e+00 1.000000000000000000e+00 0.000000000000000000e+00
1.000000000000000000e+00 0.000000000000000000e+00 6.920502185821533203e-01 1.000000000000000000e+00 1.000000000000000000e+00 5.236058831214904785e-01
1.000000000000000000e+00 0.000000000000000000e+00 0.000000000000000000e+00 1.000000000000000000e+00 0.000000000000000000e+00 1.000000000000000000e+00
1.000000000000000000e+00 0.000000000000000000e+00 0.000000000000000000e+00 1.000000000000000000e+00 0.000000000000000000e+00 1.997849047183990479e-01
1.000000000000000000e+00 6.859540939331054688e-01 1.000000000000000000e+00 0.000000000000000000e+00 8.679610490798950195e-01 0.000000000000000000e+00
1.000000000000000000e+00 0.000000000000000000e+00 0.000000000000000000e+00 1.000000000000000000e+00 0.000000000000000000e+00 0.000000000000000000e+00
1.000000000000000000e+00 0.000000000000000000e+00 0.000000000000000000e+00 1.000000000000000000e+00 3.343594446778297424e-02 2.674205601215362549e-01
1.000000000000000000e+00 0.000000000000000000e+00 0.000000000000000000e+00 1.000000000000000000e+00 0.000000000000000000e+00 3.003821074962615967e-01
1.000000000000000000e+00 1.000000000000000000e+00 0.000000000000000000e+00 0.000000000000000000e+00 0.000000000000000000e+00 1.000000000000000000e+00
1.000000000000000000e+00 1.000000000000000000e+00 0.000000000000000000e+00 1.000000000000000000e+00 3.233812153339385986e-01 1.000000000000000000e+00
1.000000000000000000e+00 1.000000000000000000e+00 0.000000000000000000e+00 0.000000000000000000e+00 1.000000000000000000e+00 0.000000000000000000e+00
9.377440214157104492e-01 0.000000000000000000e+00 0.000000000000000000e+00 1.000000000000000000e+00 0.000000000000000000e+00 2.449344098567962646e-01
0.000000000000000000e+00 1.000000000000000000e+00 1.000000000000000000e+00 1.000000000000000000e+00 1.000000000000000000e+00 1.000000000000000000e+00
1.000000000000000000e+00 0.000000000000000000e+00 0.000000000000000000e+00 9.429426789283752441e-01 0.000000000000000000e+00 2.563965618610382080e-01
1.000000000000000000e+00 0.000000000000000000e+00 7.602181285619735718e-02 1.000000000000000000e+00 0.000000000000000000e+00 2.422433793544769287e-01
1.000000000000000000e+00 0.000000000000000000e+00 1.849370002746582031e-01 1.000000000000000000e+00 0.000000000000000000e+00 2.264050692319869995e-01
0.000000000000000000e+00 1.000000000000000000e+00 0.000000000000000000e+00 0.000000000000000000e+00 1.000000000000000000e+00 1.000000000000000000e+00
1.000000000000000000e+00 1.000000000000000000e+00 1.000000000000000000e+00 0.000000000000000000e+00 1.000000000000000000e+00 1.000000000000000000e+00
0.000000000000000000e+00 1.000000000000000000e+00 5.560038089752197266e-01 0.000000000000000000e+00 1.000000000000000000e+00 1.000000000000000000e+00
1.000000000000000000e+00 0.000000000000000000e+00 0.000000000000000000e+00 0.000000000000000000e+00 1.000000000000000000e+00 1.000000000000000000e+00
7.677582502365112305e-01 1.993568986654281616e-02 9.710254073143005371e-01 8.097857236862182617e-01 2.362926751375198364e-01 2.529085576534271240e-01
1.201281547546386719e-01 9.846007227897644043e-01 6.620512157678604126e-02 3.947410732507705688e-02 1.223142072558403015e-01 6.753215193748474121e-01
7.761786878108978271e-02 1.086920946836471558e-01 6.752681136131286621e-01 1.463046371936798096e-01 9.876343011856079102e-01 3.619368076324462891e-01
9.867174625396728516e-01 6.320228576660156250e-01 3.663054108619689941e-01 5.840561389923095703e-01 9.572391510009765625e-01 8.738387376070022583e-02
0.000000000000000000e+00 1.000000000000000000e+00 0.000000000000000000e+00 0.000000000000000000e+00 1.000000000000000000e+00 0.000000000000000000e+00
9.172151088714599609e-01 1.385929584503173828e-01 9.206714034080505371e-01 7.507964372634887695e-01 6.289230659604072571e-03 8.258165717124938965e-01
3.128297328948974609e-01 9.041743278503417969e-01 7.883123755455017090e-01 9.503661394119262695e-01 9.776061773300170898e-01 1.040851026773452759e-01
0.000000000000000000e+00 1.000000000000000000e+00 0.000000000000000000e+00 1.000000000000000000e+00 0.000000000000000000e+00 0.000000000000000000e+00
0.000000000000000000e+00 4.331543445587158203e-01 0.000000000000000000e+00 0.000000000000000000e+00 1.000000000000000000e+00 1.000000000000000000e+00
3.045797348022460938e-01 9.100476503372192383e-01 3.086608350276947021e-01 6.999408453702926636e-02 9.755356907844543457e-01 9.518997073173522949e-01
7.670939564704895020e-01 5.149044990539550781e-01 2.554614096879959106e-02 9.017750620841979980e-01 7.972910068929195404e-03 5.032632350921630859e-01
2.008142918348312378e-01 3.312805294990539551e-01 9.037182480096817017e-02 9.187334179878234863e-01 9.457347393035888672e-01 5.018915608525276184e-02
5.818583369255065918e-01 3.766731172800064087e-02 9.743655920028686523e-01 9.906362891197204590e-01 9.366135001182556152e-01 7.547226548194885254e-01
6.293735504150390625e-01 5.884943529963493347e-04 2.399289980530738831e-02 9.838468432426452637e-01 9.893448948860168457e-01 3.019034564495086670e-01
9.907180666923522949e-01 9.138377308845520020e-01 9.931731037795543671e-03 2.145097963511943817e-02 3.805581033229827881e-01 3.237161934375762939e-01
4.907768070697784424e-01 9.726120233535766602e-01 1.138413101434707642e-01 5.223913192749023438e-01 6.318076513707637787e-03 2.087345346808433533e-02
1.478863973170518875e-02 9.559220671653747559e-01 1.515345573425292969e-01 1.700094640254974365e-01 5.908018350601196289e-01 9.749708771705627441e-01
1.561272144317626953e-01 9.532467275857925415e-02 2.474847622215747833e-02 1.536448486149311066e-03 5.780059099197387695e-01 5.272842198610305786e-02
1.114290207624435425e-03 7.790218591690063477e-01 5.644276738166809082e-01 6.352368593215942383e-01 1.746112853288650513e-02 2.051866799592971802e-02
7.603732943534851074e-01 7.075976729393005371e-01 9.351586699485778809e-01 4.136517643928527832e-01 9.930940270423889160e-01 3.267638385295867920e-01
9.115798473358154297e-01 3.521353602409362793e-01 5.097323060035705566e-01 9.940204620361328125e-01 3.466729223728179932e-01 2.491742372512817383e-03
2.352883666753768921e-02 9.197005033493041992e-01 9.653556942939758301e-01 3.976310044527053833e-02 2.382166534662246704e-01 6.633296608924865723e-02
7.900915145874023438e-01 8.773612976074218750e-02 6.532735228538513184e-01 9.893125891685485840e-01 9.219420552253723145e-01 8.507321029901504517e-02
8.659523725509643555e-01 8.992618322372436523e-01 9.614919424057006836e-01 8.995981216430664062e-01 7.039092183113098145e-01 9.384402036666870117e-01
8.972762525081634521e-02 1.127646267414093018e-01 3.326658606529235840e-01 9.422420859336853027e-01 3.638880252838134766e-01 4.299743101000785828e-03
4.208505451679229736e-01 7.783508300781250000e-01 9.702287912368774414e-01 3.418744727969169617e-02 9.289465546607971191e-01 7.471513152122497559e-01
2.278775349259376526e-02 9.861702919006347656e-01 4.095300137996673584e-01 7.915967106819152832e-01 9.130359888076782227e-01 9.046989679336547852e-01
2.967322170734405518e-01 2.365950122475624084e-02 2.125820964574813843e-01 6.860927939414978027e-01 9.204304218292236328e-01 8.757244795560836792e-03
6.815706491470336914e-01 4.246614575386047363e-01 9.658468365669250488e-01 2.527129650115966797e-01 9.254341125488281250e-01 2.154124900698661804e-03
3.088406324386596680e-01 9.994331598281860352e-01 9.711729884147644043e-01 8.570494651794433594e-01 8.664395660161972046e-03 6.646828651428222656e-01
9.090262055397033691e-01 1.384947448968887329e-03 4.631568118929862976e-02 4.677293449640274048e-02 1.525934226810932159e-02 6.431592106819152832e-01
7.004927098751068115e-02 9.038817882537841797e-01 4.269404709339141846e-02 6.578322499990463257e-02 6.108986213803291321e-02 8.041777648031711578e-03
2.835265994071960449e-01 4.153550043702125549e-02 3.702799230813980103e-02 3.289388716220855713e-01 9.494036436080932617e-01 2.038851678371429443e-01
9.653031229972839355e-01 1.812873333692550659e-01 5.877216458320617676e-01 9.596925973892211914e-01 4.966221153736114502e-01 9.974588751792907715e-01
9.150467514991760254e-01 1.639130711555480957e-02 1.737552881240844727e-01 7.746319174766540527e-01 3.752257525920867920e-01 3.768433630466461182e-02
9.937180280685424805e-01 2.228111773729324341e-02 4.964810609817504883e-01 9.344880580902099609e-01 7.102950662374496460e-02 6.221917271614074707e-01
5.935540795326232910e-01 9.878365993499755859e-01 6.227629780769348145e-01 1.130741089582443237e-03 9.560428261756896973e-01 6.742084622383117676e-01
9.757190942764282227e-01 6.413479149341583252e-02 8.176792263984680176e-01 3.830411732196807861e-01 9.935351610183715820e-01 8.984648585319519043e-01
1.555975619703531265e-02 8.540873527526855469e-01 4.347521066665649414e-01 2.240173518657684326e-03 8.703673258423805237e-03 9.847093820571899414e-01
9.491626918315887451e-02 1.704650670289993286e-01 9.577219486236572266e-01 9.829178452491760254e-01 5.042475648224353790e-03 1.906094402074813843e-01
9.792598336935043335e-02 3.316189646720886230e-01 8.721487224102020264e-02 2.596115469932556152e-01 9.962581396102905273e-01 7.959742844104766846e-02
3.457523286342620850e-01 8.402004837989807129e-01 6.546601653099060059e-04 8.389469236135482788e-02 9.652335643768310547e-01 7.645378112792968750e-01
7.846023142337799072e-02 3.268667757511138916e-01 7.317794114351272583e-02 5.746592879295349121e-01 6.950397789478302002e-02 3.968786448240280151e-02
6.033831238746643066e-01 4.149224609136581421e-02 8.098500221967697144e-02 1.409814357757568359e-01 9.668148159980773926e-01 1.330645680427551270e-01
2.125124484300613403e-01 8.207144737243652344e-01 6.210139393806457520e-02 6.822585463523864746e-01 9.845689535140991211e-01 9.584957957267761230e-01
5.258369445800781250e-01 8.019767999649047852e-01 3.167558833956718445e-02 4.495469480752944946e-02 3.852249085903167725e-01 9.480862617492675781e-01
9.876685142517089844e-01 8.736696839332580566e-01 7.593227028846740723e-01 9.364385902881622314e-02 1.258521992713212967e-02 8.894551992416381836e-01
2.181940972805023193e-01 3.489249199628829956e-02 4.394288659095764160e-01 9.950806498527526855e-01 1.349458545446395874e-01 9.520450234413146973e-01
9.821413755416870117e-01 1.637959852814674377e-02 7.456054687500000000e-01 9.024022221565246582e-01 4.527977705001831055e-01 4.207582026720046997e-02
2.954370342195034027e-02 7.947595417499542236e-02 1.733761131763458252e-01 9.764049649238586426e-01 9.647212922573089600e-02 2.590638101100921631e-01
3.907198458909988403e-02 9.580439329147338867e-01 9.208379387855529785e-01 6.177440285682678223e-01 9.807193875312805176e-01 4.016683995723724365e-01
3.054544031620025635e-01 9.594808220863342285e-01 4.943692684173583984e-02 4.823617637157440186e-01 6.295413374900817871e-01 9.049379825592041016e-02
4.548912644386291504e-01 2.147945612668991089e-01 4.241419956088066101e-02 1.219662055373191833e-01 9.835708737373352051e-01 9.934334158897399902e-01
7.567345350980758667e-02 9.549114704132080078e-01 4.257556796073913574e-01 1.951021142303943634e-03 8.906168937683105469e-01 4.539794623851776123e-01
6.839520335197448730e-01 9.234762787818908691e-01 6.107248738408088684e-02 9.934464693069458008e-01 9.522045850753784180e-01 2.672056555747985840e-01
4.391091465950012207e-01 3.893596306443214417e-02 3.183038234710693359e-01 3.372331708669662476e-02 9.887713789939880371e-01 1.889832615852355957e-01
4.177651703357696533e-01 9.153385460376739502e-02 7.213653326034545898e-01 4.901336729526519775e-01 3.582357764244079590e-01 6.248764991760253906e-01
2.858996689319610596e-01 3.128869459033012390e-03 4.038729369640350342e-01 9.772897362709045410e-01 8.701150864362716675e-02 5.297566205263137817e-02
3.149864822626113892e-02 4.293525218963623047e-02 3.470317721366882324e-01 7.717096209526062012e-01 9.976238608360290527e-01 8.160820603370666504e-02
1.043280307203531265e-02 1.664243042469024658e-01 9.964017271995544434e-01 9.531932473182678223e-01 2.514253556728363037e-01 8.629488348960876465e-01
2.759532928466796875e-01 5.795969441533088684e-02 9.555464982986450195e-01 1.173826307058334351e-01 2.678146362304687500e-01 1.948543637990951538e-02
4.033806920051574707e-01 9.103874564170837402e-01 3.466751277446746826e-01 9.034543484449386597e-02 9.978610277175903320e-01 5.477569997310638428e-02
9.650928974151611328e-01 9.502038359642028809e-01 9.562314152717590332e-01 1.274487376213073730e-01 9.529250264167785645e-01 3.442773520946502686e-01
9.992944002151489258e-01 8.724944293498992920e-02 1.203366741538047791e-01 1.075705960392951965e-01 9.658186435699462891e-01 3.639077395200729370e-02
