5.971884912015198443e-01
6.330103190139456659e-01
5.624095617380965306e-01
4.267227792110825368e-01
6.196038026540555688e-01
1.073220111927835729e+00
8.709511077684602975e-01
1.050930801956209359e+00
7.720387855117308851e-01
1.266263897979117869e+00
1.629216288878844399e+00
8.466899110979989596e-01
1.249984968161197418e+00
9.615837406808618315e-01
-2.134184578999590576e-01
1.579809235364281417e+00
9.597848066402514533e-01
1.183551847748393504e+00
-2.767248972452159839e-01
6.159524601265458088e-01
1.071772204368332204e+00
8.513141797114881504e-01
1.532533957170267302e-01
1.630391092711894307e+00
1.303211428347046397e+00
1.164700413245148169e+00
1.624023096826519685e+00
1.204722780109637181e+00
5.633422785029861268e-01
3.930159204305391785e-01
-3.079033504723699410e-02
1.304930736407288405e+00
1.196558169340501188e+00
3.327181499081892646e-01
9.886644163897099213e-01
7.896170612065835925e-01
7.140000138858026979e-01
2.908525079097174504e-01
7.055195885005081102e-01
1.064763014268285568e+00
8.030515576233411279e-01
1.150216678424256012e+00
1.261227399855253228e+00
7.041206277943575786e-01
4.380884378227267173e-01
-7.959769232660285354e-02
1.299773757657505024e+00
4.576683527193597945e-01
1.114792992341306244e+00
4.898760855902261069e-01
8.631616300558928589e-01
1.271862656099046696e+00
1.302964628792045332e+00
9.588582474836411240e-01
1.114032058571860828e+00
3.333186791798417037e-01
1.482793688176278213e-01
5.944769030447168978e-01
1.129923935343136954e+00
-1.204674428153207355e-01
9.254079187174928389e-01
6.805753271203951460e-01
1.190819215972501288e+00
1.195736066659082830e+00
2.900363869690021357e-01
3.205490211525864885e-01
9.848742269985522046e-01
-4.106911618562257837e-01
1.105132607663593225e+00
1.633854473937205398e+00
-3.258308512183156203e-01
6.473914958309945344e-01
-6.777393795387576247e-02
9.327556977704716257e-01
9.769646708612900188e-01
-3.606380490147976792e-01
1.072535670966182408e+00
3.928887599592745250e-01
4.610937046833836761e-01
-7.945082894813693120e-02
9.117819465164846982e-01
1.633008793779660017e+00
3.567553643877075520e-01
1.420874672471443834e-01
9.539840664104565215e-01
1.289946104371675339e+00
8.863676735660064310e-01
1.156027466897369349e+00
7.863031182455643142e-02
1.135313600933329559e+00
1.142216256978165312e+00
7.443564632933553638e-01
1.181134107601446992e+00
7.680024847783362141e-02
9.813737193214857601e-01
1.019325526031238827e+00
1.633607884177642244e+00
8.117855485854259534e-01
1.192798328268021235e+00
4.279313264722821586e-01
1.187134192444268432e+00
5.453034904407429995e-01
1.103337924644447909e+00
5.599067451087478275e-01
-3.552389743378437936e-01
3.218346475519687777e-01
2.631048857641628547e-01
1.242624866349822943e+00
-3.482167816199583932e-01
8.421092922793806945e-01
