5.472704504062427810e-01
-4.741534940286060151e-01
4.679286297228590352e-01
5.244441668167603154e-01
2.683863493918676735e-01
-5.785514822876011709e-02
8.092564862630927114e-02
1.308533322649848840e-01
-3.545734644881159414e-01
-1.994792271431355957e-01
1.370910354814362242e-01
2.781827509521152542e-01
3.951266650946659298e-01
5.344666741198522003e-02
2.755998595261697215e-01
-1.132222707366301373e+00
1.561773543123654018e-01
-2.674724396862138143e-01
3.133089107625759984e-01
-2.647213517807956440e-01
-5.894108274558306215e-01
-2.070801845138475761e-01
-8.036125644474728658e-01
-7.165624422142090610e-01
-7.588555765239465289e-01
-5.333478707209595715e-01
-1.331082250672432021e+00
-3.022887684943792452e-01
-2.503970477847675125e-01
-2.105681055727067208e-01
-5.733342958775172749e-01
-7.118680539777922922e-01
-2.847903215778225250e-01
-2.840279020160385026e-01
-2.266231451141301756e-01
-2.484999849681963635e-01
-3.414570769210837353e-01
-3.425834276376158449e-01
-3.855148223446057676e-01
-3.478282256996435562e-01
-3.506237089326296741e-01
-3.804922940656504382e-01
-3.863015080732353779e-01
-3.859724884550498891e-01
-3.874760240263906974e-01
-3.809349567729069519e-01
-4.525797199190374764e-02
-1.744237120481418601e-01
-1.633598058257542951e-01
1.456125032073630754e-01
