8.075507283210754395e-01 1.624789237976074219e-01 4.372727870941162109e-01 1.300091147422790527e-01
8.075507283210754395e-01 1.624789237976074219e-01 4.372727870941162109e-01 1.300091147422790527e-01
8.075507283210754395e-01 1.624789237976074219e-01 4.372727870941162109e-01 1.300091147422790527e-01
8.075507283210754395e-01 1.624789237976074219e-01 4.372727870941162109e-01 1.300091147422790527e-01
1.658946275711059570e-01 4.577510952949523926e-01 9.388847351074218750e-01 5.140793919563293457e-01
1.658946275711059570e-01 4.577510952949523926e-01 9.388847351074218750e-01 5.140793919563293457e-01
1.329343914985656738e-01 5.650207400321960449e-01 5.145276784896850586e-01 4.515194892883300781e-02
1.329343914985656738e-01 5.650207400321960449e-01 5.145276784896850586e-01 4.515194892883300781e-02
3.093928694725036621e-01 2.339673042297363281e-02 3.848004937171936035e-01 6.925708055496215820e-02
3.093928694725036621e-01 2.339673042297363281e-02 3.848004937171936035e-01 6.925708055496215820e-02
3.093928694725036621e-01 2.339673042297363281e-02 3.848004937171936035e-01 6.925708055496215820e-02
3.093928694725036621e-01 2.339673042297363281e-02 3.848004937171936035e-01 6.925708055496215820e-02
3.093928694725036621e-01 2.339673042297363281e-02 3.848004937171936035e-01 6.925708055496215820e-02
3.093928694725036621e-01 2.339673042297363281e-02 3.848004937171936035e-01 6.925708055496215820e-02
3.093928694725036621e-01 2.339673042297363281e-02 3.848004937171936035e-01 6.925708055496215820e-02
3.093928694725036621e-01 2.339673042297363281e-02 3.848004937171936035e-01 6.925708055496215820e-02
3.093928694725036621e-01 2.339673042297363281e-02 3.848004937171936035e-01 6.925708055496215820e-02
3.093928694725036621e-01 2.339673042297363281e-02 3.848004937171936035e-01 6.925708055496215820e-02
3.093928694725036621e-01 2.339673042297363281e-02 3.848004937171936035e-01 6.925708055496215820e-02
3.093928694725036621e-01 2.339673042297363281e-02 3.848004937171936035e-01 6.925708055496215820e-02
3.093928694725036621e-01 2.339673042297363281e-02 3.848004937171936035e-01 6.925708055496215820e-02
3.093928694725036621e-01 2.339673042297363281e-02 3.848004937171936035e-01 6.925708055496215820e-02
3.093928694725036621e-01 2.339673042297363281e-02 3.848004937171936035e-01 6.925708055496215820e-02
3.093928694725036621e-01 2.339673042297363281e-02 3.848004937171936035e-01 6.925708055496215820e-02
3.093928694725036621e-01 2.339673042297363281e-02 3.848004937171936035e-01 6.925708055496215820e-02
3.093928694725036621e-01 2.339673042297363281e-02 3.848004937171936035e-01 6.925708055496215820e-02
3.093928694725036621e-01 2.339673042297363281e-02 3.848004937171936035e-01 6.925708055496215820e-02
3.093928694725036621e-01 2.339673042297363281e-02 3.848004937171936035e-01 6.925708055496215820e-02
3.093928694725036621e-01 2.339673042297363281e-02 3.848004937171936035e-01 6.925708055496215820e-02
3.093928694725036621e-01 2.339673042297363281e-02 3.848004937171936035e-01 6.925708055496215820e-02
3.093928694725036621e-01 2.339673042297363281e-02 3.848004937171936035e-01 6.925708055496215820e-02
3.093928694725036621e-01 2.339673042297363281e-02 3.848004937171936035e-01 6.925708055496215820e-02
3.093928694725036621e-01 2.339673042297363281e-02 3.848004937171936035e-01 6.925708055496215820e-02
3.093928694725036621e-01 2.339673042297363281e-02 3.848004937171936035e-01 6.925708055496215820e-02
3.093928694725036621e-01 2.339673042297363281e-02 3.848004937171936035e-01 6.925708055496215820e-02
3.093928694725036621e-01 2.339673042297363281e-02 3.848004937171936035e-01 6.925708055496215820e-02
3.093928694725036621e-01 2.339673042297363281e-02 3.848004937171936035e-01 6.925708055496215820e-02
3.093928694725036621e-01 2.339673042297363281e-02 3.848004937171936035e-01 6.925708055496215820e-02
3.093928694725036621e-01 2.339673042297363281e-02 3.848004937171936035e-01 6.925708055496215820e-02
3.093928694725036621e-01 2.339673042297363281e-02 3.848004937171936035e-01 6.925708055496215820e-02
3.093928694725036621e-01 2.339673042297363281e-02 3.848004937171936035e-01 6.925708055496215820e-02
3.093928694725036621e-01 2.339673042297363281e-02 3.848004937171936035e-01 6.925708055496215820e-02
3.093928694725036621e-01 2.339673042297363281e-02 3.848004937171936035e-01 6.925708055496215820e-02
3.093928694725036621e-01 2.339673042297363281e-02 3.848004937171936035e-01 6.925708055496215820e-02
3.093928694725036621e-01 2.339673042297363281e-02 3.848004937171936035e-01 6.925708055496215820e-02
3.093928694725036621e-01 2.339673042297363281e-02 3.848004937171936035e-01 6.925708055496215820e-02
3.093928694725036621e-01 2.339673042297363281e-02 3.848004937171936035e-01 6.925708055496215820e-02
3.093928694725036621e-01 2.339673042297363281e-02 3.848004937171936035e-01 6.925708055496215820e-02
3.093928694725036621e-01 2.339673042297363281e-02 3.848004937171936035e-01 6.925708055496215820e-02
3.093928694725036621e-01 2.339673042297363281e-02 3.848004937171936035e-01 6.925708055496215820e-02
3.093928694725036621e-01 2.339673042297363281e-02 3.848004937171936035e-01 6.925708055496215820e-02
3.093928694725036621e-01 2.339673042297363281e-02 3.848004937171936035e-01 6.925708055496215820e-02
3.093928694725036621e-01 2.339673042297363281e-02 3.848004937171936035e-01 6.925708055496215820e-02
3.093928694725036621e-01 2.339673042297363281e-02 3.848004937171936035e-01 6.925708055496215820e-02
2.863878607749938965e-01 1.932738423347473145e-01 9.604798555374145508e-01 2.754018306732177734e-01
2.863878607749938965e-01 1.932738423347473145e-01 9.604798555374145508e-01 2.754018306732177734e-01
2.863878607749938965e-01 1.932738423347473145e-01 9.604798555374145508e-01 2.754018306732177734e-01
2.863878607749938965e-01 1.932738423347473145e-01 9.604798555374145508e-01 2.754018306732177734e-01
2.863878607749938965e-01 1.932738423347473145e-01 9.604798555374145508e-01 2.754018306732177734e-01
2.863878607749938965e-01 1.932738423347473145e-01 9.604798555374145508e-01 2.754018306732177734e-01
2.863878607749938965e-01 1.932738423347473145e-01 9.604798555374145508e-01 2.754018306732177734e-01
2.863878607749938965e-01 1.932738423347473145e-01 9.604798555374145508e-01 2.754018306732177734e-01
2.863878607749938965e-01 1.932738423347473145e-01 9.604798555374145508e-01 2.754018306732177734e-01
2.863878607749938965e-01 1.932738423347473145e-01 9.604798555374145508e-01 2.754018306732177734e-01
2.863878607749938965e-01 1.932738423347473145e-01 9.604798555374145508e-01 2.754018306732177734e-01
2.863878607749938965e-01 1.932738423347473145e-01 9.604798555374145508e-01 2.754018306732177734e-01
2.863878607749938965e-01 1.932738423347473145e-01 9.604798555374145508e-01 2.754018306732177734e-01
2.863878607749938965e-01 1.932738423347473145e-01 9.604798555374145508e-01 2.754018306732177734e-01
2.863878607749938965e-01 1.932738423347473145e-01 9.604798555374145508e-01 2.754018306732177734e-01
2.863878607749938965e-01 1.932738423347473145e-01 9.604798555374145508e-01 2.754018306732177734e-01
2.863878607749938965e-01 1.932738423347473145e-01 9.604798555374145508e-01 2.754018306732177734e-01
2.863878607749938965e-01 1.932738423347473145e-01 9.604798555374145508e-01 2.754018306732177734e-01
2.863878607749938965e-01 1.932738423347473145e-01 9.604798555374145508e-01 2.754018306732177734e-01
2.863878607749938965e-01 1.932738423347473145e-01 9.604798555374145508e-01 2.754018306732177734e-01
2.863878607749938965e-01 1.932738423347473145e-01 9.604798555374145508e-01 2.754018306732177734e-01
2.863878607749938965e-01 1.932738423347473145e-01 9.604798555374145508e-01 2.754018306732177734e-01
2.863878607749938965e-01 1.932738423347473145e-01 9.604798555374145508e-01 2.754018306732177734e-01
2.863878607749938965e-01 1.932738423347473145e-01 9.604798555374145508e-01 2.754018306732177734e-01
2.863878607749938965e-01 1.932738423347473145e-01 9.604798555374145508e-01 2.754018306732177734e-01
2.863878607749938965e-01 1.932738423347473145e-01 9.604798555374145508e-01 2.754018306732177734e-01
2.863878607749938965e-01 1.932738423347473145e-01 9.604798555374145508e-01 2.754018306732177734e-01
2.863878607749938965e-01 1.932738423347473145e-01 9.604798555374145508e-01 2.754018306732177734e-01
2.969563007354736328e-02 5.106561779975891113e-01 6.452745199203491211e-01 5.008804798126220703e-02
2.969563007354736328e-02 5.106561779975891113e-01 6.452745199203491211e-01 5.008804798126220703e-02
2.969563007354736328e-02 5.106561779975891113e-01 6.452745199203491211e-01 5.008804798126220703e-02
2.969563007354736328e-02 5.106561779975891113e-01 6.452745199203491211e-01 5.008804798126220703e-02
2.969563007354736328e-02 5.106561779975891113e-01 6.452745199203491211e-01 5.008804798126220703e-02
2.969563007354736328e-02 5.106561779975891113e-01 6.452745199203491211e-01 5.008804798126220703e-02
2.969563007354736328e-02 5.106561779975891113e-01 6.452745199203491211e-01 5.008804798126220703e-02
2.969563007354736328e-02 5.106561779975891113e-01 6.452745199203491211e-01 5.008804798126220703e-02
2.969563007354736328e-02 5.106561779975891113e-01 6.452745199203491211e-01 5.008804798126220703e-02
2.969563007354736328e-02 5.106561779975891113e-01 6.452745199203491211e-01 5.008804798126220703e-02
2.969563007354736328e-02 5.106561779975891113e-01 6.452745199203491211e-01 5.008804798126220703e-02
2.969563007354736328e-02 5.106561779975891113e-01 6.452745199203491211e-01 5.008804798126220703e-02
2.969563007354736328e-02 5.106561779975891113e-01 6.452745199203491211e-01 5.008804798126220703e-02
2.969563007354736328e-02 5.106561779975891113e-01 6.452745199203491211e-01 5.008804798126220703e-02
2.969563007354736328e-02 5.106561779975891113e-01 6.452745199203491211e-01 5.008804798126220703e-02
2.969563007354736328e-02 5.106561779975891113e-01 6.452745199203491211e-01 5.008804798126220703e-02
2.969563007354736328e-02 5.106561779975891113e-01 6.452745199203491211e-01 5.008804798126220703e-02
2.765925526618957520e-01 4.163364768028259277e-01 5.735330581665039062e-01 3.500878810882568359e-03
