8.304503560066223145e-01 7.572233676910400391e-02 9.191077351570129395e-01 2.781662344932556152e-01 4.072889089584350586e-01 4.776787757873535156e-02
8.304503560066223145e-01 7.572233676910400391e-02 9.191077351570129395e-01 2.781662344932556152e-01 4.072889089584350586e-01 4.776787757873535156e-02
1.565030403435230255e-02 1.133549772202968597e-02 9.969519376754760742e-01 2.217445708811283112e-02 3.593607842922210693e-01 6.594582926481962204e-03
1.565030403435230255e-02 1.133549772202968597e-02 9.969519376754760742e-01 2.217445708811283112e-02 3.593607842922210693e-01 6.594582926481962204e-03
1.565030403435230255e-02 1.133549772202968597e-02 9.969519376754760742e-01 2.217445708811283112e-02 3.593607842922210693e-01 6.594582926481962204e-03
0.000000000000000000e+00 6.795527413487434387e-03 9.986817240715026855e-01 0.000000000000000000e+00 4.505814909934997559e-01 2.029451134148985147e-04
0.000000000000000000e+00 6.795527413487434387e-03 9.986817240715026855e-01 0.000000000000000000e+00 4.505814909934997559e-01 2.029451134148985147e-04
0.000000000000000000e+00 6.795527413487434387e-03 9.986817240715026855e-01 0.000000000000000000e+00 4.505814909934997559e-01 2.029451134148985147e-04
0.000000000000000000e+00 6.795527413487434387e-03 9.986817240715026855e-01 0.000000000000000000e+00 4.505814909934997559e-01 2.029451134148985147e-04
0.000000000000000000e+00 6.795527413487434387e-03 9.986817240715026855e-01 0.000000000000000000e+00 4.505814909934997559e-01 2.029451134148985147e-04
0.000000000000000000e+00 6.795527413487434387e-03 9.986817240715026855e-01 0.000000000000000000e+00 4.505814909934997559e-01 2.029451134148985147e-04
0.000000000000000000e+00 6.795527413487434387e-03 9.986817240715026855e-01 0.000000000000000000e+00 4.505814909934997559e-01 2.029451134148985147e-04
0.000000000000000000e+00 6.795527413487434387e-03 9.986817240715026855e-01 0.000000000000000000e+00 4.505814909934997559e-01 2.029451134148985147e-04
0.000000000000000000e+00 6.795527413487434387e-03 9.986817240715026855e-01 0.000000000000000000e+00 4.505814909934997559e-01 2.029451134148985147e-04
0.000000000000000000e+00 6.795527413487434387e-03 9.986817240715026855e-01 0.000000000000000000e+00 4.505814909934997559e-01 2.029451134148985147e-04
0.000000000000000000e+00 6.795527413487434387e-03 9.986817240715026855e-01 0.000000000000000000e+00 4.505814909934997559e-01 2.029451134148985147e-04
0.000000000000000000e+00 6.795527413487434387e-03 9.986817240715026855e-01 0.000000000000000000e+00 4.505814909934997559e-01 2.029451134148985147e-04
0.000000000000000000e+00 6.795527413487434387e-03 9.986817240715026855e-01 0.000000000000000000e+00 4.505814909934997559e-01 2.029451134148985147e-04
0.000000000000000000e+00 6.795527413487434387e-03 9.986817240715026855e-01 0.000000000000000000e+00 4.505814909934997559e-01 2.029451134148985147e-04
5.270840525627136230e-01 1.022708602249622345e-02 9.886673092842102051e-01 5.326334014534950256e-02 2.786812186241149902e-01 0.000000000000000000e+00
5.270840525627136230e-01 1.022708602249622345e-02 9.886673092842102051e-01 5.326334014534950256e-02 2.786812186241149902e-01 0.000000000000000000e+00
5.270840525627136230e-01 1.022708602249622345e-02 9.886673092842102051e-01 5.326334014534950256e-02 2.786812186241149902e-01 0.000000000000000000e+00
5.270840525627136230e-01 1.022708602249622345e-02 9.886673092842102051e-01 5.326334014534950256e-02 2.786812186241149902e-01 0.000000000000000000e+00
5.270840525627136230e-01 1.022708602249622345e-02 9.886673092842102051e-01 5.326334014534950256e-02 2.786812186241149902e-01 0.000000000000000000e+00
5.270840525627136230e-01 1.022708602249622345e-02 9.886673092842102051e-01 5.326334014534950256e-02 2.786812186241149902e-01 0.000000000000000000e+00
5.270840525627136230e-01 1.022708602249622345e-02 9.886673092842102051e-01 5.326334014534950256e-02 2.786812186241149902e-01 0.000000000000000000e+00
5.270840525627136230e-01 1.022708602249622345e-02 9.886673092842102051e-01 5.326334014534950256e-02 2.786812186241149902e-01 0.000000000000000000e+00
5.270840525627136230e-01 1.022708602249622345e-02 9.886673092842102051e-01 5.326334014534950256e-02 2.786812186241149902e-01 0.000000000000000000e+00
5.270840525627136230e-01 1.022708602249622345e-02 9.886673092842102051e-01 5.326334014534950256e-02 2.786812186241149902e-01 0.000000000000000000e+00
5.270840525627136230e-01 1.022708602249622345e-02 9.886673092842102051e-01 5.326334014534950256e-02 2.786812186241149902e-01 0.000000000000000000e+00
5.270840525627136230e-01 1.022708602249622345e-02 9.886673092842102051e-01 5.326334014534950256e-02 2.786812186241149902e-01 0.000000000000000000e+00
5.270840525627136230e-01 1.022708602249622345e-02 9.886673092842102051e-01 5.326334014534950256e-02 2.786812186241149902e-01 0.000000000000000000e+00
5.270840525627136230e-01 1.022708602249622345e-02 9.886673092842102051e-01 5.326334014534950256e-02 2.786812186241149902e-01 0.000000000000000000e+00
5.270840525627136230e-01 1.022708602249622345e-02 9.886673092842102051e-01 5.326334014534950256e-02 2.786812186241149902e-01 0.000000000000000000e+00
5.270840525627136230e-01 1.022708602249622345e-02 9.886673092842102051e-01 5.326334014534950256e-02 2.786812186241149902e-01 0.000000000000000000e+00
5.270840525627136230e-01 1.022708602249622345e-02 9.886673092842102051e-01 5.326334014534950256e-02 2.786812186241149902e-01 0.000000000000000000e+00
5.270840525627136230e-01 1.022708602249622345e-02 9.886673092842102051e-01 5.326334014534950256e-02 2.786812186241149902e-01 0.000000000000000000e+00
5.270840525627136230e-01 1.022708602249622345e-02 9.886673092842102051e-01 5.326334014534950256e-02 2.786812186241149902e-01 0.000000000000000000e+00
5.270840525627136230e-01 1.022708602249622345e-02 9.886673092842102051e-01 5.326334014534950256e-02 2.786812186241149902e-01 0.000000000000000000e+00
5.270840525627136230e-01 1.022708602249622345e-02 9.886673092842102051e-01 5.326334014534950256e-02 2.786812186241149902e-01 0.000000000000000000e+00
5.270840525627136230e-01 1.022708602249622345e-02 9.886673092842102051e-01 5.326334014534950256e-02 2.786812186241149902e-01 0.000000000000000000e+00
5.270840525627136230e-01 1.022708602249622345e-02 9.886673092842102051e-01 5.326334014534950256e-02 2.786812186241149902e-01 0.000000000000000000e+00
5.270840525627136230e-01 1.022708602249622345e-02 9.886673092842102051e-01 5.326334014534950256e-02 2.786812186241149902e-01 0.000000000000000000e+00
3.528181910514831543e-01 2.778801368549466133e-03 1.000000000000000000e+00 0.000000000000000000e+00 1.652533411979675293e-01 0.000000000000000000e+00
3.528181910514831543e-01 2.778801368549466133e-03 1.000000000000000000e+00 0.000000000000000000e+00 1.652533411979675293e-01 0.000000000000000000e+00
3.528181910514831543e-01 2.778801368549466133e-03 1.000000000000000000e+00 0.000000000000000000e+00 1.652533411979675293e-01 0.000000000000000000e+00
3.528181910514831543e-01 2.778801368549466133e-03 1.000000000000000000e+00 0.000000000000000000e+00 1.652533411979675293e-01 0.000000000000000000e+00
3.528181910514831543e-01 2.778801368549466133e-03 1.000000000000000000e+00 0.000000000000000000e+00 1.652533411979675293e-01 0.000000000000000000e+00
3.528181910514831543e-01 2.778801368549466133e-03 1.000000000000000000e+00 0.000000000000000000e+00 1.652533411979675293e-01 0.000000000000000000e+00
3.528181910514831543e-01 2.778801368549466133e-03 1.000000000000000000e+00 0.000000000000000000e+00 1.652533411979675293e-01 0.000000000000000000e+00
3.528181910514831543e-01 2.778801368549466133e-03 1.000000000000000000e+00 0.000000000000000000e+00 1.652533411979675293e-01 0.000000000000000000e+00
4.103917181491851807e-01 0.000000000000000000e+00 1.000000000000000000e+00 0.000000000000000000e+00 1.131799742579460144e-01 0.000000000000000000e+00
4.103917181491851807e-01 0.000000000000000000e+00 1.000000000000000000e+00 0.000000000000000000e+00 1.131799742579460144e-01 0.000000000000000000e+00
4.103917181491851807e-01 0.000000000000000000e+00 1.000000000000000000e+00 0.000000000000000000e+00 1.131799742579460144e-01 0.000000000000000000e+00
4.103917181491851807e-01 0.000000000000000000e+00 1.000000000000000000e+00 0.000000000000000000e+00 1.131799742579460144e-01 0.000000000000000000e+00
4.103917181491851807e-01 0.000000000000000000e+00 1.000000000000000000e+00 0.000000000000000000e+00 1.131799742579460144e-01 0.000000000000000000e+00
4.103917181491851807e-01 0.000000000000000000e+00 1.000000000000000000e+00 0.000000000000000000e+00 1.131799742579460144e-01 0.000000000000000000e+00
4.103917181491851807e-01 0.000000000000000000e+00 1.000000000000000000e+00 0.000000000000000000e+00 1.131799742579460144e-01 0.000000000000000000e+00
4.103917181491851807e-01 0.000000000000000000e+00 1.000000000000000000e+00 0.000000000000000000e+00 1.131799742579460144e-01 0.000000000000000000e+00
4.103917181491851807e-01 0.000000000000000000e+00 1.000000000000000000e+00 0.000000000000000000e+00 1.131799742579460144e-01 0.000000000000000000e+00
4.103917181491851807e-01 0.000000000000000000e+00 1.000000000000000000e+00 0.000000000000000000e+00 1.131799742579460144e-01 0.000000000000000000e+00
4.103917181491851807e-01 0.000000000000000000e+00 1.000000000000000000e+00 0.000000000000000000e+00 1.131799742579460144e-01 0.000000000000000000e+00
4.103917181491851807e-01 0.000000000000000000e+00 1.000000000000000000e+00 0.000000000000000000e+00 1.131799742579460144e-01 0.000000000000000000e+00
4.103917181491851807e-01 0.000000000000000000e+00 1.000000000000000000e+00 0.000000000000000000e+00 1.131799742579460144e-01 0.000000000000000000e+00
4.103917181491851807e-01 0.000000000000000000e+00 1.000000000000000000e+00 0.000000000000000000e+00 1.131799742579460144e-01 0.000000000000000000e+00
4.103917181491851807e-01 0.000000000000000000e+00 1.000000000000000000e+00 0.000000000000000000e+00 1.131799742579460144e-01 0.000000000000000000e+00
4.103917181491851807e-01 0.000000000000000000e+00 1.000000000000000000e+00 0.000000000000000000e+00 1.131799742579460144e-01 0.000000000000000000e+00
4.103917181491851807e-01 0.000000000000000000e+00 1.000000000000000000e+00 0.000000000000000000e+00 1.131799742579460144e-01 0.000000000000000000e+00
4.103917181491851807e-01 0.000000000000000000e+00 1.000000000000000000e+00 0.000000000000000000e+00 1.131799742579460144e-01 0.000000000000000000e+00
4.103917181491851807e-01 0.000000000000000000e+00 1.000000000000000000e+00 0.000000000000000000e+00 1.131799742579460144e-01 0.000000000000000000e+00
4.103917181491851807e-01 0.000000000000000000e+00 1.000000000000000000e+00 0.000000000000000000e+00 1.131799742579460144e-01 0.000000000000000000e+00
4.103917181491851807e-01 0.000000000000000000e+00 1.000000000000000000e+00 0.000000000000000000e+00 1.131799742579460144e-01 0.000000000000000000e+00
4.103917181491851807e-01 0.000000000000000000e+00 1.000000000000000000e+00 0.000000000000000000e+00 1.131799742579460144e-01 0.000000000000000000e+00
4.103917181491851807e-01 0.000000000000000000e+00 1.000000000000000000e+00 0.000000000000000000e+00 1.131799742579460144e-01 0.000000000000000000e+00
4.103917181491851807e-01 0.000000000000000000e+00 1.000000000000000000e+00 0.000000000000000000e+00 1.131799742579460144e-01 0.000000000000000000e+00
4.103917181491851807e-01 0.000000000000000000e+00 1.000000000000000000e+00 0.000000000000000000e+00 1.131799742579460144e-01 0.000000000000000000e+00
4.103917181491851807e-01 0.000000000000000000e+00 1.000000000000000000e+00 0.000000000000000000e+00 1.131799742579460144e-01 0.000000000000000000e+00
4.103917181491851807e-01 0.000000000000000000e+00 1.000000000000000000e+00 0.000000000000000000e+00 1.131799742579460144e-01 0.000000000000000000e+00
4.103917181491851807e-01 0.000000000000000000e+00 1.000000000000000000e+00 0.000000000000000000e+00 1.131799742579460144e-01 0.000000000000000000e+00
4.103917181491851807e-01 0.000000000000000000e+00 1.000000000000000000e+00 0.000000000000000000e+00 1.131799742579460144e-01 0.000000000000000000e+00
4.103917181491851807e-01 0.000000000000000000e+00 1.000000000000000000e+00 0.000000000000000000e+00 1.131799742579460144e-01 0.000000000000000000e+00
4.103917181491851807e-01 0.000000000000000000e+00 1.000000000000000000e+00 0.000000000000000000e+00 1.131799742579460144e-01 0.000000000000000000e+00
4.103917181491851807e-01 0.000000000000000000e+00 1.000000000000000000e+00 0.000000000000000000e+00 1.131799742579460144e-01 0.000000000000000000e+00
4.103917181491851807e-01 0.000000000000000000e+00 1.000000000000000000e+00 0.000000000000000000e+00 1.131799742579460144e-01 0.000000000000000000e+00
4.103917181491851807e-01 0.000000000000000000e+00 1.000000000000000000e+00 0.000000000000000000e+00 1.131799742579460144e-01 0.000000000000000000e+00
4.103917181491851807e-01 0.000000000000000000e+00 1.000000000000000000e+00 0.000000000000000000e+00 1.131799742579460144e-01 0.000000000000000000e+00
4.103917181491851807e-01 0.000000000000000000e+00 1.000000000000000000e+00 0.000000000000000000e+00 1.131799742579460144e-01 0.000000000000000000e+00
4.103917181491851807e-01 0.000000000000000000e+00 1.000000000000000000e+00 0.000000000000000000e+00 1.131799742579460144e-01 0.000000000000000000e+00
4.103917181491851807e-01 0.000000000000000000e+00 1.000000000000000000e+00 0.000000000000000000e+00 1.131799742579460144e-01 0.000000000000000000e+00
4.103917181491851807e-01 0.000000000000000000e+00 1.000000000000000000e+00 0.000000000000000000e+00 1.131799742579460144e-01 0.000000000000000000e+00
4.103917181491851807e-01 0.000000000000000000e+00 1.000000000000000000e+00 0.000000000000000000e+00 1.131799742579460144e-01 0.000000000000000000e+00
4.103917181491851807e-01 0.000000000000000000e+00 1.000000000000000000e+00 0.000000000000000000e+00 1.131799742579460144e-01 0.000000000000000000e+00
4.103917181491851807e-01 0.000000000000000000e+00 1.000000000000000000e+00 0.000000000000000000e+00 1.131799742579460144e-01 0.000000000000000000e+00
4.103917181491851807e-01 0.000000000000000000e+00 1.000000000000000000e+00 0.000000000000000000e+00 1.131799742579460144e-01 0.000000000000000000e+00
4.103917181491851807e-01 0.000000000000000000e+00 1.000000000000000000e+00 0.000000000000000000e+00 1.131799742579460144e-01 0.000000000000000000e+00
4.103917181491851807e-01 0.000000000000000000e+00 1.000000000000000000e+00 0.000000000000000000e+00 1.131799742579460144e-01 0.000000000000000000e+00
4.103917181491851807e-01 0.000000000000000000e+00 1.000000000000000000e+00 0.000000000000000000e+00 1.131799742579460144e-01 0.000000000000000000e+00
4.103917181491851807e-01 0.000000000000000000e+00 1.000000000000000000e+00 0.000000000000000000e+00 1.131799742579460144e-01 0.000000000000000000e+00
4.103917181491851807e-01 0.000000000000000000e+00 1.000000000000000000e+00 0.000000000000000000e+00 1.131799742579460144e-01 0.000000000000000000e+00
4.103917181491851807e-01 0.000000000000000000e+00 1.000000000000000000e+00 0.000000000000000000e+00 1.131799742579460144e-01 0.000000000000000000e+00
