0.000000000000000000e+00 9.449034385151027227e-01 1.000000000000000000e+00 8.747798931145198686e-01 1.000000000000000000e+00 0.000000000000000000e+00
0.000000000000000000e+00 7.892502898234317055e-01 1.000000000000000000e+00 5.344047680459930172e-01 1.000000000000000000e+00 3.902119958840545300e-01
0.000000000000000000e+00 1.000000000000000000e+00 1.000000000000000000e+00 4.823370843139562769e-02 1.000000000000000000e+00 0.000000000000000000e+00
0.000000000000000000e+00 1.000000000000000000e+00 1.000000000000000000e+00 1.104625661566214188e-02 1.000000000000000000e+00 0.000000000000000000e+00
0.000000000000000000e+00 1.000000000000000000e+00 1.000000000000000000e+00 0.000000000000000000e+00 1.000000000000000000e+00 0.000000000000000000e+00
0.000000000000000000e+00 1.000000000000000000e+00 9.828299869066977612e-01 0.000000000000000000e+00 1.000000000000000000e+00 0.000000000000000000e+00
0.000000000000000000e+00 1.000000000000000000e+00 1.000000000000000000e+00 0.000000000000000000e+00 1.000000000000000000e+00 0.000000000000000000e+00
0.000000000000000000e+00 1.000000000000000000e+00 1.000000000000000000e+00 0.000000000000000000e+00 1.000000000000000000e+00 0.000000000000000000e+00
0.000000000000000000e+00 1.000000000000000000e+00 1.000000000000000000e+00 0.000000000000000000e+00 8.723917930623256156e-01 0.000000000000000000e+00
0.000000000000000000e+00 1.000000000000000000e+00 1.000000000000000000e+00 0.000000000000000000e+00 1.000000000000000000e+00 0.000000000000000000e+00
0.000000000000000000e+00 1.000000000000000000e+00 1.000000000000000000e+00 0.000000000000000000e+00 7.923892197772351986e-01 0.000000000000000000e+00
0.000000000000000000e+00 1.000000000000000000e+00 1.000000000000000000e+00 0.000000000000000000e+00 1.000000000000000000e+00 0.000000000000000000e+00
0.000000000000000000e+00 1.000000000000000000e+00 1.000000000000000000e+00 0.000000000000000000e+00 1.000000000000000000e+00 0.000000000000000000e+00
0.000000000000000000e+00 1.000000000000000000e+00 1.000000000000000000e+00 0.000000000000000000e+00 1.000000000000000000e+00 0.000000000000000000e+00
1.236797855404048879e-01 1.000000000000000000e+00 1.000000000000000000e+00 0.000000000000000000e+00 1.000000000000000000e+00 0.000000000000000000e+00
9.049729576591251934e-02 1.000000000000000000e+00 1.000000000000000000e+00 0.000000000000000000e+00 1.000000000000000000e+00 0.000000000000000000e+00
4.521893523439031448e-02 1.000000000000000000e+00 1.000000000000000000e+00 0.000000000000000000e+00 1.000000000000000000e+00 0.000000000000000000e+00
8.191677171243562372e-03 1.000000000000000000e+00 1.000000000000000000e+00 0.000000000000000000e+00 1.000000000000000000e+00 0.000000000000000000e+00
1.000000000000000000e+00 1.000000000000000000e+00 1.000000000000000000e+00 7.520848250929997869e-01 1.000000000000000000e+00 2.475347926856222847e-01
1.000000000000000000e+00 1.000000000000000000e+00 1.000000000000000000e+00 7.556908377989862702e-01 1.000000000000000000e+00 3.044065198142144602e-01
1.000000000000000000e+00 1.000000000000000000e+00 1.000000000000000000e+00 8.246680179773882013e-01 1.000000000000000000e+00 3.235291343605512515e-01
1.000000000000000000e+00 1.000000000000000000e+00 1.000000000000000000e+00 8.401595705313630313e-01 1.000000000000000000e+00 3.235584934762775755e-01
1.000000000000000000e+00 1.000000000000000000e+00 1.000000000000000000e+00 8.379868072169813775e-01 1.000000000000000000e+00 3.245730393559423388e-01
1.000000000000000000e+00 1.000000000000000000e+00 1.000000000000000000e+00 8.381935844148595827e-01 1.000000000000000000e+00 3.025613777368170165e-01
1.000000000000000000e+00 1.000000000000000000e+00 1.000000000000000000e+00 8.234217139203067193e-01 1.000000000000000000e+00 3.130559447749606261e-01
1.000000000000000000e+00 1.000000000000000000e+00 1.000000000000000000e+00 8.236741430014089538e-01 1.000000000000000000e+00 3.136270270283289530e-01
1.000000000000000000e+00 1.000000000000000000e+00 1.000000000000000000e+00 8.241174654585720072e-01 1.000000000000000000e+00 3.134932275249837641e-01
1.000000000000000000e+00 1.000000000000000000e+00 1.000000000000000000e+00 8.230411525222671720e-01 1.000000000000000000e+00 3.145336545956632368e-01
1.000000000000000000e+00 1.000000000000000000e+00 1.000000000000000000e+00 8.231262214860650683e-01 1.000000000000000000e+00 3.155248438490286245e-01
1.000000000000000000e+00 1.000000000000000000e+00 1.000000000000000000e+00 8.231662985494249130e-01 1.000000000000000000e+00 3.146075432199691435e-01
1.000000000000000000e+00 1.000000000000000000e+00 1.000000000000000000e+00 8.235616280115827248e-01 1.000000000000000000e+00 3.130727225811631431e-01
1.000000000000000000e+00 1.000000000000000000e+00 1.000000000000000000e+00 8.236314226635579328e-01 1.000000000000000000e+00 3.128362372694193927e-01
1.000000000000000000e+00 1.000000000000000000e+00 1.000000000000000000e+00 8.231643096547041072e-01 1.000000000000000000e+00 3.133496491075026813e-01
1.000000000000000000e+00 1.000000000000000000e+00 1.000000000000000000e+00 8.231006608691763260e-01 1.000000000000000000e+00 3.136179378268825202e-01
1.000000000000000000e+00 1.000000000000000000e+00 1.000000000000000000e+00 8.230863000539994090e-01 1.000000000000000000e+00 3.134215571696631342e-01
1.000000000000000000e+00 1.000000000000000000e+00 1.000000000000000000e+00 8.243027249714374172e-01 1.000000000000000000e+00 3.131673003992488380e-01
8.198824998655458718e-02 1.000000000000000000e+00 1.000000000000000000e+00 0.000000000000000000e+00 1.000000000000000000e+00 0.000000000000000000e+00
1.000000000000000000e+00 1.000000000000000000e+00 1.000000000000000000e+00 8.243686348566239275e-01 1.000000000000000000e+00 3.132236927795801207e-01
1.000000000000000000e+00 1.000000000000000000e+00 1.000000000000000000e+00 8.243800787410723308e-01 1.000000000000000000e+00 3.132556775128882975e-01
1.000000000000000000e+00 1.000000000000000000e+00 1.000000000000000000e+00 8.257849680780239288e-01 1.000000000000000000e+00 3.140897108729451825e-01
1.000000000000000000e+00 1.000000000000000000e+00 1.000000000000000000e+00 8.258405561207082801e-01 1.000000000000000000e+00 3.133797628131718138e-01
1.000000000000000000e+00 1.000000000000000000e+00 1.000000000000000000e+00 8.259373041540361005e-01 1.000000000000000000e+00 3.137252785954801060e-01
1.000000000000000000e+00 1.000000000000000000e+00 1.000000000000000000e+00 8.248969222358204512e-01 1.000000000000000000e+00 3.136134866538033417e-01
1.000000000000000000e+00 1.000000000000000000e+00 1.000000000000000000e+00 8.247249376130930676e-01 1.000000000000000000e+00 3.133287408879458225e-01
1.000000000000000000e+00 1.000000000000000000e+00 1.000000000000000000e+00 8.260372820800833127e-01 1.000000000000000000e+00 3.254038503648786218e-01
1.000000000000000000e+00 1.000000000000000000e+00 1.000000000000000000e+00 8.249899575777219773e-01 1.000000000000000000e+00 3.195835685655104008e-01
1.000000000000000000e+00 1.000000000000000000e+00 1.000000000000000000e+00 8.249492022694241422e-01 1.000000000000000000e+00 3.201609445145706112e-01
1.000000000000000000e+00 1.000000000000000000e+00 1.000000000000000000e+00 8.254560866987911139e-01 1.000000000000000000e+00 3.219622264361634012e-01
1.000000000000000000e+00 1.000000000000000000e+00 1.000000000000000000e+00 8.267148326697971727e-01 1.000000000000000000e+00 3.301189721561121337e-01
1.000000000000000000e+00 1.000000000000000000e+00 1.000000000000000000e+00 8.258988844197899803e-01 1.000000000000000000e+00 3.307742177825477303e-01
