2.953146235780089168e-01
-1.516165395852256070e+00
-9.988078868767953367e-01
-1.004632796359612446e+00
-1.261190259807473568e+00
-1.101852012020904770e+00
-1.165535531024673555e+00
-1.202262252190231973e+00
-1.211677953922210893e+00
-6.774619585691967760e-01
-6.706710662249305566e-01
2.792406513086511527e-02
1.063320833610783764e-02
-3.618585481864798892e-01
-4.292475245397714412e-01
-4.173110506548489695e-01
-5.264458331224354248e-01
-2.651167269750923650e-01
-4.636763213873125178e-01
-4.611637415155378505e-01
-5.118367785594833963e-01
-8.896710264142732028e-01
-9.421877788443918655e-01
-2.464489957240946494e-01
-4.255481224185049260e-01
-1.976129506069962682e-01
-7.066749501687613622e-01
-4.127167125759820809e-01
-1.014062432240472766e+00
-6.042661439268208756e-01
-5.861303225221522473e-01
-7.414509691540269731e-01
-1.014832536513539551e+00
-1.015685450916895771e+00
-1.111643610492783374e+00
-1.210552783790496578e+00
-1.480140835964176560e+00
-1.088793979507130416e+00
-8.686485099274551258e-01
-9.394729495171593170e-01
-8.364776661334152319e-01
-7.227430038690398906e-01
-9.835998848131025651e-01
-9.674933275354056228e-01
-9.197043499053069171e-01
-1.013638896986885252e+00
-8.673338446674742075e-01
-8.790603960613322387e-01
-8.759108833504319902e-01
-1.350101112280483573e+00
