-2.346009141302539680e-01
2.458635625435666161e-01
2.215489886633483230e-01
-5.530925205345010864e-02
2.643569332996325016e-01
4.172944430448081721e-01
3.077674008810834527e-01
4.511972316778657399e-01
4.521718435794662705e-01
4.455003251914763651e-01
4.450442708422833182e-01
4.433861329811819019e-01
4.421161374204387040e-01
3.779214601702493570e-02
4.521809357318338773e-01
4.261682955694378050e-01
4.277269029700724312e-01
3.836076559323150503e-01
3.003303772565112939e-01
3.186964696839997280e-01
2.948365643688299897e-01
3.177068803797620800e-01
2.634527599780091545e-01
2.544919214346299530e-01
3.666669037171547685e-01
1.796121070691186206e-01
-3.063047605959229314e-02
-3.244461577886875725e-02
-5.044242774446244804e-02
-5.060517659711522009e-02
-5.055540308075534561e-02
2.408928492959985790e-01
4.458056819078498045e-01
1.642425072146384002e-01
1.477914760402788685e-01
-1.468667751840568858e-02
-4.521138193367496561e-02
4.734690846694309396e-01
4.669640250478532817e-01
4.803691195432261418e-01
4.749777262892536656e-01
4.819859090507804256e-01
5.005052853869451646e-01
4.884408446193430620e-01
4.947729506210985506e-01
5.038391377125184256e-01
5.023878879347137838e-01
5.112550373319811881e-01
5.135453510918080999e-01
5.151611746160014160e-01
5.163853764674484204e-01
5.112356653233263160e-01
5.106503484613819088e-01
5.142754311198622919e-01
5.117741156076923703e-01
5.086281345475304194e-01
4.882210266206593041e-01
5.032179763301189990e-01
5.139975873275394180e-01
4.996956188500536467e-01
4.997510488297257636e-01
5.017856362391601710e-01
5.028522623041746797e-01
5.033745475852808848e-01
5.196039039647629698e-01
5.042288789122930659e-01
4.866403176784777074e-01
5.268490600172591742e-01
4.951093032483921408e-01
4.959023838829660358e-01
4.782288810818509095e-01
4.938536731721983042e-01
4.855993448952032332e-01
5.022384201949811056e-01
4.652456110359628472e-01
4.649972523886436448e-01
4.968133553421469339e-01
4.909912568509040565e-01
4.839522251412397558e-01
4.910125698844491904e-01
4.918660078594793705e-01
4.883027844381587768e-01
4.891654662984160629e-01
4.747623132335084262e-01
4.792239565362018117e-01
4.525227928039241010e-01
4.521787007691562832e-01
4.525305660409982278e-01
4.523518211676419987e-01
4.519484288520101978e-01
4.703149147641070837e-01
4.552201137901734640e-01
4.425508766303032915e-01
4.424736918719261447e-01
4.432592104966346924e-01
4.899450554787371237e-01
4.563679800654369956e-01
4.581948417948921715e-01
4.564948320449787600e-01
4.493290959389075745e-01
