1.974676251411437988e-01 3.224660754203796387e-01 3.963799476623535156e-01 8.456939458847045898e-01 3.864561319351196289e-01 6.959973573684692383e-01
3.190899491310119629e-01 4.413249492645263672e-01 8.935834169387817383e-01 7.610569000244140625e-01 2.987559437751770020e-01 6.411777734756469727e-01
9.963317513465881348e-01 5.449854135513305664e-01 5.736057758331298828e-01 1.862421631813049316e-01 2.967753410339355469e-01 2.180101871490478516e-01
6.067085266113281250e-02 3.843171000480651855e-01 5.529432296752929688e-01 8.459179997444152832e-01 1.614421606063842773e-02 3.386632800102233887e-01
3.753077387809753418e-01 9.007220864295959473e-01 2.100821733474731445e-01 3.182405233383178711e-01 5.746346712112426758e-02 5.657597184181213379e-01
7.307766675949096680e-01 2.435509562492370605e-01 1.003421545028686523e-01 4.807286262512207031e-01 6.644483208656311035e-01 8.167315125465393066e-01
3.570861220359802246e-01 1.396055221557617188e-01 1.734361052513122559e-01 7.975916266441345215e-01 8.989121913909912109e-01 6.963078379631042480e-01
4.149325489997863770e-01 8.516775965690612793e-01 7.914189696311950684e-01 4.487192630767822266e-02 9.697770476341247559e-01 4.677106142044067383e-01
4.017140269279479980e-01 3.305442929267883301e-01 3.836836218833923340e-01 1.512305140495300293e-01 3.355671167373657227e-01 2.622493505477905273e-01
3.674118518829345703e-01 9.653291702270507812e-01 9.506334662437438965e-01 7.079773545265197754e-01 3.433691859245300293e-01 1.183816790580749512e-01
2.159270942211151123e-01 6.280632615089416504e-01 2.427089773118495941e-02 8.634963631629943848e-01 8.441997170448303223e-01 7.563592493534088135e-02
9.446853399276733398e-01 1.103883609175682068e-02 1.117856986820697784e-02 2.734666131436824799e-02 9.859192371368408203e-01 3.946830332279205322e-02
8.217446208000183105e-01 9.415996074676513672e-01 5.799109488725662231e-02 9.187984466552734375e-01 8.823564648628234863e-01 8.848319053649902344e-01
1.166726350784301758e-01 1.965317875146865845e-02 2.042448520660400391e-01 1.548689156770706177e-01 9.760097861289978027e-01 9.268749952316284180e-01
6.064144372940063477e-01 9.811347126960754395e-01 2.835607342422008514e-02 4.358208179473876953e-02 9.873765520751476288e-03 3.448114916682243347e-02
2.338489592075347900e-01 1.056663170456886292e-01 4.606897011399269104e-02 8.380628228187561035e-01 9.669829607009887695e-01 2.805155515670776367e-01
2.747179567813873291e-01 7.953038811683654785e-01 4.034407138824462891e-01 2.798200845718383789e-01 8.582339286804199219e-01 1.364805102348327637e-01
8.595762848854064941e-01 2.973876893520355225e-01 3.043090105056762695e-01 2.451603114604949951e-01 9.418173432350158691e-01 3.936874866485595703e-01
4.313858970999717712e-02 9.774969220161437988e-01 3.911839127540588379e-01 8.962098956108093262e-01 9.468631744384765625e-01 5.875794589519500732e-02
3.484837114810943604e-01 9.852291941642761230e-01 1.102549210190773010e-01 4.434221889823675156e-03 8.903285861015319824e-01 2.014329470694065094e-02
3.452496826648712158e-01 5.359262824058532715e-01 2.485021054744720459e-01 5.447580665349960327e-02 9.634215831756591797e-01 8.573507666587829590e-01
6.848062872886657715e-01 5.531205981969833374e-02 4.891487360000610352e-01 7.639343142509460449e-01 7.510755062103271484e-01 5.096629261970520020e-01
2.124634683132171631e-01 6.767101883888244629e-01 1.459693312644958496e-01 7.135156393051147461e-01 9.246695041656494141e-01 4.701966643333435059e-01
3.011406585574150085e-02 9.782404303550720215e-01 3.130080699920654297e-01 3.705750778317451477e-02 7.348524332046508789e-01 7.159038186073303223e-01
9.766704440116882324e-01 4.753933846950531006e-01 2.406958118081092834e-02 5.330454111099243164e-01 9.605737328529357910e-01 1.167544052004814148e-01
2.864809930324554443e-01 2.150959670543670654e-01 2.192555069923400879e-01 9.854744672775268555e-01 7.826676368713378906e-01 7.753388881683349609e-01
1.068825349211692810e-01 2.494074404239654541e-02 2.905015647411346436e-01 1.637321561574935913e-01 9.698216915130615234e-01 9.611032605171203613e-01
1.371415555477142334e-01 9.285733699798583984e-01 7.709575444459915161e-02 4.335058629512786865e-01 1.013907194137573242e-01 4.869330674409866333e-02
4.286609962582588196e-02 9.502287507057189941e-01 4.080114886164665222e-02 8.024992942810058594e-01 8.580791763961315155e-03 7.797468453645706177e-02
1.638959720730781555e-02 9.960089921951293945e-01 1.165141351521015167e-02 6.044040322303771973e-01 3.465162813663482666e-01 5.440988540649414062e-01
2.598799467086791992e-01 5.819914937019348145e-01 6.661317497491836548e-02 9.306628108024597168e-01 8.249286413192749023e-01 1.550848782062530518e-01
9.100420027971267700e-02 7.587521076202392578e-01 2.037279009819030762e-01 4.795542061328887939e-01 4.214518070220947266e-01 2.519641816616058350e-01
2.962439954280853271e-01 9.718441367149353027e-01 2.757654897868633270e-02 7.401090264320373535e-01 5.027557164430618286e-02 9.868334233760833740e-02
1.370760500431060791e-01 8.307203650474548340e-01 0.000000000000000000e+00 4.210689663887023926e-01 5.679804459214210510e-02 1.887170225381851196e-01
3.815858811140060425e-02 9.038498401641845703e-01 1.609456092119216919e-01 7.210882753133773804e-02 8.213488757610321045e-02 5.331685394048690796e-02
1.251125428825616837e-02 9.772047996520996094e-01 7.931639440357685089e-03 7.163676619529724121e-01 4.506659209728240967e-01 8.534184694290161133e-01
2.979134917259216309e-01 8.804944753646850586e-01 8.016304373741149902e-01 7.089786529541015625e-01 4.113312959671020508e-01 8.879373967647552490e-02
7.256345748901367188e-01 3.212605118751525879e-01 1.325707882642745972e-01 3.546445071697235107e-01 5.705636739730834961e-01 7.438077330589294434e-01
8.819052577018737793e-01 2.003832608461380005e-01 7.714468985795974731e-02 2.318678200244903564e-01 5.190396308898925781e-01 8.620467782020568848e-01
9.434145689010620117e-02 8.904943466186523438e-01 3.064362406730651855e-01 1.528401672840118408e-01 1.460683792829513550e-01 1.107068881392478943e-01
1.679399516433477402e-03 9.680866003036499023e-01 6.049624457955360413e-02 3.616631329059600830e-01 0.000000000000000000e+00 2.505581080913543701e-01
4.040670394897460938e-02 9.912910461425781250e-01 1.792133413255214691e-02 1.067004203796386719e-01 9.590717405080795288e-02 5.675599575042724609e-01
4.754652082920074463e-02 7.900405526161193848e-01 1.728455424308776855e-01 5.651790499687194824e-01 3.768720105290412903e-02 2.990100085735321045e-01
8.308165073394775391e-01 9.317545890808105469e-01 9.605259299278259277e-01 2.355804294347763062e-01 9.487115144729614258e-01 1.388206519186496735e-02
3.462838232517242432e-01 8.215659260749816895e-01 3.659793734550476074e-01 3.413025736808776855e-01 7.884252667427062988e-01 2.124295532703399658e-01
1.558873057365417480e-01 7.769535779953002930e-01 4.932146668434143066e-01 0.000000000000000000e+00 4.686195850372314453e-01 9.875456243753433228e-02
4.197604358196258545e-01 9.187607169151306152e-01 7.394798845052719116e-02 7.545112967491149902e-01 1.287803202867507935e-01 8.803767152130603790e-03
7.827247381210327148e-01 2.663649618625640869e-01 1.251998841762542725e-01 1.000000000000000000e+00 1.384910345077514648e-01 6.765879392623901367e-01
2.646331191062927246e-01 4.916764199733734131e-01 7.009490728378295898e-01 3.074217438697814941e-01 2.530676722526550293e-01 4.069294333457946777e-01
4.849214851856231689e-01 8.877372741699218750e-01 2.357878088951110840e-01 5.333298444747924805e-01 4.295032098889350891e-02 5.511985421180725098e-01
0.000000000000000000e+00 1.000000000000000000e+00 2.402153797447681427e-02 3.247106373310089111e-01 0.000000000000000000e+00 1.456420123577117920e-01
7.172987610101699829e-02 9.392988681793212891e-01 4.234047234058380127e-01 6.124952062964439392e-02 1.000000000000000000e+00 8.328531384468078613e-01
9.254728555679321289e-01 1.001117900013923645e-01 4.896730184555053711e-02 1.470983773469924927e-01 1.196778863668441772e-01 1.572894752025604248e-01
1.810663789510726929e-01 6.847945451736450195e-01 9.663717746734619141e-01 0.000000000000000000e+00 6.329015493392944336e-01 1.664154380559921265e-01
2.278213948011398315e-01 6.007023453712463379e-01 9.103073477745056152e-01 4.098064079880714417e-02 5.243650674819946289e-01 2.373828440904617310e-01
5.512587428092956543e-01 8.143092393875122070e-01 4.963145852088928223e-01 1.695254631340503693e-02 1.967180073261260986e-01 1.342228502035140991e-01
1.292531788349151611e-01 8.508650660514831543e-01 2.619761526584625244e-01 7.587749361991882324e-01 1.648730635643005371e-01 2.234825044870376587e-01
1.679767370223999023e-01 8.926003575325012207e-01 0.000000000000000000e+00 1.377230733633041382e-01 1.534757018089294434e-01 8.696692585945129395e-01
5.346329808235168457e-01 5.419397354125976562e-01 8.797258883714675903e-02 5.737331509590148926e-01 2.321304082870483398e-01 1.680630743503570557e-01
4.568724036216735840e-01 0.000000000000000000e+00 4.142241775989532471e-01 1.915395855903625488e-01 3.659777343273162842e-01 2.638274133205413818e-01
0.000000000000000000e+00 8.380305767059326172e-01 0.000000000000000000e+00 3.990900516510009766e-01 0.000000000000000000e+00 2.958077788352966309e-01
6.036257371306419373e-02 1.421486437320709229e-01 9.079159498214721680e-01 8.320141434669494629e-01 8.820266723632812500e-01 2.391455173492431641e-01
1.063912361860275269e-01 4.930228888988494873e-01 7.210898399353027344e-02 5.337316989898681641e-01 2.388988807797431946e-02 5.539684295654296875e-01
1.694683730602264404e-01 4.385353028774261475e-01 2.008173763751983643e-01 3.793123662471771240e-01 8.749255537986755371e-01 7.097491621971130371e-01
0.000000000000000000e+00 8.109017014503479004e-01 0.000000000000000000e+00 2.696736454963684082e-01 3.836501389741897583e-03 2.089802920818328857e-01
7.657852768898010254e-02 9.005374908447265625e-01 8.588413596153259277e-01 3.805368542671203613e-01 8.875055313110351562e-01 1.509154886007308960e-01
4.007472470402717590e-02 4.300613403320312500e-01 2.562236972153186798e-02 4.051505029201507568e-02 3.869155421853065491e-03 2.569703459739685059e-01
1.197160109877586365e-01 5.949366688728332520e-01 2.280952334403991699e-01 7.484597563743591309e-01 7.422321289777755737e-02 5.677875280380249023e-01
5.580559000372886658e-02 4.497202932834625244e-01 5.107508972287178040e-02 0.000000000000000000e+00 2.500868439674377441e-01 3.045234382152557373e-01
3.385134786367416382e-02 4.969662129878997803e-01 5.749400258064270020e-01 3.193389251828193665e-02 9.597186446189880371e-01 2.233702503144741058e-02
0.000000000000000000e+00 8.951694965362548828e-01 0.000000000000000000e+00 4.535996913909912109e-01 7.347527891397476196e-03 1.023379787802696228e-01
1.387173682451248169e-01 2.174472510814666748e-01 8.838597685098648071e-02 6.727665662765502930e-01 3.594396263360977173e-02 1.000000000000000000e+00
1.044617369771003723e-01 3.704286217689514160e-01 0.000000000000000000e+00 6.687774509191513062e-02 5.360308885574340820e-01 4.679389297962188721e-01
6.524219363927841187e-02 8.657919764518737793e-01 0.000000000000000000e+00 9.819729328155517578e-01 2.370246127247810364e-02 1.296854168176651001e-01
6.552040576934814453e-02 8.497021198272705078e-01 3.087753802537918091e-02 1.000000000000000000e+00 4.718996211886405945e-02 0.000000000000000000e+00
2.191863358020782471e-01 6.523619294166564941e-01 4.608204960823059082e-01 1.000000000000000000e+00 3.344609737396240234e-01 2.085742354393005371e-02
5.932576581835746765e-02 1.000000000000000000e+00 1.052943896502256393e-02 1.000000000000000000e+00 5.070127844810485840e-01 6.808692812919616699e-01
1.318548917770385742e-01 0.000000000000000000e+00 7.563465833663940430e-02 6.372430324554443359e-01 0.000000000000000000e+00 8.991600871086120605e-01
6.324078142642974854e-02 3.102939426898956299e-01 8.863332271575927734e-01 6.560764908790588379e-01 9.001216292381286621e-01 2.107331454753875732e-01
9.166391193866729736e-02 5.677933618426322937e-02 1.335807740688323975e-01 0.000000000000000000e+00 5.264102295041084290e-02 4.965794682502746582e-01
8.480598926544189453e-01 8.350918889045715332e-01 6.073489040136337280e-02 8.340137600898742676e-01 8.830012083053588867e-01 6.562193632125854492e-01
2.076251357793807983e-01 0.000000000000000000e+00 3.717828989028930664e-01 4.163673222064971924e-01 1.000000000000000000e+00 5.024778246879577637e-01
0.000000000000000000e+00 9.531235694885253906e-01 0.000000000000000000e+00 4.887439310550689697e-01 0.000000000000000000e+00 2.776997387409210205e-01
1.247830390930175781e-01 0.000000000000000000e+00 1.185155883431434631e-01 2.635954022407531738e-01 5.690697208046913147e-02 1.000000000000000000e+00
1.416080147027969360e-01 0.000000000000000000e+00 7.042133808135986328e-02 1.000000000000000000e+00 0.000000000000000000e+00 8.981647491455078125e-01
2.237208485603332520e-01 9.156727194786071777e-01 5.758645534515380859e-01 8.859125375747680664e-01 2.762162983417510986e-01 4.733845293521881104e-01
3.156692981719970703e-01 4.185332059860229492e-01 9.668617248535156250e-01 4.917269349098205566e-01 3.130483627319335938e-01 5.338626503944396973e-01
5.855469405651092529e-02 5.718365907669067383e-01 3.229709342122077942e-02 5.276982784271240234e-01 7.222762703895568848e-02 0.000000000000000000e+00
7.212301343679428101e-02 8.917468190193176270e-01 4.323348104953765869e-01 0.000000000000000000e+00 1.000000000000000000e+00 6.038228869438171387e-01
0.000000000000000000e+00 1.000000000000000000e+00 0.000000000000000000e+00 3.617871403694152832e-01 0.000000000000000000e+00 1.339961737394332886e-01
1.000000000000000000e+00 5.396420955657958984e-01 5.550007820129394531e-01 3.455215990543365479e-01 2.882443666458129883e-01 2.323013991117477417e-01
1.166162788867950439e-01 5.204925686120986938e-02 1.564802974462509155e-01 0.000000000000000000e+00 1.416904330253601074e-01 1.000000000000000000e+00
8.737242221832275391e-02 1.000000000000000000e+00 3.058749437332153320e-01 7.105257511138916016e-01 6.180113926529884338e-02 4.918726384639739990e-01
3.665728271007537842e-01 9.585335254669189453e-01 2.695294618606567383e-01 4.435973167419433594e-01 3.690866753458976746e-02 1.000000000000000000e+00
8.211781829595565796e-02 1.803691536188125610e-01 1.012226119637489319e-01 3.639249503612518311e-01 2.674621529877185822e-02 3.395777344703674316e-01
1.671184748411178589e-01 8.910424113273620605e-01 2.719103097915649414e-01 5.881525278091430664e-01 9.216329455375671387e-01 1.000000000000000000e+00
2.223115861415863037e-01 9.175932407379150391e-01 5.052484273910522461e-01 1.000000000000000000e+00 1.913029998540878296e-01 1.000000000000000000e+00
2.869229912757873535e-01 1.675947010517120361e-01 2.306688725948333740e-01 9.282956719398498535e-01 7.820170521736145020e-01 1.000000000000000000e+00
2.181733101606369019e-01 2.762648761272430420e-01 3.460037112236022949e-01 7.542631030082702637e-01 4.196198284626007080e-01 1.000000000000000000e+00
0.000000000000000000e+00 1.000000000000000000e+00 0.000000000000000000e+00 3.453496098518371582e-01 0.000000000000000000e+00 2.267642915248870850e-01
1.333119273185729980e-01 5.244738459587097168e-01 4.198356568813323975e-01 0.000000000000000000e+00 9.907897710800170898e-01 6.939027905464172363e-01
2.152932882308959961e-01 2.070300877094268799e-01 7.905997335910797119e-02 6.938474774360656738e-01 8.108619451522827148e-01 3.068178892135620117e-01
1.792346239089965820e-01 6.805492639541625977e-01 5.971106141805648804e-02 8.720033168792724609e-01 4.557965397834777832e-01 0.000000000000000000e+00
1.986829340457916260e-01 9.113506674766540527e-01 1.890749335289001465e-01 1.000000000000000000e+00 1.000000000000000000e+00 7.470294833183288574e-01
1.325114518404006958e-01 9.215762615203857422e-01 2.016574889421463013e-01 1.961670666933059692e-01 0.000000000000000000e+00 0.000000000000000000e+00
1.192357465624809265e-01 3.352125585079193115e-01 1.271239966154098511e-01 0.000000000000000000e+00 8.534533530473709106e-02 6.930951476097106934e-01
1.207167878746986389e-01 2.313815355300903320e-01 3.013040125370025635e-01 0.000000000000000000e+00 7.749666571617126465e-01 1.000000000000000000e+00
2.044115960597991943e-01 2.161063440144062042e-02 2.620216608047485352e-01 1.414058655500411987e-01 9.244198799133300781e-01 9.442270994186401367e-01
1.376269608736038208e-01 2.541091144084930420e-01 1.920094490051269531e-01 2.137030512094497681e-01 2.601757645606994629e-01 1.000000000000000000e+00
1.185752525925636292e-01 5.923802256584167480e-01 2.791937589645385742e-01 1.126154214143753052e-01 5.303024649620056152e-01 9.769913554191589355e-01
