8.065831595517519714e-02
-8.663529055311953719e-01
-3.871634855936118003e-02
-1.449473449013027881e-01
6.066731032225395337e-01
5.942295367604902845e-01
8.539526558441375981e-01
3.860003584871804505e-01
2.273086803521358057e-01
-5.451771819993644907e-02
8.762096834217357744e-01
9.146899519076252538e-01
1.527937667345126704e-01
6.862134514554136810e-01
2.447811299802726825e-01
8.501503568468038452e-01
1.004539112288817204e+00
6.245228282652734997e-01
6.639128012042301297e-01
7.476698764994199609e-01
5.116406717854768971e-01
-6.933493009543467700e-02
1.042922394234172323e+00
4.601465557625319946e-01
5.988228638014094773e-01
6.736685694837805105e-01
5.830130196553182653e-01
1.261932257355434128e+00
1.183075616708620714e+00
9.842125522187978870e-01
9.001354337236144865e-01
1.003982718483209746e+00
9.988196279231027486e-01
1.307237127980152014e+00
1.278796760827380474e+00
5.920700096225490761e-01
1.683422025477474548e-01
5.347468651686764218e-01
5.978149313187318681e-01
1.164726907438251136e+00
1.444999416620859289e+00
1.060667989076556017e+00
1.208459710730916736e+00
-1.018095162323134906e-02
8.502857095856415359e-01
8.214668379971210577e-01
7.696180465797087811e-01
2.314202839716369975e-01
-1.811648332632148917e-01
4.528594728846422335e-01
1.449042401640490807e+00
4.830211988432094872e-01
6.911244028297547359e-02
4.229909760652891815e-01
1.389631051647155779e-01
3.595354036958027244e-01
8.560811631382458931e-01
5.862381527698951045e-01
5.870227816693448508e-01
-2.145091827794320949e-01
1.454117818659399708e+00
-2.755475406957357265e-01
9.982390456703325032e-01
8.863892527747161409e-01
1.420539988065914860e+00
7.298380906945676205e-01
9.188890845988373357e-01
6.976359987081719449e-01
9.200449584904127898e-01
1.073585404702646073e+00
1.438770677597669190e+00
5.003137773319094039e-01
8.413847737014170658e-01
9.856779347691568827e-01
9.003752754756437771e-01
3.375340575929050013e-01
5.715363298715323559e-01
4.243682492691076003e-01
8.681627649037981787e-02
2.162855848799141167e-01
3.249401388824603720e-01
6.881806378180401751e-01
1.454327790018405064e+00
2.079628053418439704e-01
4.383882289219854789e-01
4.380951703138480369e-02
-8.784540903605377871e-01
1.065620443948562368e+00
7.310328833820499694e-01
1.453357546954292756e+00
-1.208359543313389795e-01
1.202651189647650221e-01
7.809636747131796231e-01
-2.091384738455825953e-03
5.584138912122860177e-01
4.546457124371039438e-01
-2.975877539353800061e-01
4.657779308164249343e-01
2.572550769194537068e-02
1.453080434975761781e+00
7.326363112512850329e-01
9.342896570317460458e-01
8.650325158427273342e-01
6.773028263226906764e-01
1.209337038113610818e+00
4.834908911343346327e-01
2.947234817355618430e-01
4.891030640525071971e-01
3.277087556377518696e-01
2.918374668705623898e-01
