1.661956865193548349e+00
1.782301284207962855e+00
1.689045232719515344e+00
1.661356249258965523e+00
1.740161354164467822e+00
2.078084321857122774e+00
1.859201700944319580e+00
1.774612783671765559e+00
1.783759997545305342e+00
1.770743968077252539e+00
1.841704254790647921e+00
1.311453397329593207e+00
1.647683452227854950e+00
2.071810951328327821e+00
1.274127712543952295e+00
2.141586491296020078e+00
2.064462824051224832e+00
2.081669515056712605e+00
2.081728901455105696e+00
2.082515372607097071e+00
2.048647155017054189e+00
2.062006057144337046e+00
2.070607417607427614e+00
2.055240759171185871e+00
2.045802644717232610e+00
1.816084429239673170e+00
1.803660914725014441e+00
1.869393034453174174e+00
2.056520705572889796e+00
1.693532859072224506e+00
1.721776986045632452e+00
1.814634161686104585e+00
1.757818853590436214e+00
1.326257156284677441e+00
1.320599496582086863e+00
1.352544103839630862e+00
1.378667801415208949e+00
1.340017848702006464e+00
1.689061240866061464e+00
1.658341741778424083e+00
1.675968226027310770e+00
1.692031319716891247e+00
1.658527805205106453e+00
1.668804029891378660e+00
1.674315394463828488e+00
1.660204790052523416e+00
1.703219029148918651e+00
1.698885893463879526e+00
1.749073053605261219e+00
1.742458708397587319e+00
1.701592912923874490e+00
1.761561291070832702e+00
1.763159980561948670e+00
1.747195708697328875e+00
1.765129033299028816e+00
1.775468563666058319e+00
1.805634429708047772e+00
1.968143302376982984e+00
2.018760777631281478e+00
2.033230745011453955e+00
2.053266833512688017e+00
2.060743235546779850e+00
1.981765853635860442e+00
2.027720508779468300e+00
2.009054598673303715e+00
2.008171205914783375e+00
2.009921677842553045e+00
2.028220048806690379e+00
2.064295179122102475e+00
1.994306558734142421e+00
2.018732531228355498e+00
2.024455825946926968e+00
2.119540528820441416e+00
2.126246199992275265e+00
2.125395390919253558e+00
2.118389717998193866e+00
2.104998465641724881e+00
2.108396300703468729e+00
2.105456780476985479e+00
2.100396043804974688e+00
2.102760106992874523e+00
2.108079182686242170e+00
2.128158878987864711e+00
2.130787010393468073e+00
2.131695713539506265e+00
2.130731641013250410e+00
2.131765073395313959e+00
2.131548796165654736e+00
2.130590841424492510e+00
2.128462010373470381e+00
2.126526895101436665e+00
2.127690136883433780e+00
2.126555677653723997e+00
2.128951425410442688e+00
2.131830578359622308e+00
2.131784185730616787e+00
2.130615070176731685e+00
2.131558846497908721e+00
2.131620182099034366e+00
2.131486525595719161e+00
