1.501116750973655600e+00
1.636288739727110197e+00
1.636288739727110197e+00
1.636288739727110197e+00
1.636288739727110197e+00
1.636288739727110197e+00
1.655866698573018381e+00
2.268147893791336855e+00
2.268147893791336855e+00
2.301948869279757393e+00
2.476353662471918682e+00
2.476353662471918682e+00
2.476353662471918682e+00
2.476353662471918682e+00
2.476353662471918682e+00
2.476353662471918682e+00
2.476353662471918682e+00
2.476353662471918682e+00
2.477349954446986136e+00
2.477349954446986136e+00
2.477349954446986136e+00
2.477349954446986136e+00
2.477349954446986136e+00
2.477349954446986136e+00
2.477349954446986136e+00
2.477349954446986136e+00
2.477349954446986136e+00
2.477349954446986136e+00
2.477349954446986136e+00
2.477349954446986136e+00
2.477349954446986136e+00
2.477349954446986136e+00
2.477349954446986136e+00
2.477349954446986136e+00
2.477349954446986136e+00
2.477349954446986136e+00
2.477349954446986136e+00
2.477349954446986136e+00
2.477349954446986136e+00
2.477349954446986136e+00
2.477349954446986136e+00
2.477349954446986136e+00
2.477349954446986136e+00
2.477349954446986136e+00
2.477349954446986136e+00
2.477349954446986136e+00
2.477349954446986136e+00
2.477349954446986136e+00
2.477349954446986136e+00
2.477349954446986136e+00
