4.419944286346435547e-01 1.414691209793090820e-01 7.229171395301818848e-01 2.229571938514709473e-01 4.338724613189697266e-01 5.137104392051696777e-01
4.419944286346435547e-01 1.414691209793090820e-01 7.229171395301818848e-01 2.229571938514709473e-01 4.338724613189697266e-01 5.137104392051696777e-01
4.419944286346435547e-01 1.414691209793090820e-01 7.229171395301818848e-01 2.229571938514709473e-01 4.338724613189697266e-01 5.137104392051696777e-01
4.419944286346435547e-01 1.414691209793090820e-01 7.229171395301818848e-01 2.229571938514709473e-01 4.338724613189697266e-01 5.137104392051696777e-01
4.419944286346435547e-01 1.414691209793090820e-01 7.229171395301818848e-01 2.229571938514709473e-01 4.338724613189697266e-01 5.137104392051696777e-01
4.747389853000640869e-01 0.000000000000000000e+00 1.000000000000000000e+00 1.000000000000000000e+00 0.000000000000000000e+00 5.744807124137878418e-01
4.747389853000640869e-01 0.000000000000000000e+00 1.000000000000000000e+00 1.000000000000000000e+00 0.000000000000000000e+00 5.744807124137878418e-01
4.747389853000640869e-01 0.000000000000000000e+00 1.000000000000000000e+00 1.000000000000000000e+00 0.000000000000000000e+00 5.744807124137878418e-01
4.747389853000640869e-01 0.000000000000000000e+00 1.000000000000000000e+00 1.000000000000000000e+00 0.000000000000000000e+00 5.744807124137878418e-01
4.323721528053283691e-01 0.000000000000000000e+00 1.000000000000000000e+00 7.445804476737976074e-01 3.708181381225585938e-01 5.764349102973937988e-01
4.323721528053283691e-01 0.000000000000000000e+00 1.000000000000000000e+00 7.445804476737976074e-01 3.708181381225585938e-01 5.764349102973937988e-01
4.323721528053283691e-01 0.000000000000000000e+00 1.000000000000000000e+00 7.445804476737976074e-01 3.708181381225585938e-01 5.764349102973937988e-01
4.323721528053283691e-01 0.000000000000000000e+00 1.000000000000000000e+00 7.445804476737976074e-01 3.708181381225585938e-01 5.764349102973937988e-01
4.323721528053283691e-01 0.000000000000000000e+00 1.000000000000000000e+00 7.445804476737976074e-01 3.708181381225585938e-01 5.764349102973937988e-01
4.323721528053283691e-01 0.000000000000000000e+00 1.000000000000000000e+00 7.445804476737976074e-01 3.708181381225585938e-01 5.764349102973937988e-01
4.323721528053283691e-01 0.000000000000000000e+00 1.000000000000000000e+00 7.445804476737976074e-01 3.708181381225585938e-01 5.764349102973937988e-01
4.323721528053283691e-01 0.000000000000000000e+00 1.000000000000000000e+00 7.445804476737976074e-01 3.708181381225585938e-01 5.764349102973937988e-01
4.323721528053283691e-01 0.000000000000000000e+00 1.000000000000000000e+00 7.445804476737976074e-01 3.708181381225585938e-01 5.764349102973937988e-01
4.323721528053283691e-01 0.000000000000000000e+00 1.000000000000000000e+00 7.445804476737976074e-01 3.708181381225585938e-01 5.764349102973937988e-01
4.323721528053283691e-01 0.000000000000000000e+00 1.000000000000000000e+00 7.445804476737976074e-01 3.708181381225585938e-01 5.764349102973937988e-01
4.323721528053283691e-01 0.000000000000000000e+00 1.000000000000000000e+00 7.445804476737976074e-01 3.708181381225585938e-01 5.764349102973937988e-01
4.323721528053283691e-01 0.000000000000000000e+00 1.000000000000000000e+00 7.445804476737976074e-01 3.708181381225585938e-01 5.764349102973937988e-01
4.323721528053283691e-01 0.000000000000000000e+00 1.000000000000000000e+00 7.445804476737976074e-01 3.708181381225585938e-01 5.764349102973937988e-01
4.323721528053283691e-01 0.000000000000000000e+00 1.000000000000000000e+00 7.445804476737976074e-01 3.708181381225585938e-01 5.764349102973937988e-01
4.323721528053283691e-01 0.000000000000000000e+00 1.000000000000000000e+00 7.445804476737976074e-01 3.708181381225585938e-01 5.764349102973937988e-01
4.323721528053283691e-01 0.000000000000000000e+00 1.000000000000000000e+00 7.445804476737976074e-01 3.708181381225585938e-01 5.764349102973937988e-01
4.323721528053283691e-01 0.000000000000000000e+00 1.000000000000000000e+00 7.445804476737976074e-01 3.708181381225585938e-01 5.764349102973937988e-01
4.323721528053283691e-01 0.000000000000000000e+00 1.000000000000000000e+00 7.445804476737976074e-01 3.708181381225585938e-01 5.764349102973937988e-01
4.323721528053283691e-01 0.000000000000000000e+00 1.000000000000000000e+00 7.445804476737976074e-01 3.708181381225585938e-01 5.764349102973937988e-01
4.323721528053283691e-01 0.000000000000000000e+00 1.000000000000000000e+00 7.445804476737976074e-01 3.708181381225585938e-01 5.764349102973937988e-01
4.323721528053283691e-01 0.000000000000000000e+00 1.000000000000000000e+00 7.445804476737976074e-01 3.708181381225585938e-01 5.764349102973937988e-01
4.323721528053283691e-01 0.000000000000000000e+00 1.000000000000000000e+00 7.445804476737976074e-01 3.708181381225585938e-01 5.764349102973937988e-01
4.323721528053283691e-01 0.000000000000000000e+00 1.000000000000000000e+00 7.445804476737976074e-01 3.708181381225585938e-01 5.764349102973937988e-01
4.323721528053283691e-01 0.000000000000000000e+00 1.000000000000000000e+00 7.445804476737976074e-01 3.708181381225585938e-01 5.764349102973937988e-01
4.323721528053283691e-01 0.000000000000000000e+00 1.000000000000000000e+00 7.445804476737976074e-01 3.708181381225585938e-01 5.764349102973937988e-01
4.323721528053283691e-01 0.000000000000000000e+00 1.000000000000000000e+00 7.445804476737976074e-01 3.708181381225585938e-01 5.764349102973937988e-01
4.323721528053283691e-01 0.000000000000000000e+00 1.000000000000000000e+00 7.445804476737976074e-01 3.708181381225585938e-01 5.764349102973937988e-01
4.323721528053283691e-01 0.000000000000000000e+00 1.000000000000000000e+00 7.445804476737976074e-01 3.708181381225585938e-01 5.764349102973937988e-01
4.323721528053283691e-01 0.000000000000000000e+00 1.000000000000000000e+00 7.445804476737976074e-01 3.708181381225585938e-01 5.764349102973937988e-01
4.323721528053283691e-01 0.000000000000000000e+00 1.000000000000000000e+00 7.445804476737976074e-01 3.708181381225585938e-01 5.764349102973937988e-01
4.323721528053283691e-01 0.000000000000000000e+00 1.000000000000000000e+00 7.445804476737976074e-01 3.708181381225585938e-01 5.764349102973937988e-01
4.323721528053283691e-01 0.000000000000000000e+00 1.000000000000000000e+00 7.445804476737976074e-01 3.708181381225585938e-01 5.764349102973937988e-01
4.323721528053283691e-01 0.000000000000000000e+00 1.000000000000000000e+00 7.445804476737976074e-01 3.708181381225585938e-01 5.764349102973937988e-01
4.323721528053283691e-01 0.000000000000000000e+00 1.000000000000000000e+00 7.445804476737976074e-01 3.708181381225585938e-01 5.764349102973937988e-01
4.323721528053283691e-01 0.000000000000000000e+00 1.000000000000000000e+00 7.445804476737976074e-01 3.708181381225585938e-01 5.764349102973937988e-01
4.323721528053283691e-01 0.000000000000000000e+00 1.000000000000000000e+00 7.445804476737976074e-01 3.708181381225585938e-01 5.764349102973937988e-01
4.323721528053283691e-01 0.000000000000000000e+00 1.000000000000000000e+00 7.445804476737976074e-01 3.708181381225585938e-01 5.764349102973937988e-01
4.323721528053283691e-01 0.000000000000000000e+00 1.000000000000000000e+00 7.445804476737976074e-01 3.708181381225585938e-01 5.764349102973937988e-01
4.323721528053283691e-01 0.000000000000000000e+00 1.000000000000000000e+00 7.445804476737976074e-01 3.708181381225585938e-01 5.764349102973937988e-01
4.323721528053283691e-01 0.000000000000000000e+00 1.000000000000000000e+00 7.445804476737976074e-01 3.708181381225585938e-01 5.764349102973937988e-01
4.323721528053283691e-01 0.000000000000000000e+00 1.000000000000000000e+00 7.445804476737976074e-01 3.708181381225585938e-01 5.764349102973937988e-01
4.323721528053283691e-01 0.000000000000000000e+00 1.000000000000000000e+00 7.445804476737976074e-01 3.708181381225585938e-01 5.764349102973937988e-01
4.323721528053283691e-01 0.000000000000000000e+00 1.000000000000000000e+00 7.445804476737976074e-01 3.708181381225585938e-01 5.764349102973937988e-01
4.323721528053283691e-01 0.000000000000000000e+00 1.000000000000000000e+00 7.445804476737976074e-01 3.708181381225585938e-01 5.764349102973937988e-01
4.323721528053283691e-01 0.000000000000000000e+00 1.000000000000000000e+00 7.445804476737976074e-01 3.708181381225585938e-01 5.764349102973937988e-01
4.323721528053283691e-01 0.000000000000000000e+00 1.000000000000000000e+00 7.445804476737976074e-01 3.708181381225585938e-01 5.764349102973937988e-01
4.323721528053283691e-01 0.000000000000000000e+00 1.000000000000000000e+00 7.445804476737976074e-01 3.708181381225585938e-01 5.764349102973937988e-01
4.323721528053283691e-01 0.000000000000000000e+00 1.000000000000000000e+00 7.445804476737976074e-01 3.708181381225585938e-01 5.764349102973937988e-01
4.323721528053283691e-01 0.000000000000000000e+00 1.000000000000000000e+00 7.445804476737976074e-01 3.708181381225585938e-01 5.764349102973937988e-01
4.323721528053283691e-01 0.000000000000000000e+00 1.000000000000000000e+00 7.445804476737976074e-01 3.708181381225585938e-01 5.764349102973937988e-01
4.323721528053283691e-01 0.000000000000000000e+00 1.000000000000000000e+00 7.445804476737976074e-01 3.708181381225585938e-01 5.764349102973937988e-01
4.323721528053283691e-01 0.000000000000000000e+00 1.000000000000000000e+00 7.445804476737976074e-01 3.708181381225585938e-01 5.764349102973937988e-01
4.323721528053283691e-01 0.000000000000000000e+00 1.000000000000000000e+00 7.445804476737976074e-01 3.708181381225585938e-01 5.764349102973937988e-01
4.323721528053283691e-01 0.000000000000000000e+00 1.000000000000000000e+00 7.445804476737976074e-01 3.708181381225585938e-01 5.764349102973937988e-01
4.323721528053283691e-01 0.000000000000000000e+00 1.000000000000000000e+00 7.445804476737976074e-01 3.708181381225585938e-01 5.764349102973937988e-01
4.323721528053283691e-01 0.000000000000000000e+00 1.000000000000000000e+00 7.445804476737976074e-01 3.708181381225585938e-01 5.764349102973937988e-01
4.323721528053283691e-01 0.000000000000000000e+00 1.000000000000000000e+00 7.445804476737976074e-01 3.708181381225585938e-01 5.764349102973937988e-01
4.323721528053283691e-01 0.000000000000000000e+00 1.000000000000000000e+00 7.445804476737976074e-01 3.708181381225585938e-01 5.764349102973937988e-01
4.323721528053283691e-01 0.000000000000000000e+00 1.000000000000000000e+00 7.445804476737976074e-01 3.708181381225585938e-01 5.764349102973937988e-01
4.323721528053283691e-01 0.000000000000000000e+00 1.000000000000000000e+00 7.445804476737976074e-01 3.708181381225585938e-01 5.764349102973937988e-01
4.323721528053283691e-01 0.000000000000000000e+00 1.000000000000000000e+00 7.445804476737976074e-01 3.708181381225585938e-01 5.764349102973937988e-01
4.323721528053283691e-01 0.000000000000000000e+00 1.000000000000000000e+00 7.445804476737976074e-01 3.708181381225585938e-01 5.764349102973937988e-01
4.323721528053283691e-01 0.000000000000000000e+00 1.000000000000000000e+00 7.445804476737976074e-01 3.708181381225585938e-01 5.764349102973937988e-01
4.323721528053283691e-01 0.000000000000000000e+00 1.000000000000000000e+00 7.445804476737976074e-01 3.708181381225585938e-01 5.764349102973937988e-01
4.323721528053283691e-01 0.000000000000000000e+00 1.000000000000000000e+00 7.445804476737976074e-01 3.708181381225585938e-01 5.764349102973937988e-01
4.323721528053283691e-01 0.000000000000000000e+00 1.000000000000000000e+00 7.445804476737976074e-01 3.708181381225585938e-01 5.764349102973937988e-01
4.323721528053283691e-01 0.000000000000000000e+00 1.000000000000000000e+00 7.445804476737976074e-01 3.708181381225585938e-01 5.764349102973937988e-01
4.323721528053283691e-01 0.000000000000000000e+00 1.000000000000000000e+00 7.445804476737976074e-01 3.708181381225585938e-01 5.764349102973937988e-01
4.323721528053283691e-01 0.000000000000000000e+00 1.000000000000000000e+00 7.445804476737976074e-01 3.708181381225585938e-01 5.764349102973937988e-01
4.323721528053283691e-01 0.000000000000000000e+00 1.000000000000000000e+00 7.445804476737976074e-01 3.708181381225585938e-01 5.764349102973937988e-01
4.323721528053283691e-01 0.000000000000000000e+00 1.000000000000000000e+00 7.445804476737976074e-01 3.708181381225585938e-01 5.764349102973937988e-01
4.323721528053283691e-01 0.000000000000000000e+00 1.000000000000000000e+00 7.445804476737976074e-01 3.708181381225585938e-01 5.764349102973937988e-01
4.323721528053283691e-01 0.000000000000000000e+00 1.000000000000000000e+00 7.445804476737976074e-01 3.708181381225585938e-01 5.764349102973937988e-01
4.323721528053283691e-01 0.000000000000000000e+00 1.000000000000000000e+00 7.445804476737976074e-01 3.708181381225585938e-01 5.764349102973937988e-01
4.323721528053283691e-01 0.000000000000000000e+00 1.000000000000000000e+00 7.445804476737976074e-01 3.708181381225585938e-01 5.764349102973937988e-01
4.323721528053283691e-01 0.000000000000000000e+00 1.000000000000000000e+00 7.445804476737976074e-01 3.708181381225585938e-01 5.764349102973937988e-01
4.323721528053283691e-01 0.000000000000000000e+00 1.000000000000000000e+00 7.445804476737976074e-01 3.708181381225585938e-01 5.764349102973937988e-01
4.323721528053283691e-01 0.000000000000000000e+00 1.000000000000000000e+00 7.445804476737976074e-01 3.708181381225585938e-01 5.764349102973937988e-01
4.323721528053283691e-01 0.000000000000000000e+00 1.000000000000000000e+00 7.445804476737976074e-01 3.708181381225585938e-01 5.764349102973937988e-01
4.323721528053283691e-01 0.000000000000000000e+00 1.000000000000000000e+00 7.445804476737976074e-01 3.708181381225585938e-01 5.764349102973937988e-01
4.323721528053283691e-01 0.000000000000000000e+00 1.000000000000000000e+00 7.445804476737976074e-01 3.708181381225585938e-01 5.764349102973937988e-01
4.323721528053283691e-01 0.000000000000000000e+00 1.000000000000000000e+00 7.445804476737976074e-01 3.708181381225585938e-01 5.764349102973937988e-01
4.323721528053283691e-01 0.000000000000000000e+00 1.000000000000000000e+00 7.445804476737976074e-01 3.708181381225585938e-01 5.764349102973937988e-01
4.323721528053283691e-01 0.000000000000000000e+00 1.000000000000000000e+00 7.445804476737976074e-01 3.708181381225585938e-01 5.764349102973937988e-01
4.323721528053283691e-01 0.000000000000000000e+00 1.000000000000000000e+00 7.445804476737976074e-01 3.708181381225585938e-01 5.764349102973937988e-01
4.323721528053283691e-01 0.000000000000000000e+00 1.000000000000000000e+00 7.445804476737976074e-01 3.708181381225585938e-01 5.764349102973937988e-01
4.323721528053283691e-01 0.000000000000000000e+00 1.000000000000000000e+00 7.445804476737976074e-01 3.708181381225585938e-01 5.764349102973937988e-01
4.323721528053283691e-01 0.000000000000000000e+00 1.000000000000000000e+00 7.445804476737976074e-01 3.708181381225585938e-01 5.764349102973937988e-01
4.323721528053283691e-01 0.000000000000000000e+00 1.000000000000000000e+00 7.445804476737976074e-01 3.708181381225585938e-01 5.764349102973937988e-01
4.323721528053283691e-01 0.000000000000000000e+00 1.000000000000000000e+00 7.445804476737976074e-01 3.708181381225585938e-01 5.764349102973937988e-01
