0.000000000000000000e+00 0.000000000000000000e+00 1.000000000000000000e+00 4.214929204536012053e-01 0.000000000000000000e+00 1.482695879031092900e-02
0.000000000000000000e+00 0.000000000000000000e+00 1.000000000000000000e+00 0.000000000000000000e+00 8.226475815743098385e-01 0.000000000000000000e+00
3.183423867528312745e-01 8.611854307915769655e-03 1.000000000000000000e+00 4.640979189199104238e-01 6.471312357519680702e-01 0.000000000000000000e+00
6.577890956477242534e-01 1.351646882362480817e-01 7.890939106966768923e-01 1.419145296561346616e-02 4.327033896581253813e-01 0.000000000000000000e+00
7.859508238424951498e-01 0.000000000000000000e+00 8.368524346122334645e-01 6.953482444172874866e-01 0.000000000000000000e+00 5.086398006220935741e-01
7.021526828662406627e-01 0.000000000000000000e+00 9.128394103576734642e-01 7.540963910455555919e-01 0.000000000000000000e+00 5.359968468370597261e-01
6.605651027005967624e-01 5.148238343877412082e-03 9.379749577910905245e-01 7.817357373375981577e-01 0.000000000000000000e+00 5.355332685293672235e-01
4.381555008170580634e-01 0.000000000000000000e+00 8.677488093418864734e-01 1.000000000000000000e+00 0.000000000000000000e+00 5.447611175519680993e-01
4.621282306598030187e-01 0.000000000000000000e+00 1.000000000000000000e+00 7.388347550106383332e-01 2.390688592164172399e-01 6.040639485479680770e-01
4.253566997279008000e-01 0.000000000000000000e+00 1.000000000000000000e+00 6.221622774400711320e-01 3.055121494689429576e-02 7.093404967426668595e-01
4.491102683944777629e-01 0.000000000000000000e+00 1.000000000000000000e+00 7.707957768986981595e-01 4.086933323082660441e-01 5.358915113110720441e-01
3.886837831794430764e-01 0.000000000000000000e+00 1.000000000000000000e+00 7.874302710317884202e-01 3.937640485471768925e-01 5.421718920812885756e-01
4.701610381035566943e-01 0.000000000000000000e+00 1.000000000000000000e+00 7.599576075763507799e-01 4.054620737320743795e-01 6.046143184448886654e-01
3.564176404935838760e-01 0.000000000000000000e+00 1.000000000000000000e+00 7.677480066650197443e-01 4.906453827510292576e-01 6.622812914694837794e-01
3.317724979630815030e-01 0.000000000000000000e+00 1.000000000000000000e+00 7.611283429558316493e-01 4.464242162191765506e-01 6.476669121167535348e-01
3.551496852579980046e-01 0.000000000000000000e+00 1.000000000000000000e+00 7.317583093849299170e-01 3.288976803337930188e-01 6.182934780175027845e-01
4.505354280501288611e-01 0.000000000000000000e+00 1.000000000000000000e+00 7.320463029880224237e-01 3.383659732988096303e-01 5.864372300465202636e-01
4.495699512812237897e-01 0.000000000000000000e+00 1.000000000000000000e+00 7.309371403331890171e-01 3.385963365643727130e-01 5.865979504709516457e-01
4.262115801544254512e-01 0.000000000000000000e+00 1.000000000000000000e+00 7.063854279066522635e-01 3.324198227822180440e-01 5.400578459734890480e-01
4.265645050027968566e-01 0.000000000000000000e+00 1.000000000000000000e+00 7.052545787137799449e-01 3.319672064044952853e-01 5.376367132136541382e-01
4.303606407713182480e-01 0.000000000000000000e+00 1.000000000000000000e+00 7.063569639812374845e-01 3.340056844844251360e-01 5.404672449727473404e-01
4.309195642301497098e-01 0.000000000000000000e+00 1.000000000000000000e+00 7.080980587477299082e-01 3.351541469037676579e-01 5.394364441923389375e-01
4.294977100458212127e-01 0.000000000000000000e+00 1.000000000000000000e+00 7.081628111229718581e-01 3.338883331413780020e-01 5.382359317811996613e-01
4.340739974979401228e-01 0.000000000000000000e+00 1.000000000000000000e+00 7.139609093463190614e-01 3.233385962244993417e-01 5.408050465569331777e-01
4.346946566598570150e-01 0.000000000000000000e+00 1.000000000000000000e+00 7.144234156581799056e-01 3.225178126107892673e-01 5.409977558718440660e-01
4.361876537745135729e-01 0.000000000000000000e+00 1.000000000000000000e+00 7.094457771315776373e-01 3.287715222697523698e-01 5.404360399625515177e-01
4.306587407991830929e-01 0.000000000000000000e+00 1.000000000000000000e+00 7.015158753791865820e-01 3.427694831639879758e-01 5.436635682174821849e-01
4.288878768819709975e-01 0.000000000000000000e+00 1.000000000000000000e+00 7.009116702862960846e-01 3.408927903824062744e-01 5.446902449396689994e-01
4.277959564610209764e-01 0.000000000000000000e+00 1.000000000000000000e+00 6.982286405042371635e-01 3.432905135224660342e-01 5.432050952953113576e-01
4.267250117295516287e-01 0.000000000000000000e+00 1.000000000000000000e+00 7.004864417004564858e-01 3.428001882802834688e-01 5.448066448245666438e-01
4.260926686861614687e-01 0.000000000000000000e+00 1.000000000000000000e+00 7.018395489236675111e-01 3.409581442553572539e-01 5.444683888736310262e-01
4.258926116218580415e-01 0.000000000000000000e+00 1.000000000000000000e+00 7.015165297318470827e-01 3.413899000762011804e-01 5.446619236804679520e-01
4.294256095644182758e-01 0.000000000000000000e+00 1.000000000000000000e+00 7.006233870079022763e-01 3.443522284701833192e-01 5.457364921336942398e-01
4.288541971742166892e-01 0.000000000000000000e+00 1.000000000000000000e+00 7.028228416589257233e-01 3.422744385797422684e-01 5.461441755772018514e-01
4.236736831693242444e-01 0.000000000000000000e+00 1.000000000000000000e+00 7.035334874892790191e-01 3.417427326616226391e-01 5.485411730750247017e-01
4.238141945078965911e-01 0.000000000000000000e+00 1.000000000000000000e+00 7.042847919027040993e-01 3.412381899395924845e-01 5.487379924813499121e-01
4.294011044274886335e-01 0.000000000000000000e+00 1.000000000000000000e+00 7.006257479554447443e-01 3.435949075369439942e-01 5.432314254141704657e-01
4.289179607824577523e-01 0.000000000000000000e+00 1.000000000000000000e+00 7.014767589084236477e-01 3.425685182992300182e-01 5.426095339017140695e-01
4.234966561422866538e-01 0.000000000000000000e+00 1.000000000000000000e+00 7.007793983670547178e-01 3.474345601479307821e-01 5.485825082171323919e-01
4.219932707377056502e-01 0.000000000000000000e+00 1.000000000000000000e+00 7.016278537289049044e-01 3.466781113591584917e-01 5.492054152228401653e-01
4.218948596121904204e-01 0.000000000000000000e+00 1.000000000000000000e+00 7.023206856082876426e-01 3.457314174782735172e-01 5.480191942813612549e-01
4.189448775543297976e-01 0.000000000000000000e+00 1.000000000000000000e+00 7.037202995764808566e-01 3.453111178011890048e-01 5.477383586861049869e-01
4.203949619434422802e-01 0.000000000000000000e+00 1.000000000000000000e+00 7.111349991968249906e-01 3.396147971626306550e-01 5.420311350266807660e-01
4.119088654795948212e-01 0.000000000000000000e+00 1.000000000000000000e+00 7.153608854036741516e-01 3.341420924579749929e-01 5.421359259968048239e-01
4.078772825027615623e-01 0.000000000000000000e+00 1.000000000000000000e+00 7.154829190082188095e-01 3.292396850962472366e-01 5.440182734991642066e-01
4.088010529463760312e-01 0.000000000000000000e+00 1.000000000000000000e+00 7.101563086865403385e-01 3.366130836523001379e-01 5.421292843102810677e-01
4.103216577303377965e-01 0.000000000000000000e+00 1.000000000000000000e+00 7.104499683388523223e-01 3.384983592625122051e-01 5.434993752386804156e-01
4.091848060107156071e-01 0.000000000000000000e+00 1.000000000000000000e+00 7.105804859852270505e-01 3.381358263555715449e-01 5.435408075993560795e-01
4.061026555314986020e-01 0.000000000000000000e+00 1.000000000000000000e+00 7.093764874972652290e-01 3.372479641719675070e-01 5.443235266271817530e-01
4.137933891586339508e-01 0.000000000000000000e+00 1.000000000000000000e+00 7.038008677827816140e-01 3.445217786207355193e-01 5.461387439637839236e-01
4.117676096912285533e-01 0.000000000000000000e+00 1.000000000000000000e+00 7.018543278384129502e-01 3.474023161470512489e-01 5.455445542331788245e-01
4.073578758813714007e-01 0.000000000000000000e+00 1.000000000000000000e+00 7.058636706514311854e-01 3.406998311299326287e-01 5.456906629400428699e-01
4.079796901798324882e-01 0.000000000000000000e+00 1.000000000000000000e+00 7.055998794376913130e-01 3.404484184445545347e-01 5.452253738391386051e-01
4.063047584181949667e-01 0.000000000000000000e+00 1.000000000000000000e+00 6.925587642479333894e-01 3.528715027522711378e-01 5.377397252752028622e-01
3.962080430753397442e-01 0.000000000000000000e+00 1.000000000000000000e+00 6.925357967000240755e-01 3.544110953901665750e-01 5.381658626864486150e-01
4.050124144909140189e-01 0.000000000000000000e+00 1.000000000000000000e+00 6.856873136269814317e-01 3.608922745869616588e-01 5.396946596854339528e-01
4.038384055560566011e-01 0.000000000000000000e+00 1.000000000000000000e+00 6.857884019240636508e-01 3.601686679300986071e-01 5.397880748555214936e-01
4.291287869437074853e-01 0.000000000000000000e+00 1.000000000000000000e+00 6.843565832444645780e-01 3.649080325591129714e-01 5.417096551030432527e-01
4.302583681688542105e-01 0.000000000000000000e+00 1.000000000000000000e+00 6.857458661455472226e-01 3.603165922715528269e-01 5.448262283788767313e-01
4.306498672348616497e-01 0.000000000000000000e+00 1.000000000000000000e+00 6.858381763046370594e-01 3.603661703896658408e-01 5.446853061860785772e-01
4.305518629369137762e-01 0.000000000000000000e+00 1.000000000000000000e+00 6.862613875468176472e-01 3.573189898662397224e-01 5.442936084392779872e-01
4.351267051233500549e-01 0.000000000000000000e+00 1.000000000000000000e+00 6.832825957141251960e-01 3.597892854518960348e-01 5.448543859686197921e-01
4.353127636485140117e-01 0.000000000000000000e+00 1.000000000000000000e+00 6.827643867105843700e-01 3.601917717521638251e-01 5.449535195739534377e-01
4.338374985419851670e-01 0.000000000000000000e+00 1.000000000000000000e+00 6.815352045383287205e-01 3.611085032589207988e-01 5.436388720806586417e-01
4.235162022564996631e-01 0.000000000000000000e+00 1.000000000000000000e+00 6.581533996476732762e-01 3.882248588726948668e-01 5.414570189455263360e-01
4.237206807010270304e-01 0.000000000000000000e+00 1.000000000000000000e+00 6.593582094337331334e-01 3.877318195753073904e-01 5.418343714091110597e-01
4.296319546392075028e-01 0.000000000000000000e+00 1.000000000000000000e+00 6.664089401876241991e-01 3.800748594700572025e-01 5.435993207757864321e-01
4.337389266400284438e-01 0.000000000000000000e+00 1.000000000000000000e+00 6.692443130741461133e-01 3.804088859852075566e-01 5.447894140110318695e-01
4.336501975504877815e-01 0.000000000000000000e+00 1.000000000000000000e+00 6.691175214521247749e-01 3.803970972601187772e-01 5.447177487793595230e-01
4.375239868310499824e-01 0.000000000000000000e+00 1.000000000000000000e+00 6.729367835683482957e-01 3.793222822195824739e-01 5.457932062688113373e-01
4.373148194893004548e-01 0.000000000000000000e+00 1.000000000000000000e+00 6.729897066429940677e-01 3.796888312907057972e-01 5.457455808893337812e-01
4.375344672227573506e-01 0.000000000000000000e+00 1.000000000000000000e+00 6.727251334912786040e-01 3.798933905351318807e-01 5.455505695925709775e-01
4.371044727727256829e-01 0.000000000000000000e+00 1.000000000000000000e+00 6.718718339147117247e-01 3.806416143429706134e-01 5.466405384155382796e-01
4.369242555677401718e-01 0.000000000000000000e+00 1.000000000000000000e+00 6.717220390689716547e-01 3.813642456628851263e-01 5.466040109833024685e-01
4.371253438662365820e-01 0.000000000000000000e+00 1.000000000000000000e+00 6.728767122979717463e-01 3.763387928607641042e-01 5.477156651776819984e-01
4.448375637463556909e-01 0.000000000000000000e+00 1.000000000000000000e+00 6.774431469471532408e-01 3.700006337398905054e-01 5.483760278356244466e-01
4.430835579262830115e-01 0.000000000000000000e+00 1.000000000000000000e+00 6.766997209130594104e-01 3.750506431211236835e-01 5.493525733691096979e-01
4.410173994601927494e-01 0.000000000000000000e+00 1.000000000000000000e+00 6.752633572463259126e-01 3.790585698679925231e-01 5.501717778669761305e-01
4.412058042498573918e-01 0.000000000000000000e+00 1.000000000000000000e+00 6.751416052347433139e-01 3.790806707011167287e-01 5.500251165321065061e-01
4.412808607551416129e-01 0.000000000000000000e+00 1.000000000000000000e+00 6.752637868009966349e-01 3.788403711714045663e-01 5.516975729875656098e-01
4.542879854179258658e-01 0.000000000000000000e+00 1.000000000000000000e+00 6.616153763269237986e-01 4.054059417787959085e-01 5.414919742637748223e-01
4.604649181356993970e-01 0.000000000000000000e+00 1.000000000000000000e+00 6.609834832101468827e-01 4.065087938112169619e-01 5.454402763328380921e-01
4.611865118430089061e-01 0.000000000000000000e+00 1.000000000000000000e+00 6.609362868522006274e-01 4.067070412421140424e-01 5.458493447442765989e-01
5.462413937672893072e-01 0.000000000000000000e+00 1.000000000000000000e+00 6.428616499495727332e-01 4.031848214868615776e-01 5.767135902786303392e-01
5.421303460362896232e-01 0.000000000000000000e+00 1.000000000000000000e+00 6.447940880931897212e-01 4.067668203362403978e-01 5.748044799343704492e-01
5.380824276609867951e-01 0.000000000000000000e+00 1.000000000000000000e+00 6.410552263616586810e-01 4.145959006856892448e-01 5.756385506873344937e-01
5.388358678942993807e-01 0.000000000000000000e+00 1.000000000000000000e+00 6.407676713327555840e-01 4.148820640190685194e-01 5.758324325336182659e-01
5.315716118513705846e-01 0.000000000000000000e+00 1.000000000000000000e+00 6.316003300051863389e-01 4.306381819538982469e-01 5.827721618112376989e-01
5.313897027674973073e-01 0.000000000000000000e+00 1.000000000000000000e+00 6.317096851808905456e-01 4.301362870923373660e-01 5.825216385484943693e-01
5.385049123355787337e-01 0.000000000000000000e+00 1.000000000000000000e+00 6.243488330669377806e-01 4.268432250654551896e-01 5.856352918440206334e-01
5.375253600012489530e-01 0.000000000000000000e+00 1.000000000000000000e+00 6.233526848641885998e-01 4.254781978027521450e-01 5.845577353171871327e-01
5.377087345552438169e-01 0.000000000000000000e+00 1.000000000000000000e+00 6.234769761706204783e-01 4.237380871843802743e-01 5.857369927909287233e-01
5.414287945113851475e-01 0.000000000000000000e+00 1.000000000000000000e+00 6.151598589558445740e-01 4.240297071680706464e-01 5.875211590893956171e-01
5.365111359700385218e-01 0.000000000000000000e+00 1.000000000000000000e+00 6.222793929498297016e-01 4.230620415197652306e-01 5.889717053534370139e-01
5.355215640941090038e-01 0.000000000000000000e+00 1.000000000000000000e+00 6.229156282709534809e-01 4.231601076814493489e-01 5.886719346240449902e-01
5.355427534370966747e-01 0.000000000000000000e+00 1.000000000000000000e+00 6.234718505962812962e-01 4.229554325584146679e-01 5.883498845881576234e-01
5.409728488106595456e-01 0.000000000000000000e+00 1.000000000000000000e+00 6.214368910869954021e-01 4.216049868611593809e-01 5.899987527331523873e-01
5.358845015615903984e-01 0.000000000000000000e+00 1.000000000000000000e+00 6.286358526761930410e-01 4.247902715812238439e-01 5.841686075078773577e-01
5.303407545881883012e-01 0.000000000000000000e+00 1.000000000000000000e+00 6.309521847466951217e-01 4.262228649322262752e-01 5.825085987639373464e-01
5.333065967985964884e-01 0.000000000000000000e+00 1.000000000000000000e+00 6.299032675740622311e-01 4.261776432984792917e-01 5.829974122176982965e-01
