1.000000000000000000e+00 5.568212832730977668e-01 1.000000000000000000e+00 1.000000000000000000e+00
1.000000000000000000e+00 5.879757346689031827e-01 1.000000000000000000e+00 1.000000000000000000e+00
1.000000000000000000e+00 6.296485679167308502e-01 1.000000000000000000e+00 1.000000000000000000e+00
1.000000000000000000e+00 7.693656134580971750e-01 1.000000000000000000e+00 1.000000000000000000e+00
1.000000000000000000e+00 7.067665884558255174e-01 1.000000000000000000e+00 1.000000000000000000e+00
1.000000000000000000e+00 7.041301358025030543e-01 1.000000000000000000e+00 1.000000000000000000e+00
1.000000000000000000e+00 6.075340927937730173e-01 1.000000000000000000e+00 1.000000000000000000e+00
1.000000000000000000e+00 5.941138341077888407e-01 1.000000000000000000e+00 9.624752771962115094e-01
1.000000000000000000e+00 6.098716798631450553e-01 1.000000000000000000e+00 1.000000000000000000e+00
1.000000000000000000e+00 5.965864894390314754e-01 1.000000000000000000e+00 1.000000000000000000e+00
1.000000000000000000e+00 6.822338858640378811e-01 1.000000000000000000e+00 1.000000000000000000e+00
1.000000000000000000e+00 7.285314029942898673e-01 1.000000000000000000e+00 8.682313994340761232e-01
1.000000000000000000e+00 5.765906839482140001e-01 1.000000000000000000e+00 5.836024642771586723e-01
1.000000000000000000e+00 6.715009397957534265e-01 1.000000000000000000e+00 1.000000000000000000e+00
1.000000000000000000e+00 7.235655243195924236e-01 1.000000000000000000e+00 1.000000000000000000e+00
1.000000000000000000e+00 7.215256631428612621e-01 1.000000000000000000e+00 1.000000000000000000e+00
1.000000000000000000e+00 7.424100892879860192e-01 1.000000000000000000e+00 1.000000000000000000e+00
1.000000000000000000e+00 6.939666239402580983e-01 1.000000000000000000e+00 1.000000000000000000e+00
1.000000000000000000e+00 7.122684351352427390e-01 1.000000000000000000e+00 9.261422510969924415e-01
1.000000000000000000e+00 6.595946763953719483e-01 1.000000000000000000e+00 9.940230751897222161e-01
1.000000000000000000e+00 6.826556795515845710e-01 1.000000000000000000e+00 9.831358672766871143e-01
1.000000000000000000e+00 8.258501080889935064e-01 1.000000000000000000e+00 1.000000000000000000e+00
1.000000000000000000e+00 7.016755188448784430e-01 1.000000000000000000e+00 1.000000000000000000e+00
1.000000000000000000e+00 6.892959966244012193e-01 1.000000000000000000e+00 1.000000000000000000e+00
1.000000000000000000e+00 6.608426593855166731e-01 1.000000000000000000e+00 1.000000000000000000e+00
1.000000000000000000e+00 5.800530264390389990e-01 9.649902785840805963e-01 1.000000000000000000e+00
1.000000000000000000e+00 5.698236804371626940e-01 9.508396817623768760e-01 1.000000000000000000e+00
1.000000000000000000e+00 5.644521261978366899e-01 9.392119156389031609e-01 1.000000000000000000e+00
1.000000000000000000e+00 5.711424120162030826e-01 9.468067505647878024e-01 1.000000000000000000e+00
1.000000000000000000e+00 5.465216247061868149e-01 9.337920092660096927e-01 1.000000000000000000e+00
1.000000000000000000e+00 5.483148255335381638e-01 8.905449921455762530e-01 1.000000000000000000e+00
1.000000000000000000e+00 5.504621053631325589e-01 9.022020889496381590e-01 1.000000000000000000e+00
1.000000000000000000e+00 5.563970725068418943e-01 9.070433854601258616e-01 1.000000000000000000e+00
1.000000000000000000e+00 5.604381709359229635e-01 9.168863087243696031e-01 1.000000000000000000e+00
1.000000000000000000e+00 6.165245577542562971e-01 9.516842115123476109e-01 1.000000000000000000e+00
1.000000000000000000e+00 6.160500363873420149e-01 9.513873289443097736e-01 1.000000000000000000e+00
1.000000000000000000e+00 6.314878694091378142e-01 9.836307391565413116e-01 1.000000000000000000e+00
1.000000000000000000e+00 6.271860679858867194e-01 9.774125921178263843e-01 1.000000000000000000e+00
1.000000000000000000e+00 6.591186571464475730e-01 1.000000000000000000e+00 1.000000000000000000e+00
1.000000000000000000e+00 6.523509202036107402e-01 1.000000000000000000e+00 1.000000000000000000e+00
1.000000000000000000e+00 6.412579373900479940e-01 1.000000000000000000e+00 1.000000000000000000e+00
1.000000000000000000e+00 6.361653030865540570e-01 1.000000000000000000e+00 1.000000000000000000e+00
1.000000000000000000e+00 6.026839149174660903e-01 1.000000000000000000e+00 1.000000000000000000e+00
1.000000000000000000e+00 5.886762343226381589e-01 1.000000000000000000e+00 1.000000000000000000e+00
1.000000000000000000e+00 6.129417543912323296e-01 1.000000000000000000e+00 1.000000000000000000e+00
1.000000000000000000e+00 6.330243570949146692e-01 1.000000000000000000e+00 1.000000000000000000e+00
1.000000000000000000e+00 6.330664015274365397e-01 1.000000000000000000e+00 1.000000000000000000e+00
1.000000000000000000e+00 5.417464415892446761e-01 1.000000000000000000e+00 1.000000000000000000e+00
1.000000000000000000e+00 5.460899071658983361e-01 1.000000000000000000e+00 1.000000000000000000e+00
1.000000000000000000e+00 5.452378510560306202e-01 1.000000000000000000e+00 1.000000000000000000e+00
1.000000000000000000e+00 5.397820848058543231e-01 1.000000000000000000e+00 1.000000000000000000e+00
1.000000000000000000e+00 5.469372656964762713e-01 1.000000000000000000e+00 1.000000000000000000e+00
1.000000000000000000e+00 5.442634082877019219e-01 1.000000000000000000e+00 1.000000000000000000e+00
1.000000000000000000e+00 5.488882985081106058e-01 1.000000000000000000e+00 1.000000000000000000e+00
1.000000000000000000e+00 5.542502940634013164e-01 1.000000000000000000e+00 1.000000000000000000e+00
1.000000000000000000e+00 5.535328020134653304e-01 1.000000000000000000e+00 1.000000000000000000e+00
1.000000000000000000e+00 5.463111956384233414e-01 1.000000000000000000e+00 1.000000000000000000e+00
1.000000000000000000e+00 5.503256929660635954e-01 1.000000000000000000e+00 1.000000000000000000e+00
1.000000000000000000e+00 5.175821250648515726e-01 1.000000000000000000e+00 1.000000000000000000e+00
1.000000000000000000e+00 5.146148804850059211e-01 1.000000000000000000e+00 1.000000000000000000e+00
1.000000000000000000e+00 5.155940275738210010e-01 1.000000000000000000e+00 1.000000000000000000e+00
1.000000000000000000e+00 5.139555165444487095e-01 1.000000000000000000e+00 1.000000000000000000e+00
1.000000000000000000e+00 5.152208060571557002e-01 1.000000000000000000e+00 1.000000000000000000e+00
1.000000000000000000e+00 5.127241254139404125e-01 1.000000000000000000e+00 1.000000000000000000e+00
1.000000000000000000e+00 5.128282762047930987e-01 1.000000000000000000e+00 1.000000000000000000e+00
1.000000000000000000e+00 5.128478763097064075e-01 1.000000000000000000e+00 1.000000000000000000e+00
1.000000000000000000e+00 5.167988789331731114e-01 1.000000000000000000e+00 1.000000000000000000e+00
1.000000000000000000e+00 4.954712692912056626e-01 9.898546954424023436e-01 1.000000000000000000e+00
1.000000000000000000e+00 4.931883968347316460e-01 9.932366887284062029e-01 1.000000000000000000e+00
1.000000000000000000e+00 4.940926856741481021e-01 9.874215042759897365e-01 1.000000000000000000e+00
1.000000000000000000e+00 5.101772616483033485e-01 9.747468708412858618e-01 1.000000000000000000e+00
1.000000000000000000e+00 5.239577911383306308e-01 9.996438093216193366e-01 1.000000000000000000e+00
1.000000000000000000e+00 5.162661654110525244e-01 9.822533914463053017e-01 1.000000000000000000e+00
1.000000000000000000e+00 5.165777402278386443e-01 9.823661590644128250e-01 1.000000000000000000e+00
1.000000000000000000e+00 4.998855822192927456e-01 9.861021543543230239e-01 9.968850078752843347e-01
1.000000000000000000e+00 5.084559076880157402e-01 9.605615263651600122e-01 1.000000000000000000e+00
1.000000000000000000e+00 5.103428234758209392e-01 9.638169732455981187e-01 1.000000000000000000e+00
1.000000000000000000e+00 5.094374685840603600e-01 9.656845674295136961e-01 1.000000000000000000e+00
1.000000000000000000e+00 5.162262714466560043e-01 9.558160030903964932e-01 1.000000000000000000e+00
1.000000000000000000e+00 5.173689968020706020e-01 9.724343845549091592e-01 1.000000000000000000e+00
1.000000000000000000e+00 5.240117720764386755e-01 9.962637469212447527e-01 1.000000000000000000e+00
1.000000000000000000e+00 5.221652035465035313e-01 9.942763641149486853e-01 1.000000000000000000e+00
1.000000000000000000e+00 4.855922378651477134e-01 9.249299184518090522e-01 1.000000000000000000e+00
1.000000000000000000e+00 4.860505127183653573e-01 9.183802146213897455e-01 1.000000000000000000e+00
1.000000000000000000e+00 4.921492425088629385e-01 9.362501753265671800e-01 1.000000000000000000e+00
1.000000000000000000e+00 4.870789264658206275e-01 9.380414553886470275e-01 1.000000000000000000e+00
1.000000000000000000e+00 4.929807733103899747e-01 9.402960728263948242e-01 1.000000000000000000e+00
1.000000000000000000e+00 4.930966056765829775e-01 9.388040774838702918e-01 1.000000000000000000e+00
1.000000000000000000e+00 4.966762330589554186e-01 9.396049539676373241e-01 1.000000000000000000e+00
1.000000000000000000e+00 4.966162849742237206e-01 9.394799331561226596e-01 1.000000000000000000e+00
1.000000000000000000e+00 4.986750391239984093e-01 9.277652543826707676e-01 1.000000000000000000e+00
1.000000000000000000e+00 5.004380994298444074e-01 9.326346649855775661e-01 1.000000000000000000e+00
1.000000000000000000e+00 4.887764398070838512e-01 9.277067542298039760e-01 9.861252945993462804e-01
1.000000000000000000e+00 4.889331191276113930e-01 9.272371080914250108e-01 9.910680855717222126e-01
1.000000000000000000e+00 4.889946506208877053e-01 9.263613420135219378e-01 9.875759553211547193e-01
1.000000000000000000e+00 4.881243465821104022e-01 9.270842811634900649e-01 9.990471129441533815e-01
1.000000000000000000e+00 4.878453529478178341e-01 9.268563435041111687e-01 1.000000000000000000e+00
1.000000000000000000e+00 4.886963764491693563e-01 9.257177838174308615e-01 1.000000000000000000e+00
1.000000000000000000e+00 4.421441130422359422e-01 8.872166119482471913e-01 7.507372405856991282e-01
1.000000000000000000e+00 4.421997481597447210e-01 8.866206521541047936e-01 7.524957650090793315e-01
