1.029131034971460523e-01
2.686606648303540568e-01
3.627636853587831722e-01
3.667223406654085971e-01
4.261976636162526644e-01
4.505689473918836896e-01
5.295104306898256175e-01
9.931867369433174941e-01
9.894695151958203816e-01
9.669457084982869821e-01
9.704752034804579042e-01
9.769012011587132616e-01
1.051032036297185446e+00
8.455157157663820700e-01
1.076136502681441343e+00
1.070890813552682008e+00
1.070868016978363091e+00
1.077526007433719402e+00
1.077517955035893982e+00
1.077471142598880993e+00
1.077479399848413566e+00
1.077475752380188778e+00
1.077470478961957134e+00
1.077406688946954905e+00
1.077415015513045082e+00
1.077561625715199423e+00
1.077579585544818697e+00
1.077568919520851098e+00
1.077568065265195330e+00
1.077588485771018734e+00
1.092703840710715468e+00
1.098714896808488772e+00
1.098705207406551310e+00
1.097849166131191545e+00
1.098371334942269240e+00
1.098400772172300366e+00
1.098640760704073127e+00
1.098636053250830136e+00
1.098606700665057501e+00
1.098738272656790249e+00
1.098736701658128423e+00
1.098733551543328524e+00
1.098749444534423247e+00
1.098745976959908832e+00
1.098746670705409434e+00
1.098747932268896887e+00
1.098752884706279076e+00
1.098747408117088042e+00
1.098751948127378419e+00
1.098751385390879243e+00
1.098750730995861513e+00
1.098751513069160080e+00
1.086286626473828676e+00
1.098747114855623597e+00
1.098741434706030473e+00
1.085965601893850829e+00
1.098744290927596401e+00
1.098742332116149356e+00
1.098746968843653748e+00
1.098738986436721632e+00
1.098737031998292313e+00
1.098731361263637574e+00
1.098732808282938622e+00
1.098732903198060162e+00
1.087880839414950840e+00
1.087882422829868023e+00
1.098734930575737456e+00
1.098732929977779715e+00
1.098733489439149391e+00
1.098737472481760236e+00
1.098740934568556371e+00
1.087879096036311166e+00
1.098732343016291635e+00
1.098731502379153291e+00
1.098727654101062434e+00
1.098718759119398758e+00
1.098720050512574931e+00
1.098727744938225781e+00
1.098728617441214972e+00
1.098733544787663607e+00
1.098732367323047354e+00
1.098731570192665430e+00
1.098733824824007721e+00
1.098733826315621220e+00
1.098734233485257006e+00
1.098743556240163954e+00
1.098743125067185522e+00
1.098740882669225538e+00
1.098740155183870026e+00
1.098739920132825620e+00
1.098739384696318044e+00
1.098738756698159458e+00
1.098738844787018554e+00
1.098731445607340262e+00
1.098731020079744436e+00
1.098730383878699257e+00
1.098730448666432657e+00
1.098733761390829455e+00
1.098733069517413341e+00
1.098733280797305145e+00
