8.544578863577183547e-01 2.323735736706835087e-01 9.035330561729102428e-01 1.000000000000000000e+00
8.288852521476891555e-01 2.120191927105889718e-01 8.800925353508651794e-01 1.000000000000000000e+00
8.210784863934120770e-01 3.452743521273340943e-01 1.000000000000000000e+00 9.525503190616300131e-01
7.968535353204414529e-01 3.565031517170241249e-01 1.000000000000000000e+00 9.468967177998489637e-01
8.176127746626226100e-01 3.410906573215436999e-01 1.000000000000000000e+00 9.584388751338023260e-01
1.000000000000000000e+00 3.619853291158575681e-01 1.000000000000000000e+00 8.633253655494924628e-01
9.936713519565861796e-01 3.814298669269999276e-01 1.000000000000000000e+00 9.046380662124150485e-01
9.334602770091613433e-01 3.130307921666835025e-01 1.000000000000000000e+00 8.490081690576044560e-01
9.298041509114773895e-01 3.066050545605034650e-01 1.000000000000000000e+00 8.484742298977550057e-01
9.318367956245278139e-01 3.022393637736816019e-01 1.000000000000000000e+00 8.446943262543860076e-01
9.326683850032803091e-01 3.023933036007829256e-01 1.000000000000000000e+00 8.464519341816714171e-01
9.061680507862027723e-01 3.019829667185580657e-01 1.000000000000000000e+00 8.128875461772396838e-01
9.092738377925523308e-01 3.035570636250245480e-01 1.000000000000000000e+00 8.236360861230670460e-01
9.047306771945022863e-01 2.986965158822510458e-01 1.000000000000000000e+00 8.296937653866436335e-01
9.048991620918094281e-01 2.989281046230113370e-01 1.000000000000000000e+00 8.294510025772460216e-01
9.052008132089742753e-01 2.989737883908424876e-01 1.000000000000000000e+00 8.292285664860041816e-01
9.050823993864680617e-01 2.995383090195060105e-01 1.000000000000000000e+00 8.291665430451832242e-01
9.053160710035249581e-01 2.964690810921473685e-01 1.000000000000000000e+00 8.288963686241991313e-01
9.051197526689082062e-01 2.962668597547786220e-01 1.000000000000000000e+00 8.290942815457202908e-01
9.050668860950725758e-01 2.963644947508722316e-01 1.000000000000000000e+00 8.291317995493139303e-01
9.051307475802755631e-01 2.963749401675237483e-01 1.000000000000000000e+00 8.290741572453794728e-01
9.054814660421611761e-01 2.965274705358046381e-01 1.000000000000000000e+00 8.291699040490193573e-01
9.059672906049961449e-01 2.971174762529534830e-01 1.000000000000000000e+00 8.289950129051903982e-01
9.059375564233757006e-01 2.968167986394262270e-01 1.000000000000000000e+00 8.290432723241795143e-01
9.055205177593437238e-01 2.962556730318037235e-01 1.000000000000000000e+00 8.291398988521909708e-01
9.056452881097843965e-01 2.963144910884644156e-01 1.000000000000000000e+00 8.290491741184350394e-01
9.056165622427736484e-01 2.957701584931358707e-01 1.000000000000000000e+00 8.295168033009907571e-01
9.056524563268367745e-01 2.951253246284086806e-01 1.000000000000000000e+00 8.294928344574241663e-01
9.056484313264668851e-01 2.950962379381260048e-01 1.000000000000000000e+00 8.294741374336176420e-01
9.067854536196476856e-01 2.969143107235062140e-01 1.000000000000000000e+00 8.295615861693044213e-01
9.068441681059845605e-01 2.970221834043285658e-01 1.000000000000000000e+00 8.295289819623357097e-01
9.069670860740983720e-01 2.942444162982383316e-01 1.000000000000000000e+00 8.286641570366858334e-01
9.079170897089309245e-01 2.966899907107717893e-01 1.000000000000000000e+00 8.289730048311101385e-01
9.082611406716288860e-01 2.963439929479165791e-01 1.000000000000000000e+00 8.289644914233459394e-01
9.083574663019527984e-01 2.967563624927258004e-01 1.000000000000000000e+00 8.290463376767140957e-01
9.098723463010240931e-01 2.959484683819181838e-01 1.000000000000000000e+00 8.284481415759414880e-01
9.109027475982545141e-01 2.947794612377300782e-01 1.000000000000000000e+00 8.272329094580078701e-01
9.075091935823216271e-01 2.953696334534563483e-01 1.000000000000000000e+00 8.289305667633946051e-01
9.080120921298430181e-01 2.949339361067488396e-01 1.000000000000000000e+00 8.283364816807395892e-01
9.081350175244543577e-01 2.948572063820831812e-01 1.000000000000000000e+00 8.280574068369467300e-01
9.082192601336405158e-01 2.948713203256704274e-01 1.000000000000000000e+00 8.279971785176697407e-01
9.065871496269484187e-01 2.952471808491123895e-01 1.000000000000000000e+00 8.297911604236979377e-01
9.064807251659118270e-01 2.950332858688667903e-01 1.000000000000000000e+00 8.296429974837182808e-01
9.068078820017680952e-01 2.944569111204624057e-01 1.000000000000000000e+00 8.298331808108260210e-01
9.071727380522027762e-01 2.951342216170764199e-01 1.000000000000000000e+00 8.297270094606919999e-01
9.071424400000911437e-01 2.948843264803439057e-01 1.000000000000000000e+00 8.297783460402288203e-01
9.073819327445985516e-01 2.949437997779395526e-01 1.000000000000000000e+00 8.299257480699983036e-01
9.075763627569519709e-01 2.948525070378861246e-01 1.000000000000000000e+00 8.294658246398726176e-01
9.075326711910209898e-01 2.949117919263020138e-01 1.000000000000000000e+00 8.294293314360430269e-01
9.074084715727346317e-01 2.944750943721704539e-01 1.000000000000000000e+00 8.295586136258411569e-01
9.078406260425730956e-01 2.944668351224050684e-01 1.000000000000000000e+00 8.296212928626260918e-01
9.079549597621614510e-01 2.944446259975672664e-01 1.000000000000000000e+00 8.294977992054712868e-01
9.079099173601722361e-01 2.943833591253236515e-01 1.000000000000000000e+00 8.295058333213419788e-01
9.079227559681530835e-01 2.942966974105115652e-01 1.000000000000000000e+00 8.293934546897921978e-01
9.081812786458097753e-01 2.939587822192303856e-01 1.000000000000000000e+00 8.293048512989430465e-01
9.077487548023408515e-01 2.933289036287877183e-01 1.000000000000000000e+00 8.295551398615031991e-01
9.088891298676542441e-01 2.955655182609470133e-01 1.000000000000000000e+00 8.285198886848486044e-01
9.098580268416902594e-01 2.931187002319057822e-01 1.000000000000000000e+00 8.283832902817975796e-01
9.102190394428980591e-01 2.940242141115427810e-01 1.000000000000000000e+00 8.283001899202847573e-01
9.102291440558275548e-01 2.938705525173370692e-01 1.000000000000000000e+00 8.282330345812570771e-01
9.104024873803061579e-01 2.941166970884228626e-01 1.000000000000000000e+00 8.282746649486856239e-01
9.103883759105235729e-01 2.940733309355550440e-01 1.000000000000000000e+00 8.282916766672686615e-01
9.104166266376378935e-01 2.941621328191052487e-01 1.000000000000000000e+00 8.282018914809211596e-01
9.107814308585776564e-01 2.947570600772990712e-01 1.000000000000000000e+00 8.291364926860362861e-01
9.110208991955278668e-01 2.947571239164872292e-01 1.000000000000000000e+00 8.287721520089886829e-01
9.109384466838149619e-01 2.947187029232102295e-01 1.000000000000000000e+00 8.288678956312968138e-01
9.110462326873195460e-01 2.947524076752042199e-01 1.000000000000000000e+00 8.287597498415415487e-01
9.109629275589583575e-01 2.948211785524804118e-01 1.000000000000000000e+00 8.289551378335671128e-01
9.108621057693783163e-01 2.948077195533052586e-01 1.000000000000000000e+00 8.291077011583890544e-01
9.110830186957254995e-01 2.951937697167309471e-01 1.000000000000000000e+00 8.286936685510454259e-01
9.111667748077011408e-01 2.951688805577249441e-01 1.000000000000000000e+00 8.285529720641958695e-01
9.111840244957637447e-01 2.952011383185815796e-01 1.000000000000000000e+00 8.285402916484965186e-01
9.111817817408620623e-01 2.952140635523067824e-01 1.000000000000000000e+00 8.285763806646843088e-01
9.112203109520802258e-01 2.952160614678764339e-01 1.000000000000000000e+00 8.286100639590665562e-01
9.112203439101770330e-01 2.951648323875216140e-01 1.000000000000000000e+00 8.286295128074571137e-01
9.119267153464885034e-01 2.950634132914289331e-01 1.000000000000000000e+00 8.280556135601343515e-01
9.119856582680341273e-01 2.949529257022422413e-01 1.000000000000000000e+00 8.279383083851451497e-01
9.119865596556986365e-01 2.949717587370968008e-01 1.000000000000000000e+00 8.279072153019669811e-01
9.120056706235626365e-01 2.949840166903497929e-01 1.000000000000000000e+00 8.278928467532086222e-01
9.118762046751947015e-01 2.948179992782746783e-01 1.000000000000000000e+00 8.280934680912487300e-01
9.118299503230675729e-01 2.949264902113614140e-01 1.000000000000000000e+00 8.281776732969312604e-01
9.118023120417378946e-01 2.945778427556080548e-01 1.000000000000000000e+00 8.281783027020718224e-01
9.119932068378258094e-01 2.954033600425077788e-01 1.000000000000000000e+00 8.279882825129831758e-01
9.116569466429101931e-01 2.953397445737123150e-01 1.000000000000000000e+00 8.285805113685820178e-01
9.121518934954012670e-01 2.956764790426411049e-01 1.000000000000000000e+00 8.289511594898762992e-01
9.120798304098304277e-01 2.959858908630164653e-01 1.000000000000000000e+00 8.290749410407821651e-01
9.121498244036811975e-01 2.960574754458907831e-01 1.000000000000000000e+00 8.288872206562166722e-01
9.119041485885867049e-01 2.961340082440424015e-01 1.000000000000000000e+00 8.295023691393924592e-01
9.118617343318828894e-01 2.961492727784885148e-01 1.000000000000000000e+00 8.295751304507291701e-01
9.118808590177172047e-01 2.960249380780831108e-01 1.000000000000000000e+00 8.297093947707204764e-01
9.119986796675525476e-01 2.957963702869919054e-01 1.000000000000000000e+00 8.297098677258032406e-01
9.115179034460664242e-01 2.969268525471384090e-01 1.000000000000000000e+00 8.289607084853417573e-01
9.115805554737576033e-01 2.971317331921860538e-01 1.000000000000000000e+00 8.288364032599695452e-01
9.114845949391729985e-01 2.970319648982275851e-01 1.000000000000000000e+00 8.290169189900079560e-01
9.114391790373198576e-01 2.970863643246339225e-01 1.000000000000000000e+00 8.290466582613980062e-01
9.118338514963226782e-01 2.974864620521818215e-01 1.000000000000000000e+00 8.282563065872183827e-01
9.118837777799347899e-01 2.971914060713209960e-01 1.000000000000000000e+00 8.273313024977119179e-01
9.118698308327998214e-01 2.971924666076668498e-01 1.000000000000000000e+00 8.273781735192797804e-01
9.119536230400946408e-01 2.969678193332435101e-01 1.000000000000000000e+00 8.274572704153680958e-01
9.119353364027167341e-01 2.969844546710557753e-01 1.000000000000000000e+00 8.274817951614064082e-01
