7.380253076553344727e-01 1.858019828796386719e-01 7.804645299911499023e-01 5.887656211853027344e-01
1.000000000000000000e+00 2.787914638551515778e-01 1.000000000000000000e+00 1.000000000000000000e+00
1.000000000000000000e+00 2.787914638551515778e-01 1.000000000000000000e+00 1.000000000000000000e+00
9.601682249650601575e-01 2.946661163110549375e-01 1.000000000000000000e+00 9.756864549216230920e-01
8.788328912596405917e-01 3.308032336730086231e-01 1.000000000000000000e+00 9.291379911870470965e-01
8.788328912596405917e-01 3.308032336730086231e-01 1.000000000000000000e+00 9.291379911870470965e-01
1.000000000000000000e+00 3.407518542227279124e-01 1.000000000000000000e+00 8.109746364921831541e-01
1.000000000000000000e+00 3.407518542227279124e-01 1.000000000000000000e+00 8.109746364921831541e-01
9.351614918327870729e-01 3.164387252015823937e-01 1.000000000000000000e+00 8.500932576897402004e-01
9.458923423543091902e-01 2.944651570149456332e-01 1.000000000000000000e+00 8.386377575888669389e-01
9.458923423543091902e-01 2.944651570149456332e-01 1.000000000000000000e+00 8.386377575888669389e-01
9.458923423543091902e-01 2.944651570149456332e-01 1.000000000000000000e+00 8.386377575888669389e-01
9.046397020799363808e-01 3.010085391637773999e-01 1.000000000000000000e+00 8.044764249540472534e-01
9.046397020799363808e-01 3.010085391637773999e-01 1.000000000000000000e+00 8.044764249540472534e-01
8.935946660681379772e-01 2.922140896019160827e-01 1.000000000000000000e+00 8.374512220820574671e-01
8.947371289897516622e-01 2.966627331206841411e-01 1.000000000000000000e+00 8.358754073422238751e-01
8.947371289897516622e-01 2.966627331206841411e-01 1.000000000000000000e+00 8.358754073422238751e-01
8.947371289897516622e-01 2.966627331206841411e-01 1.000000000000000000e+00 8.358754073422238751e-01
8.947371289897516622e-01 2.966627331206841411e-01 1.000000000000000000e+00 8.358754073422238751e-01
8.947371289897516622e-01 2.966627331206841411e-01 1.000000000000000000e+00 8.358754073422238751e-01
8.947371289897516622e-01 2.966627331206841411e-01 1.000000000000000000e+00 8.358754073422238751e-01
8.947371289897516622e-01 2.966627331206841411e-01 1.000000000000000000e+00 8.358754073422238751e-01
8.947371289897516622e-01 2.966627331206841411e-01 1.000000000000000000e+00 8.358754073422238751e-01
8.947371289897516622e-01 2.966627331206841411e-01 1.000000000000000000e+00 8.358754073422238751e-01
8.947371289897516622e-01 2.966627331206841411e-01 1.000000000000000000e+00 8.358754073422238751e-01
8.947371289897516622e-01 2.966627331206841411e-01 1.000000000000000000e+00 8.358754073422238751e-01
8.969300738089037717e-01 2.877909842764956316e-01 1.000000000000000000e+00 8.360961906462134330e-01
8.969300738089037717e-01 2.877909842764956316e-01 1.000000000000000000e+00 8.360961906462134330e-01
8.969300738089037717e-01 2.877909842764956316e-01 1.000000000000000000e+00 8.360961906462134330e-01
8.947371289897516622e-01 2.966627331206841411e-01 1.000000000000000000e+00 8.358754073422238751e-01
8.947371289897516622e-01 2.966627331206841411e-01 1.000000000000000000e+00 8.358754073422238751e-01
9.054002045531159837e-01 2.846487770176664434e-01 1.000000000000000000e+00 8.273222001898924427e-01
8.947371289897516622e-01 2.966627331206841411e-01 1.000000000000000000e+00 8.358754073422238751e-01
9.054002045531159837e-01 2.846487770176664434e-01 1.000000000000000000e+00 8.273222001898924427e-01
8.969300738089037717e-01 2.877909842764956316e-01 1.000000000000000000e+00 8.360961906462134330e-01
9.054002045531159837e-01 2.846487770176664434e-01 1.000000000000000000e+00 8.273222001898924427e-01
9.054002045531159837e-01 2.846487770176664434e-01 1.000000000000000000e+00 8.273222001898924427e-01
9.054002045531159837e-01 2.846487770176664434e-01 1.000000000000000000e+00 8.273222001898924427e-01
9.054002045531159837e-01 2.846487770176664434e-01 1.000000000000000000e+00 8.273222001898924427e-01
9.054002045531159837e-01 2.846487770176664434e-01 1.000000000000000000e+00 8.273222001898924427e-01
9.054002045531159837e-01 2.846487770176664434e-01 1.000000000000000000e+00 8.273222001898924427e-01
9.054002045531159837e-01 2.846487770176664434e-01 1.000000000000000000e+00 8.273222001898924427e-01
9.054002045531159837e-01 2.846487770176664434e-01 1.000000000000000000e+00 8.273222001898924427e-01
9.054002045531159837e-01 2.846487770176664434e-01 1.000000000000000000e+00 8.273222001898924427e-01
9.054002045531159837e-01 2.846487770176664434e-01 1.000000000000000000e+00 8.273222001898924427e-01
9.054002045531159837e-01 2.846487770176664434e-01 1.000000000000000000e+00 8.273222001898924427e-01
9.054002045531159837e-01 2.846487770176664434e-01 1.000000000000000000e+00 8.273222001898924427e-01
9.054002045531159837e-01 2.846487770176664434e-01 1.000000000000000000e+00 8.273222001898924427e-01
9.054002045531159837e-01 2.846487770176664434e-01 1.000000000000000000e+00 8.273222001898924427e-01
9.054002045531159837e-01 2.846487770176664434e-01 1.000000000000000000e+00 8.273222001898924427e-01
9.054002045531159837e-01 2.846487770176664434e-01 1.000000000000000000e+00 8.273222001898924427e-01
9.054002045531159837e-01 2.846487770176664434e-01 1.000000000000000000e+00 8.273222001898924427e-01
9.054002045531159837e-01 2.846487770176664434e-01 1.000000000000000000e+00 8.273222001898924427e-01
9.054002045531159837e-01 2.846487770176664434e-01 1.000000000000000000e+00 8.273222001898924427e-01
9.054002045531159837e-01 2.846487770176664434e-01 1.000000000000000000e+00 8.273222001898924427e-01
9.054002045531159837e-01 2.846487770176664434e-01 1.000000000000000000e+00 8.273222001898924427e-01
9.054002045531159837e-01 2.846487770176664434e-01 1.000000000000000000e+00 8.273222001898924427e-01
9.054002045531159837e-01 2.846487770176664434e-01 1.000000000000000000e+00 8.273222001898924427e-01
9.054002045531159837e-01 2.846487770176664434e-01 1.000000000000000000e+00 8.273222001898924427e-01
9.054002045531159837e-01 2.846487770176664434e-01 1.000000000000000000e+00 8.273222001898924427e-01
9.054002045531159837e-01 2.846487770176664434e-01 1.000000000000000000e+00 8.273222001898924427e-01
9.054002045531159837e-01 2.846487770176664434e-01 1.000000000000000000e+00 8.273222001898924427e-01
9.054002045531159837e-01 2.846487770176664434e-01 1.000000000000000000e+00 8.273222001898924427e-01
9.054002045531159837e-01 2.846487770176664434e-01 1.000000000000000000e+00 8.273222001898924427e-01
9.054002045531159837e-01 2.846487770176664434e-01 1.000000000000000000e+00 8.273222001898924427e-01
9.054002045531159837e-01 2.846487770176664434e-01 1.000000000000000000e+00 8.273222001898924427e-01
9.054002045531159837e-01 2.846487770176664434e-01 1.000000000000000000e+00 8.273222001898924427e-01
9.054002045531159837e-01 2.846487770176664434e-01 1.000000000000000000e+00 8.273222001898924427e-01
9.054002045531159837e-01 2.846487770176664434e-01 1.000000000000000000e+00 8.273222001898924427e-01
9.054002045531159837e-01 2.846487770176664434e-01 1.000000000000000000e+00 8.273222001898924427e-01
9.054002045531159837e-01 2.846487770176664434e-01 1.000000000000000000e+00 8.273222001898924427e-01
9.054002045531159837e-01 2.846487770176664434e-01 1.000000000000000000e+00 8.273222001898924427e-01
9.054002045531159837e-01 2.846487770176664434e-01 1.000000000000000000e+00 8.273222001898924427e-01
9.054002045531159837e-01 2.846487770176664434e-01 1.000000000000000000e+00 8.273222001898924427e-01
9.054002045531159837e-01 2.846487770176664434e-01 1.000000000000000000e+00 8.273222001898924427e-01
9.054002045531159837e-01 2.846487770176664434e-01 1.000000000000000000e+00 8.273222001898924427e-01
9.054002045531159837e-01 2.846487770176664434e-01 1.000000000000000000e+00 8.273222001898924427e-01
9.054002045531159837e-01 2.846487770176664434e-01 1.000000000000000000e+00 8.273222001898924427e-01
9.054002045531159837e-01 2.846487770176664434e-01 1.000000000000000000e+00 8.273222001898924427e-01
9.054002045531159837e-01 2.846487770176664434e-01 1.000000000000000000e+00 8.273222001898924427e-01
9.054002045531159837e-01 2.846487770176664434e-01 1.000000000000000000e+00 8.273222001898924427e-01
9.054002045531159837e-01 2.846487770176664434e-01 1.000000000000000000e+00 8.273222001898924427e-01
9.054002045531159837e-01 2.846487770176664434e-01 1.000000000000000000e+00 8.273222001898924427e-01
9.054002045531159837e-01 2.846487770176664434e-01 1.000000000000000000e+00 8.273222001898924427e-01
9.054002045531159837e-01 2.846487770176664434e-01 1.000000000000000000e+00 8.273222001898924427e-01
9.054002045531159837e-01 2.846487770176664434e-01 1.000000000000000000e+00 8.273222001898924427e-01
9.054002045531159837e-01 2.846487770176664434e-01 1.000000000000000000e+00 8.273222001898924427e-01
9.054002045531159837e-01 2.846487770176664434e-01 1.000000000000000000e+00 8.273222001898924427e-01
9.054002045531159837e-01 2.846487770176664434e-01 1.000000000000000000e+00 8.273222001898924427e-01
9.054002045531159837e-01 2.846487770176664434e-01 1.000000000000000000e+00 8.273222001898924427e-01
9.054002045531159837e-01 2.846487770176664434e-01 1.000000000000000000e+00 8.273222001898924427e-01
9.054002045531159837e-01 2.846487770176664434e-01 1.000000000000000000e+00 8.273222001898924427e-01
9.054002045531159837e-01 2.846487770176664434e-01 1.000000000000000000e+00 8.273222001898924427e-01
9.054002045531159837e-01 2.846487770176664434e-01 1.000000000000000000e+00 8.273222001898924427e-01
9.054002045531159837e-01 2.846487770176664434e-01 1.000000000000000000e+00 8.273222001898924427e-01
9.054002045531159837e-01 2.846487770176664434e-01 1.000000000000000000e+00 8.273222001898924427e-01
9.054002045531159837e-01 2.846487770176664434e-01 1.000000000000000000e+00 8.273222001898924427e-01
9.054002045531159837e-01 2.846487770176664434e-01 1.000000000000000000e+00 8.273222001898924427e-01
9.054002045531159837e-01 2.846487770176664434e-01 1.000000000000000000e+00 8.273222001898924427e-01
9.054002045531159837e-01 2.846487770176664434e-01 1.000000000000000000e+00 8.273222001898924427e-01
