-2.572026207995908864e-01
7.609130449138270524e-01
2.574654886959264477e-01
-7.254292776087746253e-01
1.273185118987804343e-01
1.838060188145714813e+00
-5.271201071474320710e-01
9.369982918464206945e-01
1.559743711603156280e+00
-2.635806465000081200e-01
2.327709808046844575e+00
1.466344129697105814e+00
2.383668920028720439e+00
2.438629157181578133e+00
2.237082457179474293e+00
2.445141975909370213e+00
2.321258086746381899e+00
2.470463988697708668e+00
2.471326882308044759e+00
5.288504315957566204e-01
2.460874322461217734e+00
2.474746364618404471e+00
2.220575460783813515e+00
2.476477207652155954e+00
2.476544864319907724e+00
2.476658349193408437e+00
2.477483862650662338e+00
2.476945824677819985e+00
2.468846032408410718e+00
3.349746920864356547e-01
-1.646011148761965248e-02
1.181284655851082555e+00
1.770293245717658170e-01
-3.958952594253536406e-01
7.769031879570980070e-01
2.274435292688453902e+00
1.676337549793901260e+00
3.754588503939211563e-02
3.385615390028547944e-01
-4.775281968316054670e-01
1.481395518515461474e+00
-9.349589437088567934e-02
-1.523754698730879764e-01
1.495979907990467428e+00
1.986622838979558991e-01
2.207054539735255450e+00
6.516372740895644000e-01
2.154716468652305483e+00
1.433682234892925900e+00
1.082941582267591185e+00
2.466210491601276811e+00
6.323096890408740345e-01
3.884508121390964908e-01
1.151535406874864664e+00
1.055059403517335237e-01
-2.013975341790722254e-02
5.177266997060903098e-01
1.627121005737416359e+00
8.545338375641998718e-01
-5.734499532141144884e-02
1.675340106838811183e+00
3.986098261537979748e-01
2.844179282405546738e-01
-2.531678589359957071e-02
-3.521697946434853566e-01
2.453566993821666653e+00
1.407716818420435612e+00
1.835914777884715576e+00
-1.203982812023089544e+00
2.187138889663820862e+00
1.318071543688131286e-01
-5.613082000468172517e-01
7.732981221126631333e-01
6.914425998175460775e-01
7.768790862944934261e-01
1.715224069921015004e-01
6.113902667191812856e-01
-1.995235681552367801e-01
-5.691969340596952920e-01
-6.198592279671841787e-01
4.915494709060964640e-01
-9.472821777232116880e-02
-8.503790928803697247e-01
-1.520991841403113859e-02
2.245643815497743390e+00
1.240400645720990680e-01
1.479629110026060568e-01
-1.593283484090386726e-01
-1.140921327012969638e-01
4.113863724628634699e-01
5.040858629640678767e-01
1.506716869647554358e+00
-3.514457201100553707e-01
1.909982284472363290e+00
1.983320405867714520e+00
1.662504895529037796e-01
-4.859286690603131786e-02
8.023885232950529467e-01
3.403176516430732046e-01
8.314306151196577954e-02
6.390808521425829225e-01
-3.155227248472307622e-01
2.871863705217693463e-02
7.966457302978990906e-01
6.878728373435196719e-01
8.336505978562648578e-02
1.248581313470831011e+00
1.321684656005941205e+00
8.929905651568356140e-01
1.681112249938654379e+00
