7.004331106733640011e-01 6.412025699980359317e-01 9.733863086439038526e-01 0.000000000000000000e+00
5.512360405313461165e-01 3.060628990628000423e-01 9.966094108805038099e-01 0.000000000000000000e+00
6.597941329102872121e-01 0.000000000000000000e+00 9.074678753734853887e-01 7.685999072008270483e-02
2.004525729633947206e-01 0.000000000000000000e+00 1.000000000000000000e+00 1.085941180095426339e-01
3.481319493258962505e-01 0.000000000000000000e+00 1.000000000000000000e+00 1.220318624715595879e-01
5.121991407439714372e-01 0.000000000000000000e+00 1.000000000000000000e+00 1.289375734422608666e-01
5.233510750069136908e-01 0.000000000000000000e+00 1.000000000000000000e+00 1.282676663319382016e-01
5.104443305748229687e-01 0.000000000000000000e+00 1.000000000000000000e+00 1.135822779422242107e-01
6.680709503006249106e-01 0.000000000000000000e+00 1.000000000000000000e+00 0.000000000000000000e+00
6.787941281141456340e-01 0.000000000000000000e+00 1.000000000000000000e+00 0.000000000000000000e+00
7.065387838782394292e-01 0.000000000000000000e+00 1.000000000000000000e+00 0.000000000000000000e+00
7.634108012640271612e-01 0.000000000000000000e+00 1.000000000000000000e+00 0.000000000000000000e+00
7.511138357819089340e-01 0.000000000000000000e+00 1.000000000000000000e+00 0.000000000000000000e+00
7.355892250475950522e-01 0.000000000000000000e+00 1.000000000000000000e+00 0.000000000000000000e+00
7.272521364883305361e-01 0.000000000000000000e+00 1.000000000000000000e+00 0.000000000000000000e+00
7.312232342675160091e-01 0.000000000000000000e+00 1.000000000000000000e+00 0.000000000000000000e+00
7.307792606791169154e-01 0.000000000000000000e+00 1.000000000000000000e+00 0.000000000000000000e+00
7.310963093514729616e-01 0.000000000000000000e+00 1.000000000000000000e+00 0.000000000000000000e+00
7.331164474467396497e-01 0.000000000000000000e+00 1.000000000000000000e+00 0.000000000000000000e+00
7.330091843959459785e-01 0.000000000000000000e+00 1.000000000000000000e+00 0.000000000000000000e+00
7.401274690486863150e-01 0.000000000000000000e+00 1.000000000000000000e+00 0.000000000000000000e+00
7.408243474611043711e-01 0.000000000000000000e+00 1.000000000000000000e+00 0.000000000000000000e+00
7.412767449502285499e-01 0.000000000000000000e+00 1.000000000000000000e+00 0.000000000000000000e+00
7.420590763290205727e-01 0.000000000000000000e+00 1.000000000000000000e+00 0.000000000000000000e+00
7.421989064209517650e-01 0.000000000000000000e+00 1.000000000000000000e+00 0.000000000000000000e+00
7.422716542016116748e-01 0.000000000000000000e+00 1.000000000000000000e+00 0.000000000000000000e+00
7.423707911477998023e-01 0.000000000000000000e+00 1.000000000000000000e+00 0.000000000000000000e+00
7.420633854782873184e-01 0.000000000000000000e+00 1.000000000000000000e+00 0.000000000000000000e+00
7.430910004211875863e-01 0.000000000000000000e+00 1.000000000000000000e+00 0.000000000000000000e+00
7.446452588456663468e-01 0.000000000000000000e+00 1.000000000000000000e+00 0.000000000000000000e+00
7.447409262120943119e-01 0.000000000000000000e+00 1.000000000000000000e+00 0.000000000000000000e+00
7.450427806333502767e-01 0.000000000000000000e+00 1.000000000000000000e+00 0.000000000000000000e+00
7.454383487581255352e-01 0.000000000000000000e+00 1.000000000000000000e+00 0.000000000000000000e+00
7.458184314734478404e-01 0.000000000000000000e+00 1.000000000000000000e+00 0.000000000000000000e+00
7.459883610038217094e-01 0.000000000000000000e+00 1.000000000000000000e+00 0.000000000000000000e+00
7.459991716407604612e-01 0.000000000000000000e+00 1.000000000000000000e+00 0.000000000000000000e+00
7.458596749757264721e-01 0.000000000000000000e+00 1.000000000000000000e+00 0.000000000000000000e+00
7.446109043782127568e-01 0.000000000000000000e+00 1.000000000000000000e+00 0.000000000000000000e+00
7.401447344777062343e-01 0.000000000000000000e+00 1.000000000000000000e+00 0.000000000000000000e+00
7.386824597260616132e-01 0.000000000000000000e+00 1.000000000000000000e+00 0.000000000000000000e+00
7.390736052863748906e-01 0.000000000000000000e+00 1.000000000000000000e+00 0.000000000000000000e+00
7.363489202071080708e-01 0.000000000000000000e+00 1.000000000000000000e+00 0.000000000000000000e+00
7.359731485277910545e-01 0.000000000000000000e+00 1.000000000000000000e+00 0.000000000000000000e+00
7.361489810157326730e-01 0.000000000000000000e+00 1.000000000000000000e+00 0.000000000000000000e+00
7.362880276936338841e-01 0.000000000000000000e+00 1.000000000000000000e+00 0.000000000000000000e+00
7.362507412315996147e-01 0.000000000000000000e+00 1.000000000000000000e+00 0.000000000000000000e+00
7.364448553662368280e-01 0.000000000000000000e+00 1.000000000000000000e+00 0.000000000000000000e+00
7.367054939731477736e-01 0.000000000000000000e+00 1.000000000000000000e+00 0.000000000000000000e+00
7.368253722683553164e-01 0.000000000000000000e+00 1.000000000000000000e+00 0.000000000000000000e+00
7.370919329976068912e-01 0.000000000000000000e+00 1.000000000000000000e+00 0.000000000000000000e+00
7.370799027236100143e-01 0.000000000000000000e+00 1.000000000000000000e+00 0.000000000000000000e+00
7.368740754976768059e-01 0.000000000000000000e+00 1.000000000000000000e+00 0.000000000000000000e+00
7.366833749412774468e-01 0.000000000000000000e+00 1.000000000000000000e+00 0.000000000000000000e+00
7.368289389743835072e-01 0.000000000000000000e+00 1.000000000000000000e+00 0.000000000000000000e+00
7.357373847438400949e-01 0.000000000000000000e+00 1.000000000000000000e+00 0.000000000000000000e+00
7.355299809064004268e-01 0.000000000000000000e+00 1.000000000000000000e+00 0.000000000000000000e+00
7.374757025237765884e-01 0.000000000000000000e+00 1.000000000000000000e+00 0.000000000000000000e+00
7.382641251355491763e-01 0.000000000000000000e+00 1.000000000000000000e+00 0.000000000000000000e+00
7.372548480678343674e-01 0.000000000000000000e+00 1.000000000000000000e+00 0.000000000000000000e+00
7.376687114278759339e-01 0.000000000000000000e+00 1.000000000000000000e+00 0.000000000000000000e+00
7.376545233753543096e-01 0.000000000000000000e+00 1.000000000000000000e+00 0.000000000000000000e+00
7.376927928868154405e-01 0.000000000000000000e+00 1.000000000000000000e+00 0.000000000000000000e+00
7.366927455479103104e-01 0.000000000000000000e+00 1.000000000000000000e+00 0.000000000000000000e+00
7.362706883899690080e-01 0.000000000000000000e+00 1.000000000000000000e+00 0.000000000000000000e+00
7.364722801320555678e-01 0.000000000000000000e+00 1.000000000000000000e+00 0.000000000000000000e+00
7.373381464644221950e-01 0.000000000000000000e+00 1.000000000000000000e+00 0.000000000000000000e+00
7.334394969479660631e-01 0.000000000000000000e+00 1.000000000000000000e+00 0.000000000000000000e+00
7.313639728664182993e-01 0.000000000000000000e+00 1.000000000000000000e+00 0.000000000000000000e+00
7.310811429678711892e-01 0.000000000000000000e+00 1.000000000000000000e+00 0.000000000000000000e+00
7.304791507790345806e-01 0.000000000000000000e+00 1.000000000000000000e+00 0.000000000000000000e+00
7.305212629536821378e-01 0.000000000000000000e+00 1.000000000000000000e+00 0.000000000000000000e+00
7.305300578156663782e-01 0.000000000000000000e+00 1.000000000000000000e+00 0.000000000000000000e+00
7.313386758774286234e-01 0.000000000000000000e+00 1.000000000000000000e+00 0.000000000000000000e+00
7.310783919404776343e-01 0.000000000000000000e+00 1.000000000000000000e+00 0.000000000000000000e+00
7.363651163814239897e-01 0.000000000000000000e+00 1.000000000000000000e+00 0.000000000000000000e+00
7.368159346121962994e-01 0.000000000000000000e+00 1.000000000000000000e+00 0.000000000000000000e+00
7.366150594010345554e-01 0.000000000000000000e+00 1.000000000000000000e+00 0.000000000000000000e+00
7.363850547833038496e-01 0.000000000000000000e+00 1.000000000000000000e+00 0.000000000000000000e+00
7.385130100435310929e-01 4.513170844008305461e-03 1.000000000000000000e+00 0.000000000000000000e+00
7.378963781202856342e-01 2.642606741395543083e-03 1.000000000000000000e+00 0.000000000000000000e+00
7.380637610712479368e-01 3.169550530572724789e-03 1.000000000000000000e+00 0.000000000000000000e+00
7.384584775804092782e-01 0.000000000000000000e+00 1.000000000000000000e+00 0.000000000000000000e+00
7.387063279557535278e-01 0.000000000000000000e+00 1.000000000000000000e+00 0.000000000000000000e+00
7.385325252871317581e-01 0.000000000000000000e+00 1.000000000000000000e+00 0.000000000000000000e+00
7.388262803735706763e-01 0.000000000000000000e+00 1.000000000000000000e+00 0.000000000000000000e+00
7.386889282491220232e-01 0.000000000000000000e+00 1.000000000000000000e+00 0.000000000000000000e+00
7.386611292345174329e-01 0.000000000000000000e+00 1.000000000000000000e+00 0.000000000000000000e+00
7.443834313854056361e-01 1.066200084327133778e-02 1.000000000000000000e+00 0.000000000000000000e+00
7.438422713188229674e-01 1.122860442957417625e-02 1.000000000000000000e+00 0.000000000000000000e+00
7.435737095497494398e-01 1.135695198366958036e-02 1.000000000000000000e+00 0.000000000000000000e+00
7.437602853040964357e-01 1.336285231694813065e-02 1.000000000000000000e+00 0.000000000000000000e+00
7.437318831494503790e-01 1.341087076237706260e-02 1.000000000000000000e+00 0.000000000000000000e+00
7.436855878378328955e-01 1.318896029762916394e-02 1.000000000000000000e+00 0.000000000000000000e+00
7.468691071141188020e-01 2.789681070174286279e-02 1.000000000000000000e+00 0.000000000000000000e+00
7.458192052571982478e-01 2.876594515220380621e-02 1.000000000000000000e+00 0.000000000000000000e+00
7.467991776692439743e-01 2.797608895412473720e-02 1.000000000000000000e+00 0.000000000000000000e+00
7.445054414104674834e-01 3.081779769261292976e-02 1.000000000000000000e+00 0.000000000000000000e+00
7.443201415321690773e-01 3.065080438052407777e-02 1.000000000000000000e+00 0.000000000000000000e+00
7.443726205589940026e-01 3.051969314284322041e-02 1.000000000000000000e+00 0.000000000000000000e+00
7.444703166386017479e-01 3.050993493269903850e-02 1.000000000000000000e+00 0.000000000000000000e+00
