8.547145128250122070e-02 8.883288502693176270e-01 1.027741432189941406e-01 4.793637990951538086e-02 5.803914666175842285e-01 7.379311919212341309e-01
7.384144663810729980e-01 5.195904374122619629e-01 1.601940393447875977e-01 5.803890228271484375e-01 7.107719182968139648e-01 4.008159637451171875e-01
4.319601655006408691e-01 9.538220763206481934e-01 6.177102327346801758e-01 7.106209397315979004e-01 3.828059434890747070e-01 6.380105018615722656e-02
5.536127090454101562e-02 6.520462036132812500e-02 4.107760190963745117e-01 9.015147686004638672e-01 4.376949667930603027e-01 3.145241141319274902e-01
1.975370645523071289e-01 3.613503575325012207e-01 4.925763607025146484e-01 3.447732925415039062e-01 7.392904758453369141e-01 7.923176288604736328e-01
8.961925506591796875e-01 8.462749123573303223e-01 1.083949804306030273e-01 2.462723851203918457e-01 2.278398871421813965e-01 8.922290802001953125e-02
9.030286669731140137e-01 7.878209948539733887e-01 6.608228683471679688e-01 9.087424874305725098e-01 1.259706616401672363e-01 9.832451343536376953e-01
9.633280634880065918e-01 8.365998864173889160e-01 4.652724266052246094e-01 8.820410370826721191e-01 6.177921295166015625e-01 7.072396278381347656e-01
8.934786915779113770e-01 9.680116176605224609e-01 3.671915531158447266e-01 1.349499225616455078e-01 9.924528002738952637e-01 2.746033668518066406e-02
1.458324193954467773e-01 1.265192031860351562e-02 1.477436423301696777e-01 7.001374363899230957e-01 8.356793522834777832e-01 2.450459003448486328e-01
0.000000000000000000e+00 1.000000000000000000e+00 0.000000000000000000e+00 0.000000000000000000e+00 1.000000000000000000e+00 0.000000000000000000e+00
1.000000000000000000e+00 1.000000000000000000e+00 4.111605953722242690e-01 0.000000000000000000e+00 1.000000000000000000e+00 0.000000000000000000e+00
1.000000000000000000e+00 1.000000000000000000e+00 1.000000000000000000e+00 1.527633164955677185e-02 1.000000000000000000e+00 0.000000000000000000e+00
1.000000000000000000e+00 0.000000000000000000e+00 0.000000000000000000e+00 0.000000000000000000e+00 0.000000000000000000e+00 0.000000000000000000e+00
1.000000000000000000e+00 1.000000000000000000e+00 1.000000000000000000e+00 0.000000000000000000e+00 1.000000000000000000e+00 2.631865316711100022e-01
5.551115123125782702e-17 0.000000000000000000e+00 0.000000000000000000e+00 0.000000000000000000e+00 0.000000000000000000e+00 1.000000000000000000e+00
0.000000000000000000e+00 1.000000000000000000e+00 1.000000000000000000e+00 6.068305401324214365e-01 1.000000000000000000e+00 0.000000000000000000e+00
1.000000000000000000e+00 1.000000000000000000e+00 1.000000000000000000e+00 6.688485538438949940e-02 1.000000000000000000e+00 0.000000000000000000e+00
7.249644014685907578e-01 8.132138069165434358e-01 1.000000000000000000e+00 0.000000000000000000e+00 1.000000000000000000e+00 0.000000000000000000e+00
1.000000000000000000e+00 0.000000000000000000e+00 1.000000000000000000e+00 0.000000000000000000e+00 0.000000000000000000e+00 0.000000000000000000e+00
0.000000000000000000e+00 0.000000000000000000e+00 0.000000000000000000e+00 0.000000000000000000e+00 0.000000000000000000e+00 0.000000000000000000e+00
0.000000000000000000e+00 0.000000000000000000e+00 3.858121786224968930e-01 0.000000000000000000e+00 0.000000000000000000e+00 0.000000000000000000e+00
1.000000000000000000e+00 1.000000000000000000e+00 0.000000000000000000e+00 8.696255981880832708e-01 1.000000000000000000e+00 0.000000000000000000e+00
0.000000000000000000e+00 0.000000000000000000e+00 0.000000000000000000e+00 0.000000000000000000e+00 5.022746422364963159e-01 0.000000000000000000e+00
0.000000000000000000e+00 0.000000000000000000e+00 0.000000000000000000e+00 0.000000000000000000e+00 6.906190263282231401e-01 0.000000000000000000e+00
0.000000000000000000e+00 0.000000000000000000e+00 0.000000000000000000e+00 0.000000000000000000e+00 4.073167946270332962e-01 0.000000000000000000e+00
0.000000000000000000e+00 0.000000000000000000e+00 0.000000000000000000e+00 0.000000000000000000e+00 3.587613080088883910e-01 0.000000000000000000e+00
1.000000000000000000e+00 1.000000000000000000e+00 1.000000000000000000e+00 0.000000000000000000e+00 5.609977930139211644e-01 0.000000000000000000e+00
0.000000000000000000e+00 3.647461122448558690e-02 0.000000000000000000e+00 0.000000000000000000e+00 3.725314292761970347e-01 0.000000000000000000e+00
0.000000000000000000e+00 0.000000000000000000e+00 0.000000000000000000e+00 0.000000000000000000e+00 3.602092179493078250e-01 0.000000000000000000e+00
1.000000000000000000e+00 0.000000000000000000e+00 0.000000000000000000e+00 0.000000000000000000e+00 1.000000000000000000e+00 0.000000000000000000e+00
0.000000000000000000e+00 0.000000000000000000e+00 0.000000000000000000e+00 7.951604733770821151e-03 3.661218468230940659e-01 0.000000000000000000e+00
1.000000000000000000e+00 0.000000000000000000e+00 1.000000000000000000e+00 1.000000000000000000e+00 0.000000000000000000e+00 0.000000000000000000e+00
0.000000000000000000e+00 1.000000000000000000e+00 0.000000000000000000e+00 1.000000000000000000e+00 0.000000000000000000e+00 1.000000000000000000e+00
0.000000000000000000e+00 0.000000000000000000e+00 0.000000000000000000e+00 0.000000000000000000e+00 1.000000000000000000e+00 1.000000000000000000e+00
0.000000000000000000e+00 1.000000000000000000e+00 0.000000000000000000e+00 1.000000000000000000e+00 1.000000000000000000e+00 1.000000000000000000e+00
0.000000000000000000e+00 1.000000000000000000e+00 1.000000000000000000e+00 0.000000000000000000e+00 0.000000000000000000e+00 1.000000000000000000e+00
0.000000000000000000e+00 0.000000000000000000e+00 0.000000000000000000e+00 0.000000000000000000e+00 3.655703770108197914e-01 5.042939429573106876e-03
2.174667769906716841e-01 0.000000000000000000e+00 0.000000000000000000e+00 0.000000000000000000e+00 3.000658525431041390e-01 3.218622519430782147e-01
1.000000000000000000e+00 0.000000000000000000e+00 1.000000000000000000e+00 0.000000000000000000e+00 1.000000000000000000e+00 0.000000000000000000e+00
1.000000000000000000e+00 0.000000000000000000e+00 0.000000000000000000e+00 0.000000000000000000e+00 0.000000000000000000e+00 1.000000000000000000e+00
7.879365518921317424e-01 9.852225870634490068e-02 1.362669872223134515e-01 8.903883062399996495e-01 1.697403763910195484e-01 9.981372312594856133e-01
1.000000000000000000e+00 1.000000000000000000e+00 1.000000000000000000e+00 1.000000000000000000e+00 1.000000000000000000e+00 0.000000000000000000e+00
0.000000000000000000e+00 0.000000000000000000e+00 0.000000000000000000e+00 0.000000000000000000e+00 3.270970920883259914e-01 1.725391583097000414e-01
0.000000000000000000e+00 1.000000000000000000e+00 0.000000000000000000e+00 1.000000000000000000e+00 0.000000000000000000e+00 0.000000000000000000e+00
1.000000000000000000e+00 0.000000000000000000e+00 1.000000000000000000e+00 1.000000000000000000e+00 1.000000000000000000e+00 1.000000000000000000e+00
4.121417345085274797e-01 3.332227561115541636e-02 9.387890950129222922e-01 1.393256620269635038e-01 2.472968415146259424e-02 9.834768762483623306e-01
8.107656706124544144e-02 1.460950234904885292e-01 3.535389862954616547e-01 8.834048174321651459e-03 9.999498007819056511e-01 1.906436011195182800e-01
9.939653044566512108e-01 6.926142703741788864e-02 3.072873083874583244e-01 3.173954784870147705e-03 9.523208336904644966e-01 3.214951800182461739e-01
7.365673687309026718e-02 9.835461126640439034e-01 9.119196208193898201e-01 9.480156349018216133e-01 2.979157213121652603e-02 8.632039679214358330e-01
1.316555310040712357e-02 8.567928913980722427e-01 2.911826875060796738e-01 2.610928099602460861e-02 3.529712734743952751e-01 5.686161946505308151e-02
3.397418279200792313e-02 2.751329913735389709e-02 1.079950435087084770e-01 2.937456928193569183e-01 8.624720014631748199e-02 4.340126533061265945e-01
0.000000000000000000e+00 0.000000000000000000e+00 9.115492443261240252e-02 0.000000000000000000e+00 3.386298632716407964e-01 1.620911003489325652e-01
8.110219612717628479e-03 4.401580058038234711e-02 9.456807114183902740e-01 1.246310677379369736e-02 3.945314437150955200e-01 3.906305367127060890e-01
1.576585415750741959e-01 9.788777036592364311e-01 5.097722318023443222e-01 1.959173008799552917e-03 9.242174997925758362e-01 1.150035625323653221e-01
3.622456360608339310e-02 1.795541495084762573e-03 1.168450433760881424e-02 8.590467944741249084e-01 2.105397172272205353e-03 7.201749337837100029e-01
3.771742619574069977e-02 9.729302246123552322e-01 2.008839556947350502e-01 1.328508369624614716e-02 6.722012534737586975e-03 8.767247395589947701e-01
9.633803917095065117e-01 9.517704099416732788e-01 4.512466117739677429e-02 3.315103109925985336e-01 3.656007703393697739e-01 8.822751743718981743e-01
1.078321766108274460e-01 1.095591485500335693e-02 5.361362872645258904e-01 1.246734242886304855e-02 7.576051009818911552e-01 4.643878899514675140e-03
2.096140943467617035e-02 8.941973131150007248e-01 7.309043500572443008e-02 4.951255079358816147e-01 6.006716294214129448e-01 1.485088439658284187e-01
