9.577103113103958565e-01
8.223238829122043736e-01
9.150370666325453595e-01
1.180776486290680660e+00
1.205012130326173381e+00
1.123903363417849910e+00
9.602105173252953874e-01
9.743633630975049309e-01
9.920773156062487885e-01
8.939123595342468587e-01
1.129725338388875233e+00
1.070378221210820158e+00
1.069059217286908670e+00
1.254607917229102476e+00
1.383000039623732746e+00
1.416911181572096501e+00
1.362484675548181867e+00
1.455892587387748627e+00
1.450021188228896030e+00
1.438039275436731268e+00
1.548623225609668363e+00
1.576991237442058047e+00
1.598468315720330102e+00
1.601530035322773271e+00
1.602047301645508126e+00
1.609223219969802887e+00
1.593113787703255291e+00
1.591680541026950557e+00
1.610502376926147283e+00
1.610031166702577288e+00
1.529894043288729133e+00
1.459527269782036285e+00
1.458562193606599777e+00
1.467396744882936144e+00
1.454145315470476429e+00
1.447920680111643987e+00
1.445916865367794735e+00
1.452682679078435068e+00
1.452399404741947286e+00
1.472099966752382194e+00
1.172285963692731636e+00
1.587729845930869077e+00
1.172236548058934957e+00
1.188186109841369520e+00
1.405264948441692585e+00
1.140040912088211789e+00
1.573612267199738568e+00
1.428956640399399625e+00
1.438004856420637134e+00
1.587860115927913984e+00
1.586128178279627043e+00
1.585653101014045996e+00
1.575508691596633204e+00
1.564178824312863370e+00
1.498834937489211372e+00
1.499760304922351573e+00
1.562792483661043397e+00
1.579460444183285350e+00
1.587860115927913984e+00
1.587860115927913984e+00
1.587860115927913984e+00
1.587860115927913984e+00
1.587860115927913984e+00
1.586299561095160238e+00
1.587860115927913984e+00
1.500758514155180467e+00
1.498795374278873549e+00
1.495995964579587945e+00
1.520183747403252905e+00
1.535465404136579171e+00
1.547591928121185845e+00
1.545866715211238196e+00
1.552356823303078226e+00
1.565848529090010599e+00
1.568630383008893237e+00
1.587108356110451979e+00
1.584862340437753314e+00
1.593069654240223176e+00
1.610022376750687823e+00
1.608655129262380079e+00
1.612009196957058910e+00
1.623710422955248589e+00
1.629112454177593872e+00
1.629093583499007902e+00
1.620890628678128387e+00
1.615752665650626918e+00
1.610636514689034460e+00
1.627589532869929467e+00
1.627901115853898295e+00
1.628067669801167350e+00
1.629924381860795801e+00
1.630379533071421250e+00
1.630340721411243976e+00
1.630741351860266919e+00
1.630706927419484309e+00
1.628164698821400247e+00
1.628104872305477624e+00
1.628121916540774983e+00
1.628422271216170225e+00
1.628470415864725851e+00
