0.000000000000000000e+00 9.449041989129106645e-01 1.000000000000000000e+00 8.747803242053804329e-01 1.000000000000000000e+00 0.000000000000000000e+00
0.000000000000000000e+00 9.461652384960178575e-01 1.000000000000000000e+00 6.823251458029714334e-01 1.000000000000000000e+00 3.338975358784589953e-01
0.000000000000000000e+00 9.865931615038775471e-01 1.000000000000000000e+00 6.414020680824848997e-01 1.000000000000000000e+00 1.558811600170819933e-01
0.000000000000000000e+00 1.000000000000000000e+00 1.000000000000000000e+00 4.235312639881837482e-01 1.000000000000000000e+00 1.000000000000000000e+00
0.000000000000000000e+00 9.937045540232045671e-01 1.000000000000000000e+00 3.707893125855186156e-01 1.000000000000000000e+00 1.000000000000000000e+00
0.000000000000000000e+00 9.876062038917334807e-01 1.000000000000000000e+00 4.136831396016844020e-01 1.000000000000000000e+00 1.000000000000000000e+00
0.000000000000000000e+00 9.811438864199960586e-01 1.000000000000000000e+00 6.335457390445300430e-01 1.000000000000000000e+00 1.000000000000000000e+00
0.000000000000000000e+00 1.000000000000000000e+00 1.000000000000000000e+00 4.853006665586113155e-01 1.000000000000000000e+00 1.369226921399884778e-01
0.000000000000000000e+00 1.000000000000000000e+00 1.000000000000000000e+00 6.138349469877842912e-01 1.000000000000000000e+00 3.596282863300171995e-01
0.000000000000000000e+00 1.000000000000000000e+00 1.000000000000000000e+00 5.788879489418746749e-01 5.139742111511856892e-01 1.000000000000000000e+00
0.000000000000000000e+00 1.000000000000000000e+00 1.000000000000000000e+00 6.046174743082870506e-01 5.339074800472470850e-01 1.000000000000000000e+00
1.000000000000000000e+00 1.000000000000000000e+00 1.000000000000000000e+00 7.364513911660819367e-01 5.640300961754060038e-01 1.000000000000000000e+00
1.000000000000000000e+00 1.000000000000000000e+00 1.000000000000000000e+00 7.271907427316219863e-01 5.611596571276751266e-01 1.000000000000000000e+00
1.000000000000000000e+00 1.000000000000000000e+00 1.000000000000000000e+00 6.101180313915617326e-01 5.247441874142392271e-01 1.000000000000000000e+00
1.000000000000000000e+00 1.000000000000000000e+00 1.000000000000000000e+00 6.283254356946734731e-01 5.228151189721490510e-01 1.000000000000000000e+00
1.000000000000000000e+00 1.000000000000000000e+00 1.000000000000000000e+00 5.468824230272036901e-01 5.028909575107000096e-01 1.000000000000000000e+00
1.000000000000000000e+00 1.000000000000000000e+00 1.000000000000000000e+00 5.455899999597391137e-01 5.092620916583527890e-01 1.000000000000000000e+00
1.000000000000000000e+00 1.000000000000000000e+00 1.000000000000000000e+00 4.977249401428138209e-01 4.689381679543251913e-01 1.000000000000000000e+00
1.000000000000000000e+00 1.000000000000000000e+00 1.000000000000000000e+00 5.565961579127941539e-01 4.748592344124588083e-01 1.000000000000000000e+00
1.000000000000000000e+00 1.000000000000000000e+00 1.000000000000000000e+00 0.000000000000000000e+00 1.566743878961367187e-01 1.000000000000000000e+00
1.000000000000000000e+00 1.000000000000000000e+00 1.000000000000000000e+00 5.558262700048152150e-01 7.122049967549750615e-01 1.000000000000000000e+00
1.000000000000000000e+00 1.000000000000000000e+00 1.000000000000000000e+00 5.607575338287033029e-01 7.169019866733919999e-01 1.000000000000000000e+00
1.000000000000000000e+00 1.000000000000000000e+00 1.000000000000000000e+00 6.910268892649226169e-01 5.823278223091523653e-01 1.000000000000000000e+00
1.000000000000000000e+00 1.000000000000000000e+00 1.000000000000000000e+00 1.000000000000000000e+00 5.035804607238234532e-01 1.000000000000000000e+00
0.000000000000000000e+00 1.000000000000000000e+00 1.000000000000000000e+00 0.000000000000000000e+00 1.000000000000000000e+00 0.000000000000000000e+00
0.000000000000000000e+00 9.877640265297186195e-01 1.000000000000000000e+00 0.000000000000000000e+00 1.000000000000000000e+00 0.000000000000000000e+00
0.000000000000000000e+00 1.000000000000000000e+00 1.000000000000000000e+00 0.000000000000000000e+00 1.000000000000000000e+00 0.000000000000000000e+00
1.000000000000000000e+00 1.000000000000000000e+00 1.000000000000000000e+00 6.134510195599423010e-01 5.061941317541635010e-01 1.000000000000000000e+00
1.000000000000000000e+00 1.000000000000000000e+00 1.000000000000000000e+00 6.150149080336658747e-01 4.959163219999417338e-01 1.000000000000000000e+00
0.000000000000000000e+00 1.000000000000000000e+00 1.000000000000000000e+00 0.000000000000000000e+00 1.000000000000000000e+00 0.000000000000000000e+00
0.000000000000000000e+00 1.000000000000000000e+00 1.000000000000000000e+00 0.000000000000000000e+00 1.000000000000000000e+00 0.000000000000000000e+00
0.000000000000000000e+00 1.000000000000000000e+00 1.000000000000000000e+00 0.000000000000000000e+00 7.979817160843279966e-01 0.000000000000000000e+00
0.000000000000000000e+00 1.000000000000000000e+00 1.000000000000000000e+00 0.000000000000000000e+00 8.055523844262980626e-01 0.000000000000000000e+00
0.000000000000000000e+00 1.000000000000000000e+00 1.000000000000000000e+00 0.000000000000000000e+00 8.299854003012870907e-01 0.000000000000000000e+00
1.000000000000000000e+00 1.000000000000000000e+00 1.000000000000000000e+00 7.097681126451635958e-01 5.357349570332100575e-01 1.000000000000000000e+00
1.000000000000000000e+00 1.000000000000000000e+00 1.000000000000000000e+00 7.371284542908900228e-01 6.119673730987874594e-01 1.000000000000000000e+00
1.000000000000000000e+00 1.000000000000000000e+00 1.000000000000000000e+00 7.359246843854296838e-01 6.178543185629605805e-01 1.000000000000000000e+00
1.000000000000000000e+00 1.000000000000000000e+00 1.000000000000000000e+00 7.240104473052348943e-01 5.867388250585184872e-01 1.000000000000000000e+00
0.000000000000000000e+00 1.000000000000000000e+00 1.000000000000000000e+00 0.000000000000000000e+00 4.298857073773161286e-01 9.914521165378393786e-01
1.000000000000000000e+00 1.000000000000000000e+00 1.000000000000000000e+00 7.177023655462484442e-01 5.957420630390680705e-01 1.000000000000000000e+00
0.000000000000000000e+00 1.000000000000000000e+00 1.000000000000000000e+00 0.000000000000000000e+00 4.572373149082913368e-01 9.837472807663839580e-01
1.000000000000000000e+00 1.000000000000000000e+00 1.000000000000000000e+00 7.158294906224792475e-01 6.106931575898905118e-01 1.000000000000000000e+00
1.000000000000000000e+00 1.000000000000000000e+00 1.000000000000000000e+00 7.136833648031104538e-01 6.157558475662048281e-01 1.000000000000000000e+00
1.000000000000000000e+00 1.000000000000000000e+00 1.000000000000000000e+00 1.000000000000000000e+00 5.015458947694855230e-01 1.000000000000000000e+00
1.000000000000000000e+00 1.000000000000000000e+00 1.000000000000000000e+00 1.000000000000000000e+00 5.020805318147653074e-01 1.000000000000000000e+00
1.000000000000000000e+00 1.000000000000000000e+00 1.000000000000000000e+00 9.911876914756045931e-01 5.644297327900509309e-01 1.000000000000000000e+00
1.000000000000000000e+00 1.000000000000000000e+00 1.000000000000000000e+00 9.942002779387355549e-01 5.721393699732125748e-01 1.000000000000000000e+00
1.000000000000000000e+00 1.000000000000000000e+00 1.000000000000000000e+00 9.968481806558467939e-01 5.947045857742884190e-01 1.000000000000000000e+00
1.000000000000000000e+00 1.000000000000000000e+00 1.000000000000000000e+00 8.053820490082597150e-01 5.262542508977794409e-01 1.000000000000000000e+00
1.000000000000000000e+00 1.000000000000000000e+00 1.000000000000000000e+00 8.171480971608708899e-01 5.197640996649405265e-01 1.000000000000000000e+00
