-2.820280172758152126e+00
-2.556292412595261965e+00
-3.638305965183654678e+00
-2.748062863441025794e+00
-3.166799475889430671e+00
-4.170223131509750658e+00
-4.152784227380503346e+00
-4.417726438798845301e+00
-4.054704137827225274e+00
-6.638561590542021662e+00
-6.244449887956769807e+00
-5.798268066243960739e+00
-6.235855830541400024e+00
-6.558518333476907713e+00
-9.029901929774229785e+00
-9.483056518060109852e+00
-9.698272200960662559e+00
-1.042375684256309931e+01
-1.045625764327888696e+01
-1.265019822194841659e+01
-1.122146719458277175e+01
-1.080216109998225349e+01
-1.072030435908414958e+01
-1.030380544004257892e+01
-1.024772158712908698e+01
-1.114316082720814194e+01
-1.095547109163408805e+01
-1.098857487793629950e+01
-1.079354471734707843e+01
-1.068755616011059217e+01
-1.067589538849049013e+01
-1.078566557420566596e+01
-1.098063493222116271e+01
-1.147763631184255395e+01
-1.193235491692106010e+01
-1.162231510223689845e+01
-1.180649383414650799e+01
-1.189876817324046065e+01
-1.150920547016800555e+01
-1.142214142396949406e+01
-1.086192950759844322e+01
-1.085621959416959825e+01
-1.151343366541227020e+01
-1.149701527865982875e+01
-1.152776350315615694e+01
-1.073618271890810583e+01
-1.068553034885435871e+01
-1.159063114047990517e+01
-1.151397130293968551e+01
-1.112630906994446178e+01
-1.096016837296081192e+01
-1.090604829678520815e+01
-1.086495459662105034e+01
-1.084712374289260950e+01
-1.116812762708680218e+01
-1.127008222145702909e+01
-1.117476875490729604e+01
-1.106936890660200845e+01
-1.099048923712743253e+01
-1.113097790380147067e+01
-1.108006209755275151e+01
-1.106839720225480761e+01
-1.104437870981154646e+01
-1.086779275622700425e+01
-1.081006772897268498e+01
-1.078208716589282012e+01
-1.079933495660199050e+01
-1.108009637095555355e+01
-1.148305503641531011e+01
-1.144670392238539947e+01
-1.123441555868000918e+01
-1.141785427157113020e+01
-1.138019777850394831e+01
-1.146399758832942695e+01
-1.127529392647284823e+01
-1.138413486256030183e+01
-1.140760605973511943e+01
-1.128943525010631177e+01
-1.129205492816311640e+01
-1.121368160246402823e+01
-1.117349338009488058e+01
-1.117179112885308534e+01
-1.123287667892555497e+01
-1.122401147571376434e+01
-1.120178011524152240e+01
-1.111270910246476618e+01
-1.113374456874829477e+01
-1.113967407217020877e+01
-1.122842316405457197e+01
-1.104966733188645556e+01
-1.101366270203068964e+01
-1.120220813769452484e+01
-1.112489724800596669e+01
-1.099933287342260080e+01
-1.108404820889518305e+01
-1.107437679505438410e+01
-1.106458100904641917e+01
-1.105842831036217078e+01
-1.104482818956383738e+01
-1.117925059435660451e+01
