1.111509203910827637e-01 5.972180962562561035e-01 4.988570809364318848e-01 2.161340713500976562e-01
0.000000000000000000e+00 1.000000000000000000e+00 1.000000000000000000e+00 5.293666720390319824e-01
0.000000000000000000e+00 1.000000000000000000e+00 1.000000000000000000e+00 5.293666720390319824e-01
0.000000000000000000e+00 1.000000000000000000e+00 1.000000000000000000e+00 5.293666720390319824e-01
0.000000000000000000e+00 9.937953352928161621e-01 9.911041259765625000e-01 3.817693293094635010e-01
2.595998346805572510e-03 9.989213943481445312e-01 1.000000000000000000e+00 3.176557421684265137e-01
2.595998346805572510e-03 9.989213943481445312e-01 1.000000000000000000e+00 3.176557421684265137e-01
2.151762600988149643e-03 1.000000000000000000e+00 1.000000000000000000e+00 2.876444756984710693e-01
2.151762600988149643e-03 1.000000000000000000e+00 1.000000000000000000e+00 2.876444756984710693e-01
2.151762600988149643e-03 1.000000000000000000e+00 1.000000000000000000e+00 2.876444756984710693e-01
0.000000000000000000e+00 8.165844082832336426e-01 9.976606369018554688e-01 3.095572292804718018e-01
0.000000000000000000e+00 8.165844082832336426e-01 9.976606369018554688e-01 3.095572292804718018e-01
0.000000000000000000e+00 8.174459338188171387e-01 1.000000000000000000e+00 2.763245999813079834e-01
0.000000000000000000e+00 8.174459338188171387e-01 1.000000000000000000e+00 2.763245999813079834e-01
0.000000000000000000e+00 8.174459338188171387e-01 1.000000000000000000e+00 2.763245999813079834e-01
0.000000000000000000e+00 8.174459338188171387e-01 1.000000000000000000e+00 2.763245999813079834e-01
0.000000000000000000e+00 8.174459338188171387e-01 1.000000000000000000e+00 2.763245999813079834e-01
0.000000000000000000e+00 8.174459338188171387e-01 1.000000000000000000e+00 2.763245999813079834e-01
0.000000000000000000e+00 8.174459338188171387e-01 1.000000000000000000e+00 2.763245999813079834e-01
0.000000000000000000e+00 8.174459338188171387e-01 1.000000000000000000e+00 2.763245999813079834e-01
0.000000000000000000e+00 8.174459338188171387e-01 1.000000000000000000e+00 2.763245999813079834e-01
0.000000000000000000e+00 8.174459338188171387e-01 1.000000000000000000e+00 2.763245999813079834e-01
0.000000000000000000e+00 8.174459338188171387e-01 1.000000000000000000e+00 2.763245999813079834e-01
0.000000000000000000e+00 8.174459338188171387e-01 1.000000000000000000e+00 2.763245999813079834e-01
0.000000000000000000e+00 8.174459338188171387e-01 1.000000000000000000e+00 2.763245999813079834e-01
0.000000000000000000e+00 8.174459338188171387e-01 1.000000000000000000e+00 2.763245999813079834e-01
0.000000000000000000e+00 8.174459338188171387e-01 1.000000000000000000e+00 2.763245999813079834e-01
0.000000000000000000e+00 8.174459338188171387e-01 1.000000000000000000e+00 2.763245999813079834e-01
0.000000000000000000e+00 8.174459338188171387e-01 1.000000000000000000e+00 2.763245999813079834e-01
0.000000000000000000e+00 8.174459338188171387e-01 1.000000000000000000e+00 2.763245999813079834e-01
0.000000000000000000e+00 8.174459338188171387e-01 1.000000000000000000e+00 2.763245999813079834e-01
0.000000000000000000e+00 8.174459338188171387e-01 1.000000000000000000e+00 2.763245999813079834e-01
0.000000000000000000e+00 8.174459338188171387e-01 1.000000000000000000e+00 2.763245999813079834e-01
0.000000000000000000e+00 8.174459338188171387e-01 1.000000000000000000e+00 2.763245999813079834e-01
0.000000000000000000e+00 8.174459338188171387e-01 1.000000000000000000e+00 2.763245999813079834e-01
0.000000000000000000e+00 8.174459338188171387e-01 1.000000000000000000e+00 2.763245999813079834e-01
0.000000000000000000e+00 8.174459338188171387e-01 1.000000000000000000e+00 2.763245999813079834e-01
0.000000000000000000e+00 8.174459338188171387e-01 1.000000000000000000e+00 2.763245999813079834e-01
0.000000000000000000e+00 8.174459338188171387e-01 1.000000000000000000e+00 2.763245999813079834e-01
0.000000000000000000e+00 8.174459338188171387e-01 1.000000000000000000e+00 2.763245999813079834e-01
0.000000000000000000e+00 8.174459338188171387e-01 1.000000000000000000e+00 2.763245999813079834e-01
0.000000000000000000e+00 8.174459338188171387e-01 1.000000000000000000e+00 2.763245999813079834e-01
0.000000000000000000e+00 8.174459338188171387e-01 1.000000000000000000e+00 2.763245999813079834e-01
0.000000000000000000e+00 8.174459338188171387e-01 1.000000000000000000e+00 2.763245999813079834e-01
0.000000000000000000e+00 8.174459338188171387e-01 1.000000000000000000e+00 2.763245999813079834e-01
0.000000000000000000e+00 8.174459338188171387e-01 1.000000000000000000e+00 2.763245999813079834e-01
0.000000000000000000e+00 8.174459338188171387e-01 1.000000000000000000e+00 2.763245999813079834e-01
0.000000000000000000e+00 8.174459338188171387e-01 1.000000000000000000e+00 2.763245999813079834e-01
0.000000000000000000e+00 8.174459338188171387e-01 1.000000000000000000e+00 2.763245999813079834e-01
0.000000000000000000e+00 8.174459338188171387e-01 1.000000000000000000e+00 2.763245999813079834e-01
0.000000000000000000e+00 8.174459338188171387e-01 1.000000000000000000e+00 2.763245999813079834e-01
0.000000000000000000e+00 8.174459338188171387e-01 1.000000000000000000e+00 2.763245999813079834e-01
0.000000000000000000e+00 8.174459338188171387e-01 1.000000000000000000e+00 2.763245999813079834e-01
0.000000000000000000e+00 8.174459338188171387e-01 1.000000000000000000e+00 2.763245999813079834e-01
0.000000000000000000e+00 8.174459338188171387e-01 1.000000000000000000e+00 2.763245999813079834e-01
0.000000000000000000e+00 8.174459338188171387e-01 1.000000000000000000e+00 2.763245999813079834e-01
0.000000000000000000e+00 8.174459338188171387e-01 1.000000000000000000e+00 2.763245999813079834e-01
0.000000000000000000e+00 8.174459338188171387e-01 1.000000000000000000e+00 2.763245999813079834e-01
0.000000000000000000e+00 8.174459338188171387e-01 1.000000000000000000e+00 2.763245999813079834e-01
0.000000000000000000e+00 8.174459338188171387e-01 1.000000000000000000e+00 2.763245999813079834e-01
0.000000000000000000e+00 8.174459338188171387e-01 1.000000000000000000e+00 2.763245999813079834e-01
0.000000000000000000e+00 8.174459338188171387e-01 1.000000000000000000e+00 2.763245999813079834e-01
0.000000000000000000e+00 8.174459338188171387e-01 1.000000000000000000e+00 2.763245999813079834e-01
0.000000000000000000e+00 8.174459338188171387e-01 1.000000000000000000e+00 2.763245999813079834e-01
0.000000000000000000e+00 8.174459338188171387e-01 1.000000000000000000e+00 2.763245999813079834e-01
0.000000000000000000e+00 8.174459338188171387e-01 1.000000000000000000e+00 2.763245999813079834e-01
0.000000000000000000e+00 8.174459338188171387e-01 1.000000000000000000e+00 2.763245999813079834e-01
0.000000000000000000e+00 8.174459338188171387e-01 1.000000000000000000e+00 2.763245999813079834e-01
0.000000000000000000e+00 8.174459338188171387e-01 1.000000000000000000e+00 2.763245999813079834e-01
0.000000000000000000e+00 8.174459338188171387e-01 1.000000000000000000e+00 2.763245999813079834e-01
0.000000000000000000e+00 8.174459338188171387e-01 1.000000000000000000e+00 2.763245999813079834e-01
0.000000000000000000e+00 8.174459338188171387e-01 1.000000000000000000e+00 2.763245999813079834e-01
0.000000000000000000e+00 8.174459338188171387e-01 1.000000000000000000e+00 2.763245999813079834e-01
0.000000000000000000e+00 8.174459338188171387e-01 1.000000000000000000e+00 2.763245999813079834e-01
0.000000000000000000e+00 8.174459338188171387e-01 1.000000000000000000e+00 2.763245999813079834e-01
0.000000000000000000e+00 8.174459338188171387e-01 1.000000000000000000e+00 2.763245999813079834e-01
0.000000000000000000e+00 8.174459338188171387e-01 1.000000000000000000e+00 2.763245999813079834e-01
0.000000000000000000e+00 8.174459338188171387e-01 1.000000000000000000e+00 2.763245999813079834e-01
0.000000000000000000e+00 8.174459338188171387e-01 1.000000000000000000e+00 2.763245999813079834e-01
0.000000000000000000e+00 8.174459338188171387e-01 1.000000000000000000e+00 2.763245999813079834e-01
0.000000000000000000e+00 8.174459338188171387e-01 1.000000000000000000e+00 2.763245999813079834e-01
0.000000000000000000e+00 8.174459338188171387e-01 1.000000000000000000e+00 2.763245999813079834e-01
0.000000000000000000e+00 8.174459338188171387e-01 1.000000000000000000e+00 2.763245999813079834e-01
0.000000000000000000e+00 8.174459338188171387e-01 1.000000000000000000e+00 2.763245999813079834e-01
0.000000000000000000e+00 8.174459338188171387e-01 1.000000000000000000e+00 2.763245999813079834e-01
0.000000000000000000e+00 8.174459338188171387e-01 1.000000000000000000e+00 2.763245999813079834e-01
0.000000000000000000e+00 8.174459338188171387e-01 1.000000000000000000e+00 2.763245999813079834e-01
0.000000000000000000e+00 8.174459338188171387e-01 1.000000000000000000e+00 2.763245999813079834e-01
0.000000000000000000e+00 8.174459338188171387e-01 1.000000000000000000e+00 2.763245999813079834e-01
0.000000000000000000e+00 8.174459338188171387e-01 1.000000000000000000e+00 2.763245999813079834e-01
0.000000000000000000e+00 8.174459338188171387e-01 1.000000000000000000e+00 2.763245999813079834e-01
0.000000000000000000e+00 8.174459338188171387e-01 1.000000000000000000e+00 2.763245999813079834e-01
0.000000000000000000e+00 8.174459338188171387e-01 1.000000000000000000e+00 2.763245999813079834e-01
0.000000000000000000e+00 8.174459338188171387e-01 1.000000000000000000e+00 2.763245999813079834e-01
0.000000000000000000e+00 8.174459338188171387e-01 1.000000000000000000e+00 2.763245999813079834e-01
0.000000000000000000e+00 8.174459338188171387e-01 1.000000000000000000e+00 2.763245999813079834e-01
0.000000000000000000e+00 8.174459338188171387e-01 1.000000000000000000e+00 2.763245999813079834e-01
0.000000000000000000e+00 8.174459338188171387e-01 1.000000000000000000e+00 2.763245999813079834e-01
0.000000000000000000e+00 8.174459338188171387e-01 1.000000000000000000e+00 2.763245999813079834e-01
0.000000000000000000e+00 8.174459338188171387e-01 1.000000000000000000e+00 2.763245999813079834e-01
