1.355352869388759318e+00
1.355352869388759318e+00
1.795730392127564023e+00
1.795730392127564023e+00
1.795730392127564023e+00
1.795730392127564023e+00
1.795730392127564023e+00
1.795730392127564023e+00
1.795730392127564023e+00
1.795730392127564023e+00
1.795730392127564023e+00
1.795015417901025145e+00
1.811800212132496757e+00
1.811800212132496757e+00
1.811800212132496757e+00
1.811800212132496757e+00
1.811800212132496757e+00
1.811800212132496757e+00
1.811800212132496757e+00
1.811800212132496757e+00
1.811800212132496757e+00
1.811800212132496757e+00
1.811800212132496757e+00
1.811800212132496757e+00
1.811800212132496757e+00
1.811800212132496757e+00
1.811800212132496757e+00
1.811800212132496757e+00
1.811800212132496757e+00
1.811800212132496757e+00
1.811800212132496757e+00
1.811800212132496757e+00
1.811800212132496757e+00
1.795015417901025145e+00
1.795015417901025145e+00
1.795015417901025145e+00
1.811800212132496757e+00
1.795015417901025145e+00
1.795015417901025145e+00
1.795015417901025145e+00
1.795015417901025145e+00
1.795015417901025145e+00
1.811800212132496757e+00
1.811800212132496757e+00
1.811800212132496757e+00
1.811800212132496757e+00
1.815038719728454097e+00
1.815038719728454097e+00
1.815038719728454097e+00
1.815038719728454097e+00
1.815038719728454097e+00
1.815038719728454097e+00
1.815038719728454097e+00
1.811800212132496757e+00
1.811800212132496757e+00
1.811800212132496757e+00
1.811800212132496757e+00
1.811800212132496757e+00
1.811800212132496757e+00
1.811800212132496757e+00
1.811800212132496757e+00
1.811800212132496757e+00
1.811800212132496757e+00
1.811800212132496757e+00
1.811800212132496757e+00
1.811800212132496757e+00
1.811800212132496757e+00
1.811800212132496757e+00
1.811800212132496757e+00
1.811800212132496757e+00
1.811800212132496757e+00
1.811800212132496757e+00
1.828035053716888569e+00
1.828035053716888569e+00
1.828035053716888569e+00
1.828035053716888569e+00
1.828035053716888569e+00
1.828035053716888569e+00
1.828035053716888569e+00
1.828035053716888569e+00
1.828035053716888569e+00
1.828035053716888569e+00
1.828035053716888569e+00
1.828035053716888569e+00
1.828035053716888569e+00
1.828035053716888569e+00
1.828035053716888569e+00
1.828035053716888569e+00
1.828035053716888569e+00
1.828035053716888569e+00
1.828035053716888569e+00
1.828035053716888569e+00
1.828035053716888569e+00
1.828035053716888569e+00
1.828035053716888569e+00
1.828035053716888569e+00
1.828035053716888569e+00
1.839631486352371503e+00
1.839631486352371503e+00
1.839631486352371503e+00
