-5.908374641875084876e-01
-4.290594261746605853e-01
-1.399652199852980505e+00
-1.141647219183557826e+00
-1.064919458800440477e+00
-8.862584616164134177e-01
-8.326518737808573656e-01
-2.787831336487727185e-01
-7.291467871971889503e-01
-5.255875659987381265e-01
-1.290413152428928623e+00
-5.676269384853227518e-01
-5.343509419650115388e-01
-3.422208847381650321e-01
-1.075457947631585975e+00
-7.556868729946022434e-01
-1.000495493707876493e+00
-3.079386250140527803e-01
-7.945006423830057729e-01
-9.018992060174108039e-01
-7.567757483792911799e-01
-5.562186798775956564e-01
5.501130289704203591e-02
-1.326959394287803018e-01
-5.983138969591500489e-01
-2.255665331605212487e-01
1.540676380150036162e-01
-1.095802521166844734e+00
1.643569456394717576e-01
-8.154612329313516428e-01
-4.153852402045457581e-02
-6.656321353737932878e-01
-6.835900455907432116e-01
-2.838339819538719389e-01
1.394582615322657038e-01
-3.127174943143923302e-01
-1.169010700194930141e+00
-1.338049333164492427e-01
1.793061032974832825e-01
1.869160693454948730e-01
1.857638334462690388e-01
6.181002798500000173e-02
-3.988356650427523492e-02
-4.725820004809260233e-01
-7.274438484085112844e-01
1.758319340870208025e-01
1.897551688485625832e-01
1.907259705268387895e-01
-8.614301412344395337e-02
6.769407009358691107e-02
-1.807780969958778794e-01
1.922517542872753116e-01
-4.316841240380155931e-01
-5.381449610117120530e-01
1.924645029243200745e-01
1.893982121037065813e-01
1.846154187605670294e-01
2.035569610367495563e-01
2.086908048874359378e-01
2.109303438450353674e-01
