3.035641908645629883e-01 4.381245374679565430e-02 2.550604343414306641e-01 6.976336836814880371e-01 3.808795809745788574e-01 8.824684023857116699e-01
3.035641908645629883e-01 4.381245374679565430e-02 2.550604343414306641e-01 6.976336836814880371e-01 3.808795809745788574e-01 8.824684023857116699e-01
2.219406108650983089e-01 2.579320814885707747e-01 0.000000000000000000e+00 1.000000000000000000e+00 1.000000000000000000e+00 3.711349837225669940e-02
9.627237611233642189e-01 1.620792789246368604e-01 3.692404490405062356e-01 1.000000000000000000e+00 1.000000000000000000e+00 0.000000000000000000e+00
9.627237611233642189e-01 1.620792789246368604e-01 3.692404490405062356e-01 1.000000000000000000e+00 1.000000000000000000e+00 0.000000000000000000e+00
9.627237611233642189e-01 1.620792789246368604e-01 3.692404490405062356e-01 1.000000000000000000e+00 1.000000000000000000e+00 0.000000000000000000e+00
9.627237611233642189e-01 1.620792789246368604e-01 3.692404490405062356e-01 1.000000000000000000e+00 1.000000000000000000e+00 0.000000000000000000e+00
1.000000000000000000e+00 4.437647288874751461e-01 3.529856082623106239e-01 1.000000000000000000e+00 1.000000000000000000e+00 1.315728066651078269e-02
1.000000000000000000e+00 4.437647288874751461e-01 3.529856082623106239e-01 1.000000000000000000e+00 1.000000000000000000e+00 1.315728066651078269e-02
1.000000000000000000e+00 4.437647288874751461e-01 3.529856082623106239e-01 1.000000000000000000e+00 1.000000000000000000e+00 1.315728066651078269e-02
1.000000000000000000e+00 4.437647288874751461e-01 3.529856082623106239e-01 1.000000000000000000e+00 1.000000000000000000e+00 1.315728066651078269e-02
1.000000000000000000e+00 4.437647288874751461e-01 3.529856082623106239e-01 1.000000000000000000e+00 1.000000000000000000e+00 1.315728066651078269e-02
1.000000000000000000e+00 4.437647288874751461e-01 3.529856082623106239e-01 1.000000000000000000e+00 1.000000000000000000e+00 1.315728066651078269e-02
1.000000000000000000e+00 4.437647288874751461e-01 3.529856082623106239e-01 1.000000000000000000e+00 1.000000000000000000e+00 1.315728066651078269e-02
1.000000000000000000e+00 4.437647288874751461e-01 3.529856082623106239e-01 1.000000000000000000e+00 1.000000000000000000e+00 1.315728066651078269e-02
1.000000000000000000e+00 4.437647288874751461e-01 3.529856082623106239e-01 1.000000000000000000e+00 1.000000000000000000e+00 1.315728066651078269e-02
1.000000000000000000e+00 4.437647288874751461e-01 3.529856082623106239e-01 1.000000000000000000e+00 1.000000000000000000e+00 1.315728066651078269e-02
1.000000000000000000e+00 4.437647288874751461e-01 3.529856082623106239e-01 1.000000000000000000e+00 1.000000000000000000e+00 1.315728066651078269e-02
1.000000000000000000e+00 4.437647288874751461e-01 3.529856082623106239e-01 1.000000000000000000e+00 1.000000000000000000e+00 1.315728066651078269e-02
1.000000000000000000e+00 4.437647288874751461e-01 3.529856082623106239e-01 1.000000000000000000e+00 1.000000000000000000e+00 1.315728066651078269e-02
1.000000000000000000e+00 4.437647288874751461e-01 3.529856082623106239e-01 1.000000000000000000e+00 1.000000000000000000e+00 1.315728066651078269e-02
1.000000000000000000e+00 4.437647288874751461e-01 3.529856082623106239e-01 1.000000000000000000e+00 1.000000000000000000e+00 1.315728066651078269e-02
1.000000000000000000e+00 4.437647288874751461e-01 3.529856082623106239e-01 1.000000000000000000e+00 1.000000000000000000e+00 1.315728066651078269e-02
1.000000000000000000e+00 4.437647288874751461e-01 3.529856082623106239e-01 1.000000000000000000e+00 1.000000000000000000e+00 1.315728066651078269e-02
1.000000000000000000e+00 4.437647288874751461e-01 3.529856082623106239e-01 1.000000000000000000e+00 1.000000000000000000e+00 1.315728066651078269e-02
1.000000000000000000e+00 4.437647288874751461e-01 3.529856082623106239e-01 1.000000000000000000e+00 1.000000000000000000e+00 1.315728066651078269e-02
1.000000000000000000e+00 4.437647288874751461e-01 3.529856082623106239e-01 1.000000000000000000e+00 1.000000000000000000e+00 1.315728066651078269e-02
1.000000000000000000e+00 4.437647288874751461e-01 3.529856082623106239e-01 1.000000000000000000e+00 1.000000000000000000e+00 1.315728066651078269e-02
1.000000000000000000e+00 4.437647288874751461e-01 3.529856082623106239e-01 1.000000000000000000e+00 1.000000000000000000e+00 1.315728066651078269e-02
1.000000000000000000e+00 4.437647288874751461e-01 3.529856082623106239e-01 1.000000000000000000e+00 1.000000000000000000e+00 1.315728066651078269e-02
1.000000000000000000e+00 4.437647288874751461e-01 3.529856082623106239e-01 1.000000000000000000e+00 1.000000000000000000e+00 1.315728066651078269e-02
1.000000000000000000e+00 4.437647288874751461e-01 3.529856082623106239e-01 1.000000000000000000e+00 1.000000000000000000e+00 1.315728066651078269e-02
1.000000000000000000e+00 4.437647288874751461e-01 3.529856082623106239e-01 1.000000000000000000e+00 1.000000000000000000e+00 1.315728066651078269e-02
1.000000000000000000e+00 4.437647288874751461e-01 3.529856082623106239e-01 1.000000000000000000e+00 1.000000000000000000e+00 1.315728066651078269e-02
1.000000000000000000e+00 4.437647288874751461e-01 3.529856082623106239e-01 1.000000000000000000e+00 1.000000000000000000e+00 1.315728066651078269e-02
9.971181021554575974e-01 6.779511811681272482e-01 3.498980193954310258e-01 1.000000000000000000e+00 9.961499306089616201e-01 6.999043442388860718e-03
9.971181021554575974e-01 6.779511811681272482e-01 3.498980193954310258e-01 1.000000000000000000e+00 9.961499306089616201e-01 6.999043442388860718e-03
9.971181021554575974e-01 6.779511811681272482e-01 3.498980193954310258e-01 1.000000000000000000e+00 9.961499306089616201e-01 6.999043442388860718e-03
9.971181021554575974e-01 6.779511811681272482e-01 3.498980193954310258e-01 1.000000000000000000e+00 9.961499306089616201e-01 6.999043442388860718e-03
9.971181021554575974e-01 6.779511811681272482e-01 3.498980193954310258e-01 1.000000000000000000e+00 9.961499306089616201e-01 6.999043442388860718e-03
9.971181021554575974e-01 6.779511811681272482e-01 3.498980193954310258e-01 1.000000000000000000e+00 9.961499306089616201e-01 6.999043442388860718e-03
9.971181021554575974e-01 6.779511811681272482e-01 3.498980193954310258e-01 1.000000000000000000e+00 9.961499306089616201e-01 6.999043442388860718e-03
9.971181021554575974e-01 6.779511811681272482e-01 3.498980193954310258e-01 1.000000000000000000e+00 9.961499306089616201e-01 6.999043442388860718e-03
9.971181021554575974e-01 6.779511811681272482e-01 3.498980193954310258e-01 1.000000000000000000e+00 9.961499306089616201e-01 6.999043442388860718e-03
9.971181021554575974e-01 6.779511811681272482e-01 3.498980193954310258e-01 1.000000000000000000e+00 9.961499306089616201e-01 6.999043442388860718e-03
9.971181021554575974e-01 6.779511811681272482e-01 3.498980193954310258e-01 1.000000000000000000e+00 9.961499306089616201e-01 6.999043442388860718e-03
9.971181021554575974e-01 6.779511811681272482e-01 3.498980193954310258e-01 1.000000000000000000e+00 9.961499306089616201e-01 6.999043442388860718e-03
9.971181021554575974e-01 6.779511811681272482e-01 3.498980193954310258e-01 1.000000000000000000e+00 9.961499306089616201e-01 6.999043442388860718e-03
9.971181021554575974e-01 6.779511811681272482e-01 3.498980193954310258e-01 1.000000000000000000e+00 9.961499306089616201e-01 6.999043442388860718e-03
9.971181021554575974e-01 6.779511811681272482e-01 3.498980193954310258e-01 1.000000000000000000e+00 9.961499306089616201e-01 6.999043442388860718e-03
