-2.958611864405236158e-01
-4.708580328254884373e-01
-3.554405477507833755e-01
-3.567829756770989347e-01
-3.743248402608617686e-01
-3.689367719398141121e-01
-6.173941067139143701e-03
9.886946761948356421e-02
1.008855866655801181e-01
1.115096195662027556e-01
1.142561491384520567e-01
1.153960678372591420e-01
1.163151164853155062e-01
2.611607189637219495e-01
2.686527039449009280e-01
2.653021880801803567e-01
2.687351998465130065e-01
1.159883946829846635e-01
2.667341531703142365e-01
1.152134190713067219e-01
2.503958464815234097e-01
1.174720184170756632e-01
2.628290432573260893e-01
2.503361833520807989e-01
1.094445883168065348e-01
2.625302970568851868e-01
1.044911087037346809e-01
9.826510595084597677e-02
2.658708415650208878e-01
1.069842355380047350e-01
1.066652227929841823e-01
2.656351107439502979e-01
2.661404816624226011e-01
2.670320622047458459e-01
9.463379253533055202e-02
2.676320939802244170e-01
2.672985812690603646e-01
2.676074512784201720e-01
2.675084525868731689e-01
2.676102813247639434e-01
1.147032854971536953e-01
1.145253221686948764e-01
2.682650131903022706e-01
1.160027989889841904e-01
1.160074661400006812e-01
1.161188450984892429e-01
2.685028203035497718e-01
1.161292598843636781e-01
1.161289097658391722e-01
1.161259020572386058e-01
2.687213146672557951e-01
1.161305885325283338e-01
2.687192554069220418e-01
1.155522801998389304e-01
1.156947471181440923e-01
2.687081324708414654e-01
1.154905485939310417e-01
2.687112770108525117e-01
1.138212620424342014e-01
1.136230855121425631e-01
2.687281531455755768e-01
2.687226648843074606e-01
2.687119520637570869e-01
2.687147269491054757e-01
1.101972304607791719e-01
2.684397628817435932e-01
1.133478189782024526e-01
1.140548594410644712e-01
1.140914882190798840e-01
1.141961650920735316e-01
1.121535058200656687e-01
1.125847881311947130e-01
2.683050651526101560e-01
2.683829870347407276e-01
2.683739261503805817e-01
2.683178069776122054e-01
1.242054847834812015e-01
1.230704222975439466e-01
2.681285140150830859e-01
2.678177893946777077e-01
2.684521804366989950e-01
1.243392478194508266e-01
2.684572948854845320e-01
2.678177893946777077e-01
1.232331855304035773e-01
2.711950937810425621e-01
2.678177893946777077e-01
2.679198192061500450e-01
1.229652964683262129e-01
2.678177893946777077e-01
1.223866028021721730e-01
2.711741069332678222e-01
2.701936401700780754e-01
2.678557958716152321e-01
2.680174230578019623e-01
2.718532451787529780e-01
2.681233289797813057e-01
2.681423898252969784e-01
1.227337202265964544e-01
2.682888919508174541e-01
