-3.450826953605267144e-01
-3.450826953605267144e-01
-3.450826953605267144e-01
-3.450826953605267144e-01
4.525151033393154387e-02
6.724034946561269210e-02
6.724034946561269210e-02
6.724034946561269210e-02
6.724034946561269210e-02
6.724034946561269210e-02
6.724034946561269210e-02
7.809785112502187765e-02
7.809785112502187765e-02
9.124698469903280706e-02
9.124698469903280706e-02
9.124698469903280706e-02
9.124698469903280706e-02
9.124698469903280706e-02
9.124698469903280706e-02
9.124698469903280706e-02
9.124698469903280706e-02
9.124698469903280706e-02
9.124698469903280706e-02
9.124698469903280706e-02
9.124698469903280706e-02
9.124698469903280706e-02
9.124698469903280706e-02
9.124698469903280706e-02
9.124698469903280706e-02
9.124698469903280706e-02
9.124698469903280706e-02
9.124698469903280706e-02
9.124698469903280706e-02
9.124698469903280706e-02
9.124698469903280706e-02
9.124698469903280706e-02
9.124698469903280706e-02
9.124698469903280706e-02
9.124698469903280706e-02
9.124698469903280706e-02
9.124698469903280706e-02
9.124698469903280706e-02
9.124698469903280706e-02
9.124698469903280706e-02
9.124698469903280706e-02
9.124698469903280706e-02
9.124698469903280706e-02
9.124698469903280706e-02
9.124698469903280706e-02
9.124698469903280706e-02
9.124698469903280706e-02
9.124698469903280706e-02
9.124698469903280706e-02
9.124698469903280706e-02
9.124698469903280706e-02
9.124698469903280706e-02
9.124698469903280706e-02
9.124698469903280706e-02
9.124698469903280706e-02
9.124698469903280706e-02
9.124698469903280706e-02
9.124698469903280706e-02
9.124698469903280706e-02
9.124698469903280706e-02
9.124698469903280706e-02
9.124698469903280706e-02
9.124698469903280706e-02
9.124698469903280706e-02
9.124698469903280706e-02
9.124698469903280706e-02
9.124698469903280706e-02
9.124698469903280706e-02
9.124698469903280706e-02
1.300754324905087356e-01
1.300754324905087356e-01
1.300754324905087356e-01
1.300754324905087356e-01
1.300754324905087356e-01
1.300754324905087356e-01
1.300754324905087356e-01
1.300754324905087356e-01
2.259932241139678832e-01
2.259932241139678832e-01
2.259932241139678832e-01
2.259932241139678832e-01
2.259932241139678832e-01
2.259932241139678832e-01
2.259932241139678832e-01
2.259932241139678832e-01
2.259932241139678832e-01
2.259932241139678832e-01
2.259932241139678832e-01
2.259932241139678832e-01
2.503601057956748588e-01
2.503601057956748588e-01
2.503601057956748588e-01
2.503601057956748588e-01
2.503601057956748588e-01
2.503601057956748588e-01
2.503601057956748588e-01
