4.125237464904785156e-02 7.858258485794067383e-01 3.206012248992919922e-01 9.028762578964233398e-02 3.856801390647888184e-01 4.472136497497558594e-02
4.125237464904785156e-02 7.858258485794067383e-01 3.206012248992919922e-01 9.028762578964233398e-02 3.856801390647888184e-01 4.472136497497558594e-02
4.125237464904785156e-02 7.858258485794067383e-01 3.206012248992919922e-01 9.028762578964233398e-02 3.856801390647888184e-01 4.472136497497558594e-02
4.125237464904785156e-02 7.858258485794067383e-01 3.206012248992919922e-01 9.028762578964233398e-02 3.856801390647888184e-01 4.472136497497558594e-02
4.125237464904785156e-02 7.858258485794067383e-01 3.206012248992919922e-01 9.028762578964233398e-02 3.856801390647888184e-01 4.472136497497558594e-02
4.125237464904785156e-02 7.858258485794067383e-01 3.206012248992919922e-01 9.028762578964233398e-02 3.856801390647888184e-01 4.472136497497558594e-02
4.125237464904785156e-02 7.858258485794067383e-01 3.206012248992919922e-01 9.028762578964233398e-02 3.856801390647888184e-01 4.472136497497558594e-02
4.125237464904785156e-02 7.858258485794067383e-01 3.206012248992919922e-01 9.028762578964233398e-02 3.856801390647888184e-01 4.472136497497558594e-02
4.125237464904785156e-02 7.858258485794067383e-01 3.206012248992919922e-01 9.028762578964233398e-02 3.856801390647888184e-01 4.472136497497558594e-02
0.000000000000000000e+00 7.696312069892883301e-01 7.833194732666015625e-01 2.924742698669433594e-01 1.000000000000000000e+00 0.000000000000000000e+00
0.000000000000000000e+00 7.696312069892883301e-01 7.833194732666015625e-01 2.924742698669433594e-01 1.000000000000000000e+00 0.000000000000000000e+00
0.000000000000000000e+00 7.696312069892883301e-01 7.833194732666015625e-01 2.924742698669433594e-01 1.000000000000000000e+00 0.000000000000000000e+00
0.000000000000000000e+00 7.696312069892883301e-01 7.833194732666015625e-01 2.924742698669433594e-01 1.000000000000000000e+00 0.000000000000000000e+00
0.000000000000000000e+00 9.030057191848754883e-01 8.936690092086791992e-01 2.165021151304244995e-01 8.528324961662292480e-01 0.000000000000000000e+00
0.000000000000000000e+00 9.030057191848754883e-01 8.936690092086791992e-01 2.165021151304244995e-01 8.528324961662292480e-01 0.000000000000000000e+00
0.000000000000000000e+00 1.000000000000000000e+00 9.576242566108703613e-01 1.807450652122497559e-01 9.844642877578735352e-01 0.000000000000000000e+00
0.000000000000000000e+00 1.000000000000000000e+00 9.576242566108703613e-01 1.807450652122497559e-01 9.844642877578735352e-01 0.000000000000000000e+00
0.000000000000000000e+00 1.000000000000000000e+00 9.576242566108703613e-01 1.807450652122497559e-01 9.844642877578735352e-01 0.000000000000000000e+00
0.000000000000000000e+00 1.000000000000000000e+00 9.576242566108703613e-01 1.807450652122497559e-01 9.844642877578735352e-01 0.000000000000000000e+00
0.000000000000000000e+00 9.040701985359191895e-01 1.000000000000000000e+00 1.196837872266769409e-01 9.252330064773559570e-01 0.000000000000000000e+00
0.000000000000000000e+00 9.040701985359191895e-01 1.000000000000000000e+00 1.196837872266769409e-01 9.252330064773559570e-01 0.000000000000000000e+00
0.000000000000000000e+00 9.625798463821411133e-01 1.000000000000000000e+00 1.056589260697364807e-01 1.000000000000000000e+00 0.000000000000000000e+00
0.000000000000000000e+00 9.625798463821411133e-01 1.000000000000000000e+00 1.056589260697364807e-01 1.000000000000000000e+00 0.000000000000000000e+00
0.000000000000000000e+00 9.625798463821411133e-01 1.000000000000000000e+00 1.056589260697364807e-01 1.000000000000000000e+00 0.000000000000000000e+00
0.000000000000000000e+00 9.625798463821411133e-01 1.000000000000000000e+00 1.056589260697364807e-01 1.000000000000000000e+00 0.000000000000000000e+00
0.000000000000000000e+00 9.625798463821411133e-01 1.000000000000000000e+00 1.056589260697364807e-01 1.000000000000000000e+00 0.000000000000000000e+00
0.000000000000000000e+00 9.625798463821411133e-01 1.000000000000000000e+00 1.056589260697364807e-01 1.000000000000000000e+00 0.000000000000000000e+00
0.000000000000000000e+00 9.625798463821411133e-01 1.000000000000000000e+00 1.056589260697364807e-01 1.000000000000000000e+00 0.000000000000000000e+00
0.000000000000000000e+00 9.625798463821411133e-01 1.000000000000000000e+00 1.056589260697364807e-01 1.000000000000000000e+00 0.000000000000000000e+00
0.000000000000000000e+00 9.625798463821411133e-01 1.000000000000000000e+00 1.056589260697364807e-01 1.000000000000000000e+00 0.000000000000000000e+00
0.000000000000000000e+00 9.625798463821411133e-01 1.000000000000000000e+00 1.056589260697364807e-01 1.000000000000000000e+00 0.000000000000000000e+00
0.000000000000000000e+00 9.625798463821411133e-01 1.000000000000000000e+00 1.056589260697364807e-01 1.000000000000000000e+00 0.000000000000000000e+00
0.000000000000000000e+00 9.625798463821411133e-01 1.000000000000000000e+00 1.056589260697364807e-01 1.000000000000000000e+00 0.000000000000000000e+00
0.000000000000000000e+00 9.625798463821411133e-01 1.000000000000000000e+00 1.056589260697364807e-01 1.000000000000000000e+00 0.000000000000000000e+00
0.000000000000000000e+00 9.625798463821411133e-01 1.000000000000000000e+00 1.056589260697364807e-01 1.000000000000000000e+00 0.000000000000000000e+00
0.000000000000000000e+00 9.625798463821411133e-01 1.000000000000000000e+00 1.056589260697364807e-01 1.000000000000000000e+00 0.000000000000000000e+00
0.000000000000000000e+00 9.625798463821411133e-01 1.000000000000000000e+00 1.056589260697364807e-01 1.000000000000000000e+00 0.000000000000000000e+00
0.000000000000000000e+00 9.625798463821411133e-01 1.000000000000000000e+00 1.056589260697364807e-01 1.000000000000000000e+00 0.000000000000000000e+00
0.000000000000000000e+00 9.625798463821411133e-01 1.000000000000000000e+00 1.056589260697364807e-01 1.000000000000000000e+00 0.000000000000000000e+00
0.000000000000000000e+00 9.625798463821411133e-01 1.000000000000000000e+00 1.056589260697364807e-01 1.000000000000000000e+00 0.000000000000000000e+00
0.000000000000000000e+00 9.625798463821411133e-01 1.000000000000000000e+00 1.056589260697364807e-01 1.000000000000000000e+00 0.000000000000000000e+00
0.000000000000000000e+00 9.625798463821411133e-01 1.000000000000000000e+00 1.056589260697364807e-01 1.000000000000000000e+00 0.000000000000000000e+00
0.000000000000000000e+00 9.625798463821411133e-01 1.000000000000000000e+00 1.056589260697364807e-01 1.000000000000000000e+00 0.000000000000000000e+00
0.000000000000000000e+00 9.625798463821411133e-01 1.000000000000000000e+00 1.056589260697364807e-01 1.000000000000000000e+00 0.000000000000000000e+00
0.000000000000000000e+00 9.625798463821411133e-01 1.000000000000000000e+00 1.056589260697364807e-01 1.000000000000000000e+00 0.000000000000000000e+00
0.000000000000000000e+00 9.625798463821411133e-01 1.000000000000000000e+00 1.056589260697364807e-01 1.000000000000000000e+00 0.000000000000000000e+00
0.000000000000000000e+00 9.625798463821411133e-01 1.000000000000000000e+00 1.056589260697364807e-01 1.000000000000000000e+00 0.000000000000000000e+00
0.000000000000000000e+00 9.625798463821411133e-01 1.000000000000000000e+00 1.056589260697364807e-01 1.000000000000000000e+00 0.000000000000000000e+00
0.000000000000000000e+00 9.625798463821411133e-01 1.000000000000000000e+00 1.056589260697364807e-01 1.000000000000000000e+00 0.000000000000000000e+00
0.000000000000000000e+00 9.625798463821411133e-01 1.000000000000000000e+00 1.056589260697364807e-01 1.000000000000000000e+00 0.000000000000000000e+00
0.000000000000000000e+00 9.625798463821411133e-01 1.000000000000000000e+00 1.056589260697364807e-01 1.000000000000000000e+00 0.000000000000000000e+00
0.000000000000000000e+00 9.625798463821411133e-01 1.000000000000000000e+00 1.056589260697364807e-01 1.000000000000000000e+00 0.000000000000000000e+00
0.000000000000000000e+00 9.625798463821411133e-01 1.000000000000000000e+00 1.056589260697364807e-01 1.000000000000000000e+00 0.000000000000000000e+00
0.000000000000000000e+00 9.625798463821411133e-01 1.000000000000000000e+00 1.056589260697364807e-01 1.000000000000000000e+00 0.000000000000000000e+00
0.000000000000000000e+00 9.625798463821411133e-01 1.000000000000000000e+00 1.056589260697364807e-01 1.000000000000000000e+00 0.000000000000000000e+00
0.000000000000000000e+00 9.625798463821411133e-01 1.000000000000000000e+00 1.056589260697364807e-01 1.000000000000000000e+00 0.000000000000000000e+00
0.000000000000000000e+00 9.625798463821411133e-01 1.000000000000000000e+00 1.056589260697364807e-01 1.000000000000000000e+00 0.000000000000000000e+00
0.000000000000000000e+00 9.625798463821411133e-01 1.000000000000000000e+00 1.056589260697364807e-01 1.000000000000000000e+00 0.000000000000000000e+00
0.000000000000000000e+00 9.625798463821411133e-01 1.000000000000000000e+00 1.056589260697364807e-01 1.000000000000000000e+00 0.000000000000000000e+00
0.000000000000000000e+00 9.625798463821411133e-01 1.000000000000000000e+00 1.056589260697364807e-01 1.000000000000000000e+00 0.000000000000000000e+00
0.000000000000000000e+00 9.625798463821411133e-01 1.000000000000000000e+00 1.056589260697364807e-01 1.000000000000000000e+00 0.000000000000000000e+00
0.000000000000000000e+00 9.625798463821411133e-01 1.000000000000000000e+00 1.056589260697364807e-01 1.000000000000000000e+00 0.000000000000000000e+00
0.000000000000000000e+00 9.625798463821411133e-01 1.000000000000000000e+00 1.056589260697364807e-01 1.000000000000000000e+00 0.000000000000000000e+00
0.000000000000000000e+00 9.625798463821411133e-01 1.000000000000000000e+00 1.056589260697364807e-01 1.000000000000000000e+00 0.000000000000000000e+00
0.000000000000000000e+00 9.625798463821411133e-01 1.000000000000000000e+00 1.056589260697364807e-01 1.000000000000000000e+00 0.000000000000000000e+00
0.000000000000000000e+00 9.625798463821411133e-01 1.000000000000000000e+00 1.056589260697364807e-01 1.000000000000000000e+00 0.000000000000000000e+00
0.000000000000000000e+00 9.625798463821411133e-01 1.000000000000000000e+00 1.056589260697364807e-01 1.000000000000000000e+00 0.000000000000000000e+00
0.000000000000000000e+00 9.625798463821411133e-01 1.000000000000000000e+00 1.056589260697364807e-01 1.000000000000000000e+00 0.000000000000000000e+00
0.000000000000000000e+00 9.625798463821411133e-01 1.000000000000000000e+00 1.056589260697364807e-01 1.000000000000000000e+00 0.000000000000000000e+00
0.000000000000000000e+00 9.625798463821411133e-01 1.000000000000000000e+00 1.056589260697364807e-01 1.000000000000000000e+00 0.000000000000000000e+00
0.000000000000000000e+00 9.625798463821411133e-01 1.000000000000000000e+00 1.056589260697364807e-01 1.000000000000000000e+00 0.000000000000000000e+00
0.000000000000000000e+00 9.625798463821411133e-01 1.000000000000000000e+00 1.056589260697364807e-01 1.000000000000000000e+00 0.000000000000000000e+00
0.000000000000000000e+00 9.625798463821411133e-01 1.000000000000000000e+00 1.056589260697364807e-01 1.000000000000000000e+00 0.000000000000000000e+00
0.000000000000000000e+00 9.625798463821411133e-01 1.000000000000000000e+00 1.056589260697364807e-01 1.000000000000000000e+00 0.000000000000000000e+00
0.000000000000000000e+00 9.625798463821411133e-01 1.000000000000000000e+00 1.056589260697364807e-01 1.000000000000000000e+00 0.000000000000000000e+00
0.000000000000000000e+00 9.625798463821411133e-01 1.000000000000000000e+00 1.056589260697364807e-01 1.000000000000000000e+00 0.000000000000000000e+00
0.000000000000000000e+00 9.625798463821411133e-01 1.000000000000000000e+00 1.056589260697364807e-01 1.000000000000000000e+00 0.000000000000000000e+00
0.000000000000000000e+00 9.625798463821411133e-01 1.000000000000000000e+00 1.056589260697364807e-01 1.000000000000000000e+00 0.000000000000000000e+00
0.000000000000000000e+00 9.625798463821411133e-01 1.000000000000000000e+00 1.056589260697364807e-01 1.000000000000000000e+00 0.000000000000000000e+00
0.000000000000000000e+00 9.625798463821411133e-01 1.000000000000000000e+00 1.056589260697364807e-01 1.000000000000000000e+00 0.000000000000000000e+00
0.000000000000000000e+00 9.625798463821411133e-01 1.000000000000000000e+00 1.056589260697364807e-01 1.000000000000000000e+00 0.000000000000000000e+00
0.000000000000000000e+00 9.625798463821411133e-01 1.000000000000000000e+00 1.056589260697364807e-01 1.000000000000000000e+00 0.000000000000000000e+00
0.000000000000000000e+00 9.625798463821411133e-01 1.000000000000000000e+00 1.056589260697364807e-01 1.000000000000000000e+00 0.000000000000000000e+00
0.000000000000000000e+00 9.625798463821411133e-01 1.000000000000000000e+00 1.056589260697364807e-01 1.000000000000000000e+00 0.000000000000000000e+00
0.000000000000000000e+00 9.625798463821411133e-01 1.000000000000000000e+00 1.056589260697364807e-01 1.000000000000000000e+00 0.000000000000000000e+00
0.000000000000000000e+00 9.625798463821411133e-01 1.000000000000000000e+00 1.056589260697364807e-01 1.000000000000000000e+00 0.000000000000000000e+00
0.000000000000000000e+00 9.625798463821411133e-01 1.000000000000000000e+00 1.056589260697364807e-01 1.000000000000000000e+00 0.000000000000000000e+00
0.000000000000000000e+00 9.625798463821411133e-01 1.000000000000000000e+00 1.056589260697364807e-01 1.000000000000000000e+00 0.000000000000000000e+00
0.000000000000000000e+00 9.625798463821411133e-01 1.000000000000000000e+00 1.056589260697364807e-01 1.000000000000000000e+00 0.000000000000000000e+00
0.000000000000000000e+00 9.625798463821411133e-01 1.000000000000000000e+00 1.056589260697364807e-01 1.000000000000000000e+00 0.000000000000000000e+00
0.000000000000000000e+00 9.625798463821411133e-01 1.000000000000000000e+00 1.056589260697364807e-01 1.000000000000000000e+00 0.000000000000000000e+00
0.000000000000000000e+00 9.625798463821411133e-01 1.000000000000000000e+00 1.056589260697364807e-01 1.000000000000000000e+00 0.000000000000000000e+00
0.000000000000000000e+00 9.625798463821411133e-01 1.000000000000000000e+00 1.056589260697364807e-01 1.000000000000000000e+00 0.000000000000000000e+00
0.000000000000000000e+00 9.625798463821411133e-01 1.000000000000000000e+00 1.056589260697364807e-01 1.000000000000000000e+00 0.000000000000000000e+00
0.000000000000000000e+00 9.625798463821411133e-01 1.000000000000000000e+00 1.056589260697364807e-01 1.000000000000000000e+00 0.000000000000000000e+00
0.000000000000000000e+00 9.625798463821411133e-01 1.000000000000000000e+00 1.056589260697364807e-01 1.000000000000000000e+00 0.000000000000000000e+00
0.000000000000000000e+00 9.625798463821411133e-01 1.000000000000000000e+00 1.056589260697364807e-01 1.000000000000000000e+00 0.000000000000000000e+00
0.000000000000000000e+00 9.625798463821411133e-01 1.000000000000000000e+00 1.056589260697364807e-01 1.000000000000000000e+00 0.000000000000000000e+00
0.000000000000000000e+00 9.625798463821411133e-01 1.000000000000000000e+00 1.056589260697364807e-01 1.000000000000000000e+00 0.000000000000000000e+00
0.000000000000000000e+00 9.625798463821411133e-01 1.000000000000000000e+00 1.056589260697364807e-01 1.000000000000000000e+00 0.000000000000000000e+00
