1.398416757583618164e-01 7.655817270278930664e-01 3.717380166053771973e-01 5.248076319694519043e-01
7.723523974418640137e-01 3.831073045730590820e-01 1.104541420936584473e-01 3.948111534118652344e-01
2.469031810760498047e-01 6.612361669540405273e-01 3.212980628013610840e-01 4.466407895088195801e-01
7.438387274742126465e-01 2.646848559379577637e-01 1.189701557159423828e-01 2.380168437957763672e-01
6.893692016601562500e-01 4.737868905067443848e-01 7.153406143188476562e-01 9.190215468406677246e-01
3.567154407501220703e-01 6.974849104881286621e-01 2.516937255859375000e-01 5.743109583854675293e-01
2.714660167694091797e-01 3.546392917633056641e-01 4.418298006057739258e-01 7.570580840110778809e-01
5.340620875358581543e-01 4.360370635986328125e-01 1.120337843894958496e-01 6.455402374267578125e-01
6.686651706695556641e-02 4.176504015922546387e-01 7.453858852386474609e-01 3.095359206199645996e-01
3.312534093856811523e-02 1.553527712821960449e-01 1.277486681938171387e-01 1.105105876922607422e-02
0.000000000000000000e+00 0.000000000000000000e+00 0.000000000000000000e+00 6.676663160324096680e-01
1.922816038131713867e-02 5.375331640243530273e-01 2.262293249368667603e-01 9.706732034683227539e-01
5.468581616878509521e-02 5.465605258941650391e-01 8.064469695091247559e-01 8.606280684471130371e-01
0.000000000000000000e+00 1.000000000000000000e+00 4.538673758506774902e-01 1.489345729351043701e-01
0.000000000000000000e+00 6.496238708496093750e-01 0.000000000000000000e+00 4.740365743637084961e-01
1.000000000000000000e+00 8.497344851493835449e-01 4.522793889045715332e-01 7.377611398696899414e-01
9.774408936500549316e-01 1.000000000000000000e+00 3.579591587185859680e-02 1.000000000000000000e+00
9.705691933631896973e-01 0.000000000000000000e+00 2.942368015646934509e-02 1.000000000000000000e+00
5.974838137626647949e-01 1.000000000000000000e+00 3.339581424370408058e-03 1.000000000000000000e+00
8.911182284355163574e-01 9.981052875518798828e-01 0.000000000000000000e+00 1.000000000000000000e+00
9.570880532264709473e-01 9.563149213790893555e-01 1.824017167091369629e-01 1.000000000000000000e+00
2.094029486179351807e-01 9.299847483634948730e-01 9.304427504539489746e-01 3.531275987625122070e-01
5.137038975954055786e-02 9.414539337158203125e-01 8.837478756904602051e-01 9.177510738372802734e-01
1.968713104724884033e-01 1.000000000000000000e+00 7.110496759414672852e-01 9.779245853424072266e-01
1.000000000000000000e+00 8.082571029663085938e-01 7.297310046851634979e-03 9.883772730827331543e-01
8.644633293151855469e-01 7.599230408668518066e-01 3.748858571052551270e-01 9.149184823036193848e-01
9.724963307380676270e-01 7.826201319694519043e-01 4.086400568485260010e-01 6.256378293037414551e-01
5.856265425682067871e-01 9.294509887695312500e-01 9.252234697341918945e-01 6.952709555625915527e-01
3.433977961540222168e-01 0.000000000000000000e+00 1.000000000000000000e+00 4.862193465232849121e-01
9.162055253982543945e-01 1.000000000000000000e+00 2.049598991870880127e-01 9.387691617012023926e-01
3.471822440624237061e-01 0.000000000000000000e+00 0.000000000000000000e+00 1.000000000000000000e+00
7.889199256896972656e-01 9.891752600669860840e-01 1.461117714643478394e-02 9.871188998222351074e-01
9.791161417961120605e-01 9.823937416076660156e-01 9.229098558425903320e-01 2.465799823403358459e-02
7.649398408830165863e-03 7.571797370910644531e-01 6.479092240333557129e-01 6.291453838348388672e-01
9.927136301994323730e-01 8.984075188636779785e-01 6.958473920822143555e-01 3.994008302688598633e-01
9.830968976020812988e-01 9.443322420120239258e-01 3.941620886325836182e-01 1.042786315083503723e-01
9.882917404174804688e-01 9.664099216461181641e-01 2.643229663372039795e-01 8.189831674098968506e-02
9.710674285888671875e-01 9.987632185220718384e-02 9.362998604774475098e-01 1.575230956077575684e-01
9.859892725944519043e-01 9.596211314201354980e-01 1.000000000000000000e+00 1.738735288381576538e-01
1.000000000000000000e+00 9.957689642906188965e-01 8.533637225627899170e-02 8.074290752410888672e-01
4.616861045360565186e-02 2.907890677452087402e-01 0.000000000000000000e+00 9.837506413459777832e-01
1.365459710359573364e-01 7.774172425270080566e-01 8.578128814697265625e-01 1.000000000000000000e+00
8.766037821769714355e-01 9.301685690879821777e-01 3.732949495315551758e-01 7.599946260452270508e-01
5.294339358806610107e-02 3.039439618587493896e-01 7.505776882171630859e-01 5.242868661880493164e-01
6.304512023925781250e-01 6.657748222351074219e-01 8.938975334167480469e-01 2.292143106460571289e-01
1.698605483397841454e-03 8.852500915527343750e-01 1.670765727758407593e-01 1.000000000000000000e+00
9.359209537506103516e-01 5.892075300216674805e-01 9.537374973297119141e-01 5.558561086654663086e-01
8.798191547393798828e-01 5.735723972320556641e-01 1.516196578741073608e-01 5.849660038948059082e-01
7.945264577865600586e-01 8.397945165634155273e-01 4.373851418495178223e-01 0.000000000000000000e+00
5.985438227653503418e-01 6.286658644676208496e-01 4.302344024181365967e-01 9.732113480567932129e-01
4.862412065267562866e-02 5.840507745742797852e-01 9.510477185249328613e-01 3.693841099739074707e-01
6.997464299201965332e-01 4.258583486080169678e-01 9.472829699516296387e-01 8.930355906486511230e-01
9.477223157882690430e-01 6.240758299827575684e-01 8.083697557449340820e-01 5.701995491981506348e-01
8.597192764282226562e-01 7.866234183311462402e-01 2.446470260620117188e-01 1.000000000000000000e+00
1.717352680861949921e-02 5.977506637573242188e-01 4.772544801235198975e-01 9.025350213050842285e-01
9.806916117668151855e-01 9.553605914115905762e-01 0.000000000000000000e+00 5.723855495452880859e-01
2.404712699353694916e-02 1.094552278518676758e-01 4.228779673576354980e-01 4.774471223354339600e-01
3.842475712299346924e-01 8.051551580429077148e-01 6.079140305519104004e-01 9.294899106025695801e-01
2.954741120338439941e-01 5.842943191528320312e-01 7.867088913917541504e-01 6.430609226226806641e-01
9.764329791069030762e-01 2.502789795398712158e-01 2.944889850914478302e-02 9.788513779640197754e-01
3.095610737800598145e-01 1.635619252920150757e-01 2.084635943174362183e-01 8.846302628517150879e-01
9.515611529350280762e-01 6.488763093948364258e-01 5.896990299224853516e-01 5.982504487037658691e-01
9.632717967033386230e-01 1.821350604295730591e-01 8.320360183715820312e-01 2.153431773185729980e-01
7.123768329620361328e-01 9.163143038749694824e-01 7.209699749946594238e-01 6.629776358604431152e-01
9.561689496040344238e-01 8.644078969955444336e-01 1.847377570811659098e-04 1.689115315675735474e-01
4.592541456222534180e-01 7.436940670013427734e-01 9.853752255439758301e-01 2.961272746324539185e-02
1.220115125179290771e-01 3.099017739295959473e-01 9.171974658966064453e-01 9.831880219280719757e-03
9.747046232223510742e-01 9.537513256072998047e-01 8.466921001672744751e-02 2.930313646793365479e-01
4.098710417747497559e-02 1.820383667945861816e-01 3.297835886478424072e-01 8.705290406942367554e-02
1.000000000000000000e+00 1.000000000000000000e+00 1.162593215703964233e-01 1.000000000000000000e+00
9.421065449714660645e-01 4.053358137607574463e-01 5.397345423698425293e-01 4.001353383064270020e-01
8.298638463020324707e-01 9.057088494300842285e-01 3.596734106540679932e-01 9.972351193428039551e-01
8.217828273773193359e-01 7.513899803161621094e-01 5.116516947746276855e-01 9.761527180671691895e-01
4.933052957057952881e-01 9.187005162239074707e-01 9.262881875038146973e-01 9.520264863967895508e-01
6.979212760925292969e-01 7.043539285659790039e-01 0.000000000000000000e+00 8.552081584930419922e-01
1.000000000000000000e+00 9.978841543197631836e-01 2.448033243417739868e-01 1.000000000000000000e+00
8.613306283950805664e-01 7.694294452667236328e-01 0.000000000000000000e+00 9.191239476203918457e-01
6.886809468269348145e-01 7.232410311698913574e-01 1.224931105971336365e-01 9.011253118515014648e-01
9.393159151077270508e-01 9.720310568809509277e-01 4.554332196712493896e-01 9.954122900962829590e-01
9.714835286140441895e-01 9.079146385192871094e-01 1.922787874937057495e-01 1.712931245565414429e-01
3.170875832438468933e-02 4.433400332927703857e-01 9.072601199150085449e-01 1.982516944408416748e-01
1.000000000000000000e+00 9.721232652664184570e-01 8.123723268508911133e-01 9.776583909988403320e-01
8.013162761926651001e-02 2.546353936195373535e-01 5.924840569496154785e-01 9.626177549362182617e-01
7.006290555000305176e-01 8.676759004592895508e-01 7.284371852874755859e-01 9.761377573013305664e-01
1.944637447595596313e-01 9.853264689445495605e-01 4.351100921630859375e-01 9.915264248847961426e-01
4.839986190199851990e-02 2.389083951711654663e-01 5.296403765678405762e-01 1.438112258911132812e-01
2.737416513264179230e-02 6.853457093238830566e-01 1.085465028882026672e-01 4.756335914134979248e-01
6.251851469278335571e-02 5.804378986358642578e-01 1.000000000000000000e+00 8.514767885208129883e-01
1.093257442116737366e-01 1.969969719648361206e-01 7.775813341140747070e-01 9.793244004249572754e-01
1.000000000000000000e+00 8.735688924789428711e-01 9.197481274604797363e-01 3.640881776809692383e-01
2.703201957046985626e-02 1.493598967790603638e-01 1.692547462880611420e-02 0.000000000000000000e+00
1.031171381473541260e-01 7.921779155731201172e-01 7.366269826889038086e-01 4.006456956267356873e-02
8.849363327026367188e-01 8.175469636917114258e-01 8.544055819511413574e-01 9.506372809410095215e-01
3.180770948529243469e-02 1.278226822614669800e-01 1.027013435959815979e-01 8.086004853248596191e-02
4.338456690311431885e-02 2.843199968338012695e-01 2.425309419631958008e-01 9.749200940132141113e-01
4.363864064216613770e-01 9.589242935180664062e-01 1.626812517642974854e-01 9.720314741134643555e-01
9.822891950607299805e-01 9.392228126525878906e-01 1.000000000000000000e+00 9.668996930122375488e-01
8.297039270401000977e-01 5.468267798423767090e-01 0.000000000000000000e+00 6.052858233451843262e-01
9.759440422058105469e-01 8.814761638641357422e-01 3.505746424198150635e-01 3.758572340011596680e-01
5.362846255302429199e-01 9.234133362770080566e-01 7.629725337028503418e-01 3.542245924472808838e-02
7.637585997581481934e-01 2.564749121665954590e-01 2.609570622444152832e-01 2.359125763177871704e-01
4.704987108707427979e-01 7.053478956222534180e-01 6.040367856621742249e-02 6.214594244956970215e-01
2.698208391666412354e-01 6.159721612930297852e-01 4.849828481674194336e-01 4.284832775592803955e-01
4.304463788866996765e-02 3.847704529762268066e-01 9.229742884635925293e-01 6.456962823867797852e-01
8.278628587722778320e-01 2.376657426357269287e-01 5.207726359367370605e-01 2.247443646192550659e-01
9.599837660789489746e-01 0.000000000000000000e+00 1.112920716404914856e-01 9.936674833297729492e-01
7.513889670372009277e-01 9.013585448265075684e-01 5.058863162994384766e-01 6.805527210235595703e-01
5.799837410449981689e-03 2.019600570201873779e-02 1.341705769300460815e-01 5.998471379280090332e-01
9.738349318504333496e-01 9.012565016746520996e-01 1.058045029640197754e-01 5.485540628433227539e-01
9.338944554328918457e-01 5.121666938066482544e-03 3.108226954936981201e-01 9.771947264671325684e-01
