1.758137405353252525e-01
1.758137405353252525e-01
1.758137405353252525e-01
1.758137405353252525e-01
3.131926567484195623e-01
4.259790821823166707e-01
4.259790821823166707e-01
4.259790821823166707e-01
4.259790821823166707e-01
4.327502827207584390e-01
4.327502827207584390e-01
4.327502827207584390e-01
4.327502827207584390e-01
4.406335147305754929e-01
4.406335147305754929e-01
4.406335147305754929e-01
4.406335147305754929e-01
4.406335147305754929e-01
4.406335147305754929e-01
4.406335147305754929e-01
4.406335147305754929e-01
4.406335147305754929e-01
4.406335147305754929e-01
4.406335147305754929e-01
4.406335147305754929e-01
4.406335147305754929e-01
4.406335147305754929e-01
4.406335147305754929e-01
4.406335147305754929e-01
4.406335147305754929e-01
4.406335147305754929e-01
4.406335147305754929e-01
4.406335147305754929e-01
4.559641127327890286e-01
5.127455313439530649e-01
5.484716873429662520e-01
5.545383808792478941e-01
5.545383808792478941e-01
5.545383808792478941e-01
6.068260214929115381e-01
6.068260214929115381e-01
6.068260214929115381e-01
6.068260214929115381e-01
6.068260214929115381e-01
6.068260214929115381e-01
6.068260214929115381e-01
6.068260214929115381e-01
6.068260214929115381e-01
6.068260214929115381e-01
6.068260214929115381e-01
6.068260214929115381e-01
6.068260214929115381e-01
6.068260214929115381e-01
6.068260214929115381e-01
6.068260214929115381e-01
6.068260214929115381e-01
6.068260214929115381e-01
6.068260214929115381e-01
6.068260214929115381e-01
6.068260214929115381e-01
6.068260214929115381e-01
6.068260214929115381e-01
6.068260214929115381e-01
6.068260214929115381e-01
6.068260214929115381e-01
6.068260214929115381e-01
6.068260214929115381e-01
6.068260214929115381e-01
6.068260214929115381e-01
6.068260214929115381e-01
6.068260214929115381e-01
6.068260214929115381e-01
6.068260214929115381e-01
6.068260214929115381e-01
6.068260214929115381e-01
6.068260214929115381e-01
6.068260214929115381e-01
6.068260214929115381e-01
6.068260214929115381e-01
6.068260214929115381e-01
6.068260214929115381e-01
6.068260214929115381e-01
6.068260214929115381e-01
6.068260214929115381e-01
6.068260214929115381e-01
6.068260214929115381e-01
6.068260214929115381e-01
6.068260214929115381e-01
6.068260214929115381e-01
6.068260214929115381e-01
6.068260214929115381e-01
6.068260214929115381e-01
6.068260214929115381e-01
6.068260214929115381e-01
6.068260214929115381e-01
6.068260214929115381e-01
6.068260214929115381e-01
6.068260214929115381e-01
6.068260214929115381e-01
6.068260214929115381e-01
