7.504850228217183616e-01
7.504850228217183616e-01
7.504850228217183616e-01
7.504850228217183616e-01
7.504850228217183616e-01
7.504850228217183616e-01
7.504850228217183616e-01
7.504850228217183616e-01
7.504850228217183616e-01
7.504850228217183616e-01
7.504850228217183616e-01
7.504850228217183616e-01
7.504850228217183616e-01
7.504850228217183616e-01
7.504850228217183616e-01
7.504850228217183616e-01
7.504850228217183616e-01
7.504850228217183616e-01
7.504850228217183616e-01
7.504850228217183616e-01
7.504850228217183616e-01
7.504850228217183616e-01
7.504850228217183616e-01
7.504850228217183616e-01
7.504850228217183616e-01
7.504850228217183616e-01
7.504850228217183616e-01
7.504850228217183616e-01
7.504850228217183616e-01
7.504850228217183616e-01
7.504850228217183616e-01
7.504850228217183616e-01
7.504850228217183616e-01
7.504850228217183616e-01
7.504850228217183616e-01
7.504850228217183616e-01
7.504850228217183616e-01
7.504850228217183616e-01
7.504850228217183616e-01
7.504850228217183616e-01
7.504850228217183616e-01
7.504850228217183616e-01
7.504850228217183616e-01
7.504850228217183616e-01
7.504850228217183616e-01
7.504850228217183616e-01
7.504850228217183616e-01
7.504850228217183616e-01
7.504850228217183616e-01
7.504850228217183616e-01
7.504850228217183616e-01
7.504850228217183616e-01
7.504850228217183616e-01
7.504850228217183616e-01
7.504850228217183616e-01
7.504850228217183616e-01
7.504850228217183616e-01
7.504850228217183616e-01
7.504850228217183616e-01
7.504850228217183616e-01
7.504850228217183616e-01
7.504850228217183616e-01
7.504850228217183616e-01
7.504850228217183616e-01
7.504850228217183616e-01
7.504850228217183616e-01
7.504850228217183616e-01
7.504850228217183616e-01
7.504850228217183616e-01
7.986742159683304365e-01
7.986742159683304365e-01
7.986742159683304365e-01
7.986742159683304365e-01
7.986742159683304365e-01
7.986742159683304365e-01
7.986742159683304365e-01
7.986742159683304365e-01
7.986742159683304365e-01
7.986742159683304365e-01
7.986742159683304365e-01
7.986742159683304365e-01
7.986742159683304365e-01
7.986742159683304365e-01
7.986742159683304365e-01
7.986742159683304365e-01
7.986742159683304365e-01
7.986742159683304365e-01
7.986742159683304365e-01
7.986742159683304365e-01
7.986742159683304365e-01
7.986742159683304365e-01
7.986742159683304365e-01
7.986742159683304365e-01
7.986742159683304365e-01
7.986742159683304365e-01
7.986742159683304365e-01
7.986742159683304365e-01
7.986742159683304365e-01
7.986742159683304365e-01
7.986742159683304365e-01
