0.000000000000000000e+00 0.000000000000000000e+00 0.000000000000000000e+00 4.816326341664515231e-01 1.000000000000000000e+00 2.516209811212365977e-01
0.000000000000000000e+00 0.000000000000000000e+00 0.000000000000000000e+00 4.548800237688364057e-01 1.000000000000000000e+00 3.094204486869251425e-01
0.000000000000000000e+00 2.348100116602441778e-01 0.000000000000000000e+00 5.183941551224413580e-01 1.000000000000000000e+00 2.695067814618380964e-01
2.530727962460626590e-01 0.000000000000000000e+00 0.000000000000000000e+00 4.030912900651635877e-01 8.555133476982825780e-01 1.928269415737748904e-01
0.000000000000000000e+00 0.000000000000000000e+00 0.000000000000000000e+00 5.442907690547066357e-01 7.162923732768604612e-01 1.000000000000000000e+00
2.013308411415797583e-01 0.000000000000000000e+00 0.000000000000000000e+00 4.815212900237113569e-01 8.735316356841998919e-01 3.104176170339434937e-01
3.110571625938843843e-01 0.000000000000000000e+00 0.000000000000000000e+00 4.631233347754640794e-01 1.000000000000000000e+00 3.841352906268816758e-01
0.000000000000000000e+00 0.000000000000000000e+00 6.311264977704916790e-01 4.510290640646149041e-01 1.000000000000000000e+00 3.317142868990193283e-01
0.000000000000000000e+00 0.000000000000000000e+00 6.349474715743514963e-01 4.502576326269021045e-01 1.000000000000000000e+00 1.274475400314242224e-01
0.000000000000000000e+00 0.000000000000000000e+00 6.387114773125869283e-01 4.407722186036149847e-01 1.000000000000000000e+00 2.659396374428958307e-02
0.000000000000000000e+00 0.000000000000000000e+00 6.411033803940826559e-01 4.352597962781364349e-01 1.000000000000000000e+00 7.296746663456596393e-02
0.000000000000000000e+00 0.000000000000000000e+00 6.174290413723796389e-01 4.275963905379862595e-01 1.000000000000000000e+00 9.923207912415333842e-01
0.000000000000000000e+00 0.000000000000000000e+00 6.157791747235309421e-01 4.216068729089331169e-01 1.000000000000000000e+00 1.000000000000000000e+00
0.000000000000000000e+00 0.000000000000000000e+00 6.079125026986710312e-01 4.124166043634848178e-01 1.000000000000000000e+00 8.454974051128357759e-01
0.000000000000000000e+00 0.000000000000000000e+00 5.921421228054245534e-01 3.437744531678514348e-01 1.000000000000000000e+00 5.793367413253974751e-01
0.000000000000000000e+00 0.000000000000000000e+00 5.818935074445350519e-01 3.593646809127774566e-01 1.000000000000000000e+00 3.597076001254007616e-01
0.000000000000000000e+00 0.000000000000000000e+00 4.168364175248905901e-01 3.033029329385262263e-01 1.000000000000000000e+00 0.000000000000000000e+00
0.000000000000000000e+00 0.000000000000000000e+00 4.145395840277715238e-01 2.899604206713918830e-01 9.856468421370764288e-01 0.000000000000000000e+00
0.000000000000000000e+00 0.000000000000000000e+00 4.150441580286535204e-01 3.018239481871649033e-01 1.000000000000000000e+00 0.000000000000000000e+00
0.000000000000000000e+00 0.000000000000000000e+00 7.276757399280985028e-02 7.171483479517716253e-01 1.000000000000000000e+00 0.000000000000000000e+00
0.000000000000000000e+00 9.341699258874535117e-01 6.308330784475062181e-02 7.187919939232244593e-01 1.000000000000000000e+00 0.000000000000000000e+00
0.000000000000000000e+00 9.215030236721917234e-01 2.051941971626602967e-02 7.813654605581382695e-01 1.000000000000000000e+00 0.000000000000000000e+00
0.000000000000000000e+00 1.872204363914578285e-01 4.958233339336445833e-01 6.822087266277270245e-01 7.139986782259647446e-01 0.000000000000000000e+00
0.000000000000000000e+00 7.010523000504345070e-01 3.735173200580369501e-01 4.921993554546383320e-01 7.215096297076891707e-01 0.000000000000000000e+00
0.000000000000000000e+00 5.328636704994363926e-01 4.539360166682400721e-01 5.272908577294843635e-01 6.763731761574656165e-01 0.000000000000000000e+00
0.000000000000000000e+00 4.635623624351100647e-01 4.515666009144559401e-01 5.043674248158854789e-01 6.445419492991012467e-01 0.000000000000000000e+00
0.000000000000000000e+00 4.212828674939805840e-01 4.647683005231354469e-01 5.086059997441457758e-01 6.303447036366401912e-01 0.000000000000000000e+00
0.000000000000000000e+00 4.508392397200673418e-01 4.438608017528475336e-01 4.839216108628471846e-01 6.588599151796992182e-01 0.000000000000000000e+00
0.000000000000000000e+00 4.473514709358009656e-01 4.461195325917281518e-01 5.052918818961084080e-01 6.356107174491451017e-01 1.367848391517740847e-01
0.000000000000000000e+00 4.094154119961657678e-01 3.880437804576148952e-01 4.924400542492927690e-01 6.552500412448610811e-01 1.461288333881810286e-01
0.000000000000000000e+00 4.257270394319553342e-01 3.884433415204999740e-01 4.919724919418282938e-01 6.772352296035670793e-01 2.243252939745737917e-01
0.000000000000000000e+00 7.395685656880491843e-01 3.162437713371756831e-01 3.585552136568684878e-01 9.413214503571838421e-01 6.326131002111615720e-01
0.000000000000000000e+00 6.967042056746605150e-01 3.112337886258262909e-01 3.778943332951090195e-01 1.000000000000000000e+00 7.930334280056781093e-01
0.000000000000000000e+00 7.239202995633473581e-01 3.510728267665866875e-01 3.925095474961265984e-01 1.000000000000000000e+00 7.067090043389585574e-01
0.000000000000000000e+00 7.431072495802675260e-01 3.415501711661123596e-01 3.815629600269622168e-01 1.000000000000000000e+00 7.649139552766526240e-01
0.000000000000000000e+00 7.191919533889832294e-01 3.115310567796593100e-01 4.116857466920323394e-01 1.000000000000000000e+00 6.384513495977097719e-01
0.000000000000000000e+00 4.038646363383084914e-01 3.298386252222720305e-01 5.178692053216897850e-01 1.000000000000000000e+00 4.810643969449456825e-01
0.000000000000000000e+00 4.126050902103170492e-01 3.383901952960718384e-01 5.060014540103460190e-01 1.000000000000000000e+00 4.865978437433070014e-01
0.000000000000000000e+00 4.728173274600007137e-01 3.183859980540750256e-01 4.775668928177900785e-01 1.000000000000000000e+00 5.394689330088605628e-01
0.000000000000000000e+00 4.203922749588371310e-01 3.486803611361116162e-01 4.835688648553286284e-01 1.000000000000000000e+00 5.015136369759297663e-01
0.000000000000000000e+00 4.412740399038915795e-01 3.645013581010490555e-01 4.614301751607026159e-01 1.000000000000000000e+00 6.012173048946396481e-01
0.000000000000000000e+00 4.407816022679642565e-01 3.497654450521672231e-01 4.645704723824928273e-01 1.000000000000000000e+00 5.760407231855930732e-01
0.000000000000000000e+00 4.751306946863111391e-01 3.652739669542200973e-01 4.500676772876981979e-01 1.000000000000000000e+00 6.300789780684118435e-01
0.000000000000000000e+00 4.737156544454384499e-01 3.352488758164055560e-01 4.290770352427854539e-01 1.000000000000000000e+00 5.865402278428988314e-01
0.000000000000000000e+00 4.766167050773771341e-01 3.247739451215736484e-01 4.276002790399655584e-01 1.000000000000000000e+00 5.726294497860642263e-01
0.000000000000000000e+00 4.967730735966374156e-01 3.214469417161456843e-01 4.197439932887713221e-01 1.000000000000000000e+00 5.646560528591273442e-01
0.000000000000000000e+00 5.974179412219935426e-01 3.290923654370896956e-01 3.915244235889942526e-01 1.000000000000000000e+00 5.707546343660627741e-01
0.000000000000000000e+00 6.220517787435678736e-01 3.171899944073677813e-01 3.977590545022902657e-01 1.000000000000000000e+00 5.392677956830270736e-01
0.000000000000000000e+00 6.351831894570908466e-01 2.906884564431814200e-01 3.982144248787134466e-01 1.000000000000000000e+00 5.124034330439991569e-01
0.000000000000000000e+00 6.564755742076263667e-01 2.712979715931098101e-01 4.016091086998800352e-01 1.000000000000000000e+00 4.485517323635144771e-01
0.000000000000000000e+00 6.453207999965552277e-01 2.809006033132515068e-01 3.904693777550851674e-01 1.000000000000000000e+00 4.514482547694687042e-01
0.000000000000000000e+00 7.649053985419618229e-01 4.100616375678605152e-01 3.142534513024936027e-01 1.000000000000000000e+00 5.273105984754677955e-01
0.000000000000000000e+00 7.688620916652516568e-01 4.124155167846117465e-01 3.145131299238942413e-01 1.000000000000000000e+00 5.302363601123902814e-01
0.000000000000000000e+00 7.658356021314873807e-01 4.120824482144308520e-01 3.181786122021162400e-01 1.000000000000000000e+00 5.392415975992691513e-01
0.000000000000000000e+00 6.649679053064760925e-01 4.146015995589488745e-01 3.557231394755911991e-01 1.000000000000000000e+00 5.906546735432438577e-01
0.000000000000000000e+00 6.512962214144011330e-01 4.205606316816443702e-01 3.555555039718027999e-01 1.000000000000000000e+00 5.940112291447529058e-01
0.000000000000000000e+00 6.312783758303149861e-01 4.323409531723808041e-01 3.483171917479518376e-01 1.000000000000000000e+00 5.966419026512355117e-01
0.000000000000000000e+00 6.099949162542046555e-01 4.397240485793704190e-01 3.544805979725310641e-01 1.000000000000000000e+00 5.956383594159553319e-01
0.000000000000000000e+00 5.709653221158544900e-01 4.259884465249947905e-01 3.622991084321608990e-01 1.000000000000000000e+00 5.701175160997287161e-01
0.000000000000000000e+00 5.653394458525999866e-01 4.064978278573257997e-01 3.694645543079120298e-01 1.000000000000000000e+00 5.463156862598084196e-01
0.000000000000000000e+00 6.555619057145691819e-01 3.897616109843367593e-01 3.351552373900233417e-01 1.000000000000000000e+00 5.357538661503655764e-01
0.000000000000000000e+00 8.141371349220430931e-01 5.000935052515425028e-01 2.961400222358923640e-01 1.000000000000000000e+00 6.747180322865845570e-01
0.000000000000000000e+00 8.488201586733225001e-01 5.005860075262917874e-01 2.876478829080345578e-01 1.000000000000000000e+00 6.852836363070813341e-01
0.000000000000000000e+00 8.482607060934413967e-01 5.046089989017107369e-01 3.105852984584301368e-01 1.000000000000000000e+00 6.878173674344048028e-01
0.000000000000000000e+00 8.061158276068314255e-01 4.656230647847942050e-01 3.276297342694914350e-01 1.000000000000000000e+00 6.521662648284827224e-01
0.000000000000000000e+00 8.348495061551548524e-01 4.860240226126571472e-01 3.249421398807121331e-01 1.000000000000000000e+00 6.753397617817511467e-01
0.000000000000000000e+00 8.355077874388486814e-01 4.857868215125477618e-01 3.249094312291941899e-01 1.000000000000000000e+00 6.757013767506914181e-01
0.000000000000000000e+00 8.476284813587001699e-01 4.930182732612561902e-01 3.199338010571676216e-01 1.000000000000000000e+00 6.816065544826875877e-01
0.000000000000000000e+00 8.471333595743977263e-01 4.969013725310730267e-01 3.196040555712180153e-01 1.000000000000000000e+00 6.835605386545768880e-01
0.000000000000000000e+00 8.254378498524186369e-01 5.004238039170361141e-01 3.209102795142629860e-01 1.000000000000000000e+00 6.731022264052888282e-01
0.000000000000000000e+00 8.278116326122145763e-01 5.050723773954259865e-01 3.205585435200631883e-01 1.000000000000000000e+00 6.740696500973357708e-01
0.000000000000000000e+00 8.257714303106464815e-01 5.029310544847845899e-01 3.294117628941293230e-01 1.000000000000000000e+00 6.785542204011953960e-01
0.000000000000000000e+00 8.461532044197632718e-01 5.368704615329037422e-01 3.084378484119155717e-01 1.000000000000000000e+00 7.245061073098463256e-01
0.000000000000000000e+00 8.470892036128009339e-01 5.379911574341050828e-01 3.076257995306694304e-01 1.000000000000000000e+00 7.246371138216834984e-01
0.000000000000000000e+00 8.450697415047516703e-01 5.275717943039456292e-01 3.076333671366299760e-01 1.000000000000000000e+00 7.182519014436866689e-01
0.000000000000000000e+00 8.453643860882242844e-01 5.274792184071116496e-01 3.078006210611354265e-01 1.000000000000000000e+00 7.178995352115400408e-01
0.000000000000000000e+00 8.363373043293593767e-01 5.281469948914221391e-01 2.985816639888231316e-01 1.000000000000000000e+00 7.286273681095379873e-01
0.000000000000000000e+00 8.236112928808096978e-01 5.298263603950534861e-01 2.949565593175777489e-01 1.000000000000000000e+00 7.224099109896430226e-01
0.000000000000000000e+00 8.239588296751927388e-01 5.297764404643559022e-01 2.935302245774154550e-01 1.000000000000000000e+00 7.194332247397114966e-01
0.000000000000000000e+00 8.298311341577205846e-01 5.349777078021185073e-01 2.906838421138781547e-01 1.000000000000000000e+00 7.175839408472219905e-01
0.000000000000000000e+00 8.308069944861159462e-01 5.356597365525657128e-01 2.920228430138018250e-01 1.000000000000000000e+00 7.192294039173189324e-01
0.000000000000000000e+00 8.301472684728486984e-01 5.361161124186292204e-01 2.922093608994189573e-01 1.000000000000000000e+00 7.208554071331989554e-01
0.000000000000000000e+00 8.432192806708990185e-01 5.224753585291364022e-01 2.904045654906670659e-01 1.000000000000000000e+00 7.231357742380669640e-01
0.000000000000000000e+00 8.433768485842150220e-01 5.213895387419146266e-01 2.907283645429809549e-01 1.000000000000000000e+00 7.235539533653481126e-01
0.000000000000000000e+00 8.659759150099526348e-01 5.102857282640241854e-01 2.870767627495333096e-01 1.000000000000000000e+00 7.173320893371996076e-01
0.000000000000000000e+00 8.580781089617278701e-01 5.133057069162985098e-01 2.885892081445008972e-01 1.000000000000000000e+00 7.203608786154059862e-01
0.000000000000000000e+00 8.463214434430499367e-01 5.139675086679440508e-01 2.846885554987800826e-01 1.000000000000000000e+00 7.168562135969666071e-01
0.000000000000000000e+00 8.348818413731872168e-01 4.975157256699014874e-01 2.816629498280084354e-01 1.000000000000000000e+00 7.120068669471668610e-01
0.000000000000000000e+00 8.346642740990364295e-01 4.959442165382421108e-01 2.826156222537478668e-01 1.000000000000000000e+00 7.134710690138617029e-01
0.000000000000000000e+00 8.419711096668508477e-01 4.926772094552295811e-01 2.760675730337755485e-01 1.000000000000000000e+00 7.198473417551050080e-01
0.000000000000000000e+00 8.670178424284744612e-01 4.857049617638731220e-01 2.587146896126634177e-01 1.000000000000000000e+00 7.250224646605515355e-01
0.000000000000000000e+00 8.730870591423867122e-01 4.778016748289486415e-01 2.645667039250667041e-01 1.000000000000000000e+00 7.185933845419947286e-01
0.000000000000000000e+00 8.847718022266655158e-01 4.790579957515853637e-01 2.494537664912123420e-01 1.000000000000000000e+00 7.169321463400173400e-01
0.000000000000000000e+00 8.748344250916439968e-01 4.803486060574182481e-01 2.557662261073118115e-01 1.000000000000000000e+00 7.141864499674962508e-01
0.000000000000000000e+00 8.307509122759116904e-01 4.247489728588996205e-01 2.504388640549379264e-01 1.000000000000000000e+00 6.998581049552667910e-01
0.000000000000000000e+00 8.299808336401935938e-01 4.250347862078075467e-01 2.506157039370098261e-01 1.000000000000000000e+00 7.008903030364270759e-01
0.000000000000000000e+00 8.349715638422516850e-01 4.152714724861403250e-01 2.436231252211031872e-01 1.000000000000000000e+00 6.920899828266977583e-01
0.000000000000000000e+00 8.313473284415231479e-01 4.182896989936869536e-01 2.481291107696276810e-01 1.000000000000000000e+00 6.924444021207961653e-01
0.000000000000000000e+00 8.321960929695960685e-01 4.181904217890819453e-01 2.481747760277414894e-01 1.000000000000000000e+00 6.927713137137313515e-01
0.000000000000000000e+00 8.335083099545621543e-01 4.153638043768433930e-01 2.463746899928079825e-01 1.000000000000000000e+00 6.919045751032256719e-01
