4.559864401817321777e-01 3.014305830001831055e-01 4.785183072090148926e-01 4.892946481704711914e-01 8.102278709411621094e-01 2.221846580505371094e-01
4.559864401817321777e-01 3.014305830001831055e-01 4.785183072090148926e-01 4.892946481704711914e-01 8.102278709411621094e-01 2.221846580505371094e-01
4.559864401817321777e-01 3.014305830001831055e-01 4.785183072090148926e-01 4.892946481704711914e-01 8.102278709411621094e-01 2.221846580505371094e-01
4.559864401817321777e-01 3.014305830001831055e-01 4.785183072090148926e-01 4.892946481704711914e-01 8.102278709411621094e-01 2.221846580505371094e-01
4.559864401817321777e-01 3.014305830001831055e-01 4.785183072090148926e-01 4.892946481704711914e-01 8.102278709411621094e-01 2.221846580505371094e-01
4.559864401817321777e-01 3.014305830001831055e-01 4.785183072090148926e-01 4.892946481704711914e-01 8.102278709411621094e-01 2.221846580505371094e-01
4.559864401817321777e-01 3.014305830001831055e-01 4.785183072090148926e-01 4.892946481704711914e-01 8.102278709411621094e-01 2.221846580505371094e-01
4.559864401817321777e-01 3.014305830001831055e-01 4.785183072090148926e-01 4.892946481704711914e-01 8.102278709411621094e-01 2.221846580505371094e-01
4.559864401817321777e-01 3.014305830001831055e-01 4.785183072090148926e-01 4.892946481704711914e-01 8.102278709411621094e-01 2.221846580505371094e-01
4.559864401817321777e-01 3.014305830001831055e-01 4.785183072090148926e-01 4.892946481704711914e-01 8.102278709411621094e-01 2.221846580505371094e-01
4.559864401817321777e-01 3.014305830001831055e-01 4.785183072090148926e-01 4.892946481704711914e-01 8.102278709411621094e-01 2.221846580505371094e-01
4.559864401817321777e-01 3.014305830001831055e-01 4.785183072090148926e-01 4.892946481704711914e-01 8.102278709411621094e-01 2.221846580505371094e-01
4.559864401817321777e-01 3.014305830001831055e-01 4.785183072090148926e-01 4.892946481704711914e-01 8.102278709411621094e-01 2.221846580505371094e-01
4.559864401817321777e-01 3.014305830001831055e-01 4.785183072090148926e-01 4.892946481704711914e-01 8.102278709411621094e-01 2.221846580505371094e-01
4.559864401817321777e-01 3.014305830001831055e-01 4.785183072090148926e-01 4.892946481704711914e-01 8.102278709411621094e-01 2.221846580505371094e-01
4.559864401817321777e-01 3.014305830001831055e-01 4.785183072090148926e-01 4.892946481704711914e-01 8.102278709411621094e-01 2.221846580505371094e-01
4.559864401817321777e-01 3.014305830001831055e-01 4.785183072090148926e-01 4.892946481704711914e-01 8.102278709411621094e-01 2.221846580505371094e-01
4.559864401817321777e-01 3.014305830001831055e-01 4.785183072090148926e-01 4.892946481704711914e-01 8.102278709411621094e-01 2.221846580505371094e-01
4.559864401817321777e-01 3.014305830001831055e-01 4.785183072090148926e-01 4.892946481704711914e-01 8.102278709411621094e-01 2.221846580505371094e-01
4.559864401817321777e-01 3.014305830001831055e-01 4.785183072090148926e-01 4.892946481704711914e-01 8.102278709411621094e-01 2.221846580505371094e-01
4.559864401817321777e-01 3.014305830001831055e-01 4.785183072090148926e-01 4.892946481704711914e-01 8.102278709411621094e-01 2.221846580505371094e-01
3.116462826728820801e-01 6.203152537345886230e-01 3.180018067359924316e-01 5.920277237892150879e-01 9.130923748016357422e-01 2.291716337203979492e-01
3.116462826728820801e-01 6.203152537345886230e-01 3.180018067359924316e-01 5.920277237892150879e-01 9.130923748016357422e-01 2.291716337203979492e-01
3.116462826728820801e-01 6.203152537345886230e-01 3.180018067359924316e-01 5.920277237892150879e-01 9.130923748016357422e-01 2.291716337203979492e-01
3.116462826728820801e-01 6.203152537345886230e-01 3.180018067359924316e-01 5.920277237892150879e-01 9.130923748016357422e-01 2.291716337203979492e-01
3.116462826728820801e-01 6.203152537345886230e-01 3.180018067359924316e-01 5.920277237892150879e-01 9.130923748016357422e-01 2.291716337203979492e-01
3.116462826728820801e-01 6.203152537345886230e-01 3.180018067359924316e-01 5.920277237892150879e-01 9.130923748016357422e-01 2.291716337203979492e-01
3.116462826728820801e-01 6.203152537345886230e-01 3.180018067359924316e-01 5.920277237892150879e-01 9.130923748016357422e-01 2.291716337203979492e-01
3.116462826728820801e-01 6.203152537345886230e-01 3.180018067359924316e-01 5.920277237892150879e-01 9.130923748016357422e-01 2.291716337203979492e-01
3.116462826728820801e-01 6.203152537345886230e-01 3.180018067359924316e-01 5.920277237892150879e-01 9.130923748016357422e-01 2.291716337203979492e-01
3.116462826728820801e-01 6.203152537345886230e-01 3.180018067359924316e-01 5.920277237892150879e-01 9.130923748016357422e-01 2.291716337203979492e-01
2.343620657920837402e-01 9.076192975044250488e-01 3.380851149559020996e-01 3.381416201591491699e-01 9.006214141845703125e-01 4.297695755958557129e-01
2.343620657920837402e-01 9.076192975044250488e-01 3.380851149559020996e-01 3.381416201591491699e-01 9.006214141845703125e-01 4.297695755958557129e-01
2.343620657920837402e-01 9.076192975044250488e-01 3.380851149559020996e-01 3.381416201591491699e-01 9.006214141845703125e-01 4.297695755958557129e-01
2.343620657920837402e-01 9.076192975044250488e-01 3.380851149559020996e-01 3.381416201591491699e-01 9.006214141845703125e-01 4.297695755958557129e-01
2.343620657920837402e-01 9.076192975044250488e-01 3.380851149559020996e-01 3.381416201591491699e-01 9.006214141845703125e-01 4.297695755958557129e-01
2.343620657920837402e-01 9.076192975044250488e-01 3.380851149559020996e-01 3.381416201591491699e-01 9.006214141845703125e-01 4.297695755958557129e-01
2.343620657920837402e-01 9.076192975044250488e-01 3.380851149559020996e-01 3.381416201591491699e-01 9.006214141845703125e-01 4.297695755958557129e-01
2.343620657920837402e-01 9.076192975044250488e-01 3.380851149559020996e-01 3.381416201591491699e-01 9.006214141845703125e-01 4.297695755958557129e-01
1.148527860641479492e-02 9.151569008827209473e-01 2.477253079414367676e-01 3.005397915840148926e-01 8.687441349029541016e-01 8.957712650299072266e-01
1.148527860641479492e-02 9.151569008827209473e-01 2.477253079414367676e-01 3.005397915840148926e-01 8.687441349029541016e-01 8.957712650299072266e-01
1.148527860641479492e-02 9.151569008827209473e-01 2.477253079414367676e-01 3.005397915840148926e-01 8.687441349029541016e-01 8.957712650299072266e-01
1.148527860641479492e-02 9.151569008827209473e-01 2.477253079414367676e-01 3.005397915840148926e-01 8.687441349029541016e-01 8.957712650299072266e-01
1.148527860641479492e-02 9.151569008827209473e-01 2.477253079414367676e-01 3.005397915840148926e-01 8.687441349029541016e-01 8.957712650299072266e-01
1.148527860641479492e-02 9.151569008827209473e-01 2.477253079414367676e-01 3.005397915840148926e-01 8.687441349029541016e-01 8.957712650299072266e-01
1.148527860641479492e-02 9.151569008827209473e-01 2.477253079414367676e-01 3.005397915840148926e-01 8.687441349029541016e-01 8.957712650299072266e-01
1.148527860641479492e-02 9.151569008827209473e-01 2.477253079414367676e-01 3.005397915840148926e-01 8.687441349029541016e-01 8.957712650299072266e-01
1.148527860641479492e-02 9.151569008827209473e-01 2.477253079414367676e-01 3.005397915840148926e-01 8.687441349029541016e-01 8.957712650299072266e-01
1.148527860641479492e-02 9.151569008827209473e-01 2.477253079414367676e-01 3.005397915840148926e-01 8.687441349029541016e-01 8.957712650299072266e-01
1.148527860641479492e-02 9.151569008827209473e-01 2.477253079414367676e-01 3.005397915840148926e-01 8.687441349029541016e-01 8.957712650299072266e-01
1.148527860641479492e-02 9.151569008827209473e-01 2.477253079414367676e-01 3.005397915840148926e-01 8.687441349029541016e-01 8.957712650299072266e-01
1.148527860641479492e-02 9.151569008827209473e-01 2.477253079414367676e-01 3.005397915840148926e-01 8.687441349029541016e-01 8.957712650299072266e-01
1.148527860641479492e-02 9.151569008827209473e-01 2.477253079414367676e-01 3.005397915840148926e-01 8.687441349029541016e-01 8.957712650299072266e-01
1.148527860641479492e-02 9.151569008827209473e-01 2.477253079414367676e-01 3.005397915840148926e-01 8.687441349029541016e-01 8.957712650299072266e-01
1.148527860641479492e-02 9.151569008827209473e-01 2.477253079414367676e-01 3.005397915840148926e-01 8.687441349029541016e-01 8.957712650299072266e-01
1.148527860641479492e-02 9.151569008827209473e-01 2.477253079414367676e-01 3.005397915840148926e-01 8.687441349029541016e-01 8.957712650299072266e-01
1.148527860641479492e-02 9.151569008827209473e-01 2.477253079414367676e-01 3.005397915840148926e-01 8.687441349029541016e-01 8.957712650299072266e-01
1.148527860641479492e-02 9.151569008827209473e-01 2.477253079414367676e-01 3.005397915840148926e-01 8.687441349029541016e-01 8.957712650299072266e-01
1.148527860641479492e-02 9.151569008827209473e-01 2.477253079414367676e-01 3.005397915840148926e-01 8.687441349029541016e-01 8.957712650299072266e-01
1.148527860641479492e-02 9.151569008827209473e-01 2.477253079414367676e-01 3.005397915840148926e-01 8.687441349029541016e-01 8.957712650299072266e-01
1.148527860641479492e-02 9.151569008827209473e-01 2.477253079414367676e-01 3.005397915840148926e-01 8.687441349029541016e-01 8.957712650299072266e-01
1.148527860641479492e-02 9.151569008827209473e-01 2.477253079414367676e-01 3.005397915840148926e-01 8.687441349029541016e-01 8.957712650299072266e-01
1.148527860641479492e-02 9.151569008827209473e-01 2.477253079414367676e-01 3.005397915840148926e-01 8.687441349029541016e-01 8.957712650299072266e-01
1.148527860641479492e-02 9.151569008827209473e-01 2.477253079414367676e-01 3.005397915840148926e-01 8.687441349029541016e-01 8.957712650299072266e-01
1.148527860641479492e-02 9.151569008827209473e-01 2.477253079414367676e-01 3.005397915840148926e-01 8.687441349029541016e-01 8.957712650299072266e-01
1.148527860641479492e-02 9.151569008827209473e-01 2.477253079414367676e-01 3.005397915840148926e-01 8.687441349029541016e-01 8.957712650299072266e-01
1.148527860641479492e-02 9.151569008827209473e-01 2.477253079414367676e-01 3.005397915840148926e-01 8.687441349029541016e-01 8.957712650299072266e-01
1.148527860641479492e-02 9.151569008827209473e-01 2.477253079414367676e-01 3.005397915840148926e-01 8.687441349029541016e-01 8.957712650299072266e-01
1.148527860641479492e-02 9.151569008827209473e-01 2.477253079414367676e-01 3.005397915840148926e-01 8.687441349029541016e-01 8.957712650299072266e-01
1.148527860641479492e-02 9.151569008827209473e-01 2.477253079414367676e-01 3.005397915840148926e-01 8.687441349029541016e-01 8.957712650299072266e-01
1.148527860641479492e-02 9.151569008827209473e-01 2.477253079414367676e-01 3.005397915840148926e-01 8.687441349029541016e-01 8.957712650299072266e-01
1.148527860641479492e-02 9.151569008827209473e-01 2.477253079414367676e-01 3.005397915840148926e-01 8.687441349029541016e-01 8.957712650299072266e-01
1.148527860641479492e-02 9.151569008827209473e-01 2.477253079414367676e-01 3.005397915840148926e-01 8.687441349029541016e-01 8.957712650299072266e-01
1.148527860641479492e-02 9.151569008827209473e-01 2.477253079414367676e-01 3.005397915840148926e-01 8.687441349029541016e-01 8.957712650299072266e-01
1.148527860641479492e-02 9.151569008827209473e-01 2.477253079414367676e-01 3.005397915840148926e-01 8.687441349029541016e-01 8.957712650299072266e-01
1.148527860641479492e-02 9.151569008827209473e-01 2.477253079414367676e-01 3.005397915840148926e-01 8.687441349029541016e-01 8.957712650299072266e-01
1.148527860641479492e-02 9.151569008827209473e-01 2.477253079414367676e-01 3.005397915840148926e-01 8.687441349029541016e-01 8.957712650299072266e-01
1.148527860641479492e-02 9.151569008827209473e-01 2.477253079414367676e-01 3.005397915840148926e-01 8.687441349029541016e-01 8.957712650299072266e-01
1.148527860641479492e-02 9.151569008827209473e-01 2.477253079414367676e-01 3.005397915840148926e-01 8.687441349029541016e-01 8.957712650299072266e-01
1.148527860641479492e-02 9.151569008827209473e-01 2.477253079414367676e-01 3.005397915840148926e-01 8.687441349029541016e-01 8.957712650299072266e-01
1.148527860641479492e-02 9.151569008827209473e-01 2.477253079414367676e-01 3.005397915840148926e-01 8.687441349029541016e-01 8.957712650299072266e-01
1.148527860641479492e-02 9.151569008827209473e-01 2.477253079414367676e-01 3.005397915840148926e-01 8.687441349029541016e-01 8.957712650299072266e-01
1.148527860641479492e-02 9.151569008827209473e-01 2.477253079414367676e-01 3.005397915840148926e-01 8.687441349029541016e-01 8.957712650299072266e-01
1.148527860641479492e-02 9.151569008827209473e-01 2.477253079414367676e-01 3.005397915840148926e-01 8.687441349029541016e-01 8.957712650299072266e-01
1.148527860641479492e-02 9.151569008827209473e-01 2.477253079414367676e-01 3.005397915840148926e-01 8.687441349029541016e-01 8.957712650299072266e-01
1.148527860641479492e-02 9.151569008827209473e-01 2.477253079414367676e-01 3.005397915840148926e-01 8.687441349029541016e-01 8.957712650299072266e-01
1.148527860641479492e-02 9.151569008827209473e-01 2.477253079414367676e-01 3.005397915840148926e-01 8.687441349029541016e-01 8.957712650299072266e-01
1.148527860641479492e-02 9.151569008827209473e-01 2.477253079414367676e-01 3.005397915840148926e-01 8.687441349029541016e-01 8.957712650299072266e-01
1.148527860641479492e-02 9.151569008827209473e-01 2.477253079414367676e-01 3.005397915840148926e-01 8.687441349029541016e-01 8.957712650299072266e-01
1.148527860641479492e-02 9.151569008827209473e-01 2.477253079414367676e-01 3.005397915840148926e-01 8.687441349029541016e-01 8.957712650299072266e-01
1.148527860641479492e-02 9.151569008827209473e-01 2.477253079414367676e-01 3.005397915840148926e-01 8.687441349029541016e-01 8.957712650299072266e-01
1.148527860641479492e-02 9.151569008827209473e-01 2.477253079414367676e-01 3.005397915840148926e-01 8.687441349029541016e-01 8.957712650299072266e-01
1.148527860641479492e-02 9.151569008827209473e-01 2.477253079414367676e-01 3.005397915840148926e-01 8.687441349029541016e-01 8.957712650299072266e-01
1.148527860641479492e-02 9.151569008827209473e-01 2.477253079414367676e-01 3.005397915840148926e-01 8.687441349029541016e-01 8.957712650299072266e-01
1.148527860641479492e-02 9.151569008827209473e-01 2.477253079414367676e-01 3.005397915840148926e-01 8.687441349029541016e-01 8.957712650299072266e-01
1.148527860641479492e-02 9.151569008827209473e-01 2.477253079414367676e-01 3.005397915840148926e-01 8.687441349029541016e-01 8.957712650299072266e-01
1.148527860641479492e-02 9.151569008827209473e-01 2.477253079414367676e-01 3.005397915840148926e-01 8.687441349029541016e-01 8.957712650299072266e-01
1.148527860641479492e-02 9.151569008827209473e-01 2.477253079414367676e-01 3.005397915840148926e-01 8.687441349029541016e-01 8.957712650299072266e-01
1.148527860641479492e-02 9.151569008827209473e-01 2.477253079414367676e-01 3.005397915840148926e-01 8.687441349029541016e-01 8.957712650299072266e-01
1.148527860641479492e-02 9.151569008827209473e-01 2.477253079414367676e-01 3.005397915840148926e-01 8.687441349029541016e-01 8.957712650299072266e-01
