-3.450826953605267144e-01
-3.065853376726639379e-01
-2.434609693306492018e-01
-2.434609693306492018e-01
-7.855478905211774054e-02
1.893699649690818443e-01
1.893699649690818443e-01
1.893699649690818443e-01
1.893699649690818443e-01
1.893699649690818443e-01
1.893699649690818443e-01
1.893699649690818443e-01
1.893699649690818443e-01
1.893699649690818443e-01
1.893699649690818443e-01
1.893699649690818443e-01
1.893699649690818443e-01
1.893699649690818443e-01
2.590090269846822002e-01
2.590090269846822002e-01
2.590090269846822002e-01
2.590090269846822002e-01
2.590090269846822002e-01
2.686950024279913807e-01
2.686950024279913807e-01
2.686950024279913807e-01
2.686950024279913807e-01
2.686950024279913807e-01
2.686950024279913807e-01
2.686950024279913807e-01
2.686950024279913807e-01
2.686950024279913807e-01
2.686950024279913807e-01
2.686950024279913807e-01
2.686950024279913807e-01
2.686950024279913807e-01
2.686950024279913807e-01
2.686950024279913807e-01
2.686950024279913807e-01
2.686950024279913807e-01
2.686950024279913807e-01
2.686950024279913807e-01
2.686950024279913807e-01
2.686950024279913807e-01
2.686950024279913807e-01
2.686950024279913807e-01
2.686950024279913807e-01
2.686950024279913807e-01
2.686950024279913807e-01
2.686950024279913807e-01
2.686950024279913807e-01
2.686950024279913807e-01
2.686950024279913807e-01
2.686950024279913807e-01
2.686950024279913807e-01
2.686950024279913807e-01
2.686950024279913807e-01
2.686950024279913807e-01
2.686950024279913807e-01
2.686950024279913807e-01
2.686950024279913807e-01
2.686950024279913807e-01
2.686950024279913807e-01
2.686950024279913807e-01
2.686950024279913807e-01
2.686950024279913807e-01
2.686950024279913807e-01
2.686950024279913807e-01
2.686950024279913807e-01
2.686950024279913807e-01
2.686950024279913807e-01
2.686950024279913807e-01
2.686950024279913807e-01
2.686950024279913807e-01
2.686950024279913807e-01
2.686950024279913807e-01
2.686950024279913807e-01
2.686950024279913807e-01
2.686950024279913807e-01
2.686950024279913807e-01
2.686950024279913807e-01
2.686950024279913807e-01
2.686950024279913807e-01
2.686950024279913807e-01
2.686950024279913807e-01
2.686950024279913807e-01
2.686950024279913807e-01
2.686950024279913807e-01
2.686950024279913807e-01
2.686950024279913807e-01
2.686950024279913807e-01
2.686950024279913807e-01
2.686950024279913807e-01
2.686950024279913807e-01
2.686950024279913807e-01
2.686950024279913807e-01
2.686950024279913807e-01
2.686950024279913807e-01
2.686950024279913807e-01
2.686950024279913807e-01
