7.355481386184692383e-01 6.656978130340576172e-01 8.077244758605957031e-01 1.306363940238952637e-01 4.200564026832580566e-01 7.581544518470764160e-01
2.453777194023132324e-01 2.719128131866455078e-01 5.995902419090270996e-01 1.199811697006225586e-02 3.730807304382324219e-01 9.943668842315673828e-01
9.585366845130920410e-01 9.894082546234130859e-01 7.089025378227233887e-01 3.377936482429504395e-01 6.514705419540405273e-01 3.161362409591674805e-01
5.238529443740844727e-01 4.405817985534667969e-01 1.431971788406372070e-02 7.089281082153320312e-01 7.345191836357116699e-01 2.672170400619506836e-01
8.980548977851867676e-01 5.958007574081420898e-01 4.964757561683654785e-01 8.662092685699462891e-01 6.986148953437805176e-01 3.719122409820556641e-01
2.931103706359863281e-01 7.755696773529052734e-02 8.962973356246948242e-01 4.734569787979125977e-02 3.193576931953430176e-01 9.208074212074279785e-01
6.648191213607788086e-01 1.510815620422363281e-01 9.969811439514160156e-01 2.122474312782287598e-01 7.147891521453857422e-01 7.884432077407836914e-01
5.019009113311767578e-02 4.151346087455749512e-01 7.040256857872009277e-01 3.561314940452575684e-01 3.478595614433288574e-01 3.018174767494201660e-01
7.916165590286254883e-01 2.518547177314758301e-01 2.301049828529357910e-01 8.794170618057250977e-01 8.954888582229614258e-01 9.410954117774963379e-01
8.452923893928527832e-01 3.930695652961730957e-01 7.715017795562744141e-01 9.616166949272155762e-01 7.917250394821166992e-01 9.611751437187194824e-01
5.648997426033020020e-01 6.867939233779907227e-02 9.259814620018005371e-01 8.412422537803649902e-01 8.988472223281860352e-01 1.892461180686950684e-01
5.347875952720642090e-01 6.175057888031005859e-01 3.200385570526123047e-01 2.592873573303222656e-01 5.159865021705627441e-01 6.270841956138610840e-01
4.853810071945190430e-01 4.173762798309326172e-01 5.011470317840576172e-01 7.215482592582702637e-01 4.297859668731689453e-01 3.370217680931091309e-01
8.766629695892333984e-01 7.398746013641357422e-01 6.637287735939025879e-01 9.307252168655395508e-01 6.869105696678161621e-01 7.231682538986206055e-01
8.288242816925048828e-01 2.877036333084106445e-01 9.820005297660827637e-01 3.348650932312011719e-01 4.747157096862792969e-01 6.532311439514160156e-02
2.025207281112670898e-01 8.957582712173461914e-01 3.092259764671325684e-01 8.510274887084960938e-01 2.806049585342407227e-01 9.926133751869201660e-01
4.977439641952514648e-01 3.482902050018310547e-01 1.664665937423706055e-01 9.566867947578430176e-01 9.726155400276184082e-01 9.107726216316223145e-01
2.103501558303833008e-01 4.572252631187438965e-01 8.003284931182861328e-01 6.509355902671813965e-01 6.119005680084228516e-01 3.725225329399108887e-01
9.542776942253112793e-01 3.906766772270202637e-01 9.098431468009948730e-01 6.241184473037719727e-02 1.800831556320190430e-01 1.794720888137817383e-01
7.750926017761230469e-01 4.747570753097534180e-01 6.329600214958190918e-01 6.258357763290405273e-01 2.681291699409484863e-01 3.195649385452270508e-02
8.224165439605712891e-01 5.868474841117858887e-01 9.803766608238220215e-01 1.111483573913574219e-02 4.662575721740722656e-01 2.666260004043579102e-01
3.505783677101135254e-01 9.093461036682128906e-01 5.615979433059692383e-02 1.324050426483154297e-01 3.149039149284362793e-01 6.070631742477416992e-01
4.842790365219116211e-01 7.405227422714233398e-02 9.444170594215393066e-01 5.844228863716125488e-01 6.676400899887084961e-01 5.199759006500244141e-01
5.939978957176208496e-01 5.447493195533752441e-01 7.242213487625122070e-01 3.343026041984558105e-01 3.507016897201538086e-01 1.099482178688049316e-01
7.823460698127746582e-01 8.379740118980407715e-01 3.098847866058349609e-01 2.199068665504455566e-01 8.472045660018920898e-01 1.119193434715270996e-01
5.211597681045532227e-01 6.094401478767395020e-01 9.467445611953735352e-01 7.551163434982299805e-01 9.533672332763671875e-01 5.059037208557128906e-01
8.344374299049377441e-01 9.076967835426330566e-01 4.711627960205078125e-01 9.088426232337951660e-01 3.136408925056457520e-01 9.852547049522399902e-01
5.445032119750976562e-01 7.568544149398803711e-02 4.218009710311889648e-01 4.103112220764160156e-02 3.089657425880432129e-01 3.301547765731811523e-01
5.654317140579223633e-02 9.426176548004150391e-01 7.700663208961486816e-01 3.574286699295043945e-01 1.210081577301025391e-02 1.852527856826782227e-01
4.116644263267517090e-01 3.852036595344543457e-01 5.536410808563232422e-01 7.009457945823669434e-01 6.768196821212768555e-02 4.775291681289672852e-02
7.779896259307861328e-03 7.012240886688232422e-01 4.710727930068969727e-01 6.935453414916992188e-01 1.156244277954101562e-01 8.837053775787353516e-01
4.299447536468505859e-01 2.630457878112792969e-01 6.110771894454956055e-01 5.995513796806335449e-01 4.895054101943969727e-01 7.843080163002014160e-01
1.185818314552307129e-01 4.005199074745178223e-01 9.591346979141235352e-02 1.710739135742187500e-01 1.863114833831787109e-01 4.243254065513610840e-01
9.437232613563537598e-01 1.517804861068725586e-01 5.515342354774475098e-01 2.323057055473327637e-01 5.926331281661987305e-01 2.671164870262145996e-01
2.139416933059692383e-01 9.282274246215820312e-01 7.323086261749267578e-02 9.254115819931030273e-02 3.321983218193054199e-01 2.123569250106811523e-01
6.667263507843017578e-01 3.458977937698364258e-01 7.615698575973510742e-01 9.902603626251220703e-01 8.744819164276123047e-01 9.033090472221374512e-01
1.079808473587036133e-01 1.997390389442443848e-01 6.385762691497802734e-01 7.967281937599182129e-01 9.779101610183715820e-01 7.468509674072265625e-01
8.027905225753784180e-02 2.621172070503234863e-01 8.128372430801391602e-01 8.249078989028930664e-01 9.092457294464111328e-01 5.491183996200561523e-01
1.112013459205627441e-01 5.306863188743591309e-01 3.765753507614135742e-01 4.923226833343505859e-01 1.815976500511169434e-01 2.667447328567504883e-01
3.132774829864501953e-01 2.108271121978759766e-01 5.263286828994750977e-01 9.623446464538574219e-01 1.829508543014526367e-01 7.919223904609680176e-01
9.795193076133728027e-01 1.631373167037963867e-02 9.218271374702453613e-01 5.299873948097229004e-01 9.102025032043457031e-01 6.357617378234863281e-01
5.734455585479736328e-01 5.300323963165283203e-01 9.410342574119567871e-01 4.772986173629760742e-01 7.825441360473632812e-01 2.300685644149780273e-01
3.512337207794189453e-01 5.306148529052734375e-01 8.872835636138916016e-01 6.119307875633239746e-01 7.503539919853210449e-01 2.186142802238464355e-01
6.376683115959167480e-01 1.486848592758178711e-01 1.187866926193237305e-01 9.156374931335449219e-01 9.870647192001342773e-01 8.535159826278686523e-01
5.423654317855834961e-01 1.387512087821960449e-01 2.487383484840393066e-01 2.766092419624328613e-01 3.606384396553039551e-01 3.107103109359741211e-01
9.707046151161193848e-01 5.561001300811767578e-01 1.946555972099304199e-01 6.121321320533752441e-01 9.370215535163879395e-01 7.668852806091308594e-01
3.992148637771606445e-01 9.685516953468322754e-01 5.972051620483398438e-02 1.580258011817932129e-01 6.137573719024658203e-02 1.318218708038330078e-01
2.858757972717285156e-02 3.391111493110656738e-01 8.272412419319152832e-01 5.971952676773071289e-01 2.138008475303649902e-01 6.709730625152587891e-02
7.391660213470458984e-01 4.454410076141357422e-01 2.008608579635620117e-01 6.482772827148437500e-01 9.875376820564270020e-01 5.919809937477111816e-01
4.160808920860290527e-01 6.519368886947631836e-01 1.042937040328979492e-01 7.815215587615966797e-01 7.302377223968505859e-01 1.756727695465087891e-01
1.435434818267822266e-01 6.388485431671142578e-03 4.337905049324035645e-01 5.468164086341857910e-01 3.625873923301696777e-01 4.492641091346740723e-01
2.425452470779418945e-01 6.759661436080932617e-02 7.928060293197631836e-01 8.692589998245239258e-01 3.340707421302795410e-01 2.616101503372192383e-02
2.618820071220397949e-01 7.123687267303466797e-01 3.616885542869567871e-01 3.641861677169799805e-01 5.864797830581665039e-01 7.914986014366149902e-01
1.017284989356994629e-01 1.968775987625122070e-01 3.381126523017883301e-01 6.117504835128784180e-02 9.103900194168090820e-01 7.281248569488525391e-01
6.047216057777404785e-01 1.567538380622863770e-01 5.128833651542663574e-01 9.506664276123046875e-01 8.043990135192871094e-01 5.591316223144531250e-01
2.270025014877319336e-02 7.258250713348388672e-01 2.331069111824035645e-01 3.875183463096618652e-01 3.704839944839477539e-01 3.516761064529418945e-01
7.023334503173828125e-01 2.169069051742553711e-01 1.280481219291687012e-01 1.500129103660583496e-01 8.716298341751098633e-01 2.276695370674133301e-01
3.229519128799438477e-01 5.948382019996643066e-01 2.988445162773132324e-01 2.635278701782226562e-01 5.964106321334838867e-02 4.716630578041076660e-01
9.358751773834228516e-01 2.198896408081054688e-01 8.443051576614379883e-01 9.179823994636535645e-01 7.289921045303344727e-01 7.671816945075988770e-01
9.596759080886840820e-02 3.865907192230224609e-01 2.352457642555236816e-01 3.770928978919982910e-01 7.571398019790649414e-01 2.526360154151916504e-01
5.507981777191162109e-02 3.704953789710998535e-01 5.086638331413269043e-01 4.234558343887329102e-01 7.338727712631225586e-01 4.823793768882751465e-01
8.715491294860839844e-01 2.822095751762390137e-01 4.294713139533996582e-01 8.055848479270935059e-01 8.572469353675842285e-01 9.269212484359741211e-01
4.673119783401489258e-01 7.115638256072998047e-02 6.612615585327148438e-01 9.047439694404602051e-01 5.494351983070373535e-01 6.577275395393371582e-01
8.631748557090759277e-01 1.743934750556945801e-01 6.106191277503967285e-01 4.038859605789184570e-01 1.764908432960510254e-01 5.218231678009033203e-01
3.686743378639221191e-01 6.168552637100219727e-01 1.675975322723388672e-01 9.624280929565429688e-01 6.454276442527770996e-01 4.137567281723022461e-01
7.702346444129943848e-01 9.463514089584350586e-01 7.577703595161437988e-01 3.175771236419677734e-02 9.998600482940673828e-01 1.016318798065185547e-01
9.291929602622985840e-01 3.783981204032897949e-01 5.366134047508239746e-01 8.006523251533508301e-01 4.450188875198364258e-01 6.457550525665283203e-01
2.387340068817138672e-01 5.671131014823913574e-01 1.569914221763610840e-01 7.430169582366943359e-01 3.516169190406799316e-01 1.104975342750549316e-01
4.401399493217468262e-01 3.675221204757690430e-01 4.294883012771606445e-01 3.924627900123596191e-01 4.439699649810791016e-01 9.191836118698120117e-01
3.787882328033447266e-01 9.431663751602172852e-01 5.262486338615417480e-01 1.909094452857971191e-01 5.101848840713500977e-01 9.682913422584533691e-01
9.101858735084533691e-01 7.993965148925781250e-01 2.797839045524597168e-01 1.884899735450744629e-01 9.995147585868835449e-01 3.163087368011474609e-01
9.062474966049194336e-02 7.071261405944824219e-01 8.923787474632263184e-01 9.271873831748962402e-01 4.854011535644531250e-02 8.486555218696594238e-01
8.121496438980102539e-02 8.270527124404907227e-01 1.330572366714477539e-02 8.294179439544677734e-01 5.136510729789733887e-01 6.700084805488586426e-01
6.400305628776550293e-01 8.716535568237304688e-02 7.749249339103698730e-01 4.459342360496520996e-01 9.584598541259765625e-01 7.915209531784057617e-01
6.736026406288146973e-01 5.686746835708618164e-01 2.644798159599304199e-01 2.846756577491760254e-01 7.816869020462036133e-01 6.395280361175537109e-03
4.174389839172363281e-01 4.666366577148437500e-01 8.219046592712402344e-01 7.162379026412963867e-01 9.620128870010375977e-01 8.142060637474060059e-01
6.971617341041564941e-01 4.786117672920227051e-01 6.574146747589111328e-01 4.401577711105346680e-01 9.763420820236206055e-01 7.439106702804565430e-02
2.536063194274902344e-01 9.959550499916076660e-01 8.922147750854492188e-02 2.356658577919006348e-01 1.947917938232421875e-01 2.508936524391174316e-01
8.952417373657226562e-01 8.218472003936767578e-01 3.351975679397583008e-01 3.730716109275817871e-01 5.001284480094909668e-01 5.723029375076293945e-02
5.337517857551574707e-01 2.505648136138916016e-01 8.195360898971557617e-01 4.768085479736328125e-01 5.625826716423034668e-01 5.184782147407531738e-01
6.136903166770935059e-01 9.449248909950256348e-01 5.664116144180297852e-02 3.064780831336975098e-01 7.526409626007080078e-02 9.227179884910583496e-01
6.271835565567016602e-01 6.694154143333435059e-01 5.816694498062133789e-01 7.356675863265991211e-01 1.677972078323364258e-01 3.271633982658386230e-01
5.736075043678283691e-01 1.518387198448181152e-01 9.227536320686340332e-01 5.794581174850463867e-01 7.667487263679504395e-01 3.447329401969909668e-01
1.022491455078125000e-01 7.036426663398742676e-01 5.819998383522033691e-01 2.088174819946289062e-01 5.555990934371948242e-01 6.850080490112304688e-01
1.107213497161865234e-01 1.548792719841003418e-01 3.982497453689575195e-01 4.396994709968566895e-01 2.025663852691650391e-03 5.098478198051452637e-01
3.798612356185913086e-01 5.581543445587158203e-01 6.171236038208007812e-01 7.671222686767578125e-01 8.070229291915893555e-01 9.821424484252929688e-01
5.238313078880310059e-01 5.948515534400939941e-01 3.029583692550659180e-01 5.988717079162597656e-03 7.435165643692016602e-01 5.069264173507690430e-01
3.727751970291137695e-02 9.992640018463134766e-01 3.319111466407775879e-01 4.264280200004577637e-01 7.029139399528503418e-01 4.493557214736938477e-01
3.041459918022155762e-01 3.314123749732971191e-01 1.364296078681945801e-01 6.758369803428649902e-01 8.599830865859985352e-01 4.412086606025695801e-01
5.152496099472045898e-01 5.845794677734375000e-01 7.375111579895019531e-01 6.633377075195312500e-01 8.734710812568664551e-01 2.424545884132385254e-01
5.999720692634582520e-01 9.125967621803283691e-01 3.854936957359313965e-01 5.892528891563415527e-01 5.005990266799926758e-01 5.082279443740844727e-01
9.089187383651733398e-01 9.073795080184936523e-01 6.819595694541931152e-01 9.278571009635925293e-01 5.322283506393432617e-01 3.823244571685791016e-01
8.153765201568603516e-01 1.452229022979736328e-01 2.579008936882019043e-01 6.549342870712280273e-01 4.988789558410644531e-02 6.545587182044982910e-01
5.942119956016540527e-01 2.027887105941772461e-01 6.905252933502197266e-01 2.604078650474548340e-01 4.024939537048339844e-01 9.672772884368896484e-01
3.870406746864318848e-01 6.718204021453857422e-01 5.760702490806579590e-01 8.210082054138183594e-01 1.935813426971435547e-01 5.707736015319824219e-01
4.108471870422363281e-01 6.633982658386230469e-01 2.906060218811035156e-02 6.331384181976318359e-01 1.435756683349609375e-02 6.755010485649108887e-01
5.441774129867553711e-01 8.660282492637634277e-01 6.824122071266174316e-01 2.017464041709899902e-01 7.746359705924987793e-01 9.427973628044128418e-01
7.089642286300659180e-01 8.072733879089355469e-01 3.032097220420837402e-01 5.262196063995361328e-02 8.462463617324829102e-01 9.730985164642333984e-01
4.056640267372131348e-01 8.819320201873779297e-01 6.167130470275878906e-01 3.345956802368164062e-01 7.239187359809875488e-01 1.220620870590209961e-01
3.468873500823974609e-01 6.138747334480285645e-01 8.232176303863525391e-01 6.609747409820556641e-01 2.154641747474670410e-01 6.325399279594421387e-01
9.850171208381652832e-01 2.144115567207336426e-01 4.381495714187622070e-02 8.055993318557739258e-01 4.183605313301086426e-01 6.541119813919067383e-01
1.569166779518127441e-01 8.507401943206787109e-01 1.122565269470214844e-01 1.316934823989868164e-02 6.277672648429870605e-01 5.463349819183349609e-02
8.745431303977966309e-01 7.095940709114074707e-01 8.995785117149353027e-01 7.960750460624694824e-01 6.325083971023559570e-01 5.838943719863891602e-01
3.823223114013671875e-01 5.982053279876708984e-01 9.977847933769226074e-01 9.161731600761413574e-01 6.312431693077087402e-01 4.746910929679870605e-01
4.961848258972167969e-02 4.070155024528503418e-01 3.540602922439575195e-01 6.653130054473876953e-03 8.617330789566040039e-01 6.762492060661315918e-01
8.564109802246093750e-01 6.563922762870788574e-01 6.391564011573791504e-01 6.833932399749755859e-01 3.798158168792724609e-01 4.945818781852722168e-01
8.323172330856323242e-01 6.930407881736755371e-01 1.281911730766296387e-01 7.899680137634277344e-01 8.569139838218688965e-01 9.309808015823364258e-01
8.890870213508605957e-01 3.284881711006164551e-01 6.611894369125366211e-01 1.609669327735900879e-01 8.162233233451843262e-01 5.229148268699645996e-01
7.068361639976501465e-01 2.079575657844543457e-01 7.185581922531127930e-01 3.592702746391296387e-01 2.020161747932434082e-01 5.214017629623413086e-01
5.073390007019042969e-01 9.586226940155029297e-02 4.931955337524414062e-01 1.695362329483032227e-01 9.249438643455505371e-01 2.434467077255249023e-01
