3.256877660751342773e-01 9.734219312667846680e-01 6.917719244956970215e-01 5.885705947875976562e-01 5.141450762748718262e-01 4.959347248077392578e-01
3.256877660751342773e-01 9.734219312667846680e-01 6.917719244956970215e-01 5.885705947875976562e-01 5.141450762748718262e-01 4.959347248077392578e-01
3.256877660751342773e-01 9.734219312667846680e-01 6.917719244956970215e-01 5.885705947875976562e-01 5.141450762748718262e-01 4.959347248077392578e-01
3.256877660751342773e-01 9.734219312667846680e-01 6.917719244956970215e-01 5.885705947875976562e-01 5.141450762748718262e-01 4.959347248077392578e-01
3.256877660751342773e-01 9.734219312667846680e-01 6.917719244956970215e-01 5.885705947875976562e-01 5.141450762748718262e-01 4.959347248077392578e-01
0.000000000000000000e+00 1.000000000000000000e+00 6.500268578529357910e-01 2.286332696676254272e-01 3.964823484420776367e-01 1.049998309463262558e-02
0.000000000000000000e+00 1.000000000000000000e+00 6.500268578529357910e-01 2.286332696676254272e-01 3.964823484420776367e-01 1.049998309463262558e-02
0.000000000000000000e+00 1.000000000000000000e+00 6.500268578529357910e-01 2.286332696676254272e-01 3.964823484420776367e-01 1.049998309463262558e-02
0.000000000000000000e+00 1.000000000000000000e+00 5.819666981697082520e-01 4.480330944061279297e-01 5.794169902801513672e-01 0.000000000000000000e+00
0.000000000000000000e+00 1.000000000000000000e+00 5.819666981697082520e-01 4.480330944061279297e-01 5.794169902801513672e-01 0.000000000000000000e+00
0.000000000000000000e+00 1.000000000000000000e+00 5.819666981697082520e-01 4.480330944061279297e-01 5.794169902801513672e-01 0.000000000000000000e+00
0.000000000000000000e+00 1.000000000000000000e+00 5.819666981697082520e-01 4.480330944061279297e-01 5.794169902801513672e-01 0.000000000000000000e+00
0.000000000000000000e+00 1.000000000000000000e+00 2.747187614440917969e-01 0.000000000000000000e+00 2.515137195587158203e-01 0.000000000000000000e+00
0.000000000000000000e+00 1.000000000000000000e+00 2.747187614440917969e-01 0.000000000000000000e+00 2.515137195587158203e-01 0.000000000000000000e+00
0.000000000000000000e+00 1.000000000000000000e+00 0.000000000000000000e+00 0.000000000000000000e+00 2.896975576877593994e-01 0.000000000000000000e+00
0.000000000000000000e+00 1.000000000000000000e+00 0.000000000000000000e+00 0.000000000000000000e+00 2.896975576877593994e-01 0.000000000000000000e+00
0.000000000000000000e+00 1.000000000000000000e+00 0.000000000000000000e+00 0.000000000000000000e+00 2.896975576877593994e-01 0.000000000000000000e+00
0.000000000000000000e+00 1.000000000000000000e+00 0.000000000000000000e+00 0.000000000000000000e+00 2.896975576877593994e-01 0.000000000000000000e+00
0.000000000000000000e+00 1.000000000000000000e+00 0.000000000000000000e+00 0.000000000000000000e+00 2.896975576877593994e-01 0.000000000000000000e+00
1.000000000000000000e+00 1.000000000000000000e+00 1.000000000000000000e+00 0.000000000000000000e+00 0.000000000000000000e+00 0.000000000000000000e+00
1.000000000000000000e+00 1.000000000000000000e+00 1.000000000000000000e+00 0.000000000000000000e+00 0.000000000000000000e+00 0.000000000000000000e+00
1.000000000000000000e+00 1.000000000000000000e+00 1.000000000000000000e+00 0.000000000000000000e+00 0.000000000000000000e+00 0.000000000000000000e+00
1.000000000000000000e+00 1.000000000000000000e+00 1.000000000000000000e+00 0.000000000000000000e+00 0.000000000000000000e+00 0.000000000000000000e+00
1.000000000000000000e+00 1.000000000000000000e+00 1.000000000000000000e+00 0.000000000000000000e+00 0.000000000000000000e+00 0.000000000000000000e+00
1.000000000000000000e+00 1.000000000000000000e+00 1.000000000000000000e+00 0.000000000000000000e+00 0.000000000000000000e+00 0.000000000000000000e+00
1.000000000000000000e+00 1.000000000000000000e+00 1.000000000000000000e+00 0.000000000000000000e+00 0.000000000000000000e+00 0.000000000000000000e+00
1.000000000000000000e+00 1.000000000000000000e+00 1.000000000000000000e+00 0.000000000000000000e+00 0.000000000000000000e+00 0.000000000000000000e+00
1.000000000000000000e+00 1.000000000000000000e+00 1.000000000000000000e+00 0.000000000000000000e+00 1.612811237573623657e-01 0.000000000000000000e+00
1.000000000000000000e+00 1.000000000000000000e+00 1.000000000000000000e+00 0.000000000000000000e+00 1.612811237573623657e-01 0.000000000000000000e+00
1.000000000000000000e+00 1.000000000000000000e+00 1.000000000000000000e+00 0.000000000000000000e+00 1.612811237573623657e-01 0.000000000000000000e+00
1.000000000000000000e+00 1.000000000000000000e+00 1.000000000000000000e+00 0.000000000000000000e+00 1.612811237573623657e-01 0.000000000000000000e+00
1.000000000000000000e+00 1.000000000000000000e+00 1.000000000000000000e+00 0.000000000000000000e+00 1.612811237573623657e-01 0.000000000000000000e+00
1.000000000000000000e+00 1.000000000000000000e+00 1.000000000000000000e+00 0.000000000000000000e+00 1.612811237573623657e-01 0.000000000000000000e+00
1.000000000000000000e+00 1.000000000000000000e+00 1.000000000000000000e+00 0.000000000000000000e+00 1.612811237573623657e-01 0.000000000000000000e+00
1.000000000000000000e+00 1.000000000000000000e+00 1.000000000000000000e+00 0.000000000000000000e+00 1.612811237573623657e-01 0.000000000000000000e+00
1.000000000000000000e+00 1.000000000000000000e+00 1.000000000000000000e+00 0.000000000000000000e+00 1.612811237573623657e-01 0.000000000000000000e+00
1.000000000000000000e+00 1.000000000000000000e+00 1.000000000000000000e+00 0.000000000000000000e+00 1.612811237573623657e-01 0.000000000000000000e+00
1.000000000000000000e+00 1.000000000000000000e+00 1.000000000000000000e+00 0.000000000000000000e+00 1.612811237573623657e-01 0.000000000000000000e+00
1.000000000000000000e+00 1.000000000000000000e+00 1.000000000000000000e+00 0.000000000000000000e+00 1.612811237573623657e-01 0.000000000000000000e+00
1.000000000000000000e+00 1.000000000000000000e+00 1.000000000000000000e+00 0.000000000000000000e+00 1.612811237573623657e-01 0.000000000000000000e+00
1.000000000000000000e+00 1.000000000000000000e+00 1.000000000000000000e+00 0.000000000000000000e+00 1.612811237573623657e-01 0.000000000000000000e+00
1.000000000000000000e+00 1.000000000000000000e+00 1.000000000000000000e+00 0.000000000000000000e+00 1.612811237573623657e-01 0.000000000000000000e+00
8.996487259864807129e-01 1.000000000000000000e+00 1.000000000000000000e+00 0.000000000000000000e+00 1.443181782960891724e-01 0.000000000000000000e+00
8.996487259864807129e-01 1.000000000000000000e+00 1.000000000000000000e+00 0.000000000000000000e+00 1.443181782960891724e-01 0.000000000000000000e+00
8.996487259864807129e-01 1.000000000000000000e+00 1.000000000000000000e+00 0.000000000000000000e+00 1.443181782960891724e-01 0.000000000000000000e+00
8.996487259864807129e-01 1.000000000000000000e+00 1.000000000000000000e+00 0.000000000000000000e+00 1.443181782960891724e-01 0.000000000000000000e+00
8.996487259864807129e-01 1.000000000000000000e+00 1.000000000000000000e+00 0.000000000000000000e+00 1.443181782960891724e-01 0.000000000000000000e+00
8.996487259864807129e-01 1.000000000000000000e+00 1.000000000000000000e+00 0.000000000000000000e+00 1.443181782960891724e-01 0.000000000000000000e+00
8.996487259864807129e-01 1.000000000000000000e+00 1.000000000000000000e+00 0.000000000000000000e+00 1.443181782960891724e-01 0.000000000000000000e+00
8.996487259864807129e-01 1.000000000000000000e+00 1.000000000000000000e+00 0.000000000000000000e+00 1.443181782960891724e-01 0.000000000000000000e+00
8.996487259864807129e-01 1.000000000000000000e+00 1.000000000000000000e+00 0.000000000000000000e+00 1.443181782960891724e-01 0.000000000000000000e+00
8.996487259864807129e-01 1.000000000000000000e+00 1.000000000000000000e+00 0.000000000000000000e+00 1.443181782960891724e-01 0.000000000000000000e+00
8.996487259864807129e-01 1.000000000000000000e+00 1.000000000000000000e+00 0.000000000000000000e+00 1.443181782960891724e-01 0.000000000000000000e+00
8.259254693984985352e-01 1.000000000000000000e+00 1.000000000000000000e+00 0.000000000000000000e+00 1.135740652680397034e-01 0.000000000000000000e+00
8.259254693984985352e-01 1.000000000000000000e+00 1.000000000000000000e+00 0.000000000000000000e+00 1.135740652680397034e-01 0.000000000000000000e+00
8.259254693984985352e-01 1.000000000000000000e+00 1.000000000000000000e+00 0.000000000000000000e+00 1.135740652680397034e-01 0.000000000000000000e+00
8.259254693984985352e-01 1.000000000000000000e+00 1.000000000000000000e+00 0.000000000000000000e+00 1.135740652680397034e-01 0.000000000000000000e+00
8.259254693984985352e-01 1.000000000000000000e+00 1.000000000000000000e+00 0.000000000000000000e+00 1.135740652680397034e-01 0.000000000000000000e+00
8.259254693984985352e-01 1.000000000000000000e+00 1.000000000000000000e+00 0.000000000000000000e+00 1.135740652680397034e-01 0.000000000000000000e+00
8.259254693984985352e-01 1.000000000000000000e+00 1.000000000000000000e+00 0.000000000000000000e+00 1.135740652680397034e-01 0.000000000000000000e+00
8.259254693984985352e-01 1.000000000000000000e+00 1.000000000000000000e+00 0.000000000000000000e+00 1.135740652680397034e-01 0.000000000000000000e+00
8.259254693984985352e-01 1.000000000000000000e+00 1.000000000000000000e+00 0.000000000000000000e+00 1.135740652680397034e-01 0.000000000000000000e+00
8.259254693984985352e-01 1.000000000000000000e+00 1.000000000000000000e+00 0.000000000000000000e+00 1.135740652680397034e-01 0.000000000000000000e+00
8.259254693984985352e-01 1.000000000000000000e+00 1.000000000000000000e+00 0.000000000000000000e+00 1.135740652680397034e-01 0.000000000000000000e+00
8.259254693984985352e-01 1.000000000000000000e+00 1.000000000000000000e+00 0.000000000000000000e+00 1.135740652680397034e-01 0.000000000000000000e+00
8.259254693984985352e-01 1.000000000000000000e+00 1.000000000000000000e+00 0.000000000000000000e+00 1.135740652680397034e-01 0.000000000000000000e+00
8.259254693984985352e-01 1.000000000000000000e+00 1.000000000000000000e+00 0.000000000000000000e+00 1.135740652680397034e-01 0.000000000000000000e+00
8.259254693984985352e-01 1.000000000000000000e+00 1.000000000000000000e+00 0.000000000000000000e+00 1.135740652680397034e-01 0.000000000000000000e+00
8.259254693984985352e-01 1.000000000000000000e+00 1.000000000000000000e+00 0.000000000000000000e+00 1.135740652680397034e-01 0.000000000000000000e+00
8.259254693984985352e-01 1.000000000000000000e+00 1.000000000000000000e+00 0.000000000000000000e+00 1.135740652680397034e-01 0.000000000000000000e+00
8.259254693984985352e-01 1.000000000000000000e+00 1.000000000000000000e+00 0.000000000000000000e+00 1.135740652680397034e-01 0.000000000000000000e+00
8.259254693984985352e-01 1.000000000000000000e+00 1.000000000000000000e+00 0.000000000000000000e+00 1.135740652680397034e-01 0.000000000000000000e+00
8.259254693984985352e-01 1.000000000000000000e+00 1.000000000000000000e+00 0.000000000000000000e+00 1.135740652680397034e-01 0.000000000000000000e+00
8.259254693984985352e-01 1.000000000000000000e+00 1.000000000000000000e+00 0.000000000000000000e+00 1.135740652680397034e-01 0.000000000000000000e+00
8.259254693984985352e-01 1.000000000000000000e+00 1.000000000000000000e+00 0.000000000000000000e+00 1.135740652680397034e-01 0.000000000000000000e+00
8.259254693984985352e-01 1.000000000000000000e+00 1.000000000000000000e+00 0.000000000000000000e+00 1.135740652680397034e-01 0.000000000000000000e+00
8.259254693984985352e-01 1.000000000000000000e+00 1.000000000000000000e+00 0.000000000000000000e+00 1.135740652680397034e-01 0.000000000000000000e+00
8.259254693984985352e-01 1.000000000000000000e+00 1.000000000000000000e+00 0.000000000000000000e+00 1.135740652680397034e-01 0.000000000000000000e+00
8.259254693984985352e-01 1.000000000000000000e+00 1.000000000000000000e+00 0.000000000000000000e+00 1.135740652680397034e-01 0.000000000000000000e+00
8.259254693984985352e-01 1.000000000000000000e+00 1.000000000000000000e+00 0.000000000000000000e+00 1.135740652680397034e-01 0.000000000000000000e+00
8.259254693984985352e-01 1.000000000000000000e+00 1.000000000000000000e+00 0.000000000000000000e+00 1.135740652680397034e-01 0.000000000000000000e+00
8.259254693984985352e-01 1.000000000000000000e+00 1.000000000000000000e+00 0.000000000000000000e+00 1.135740652680397034e-01 0.000000000000000000e+00
8.259254693984985352e-01 1.000000000000000000e+00 1.000000000000000000e+00 0.000000000000000000e+00 1.135740652680397034e-01 0.000000000000000000e+00
8.259254693984985352e-01 1.000000000000000000e+00 1.000000000000000000e+00 0.000000000000000000e+00 1.135740652680397034e-01 0.000000000000000000e+00
8.259254693984985352e-01 1.000000000000000000e+00 1.000000000000000000e+00 0.000000000000000000e+00 1.135740652680397034e-01 0.000000000000000000e+00
8.259254693984985352e-01 1.000000000000000000e+00 1.000000000000000000e+00 0.000000000000000000e+00 1.135740652680397034e-01 0.000000000000000000e+00
8.259254693984985352e-01 1.000000000000000000e+00 1.000000000000000000e+00 0.000000000000000000e+00 1.135740652680397034e-01 0.000000000000000000e+00
8.259254693984985352e-01 1.000000000000000000e+00 1.000000000000000000e+00 0.000000000000000000e+00 1.135740652680397034e-01 0.000000000000000000e+00
8.259254693984985352e-01 1.000000000000000000e+00 1.000000000000000000e+00 0.000000000000000000e+00 1.135740652680397034e-01 0.000000000000000000e+00
8.259254693984985352e-01 1.000000000000000000e+00 1.000000000000000000e+00 0.000000000000000000e+00 1.135740652680397034e-01 0.000000000000000000e+00
8.259254693984985352e-01 1.000000000000000000e+00 1.000000000000000000e+00 0.000000000000000000e+00 1.135740652680397034e-01 0.000000000000000000e+00
8.259254693984985352e-01 1.000000000000000000e+00 1.000000000000000000e+00 0.000000000000000000e+00 1.135740652680397034e-01 0.000000000000000000e+00
8.259254693984985352e-01 1.000000000000000000e+00 1.000000000000000000e+00 0.000000000000000000e+00 1.135740652680397034e-01 0.000000000000000000e+00
8.259254693984985352e-01 1.000000000000000000e+00 1.000000000000000000e+00 0.000000000000000000e+00 1.135740652680397034e-01 0.000000000000000000e+00
8.259254693984985352e-01 1.000000000000000000e+00 1.000000000000000000e+00 0.000000000000000000e+00 1.135740652680397034e-01 0.000000000000000000e+00
8.259254693984985352e-01 1.000000000000000000e+00 1.000000000000000000e+00 0.000000000000000000e+00 1.135740652680397034e-01 0.000000000000000000e+00
8.259254693984985352e-01 1.000000000000000000e+00 1.000000000000000000e+00 0.000000000000000000e+00 1.135740652680397034e-01 0.000000000000000000e+00
8.259254693984985352e-01 1.000000000000000000e+00 1.000000000000000000e+00 0.000000000000000000e+00 1.135740652680397034e-01 0.000000000000000000e+00
8.259254693984985352e-01 1.000000000000000000e+00 1.000000000000000000e+00 0.000000000000000000e+00 1.135740652680397034e-01 0.000000000000000000e+00
8.996487259864807129e-01 1.000000000000000000e+00 1.000000000000000000e+00 0.000000000000000000e+00 1.443181782960891724e-01 0.000000000000000000e+00
