9.694478605094926094e-01 9.514541105875931049e-01 7.525575164299679043e-02 3.113057473328827429e-01
6.841773324774108600e-01 7.742835639050599239e-01 3.741963426245927815e-01 4.213988418793850887e-01
6.196857585502529853e-01 7.424176432425994010e-01 1.537459129073688868e-01 4.183497488663424080e-01
8.111623285335048950e-01 9.353676356773289458e-01 5.263815243145264500e-01 2.955392019973167583e-01
8.158003296703837393e-01 9.377200021229019633e-01 5.370285584028756665e-01 3.050120717627616829e-01
8.432219740045677758e-01 8.225030852351929989e-01 5.169270419676987860e-01 4.250831407823600916e-01
8.871189634247337308e-01 8.274312114395072637e-01 5.127042349218396966e-01 4.281070530989860012e-01
8.976532379457858868e-01 8.097997333765414307e-01 5.168876832104154495e-01 4.374226591474911219e-01
8.094267085148530994e-01 7.695146156679620875e-01 5.404681352924507465e-01 4.327785847050836798e-01
8.009668192405086096e-01 8.200294189988533988e-01 5.413322388814861830e-01 4.169148277740490349e-01
7.776468979020743078e-01 8.160235166202949308e-01 5.685627972942177699e-01 4.354178762855215878e-01
7.520746819278919526e-01 7.891116068243236858e-01 5.568311996606816194e-01 3.715669553054511964e-01
7.552261043396087947e-01 7.909616084336417163e-01 5.563306300996737619e-01 3.721466475195521761e-01
5.985875960826233522e-01 7.000550262590802264e-01 5.435983766420720009e-01 3.958388861350056742e-01
5.982051576903072432e-01 7.001489515563931176e-01 5.439337863077726709e-01 3.955392133915984210e-01
6.038584131440968283e-01 7.143918763124902371e-01 5.372366319443380167e-01 3.818585421895204779e-01
6.023820410911693291e-01 7.160616886832297245e-01 5.395977002268812495e-01 3.812119868725523664e-01
5.684234347129615283e-01 7.256842004456852679e-01 5.585919421727548739e-01 3.633523151253177375e-01
5.823546717983040244e-01 7.266138396109401709e-01 5.316325013987585058e-01 3.818636002549058439e-01
5.671788596182065767e-01 7.276625899884490156e-01 5.410775971840932064e-01 3.961407444245196863e-01
5.721752759574294522e-01 7.295351240210855570e-01 5.348906187889507224e-01 3.912611326936843437e-01
5.739177264651490473e-01 7.320444805727335247e-01 5.310077839673100764e-01 3.874241848153840428e-01
5.741094967893761725e-01 7.321128328539054930e-01 5.308688497223059688e-01 3.873057333950988279e-01
5.737489966161215538e-01 7.324346311917987462e-01 5.319390186189880687e-01 3.874755289659674307e-01
5.732970312337590801e-01 7.322011808940612765e-01 5.316468757899508457e-01 3.875507174427973434e-01
