1.194493759496372487e+00
1.975933283405978402e-01
5.954190249242750088e-01
4.112467028156415738e-01
-1.640912361791177776e-01
-2.692777349786676933e-01
-2.678359108039999326e-01
-2.668403543631887032e-01
-2.692167021282074191e-01
-2.692777336681136391e-01
-2.692866112345243534e-01
-2.692764727954030657e-01
-2.692763627527458015e-01
-2.692846752299220547e-01
-8.377595255925879281e-01
-1.784329915008950218e+00
-1.832961265510435700e+00
-1.820668252318780933e+00
-2.965511365343972194e+00
-3.001505291149621169e+00
-5.719855434963227125e+00
-5.970590817000044126e+00
-6.200146210132722047e+00
-6.098640322839379735e+00
-6.105613134726920244e+00
-5.985230373701518225e+00
-5.905434070883848641e+00
-6.094118541411657652e+00
-6.139587623536127303e+00
-7.203628720273627550e+00
-7.179247109342938415e+00
-7.489967604796462730e+00
-8.046731355434795674e+00
-8.032198330077813253e+00
-8.245497718770948836e+00
-8.259356287913382388e+00
-8.257898893704501475e+00
-8.291730505873346146e+00
-8.380939184324770252e+00
-8.396370642896080483e+00
-8.447646294799515232e+00
-8.394487382797869657e+00
-8.417349094106851837e+00
-8.429937401943066178e+00
-8.451035180779697953e+00
-8.493121416752629216e+00
-1.290701585760799830e+01
-1.172355550486737918e+01
-1.146355352840704001e+01
-1.116473748242250963e+01
-1.224245568263493134e+01
-1.220218049575288788e+01
-1.208419810291394647e+01
-1.023134932038917100e+01
-1.027074023021862992e+01
-1.073310303037306213e+01
-1.065077606416269695e+01
-1.063471480881446141e+01
-1.076237234351956040e+01
-1.062857452813759629e+01
-1.115935805442736495e+01
-1.174242304835707174e+01
-1.190239864893638178e+01
-1.203006710645130539e+01
-1.177950203344336089e+01
-1.204578223312896768e+01
-1.254204144976809765e+01
-1.253339803380079687e+01
-1.163491725148390898e+01
-1.135491781927161448e+01
-1.133547178184591964e+01
-1.127067946251180786e+01
-1.126381268717384643e+01
-1.115308257399686198e+01
-1.108367271909797047e+01
-1.098131189722665546e+01
-1.095139845218574770e+01
-1.088852519604298585e+01
-1.097974090283977588e+01
-1.114278066073545581e+01
-1.095879454286342103e+01
-1.127213956666998484e+01
-1.067438650450547755e+01
-1.066341045021068012e+01
-1.074412525261852558e+01
-1.075171962740725995e+01
-1.057630287819067050e+01
-1.002984108192232071e+01
-9.937164393348748348e+00
-1.001755534939987236e+01
-1.000403884888588202e+01
-9.928907206164799604e+00
-1.000402442381300361e+01
-1.005355793548351429e+01
-1.003531657042151437e+01
-1.004825866972108805e+01
-9.945002763468043128e+00
-1.005503501470995253e+01
-1.018176990269561522e+01
-1.001400089109937142e+01
