1.427383483738247083e+00
1.427383483738247083e+00
1.427383483738247083e+00
1.427383483738247083e+00
1.427383483738247083e+00
1.427383483738247083e+00
1.427383483738247083e+00
1.427383483738247083e+00
1.427383483738247083e+00
1.427383483738247083e+00
1.427383483738247083e+00
1.427383483738247083e+00
1.427383483738247083e+00
1.427383483738247083e+00
1.427383483738247083e+00
1.427383483738247083e+00
1.427383483738247083e+00
1.427383483738247083e+00
1.427383483738247083e+00
1.427383483738247083e+00
1.427383483738247083e+00
1.427383483738247083e+00
1.427383483738247083e+00
1.427383483738247083e+00
1.427383483738247083e+00
1.427383483738247083e+00
1.427383483738247083e+00
1.427383483738247083e+00
1.427383483738247083e+00
1.427383483738247083e+00
1.427383483738247083e+00
1.427383483738247083e+00
1.427383483738247083e+00
1.427383483738247083e+00
1.427383483738247083e+00
1.427383483738247083e+00
1.427383483738247083e+00
1.427383483738247083e+00
1.427383483738247083e+00
1.427383483738247083e+00
1.427383483738247083e+00
1.427383483738247083e+00
1.427383483738247083e+00
1.427383483738247083e+00
1.427383483738247083e+00
1.427383483738247083e+00
1.427383483738247083e+00
1.427383483738247083e+00
1.427383483738247083e+00
1.427383483738247083e+00
