-4.887082393759036303e-01
-3.728369344576698552e-01
-2.488336080593076260e-01
-1.152773904208836742e+00
-6.661123264190664806e-01
-8.666971480035416953e-01
-7.105911918435239283e-01
-9.118282238890009772e-01
-1.324145131334718117e+00
-1.342742877704814708e+00
-1.347464716296346010e+00
-1.429577429628066554e+00
-2.262984525498382027e+00
-1.523993407358671393e+00
-2.156147380378333978e+00
-1.546006919113711575e+00
-2.534416436604939094e+00
-2.422105553983188830e+00
-2.061709803295079357e+00
-1.634743147550477671e+00
-1.418850186661124058e+00
-1.421956443663473069e+00
-2.163051272053843732e+00
-1.416117001822873478e+00
-1.414581881220013937e+00
-1.418043772264235391e+00
-1.438819403315690693e+00
-8.631728875661169864e-01
-1.657993396799006591e+00
-1.641951158072559425e+00
-1.648077997623457192e+00
-1.649725609129579107e+00
-1.691724467296100265e+00
-1.704394361624293364e+00
-1.735362441641910891e+00
-1.721963107300535700e+00
-1.724381693929708081e+00
-1.376611961402047557e+00
-1.394885820832437506e+00
-1.487343931310744605e+00
-1.511999639761146375e+00
-1.503082785473224714e+00
-1.617062210687757906e+00
-1.606465820513611753e+00
-1.589118969059601039e+00
-1.654184082509295939e+00
-3.846648800089303322e+00
-3.670334491009882960e+00
-3.601861323618749555e+00
-3.601419700235958032e+00
