5.329068899154663086e-01 4.463310241699218750e-01 8.325183391571044922e-02 2.552338838577270508e-01
7.475450038909912109e-01 5.287554264068603516e-01 5.049538612365722656e-01 3.053152561187744141e-01
9.934518933296203613e-01 6.056987643241882324e-01 5.095849037170410156e-01 9.108342528343200684e-01
5.210260152816772461e-01 7.105315923690795898e-01 4.016388058662414551e-01 7.255908846855163574e-01
5.641281604766845703e-03 4.584661722183227539e-01 7.769520282745361328e-01 8.179585933685302734e-01
3.487127423286437988e-01 8.179748058319091797e-01 1.448140144348144531e-01 1.773126721382141113e-01
9.446028470993041992e-01 4.789347648620605469e-01 1.743900179862976074e-01 3.022642135620117188e-01
8.873199820518493652e-01 7.000949382781982422e-01 8.748101592063903809e-01 9.668734073638916016e-01
3.794594407081604004e-01 8.662307858467102051e-01 7.146525382995605469e-02 7.444895505905151367e-01
1.080957055091857910e-01 5.140698552131652832e-01 3.850305080413818359e-01 6.094769835472106934e-01
1.000000000000000000e+00 1.000000000000000000e+00 0.000000000000000000e+00 4.257880979265863952e-01
1.000000000000000000e+00 0.000000000000000000e+00 0.000000000000000000e+00 0.000000000000000000e+00
1.000000000000000000e+00 5.161185410661677658e-02 0.000000000000000000e+00 4.440587933795470121e-01
0.000000000000000000e+00 0.000000000000000000e+00 0.000000000000000000e+00 7.469228398320018059e-01
1.000000000000000000e+00 0.000000000000000000e+00 1.286385838030191520e-01 7.202396540899400623e-01
1.000000000000000000e+00 0.000000000000000000e+00 1.814593459937097475e-01 4.805160999829645174e-01
1.000000000000000000e+00 0.000000000000000000e+00 0.000000000000000000e+00 7.289584772320014672e-01
1.000000000000000000e+00 0.000000000000000000e+00 1.000000000000000000e+00 1.000000000000000000e+00
0.000000000000000000e+00 1.000000000000000000e+00 1.000000000000000000e+00 1.000000000000000000e+00
1.000000000000000000e+00 1.000000000000000000e+00 8.835590302273053087e-01 0.000000000000000000e+00
0.000000000000000000e+00 0.000000000000000000e+00 7.745840152779744914e-01 0.000000000000000000e+00
0.000000000000000000e+00 1.000000000000000000e+00 4.359266467261531663e-01 0.000000000000000000e+00
1.000000000000000000e+00 1.000000000000000000e+00 7.776939037648284980e-01 5.151491258312279609e-01
1.000000000000000000e+00 0.000000000000000000e+00 0.000000000000000000e+00 7.543129939829852360e-01
1.000000000000000000e+00 0.000000000000000000e+00 0.000000000000000000e+00 7.789822854791520479e-01
1.000000000000000000e+00 2.198697721060336938e-02 0.000000000000000000e+00 7.650258569034161793e-01
1.000000000000000000e+00 5.394192427904588305e-01 1.000000000000000000e+00 2.334173321075216911e-01
1.000000000000000000e+00 0.000000000000000000e+00 6.983294091966329997e-01 7.846028571487239089e-01
1.000000000000000000e+00 2.660592466794154398e-01 0.000000000000000000e+00 1.000000000000000000e+00
0.000000000000000000e+00 7.416207563925958368e-01 8.012918657976849657e-01 0.000000000000000000e+00
9.812737793772602357e-01 0.000000000000000000e+00 0.000000000000000000e+00 7.687298156957734774e-01
6.185419225388291142e-01 0.000000000000000000e+00 0.000000000000000000e+00 9.080269399274087938e-01
0.000000000000000000e+00 0.000000000000000000e+00 3.005500107974533597e-01 1.000000000000000000e+00
0.000000000000000000e+00 2.637519695234645800e-01 0.000000000000000000e+00 1.000000000000000000e+00
0.000000000000000000e+00 0.000000000000000000e+00 1.000000000000000000e+00 1.000000000000000000e+00
7.942785037322119823e-01 0.000000000000000000e+00 0.000000000000000000e+00 7.940772678763660108e-01
8.109710414947751689e-01 0.000000000000000000e+00 0.000000000000000000e+00 8.194141509976943238e-01
8.018327702410560365e-01 1.675172725523130235e-02 0.000000000000000000e+00 8.058480382325349245e-01
5.855768990991732093e-01 1.000000000000000000e+00 1.000000000000000000e+00 3.662055266546555554e-01
0.000000000000000000e+00 4.669993370188607607e-01 3.315726044225364433e-01 1.000000000000000000e+00
0.000000000000000000e+00 0.000000000000000000e+00 0.000000000000000000e+00 1.000000000000000000e+00
5.439320807633760690e-01 0.000000000000000000e+00 1.293529795931759041e-01 8.192337117564502114e-01
1.000000000000000000e+00 1.000000000000000000e+00 3.993398347100156620e-01 0.000000000000000000e+00
0.000000000000000000e+00 1.000000000000000000e+00 0.000000000000000000e+00 3.658938301354291434e-01
2.200579629799367110e-01 0.000000000000000000e+00 5.765958764843992501e-01 1.000000000000000000e+00
6.945145778374139933e-02 3.725520402264725917e-02 5.526223217960104517e-01 6.830732283304128405e-01
3.971252134069800377e-01 2.555609587579965591e-01 9.711070265620946884e-01 9.646456483751535416e-01
5.287656597793102264e-01 1.699324958026409149e-01 9.979528980329632759e-01 4.188372753560543060e-03
8.991797361522912979e-02 3.870968520641326904e-02 5.427165888249874115e-03 4.487110394984483719e-02
4.554678592830896378e-02 6.360953859984874725e-01 3.231077361851930618e-02 1.667409697547554970e-01
9.495703624561429024e-01 2.806578567251563072e-01 4.731921786442399025e-01 2.193665690720081329e-02
1.274385210126638412e-02 3.745099250227212906e-02 9.926044736057519913e-01 5.148116191849112511e-01
9.379199724644422531e-01 3.307527108117938042e-01 4.437621682882308960e-03 6.169355791062116623e-01
3.187670521438121796e-01 8.668245282024145126e-02 1.660658428445458412e-01 9.938302394002676010e-01
3.881083922460675240e-01 3.208891488611698151e-03 4.191426560282707214e-03 7.712944382801651955e-01
9.716593697667121887e-01 9.670220809057354927e-01 9.673421550542116165e-01 9.766360819339752197e-01
9.907146766781806946e-01 8.491070168092846870e-01 1.647242810577154160e-02 3.351291082799434662e-02
1.437779795378446579e-02 7.595630893483757973e-01 1.397757418453693390e-02 9.598051356151700020e-01
6.254370706155896187e-01 9.844104498624801636e-01 9.932730570435523987e-01 9.874677294865250587e-01
9.222664702683687210e-01 9.621377279981970787e-01 3.983732033520936966e-02 9.938458278775215149e-01
1.903890417888760567e-01 4.734642179682850838e-01 6.472588470205664635e-01 1.373598352074623108e-04
5.494896741583943367e-01 3.335385434329509735e-01 9.870838457718491554e-01 9.677408076822757721e-02
8.393504554405808449e-01 2.126265726983547211e-01 1.581049710512161255e-02 4.260185481980443001e-01
9.463914055377244949e-01 5.277074221521615982e-02 5.664955293759703636e-01 7.498992588371038437e-01
6.361510921269655228e-01 8.049391377717256546e-01 3.008378874510526657e-01 7.117612753063440323e-02
3.210919341072440147e-01 2.233584420755505562e-01 9.712643390521407127e-01 7.983058402314782143e-01
1.050279680639505386e-01 6.975916847586631775e-01 1.486470988020300865e-01 4.228107761591672897e-01
8.944626618176698685e-01 3.676146641373634338e-01 3.909581527113914490e-01 4.173808116465806961e-01
1.133786458522081375e-01 1.693965382874011993e-01 3.801849763840436935e-01 8.610235666856169701e-01
9.207997880876064301e-01 6.522227199748158455e-01 6.794455237686634064e-01 4.454135373234748840e-01
5.508398748934268951e-01 3.864872697740793228e-01 1.315219243988394737e-01 9.302078550681471825e-01
9.825431210920214653e-01 4.209232199937105179e-01 2.010664520785212517e-01 6.239362917840480804e-01
1.275837430730462074e-01 4.324558852240443230e-01 7.935253838077187538e-01 6.864470923319458961e-01
1.434544110670685768e-01 5.255240267142653465e-01 7.933879345655441284e-01 5.225781081244349480e-01
9.669172121211886406e-01 7.672260636463761330e-01 2.254766561090946198e-01 7.159115374088287354e-02
6.616468327119946480e-01 2.070657080039381981e-01 6.991367889568209648e-01 1.236860966309905052e-01
4.488713853061199188e-01 4.239396322518587112e-01 1.481361938640475273e-01 9.176298100501298904e-01
8.348716655746102333e-01 6.709737507626414299e-01 2.468760423362255096e-01 6.728227520361542702e-01
8.582252375781536102e-01 7.880334472283720970e-01 3.729306589812040329e-01 5.053419033065438271e-01
6.133702090010046959e-01 3.795845508575439453e-01 5.953880408778786659e-01 3.341220980510115623e-01
9.400383979082107544e-01 5.628395043313503265e-01 2.267410242930054665e-01 9.565894454717636108e-01
1.962443822994828224e-01 3.208302427083253860e-02 6.238205805420875549e-01 5.887372326105833054e-02
3.851535767316818237e-01 2.963338503614068031e-01 2.851131195202469826e-01 7.711179507896304131e-01
7.068427242338657379e-01 8.670339304953813553e-01 3.716097977012395859e-01 4.274327000603079796e-01
1.520495647564530373e-01 5.099813407287001610e-01 1.267462205141782761e-01 1.233275355771183968e-01
9.434128692373633385e-01 4.605334363877773285e-01 6.542381644248962402e-01 3.497420176863670349e-01
6.089625833556056023e-01 2.308213058859109879e-01 3.256018087267875671e-01 9.660105220973491669e-03
1.287702377885580063e-02 4.476118870079517365e-01 9.043027553707361221e-01 9.725208338350057602e-01
8.427325300872325897e-01 4.950109934434294701e-01 8.438250627368688583e-01 3.015978084877133369e-01
8.266028286889195442e-01 2.982022361829876900e-01 9.298031171783804893e-01 6.708535514771938324e-01
8.673498332500457764e-01 1.786982342600822449e-01 1.876781173050403595e-01 5.048510190099477768e-01
7.202669270336627960e-01 8.121856488287448883e-03 6.741613792255520821e-01 6.843699049204587936e-02
1.244996655732393265e-01 1.943564778193831444e-01 2.893011644482612610e-02 3.425358626991510391e-01
1.929219951853156090e-01 8.858876209706068039e-02 6.520415218546986580e-01 4.692533044144511223e-01
1.322186309844255447e-01 9.742360962554812431e-01 1.731129242107272148e-01 7.606200864538550377e-01
5.160327851772308350e-01 9.149942994117736816e-01 4.715734720230102539e-02 2.593243764713406563e-01
5.012469440698623657e-01 2.631571916863322258e-01 1.627127639949321747e-02 1.492402814328670502e-01
8.984405510127544403e-01 1.787926582619547844e-01 6.165586262941360474e-01 7.649766327813267708e-01
7.072971202433109283e-02 4.244028786197304726e-01 8.065303517505526543e-01 5.883464589715003967e-02
4.365660743787884712e-01 1.351762060075998306e-01 8.988966112956404686e-01 5.944483000785112381e-01
7.963701467961072922e-01 7.037196094170212746e-01 4.247219022363424301e-01 8.546694647520780563e-02
9.642356447875499725e-02 3.051770217716693878e-01 8.091604532673954964e-01 4.104021517559885979e-01
5.162115721032023430e-01 9.381398558616638184e-01 7.844816306605935097e-01 3.732538037002086639e-02
4.267830923199653625e-01 6.747721461579203606e-01 1.014389693737030029e-01 1.831997381523251534e-01
2.236375920474529266e-01 1.410677321255207062e-01 9.008704544976353645e-01 3.281673491001129150e-01
1.109307771548628807e-01 7.445437088608741760e-02 8.628549249842762947e-01 4.019476305693387985e-01
4.091696850955486298e-01 6.357377190142869949e-01 7.569657824933528900e-02 9.294597059488296509e-01
5.397261343896389008e-01 6.341505423188209534e-01 9.785451022908091545e-01 4.203699985519051552e-01
6.500609396025538445e-01 9.766000118106603622e-01 3.988731419667601585e-01 1.629641531035304070e-01
9.119436535984277725e-01 5.483736256137490273e-01 3.660408668220043182e-01 7.014402886852622032e-01
