-1.279766572644616351e+00
-5.906272071802416423e-01
-4.408158733235221782e-01
-6.062154306792264524e-01
-2.704635020676413037e-01
-6.141691363458663400e-01
-3.088158653721579938e-01
-3.166742613580281196e-01
-6.063789942869873828e-01
-4.047625964491574635e-02
-3.720205254535580153e-01
-6.044857204289466601e-01
-1.218565403707916328e+00
-2.165517584914378735e-01
-2.046828513442212616e-01
-5.856519370288102433e-01
-8.589017784664433330e-01
-1.135333382216590747e+00
-5.501236829863376254e-01
1.371320530319278252e-01
-6.265936531922164932e-01
-5.149562588727695234e-01
-5.349090103782741523e-02
-1.045182293141291296e+00
-5.839133107721858895e-01
8.077993797171478807e-02
-8.374953545360082074e-01
-7.961820430052160003e-01
-6.269807578045956120e-01
-5.835219775891349325e-01
-6.286484445071122140e-02
-2.671928504517299685e-01
-1.002359070734968327e+00
-7.593695797690980243e-03
5.245857667835249760e-01
-4.607127966271430397e-01
-1.528915028107146856e+00
-6.756086774036864639e-01
-1.733824678384660867e-01
-7.019171883607266960e-01
-4.136208580430753012e-01
-4.086266462422873391e-01
-2.999558421844277234e-01
1.867138411445672941e-01
-6.563083059527679008e-01
-6.152545243886413662e-01
-6.203815865595024848e-01
1.063447591481099241e-01
-9.615670559352490487e-02
-5.238065371353342048e-01
-5.250384888729622279e-01
-9.381981723601175993e-01
-3.099926185609092610e-01
-2.684081307925083038e-01
5.739550031456375212e-02
-1.840706405745516916e-01
7.979033279615643792e-02
-6.718444864805031003e-01
-5.205097522125201603e-01
-1.086091817194274611e+00
-4.811247723990671465e-01
8.370197551258995450e-02
-4.102885891913816696e-01
-2.097238956468228110e-01
-4.023155685262667092e-01
-4.173483937663677312e-01
-5.964366989986754630e-01
-3.875127228669461021e-01
-5.442801247501656281e-01
-1.338193461726575051e-01
-8.727986220001078266e-01
-2.934409303196461871e-01
-1.039600224001751894e+00
-4.262004681458624322e-01
-1.719586007399775962e-02
-1.509750123759275642e+00
-1.789279173977819104e-01
-4.284882272180119966e-01
-1.122794936648729314e+00
-9.089976866791966703e-01
-1.172954231872277431e-01
-8.942150734644174204e-01
-5.533620921709118123e-01
-1.027536902557387499e+00
-6.357128865337913215e-01
-4.961193569557775795e-01
-9.730389094960418817e-01
-4.493979504787524171e-01
-2.656748215974136240e-02
-6.162880764980507298e-01
-8.528997173603409809e-01
-3.703884418294421388e-01
-4.217115308711444355e-01
-7.508704728685876573e-01
-3.982934291676753502e-01
-2.563138394125543118e-01
-1.044616167891162739e+00
-4.377571809546985659e-01
-3.615703662494538229e-01
-1.227265510435152363e-01
-6.231700486524833771e-01
-4.954349844389521751e-01
-4.738955842508510430e-01
-9.086250806110633960e-01
-1.108047519827448646e+00
-1.433880680438169297e-01
1.885267261170964770e-01
-1.134673291086229829e+00
5.614201414608610552e-03
-4.885523224175025714e-02
