4.406296531235479041e-01
4.406296531235479041e-01
4.406296531235479041e-01
4.406296531235479041e-01
4.406296531235479041e-01
4.406296531235479041e-01
4.406296531235479041e-01
9.266334712497348303e-01
9.266334712497348303e-01
9.590046533269295237e-01
9.818592146073463756e-01
9.818592146073463756e-01
9.818592146073463756e-01
9.818592146073463756e-01
9.818592146073463756e-01
9.818592146073463756e-01
9.818592146073463756e-01
1.006783896107474208e+00
1.013015053465987192e+00
1.013015053465987192e+00
1.037218549185836558e+00
1.037218549185836558e+00
1.037218549185836558e+00
1.037218549185836558e+00
1.037218549185836558e+00
1.050896652475229676e+00
1.050896652475229676e+00
1.050896652475229676e+00
1.050896652475229676e+00
1.050896652475229676e+00
1.059096890142043224e+00
1.059096890142043224e+00
1.059096890142043224e+00
1.059096890142043224e+00
1.059096890142043224e+00
1.059096890142043224e+00
1.059096890142043224e+00
1.059096890142043224e+00
1.059096890142043224e+00
1.059096890142043224e+00
1.059096890142043224e+00
1.059637475468280021e+00
1.059637475468280021e+00
1.059637475468280021e+00
1.059637475468280021e+00
1.059637475468280021e+00
1.059929594437530431e+00
1.059929594437530431e+00
1.059929594437530431e+00
1.059929594437530431e+00
