-1.279766572644616351e+00
-5.906272071802416423e-01
-4.408158733235221782e-01
-6.062154306792264524e-01
-2.704635020676413037e-01
-6.141691363458663400e-01
-3.088158653721579938e-01
-3.166742613580281196e-01
-6.063789942869873828e-01
-4.047625964491574635e-02
-1.034891760678029737e-01
-1.046821341818449103e+00
3.196510312315993252e-01
-6.300212307906560838e-03
1.013040317739740681e-01
-4.120478347571820410e-01
3.417577481028000186e-03
1.961939920101271051e-01
3.245925170827841377e-01
2.541368069824076481e-01
-9.666490629520496647e-02
6.365395215757791991e-01
-1.269364725864185472e-01
6.218054719720474965e-01
6.018397832733192176e-01
6.886078885980978503e-02
-4.575703389071200111e-01
-1.658916105982934930e-01
5.288439976608900750e-01
6.692659945178811576e-01
-7.515559779993172818e-01
9.766458522149895627e-02
6.902429551449573708e-01
6.837455189904224628e-01
6.740914273883885643e-01
6.858207095597517178e-01
2.602643479965358608e-01
5.248744496617674393e-01
5.168118667789539655e-02
-2.488495336796255064e-01
-7.324569912547919115e-01
3.197419544539127356e-01
-6.572476348998707030e-01
-2.657470734051208261e-01
-3.857463601217807070e-01
1.796553496462780508e-01
-7.753597054647869413e-01
3.815790428077939223e-01
-1.351769746106030068e+00
2.841101898233766576e-02
-1.011409316983002071e+00
6.672228147911204443e-01
-3.082151420808137976e-01
-3.837679132686437899e-01
6.865762753347931513e-01
-6.292556050683733027e-01
-2.596800112548738326e-01
-1.186487029804818016e+00
1.999612053601722561e-01
-1.935632810161294626e-01
-2.101956530249560196e-01
2.641896346949433316e-01
-1.318183120874487635e+00
6.680241252241367889e-01
-1.306899860300096750e+00
3.246626888347661777e-01
-2.219967073862518792e-01
2.268209754909457088e-01
-7.117362868715337854e-02
-3.610203055615753831e-01
1.029186197044628104e-01
-6.915657364567374676e-01
-5.561122345031886960e-01
-1.872357776376874783e-01
1.142087736255030794e-01
-3.203804464614635750e-01
-4.634593484628280469e-01
-1.426168477627292486e+00
2.288713637632101561e-01
-1.719608312068872102e-01
2.999808416935093036e-01
-1.483939423023665105e+00
-4.508201132113416887e-01
-9.567605199865854004e-01
2.100236013110396982e-01
5.757829473879516602e-02
-4.587567398532108598e-01
6.929436603593122079e-01
-3.387515047326181694e-01
1.035282349643066035e-01
3.584593540995266170e-01
1.262398054902493794e-01
-8.775433032698252145e-01
-5.719302369001399988e-01
-3.576006124363250160e-01
-3.082405626320582903e-01
2.997564091440645395e-01
6.087871807919087441e-02
-5.944862417377425601e-01
-5.712130648310970171e-01
-3.854584602097330115e-02
8.713281387327012628e-02
4.543325671635723983e-01
6.898980072446435630e-01
-3.906383173608510284e-01
6.463470156845834147e-01
-1.927446129409195463e-01
-1.170574307116149848e+00
-8.538721846557535411e-01
-7.156813135173232254e-01
