1.000000000000000000e+00 1.000000000000000000e+00 0.000000000000000000e+00 1.000000000000000000e+00 1.000000000000000000e+00 9.237048057557545322e-02
5.174218657405516009e-01 8.731201462857497431e-01 0.000000000000000000e+00 1.000000000000000000e+00 0.000000000000000000e+00 1.000000000000000000e+00
1.000000000000000000e+00 3.722290436240816014e-01 0.000000000000000000e+00 1.000000000000000000e+00 1.000000000000000000e+00 0.000000000000000000e+00
1.000000000000000000e+00 4.793029113084021353e-01 0.000000000000000000e+00 1.000000000000000000e+00 1.000000000000000000e+00 8.456163645657768790e-02
1.000000000000000000e+00 4.910563344491774007e-01 0.000000000000000000e+00 1.000000000000000000e+00 1.000000000000000000e+00 0.000000000000000000e+00
6.105023746188326106e-01 2.797964497906302306e-01 0.000000000000000000e+00 1.000000000000000000e+00 1.000000000000000000e+00 7.393434770827113089e-01
6.927709684835223758e-01 8.263565987057811535e-01 0.000000000000000000e+00 1.000000000000000000e+00 1.000000000000000000e+00 3.117591136349049941e-01
1.000000000000000000e+00 6.295350624214939295e-01 0.000000000000000000e+00 1.000000000000000000e+00 1.000000000000000000e+00 5.350426626447660761e-01
1.000000000000000000e+00 6.069744602889209917e-01 0.000000000000000000e+00 1.000000000000000000e+00 1.000000000000000000e+00 4.576763854406578624e-01
1.000000000000000000e+00 6.372046251475048662e-01 0.000000000000000000e+00 1.000000000000000000e+00 1.000000000000000000e+00 6.821640418021871488e-01
1.000000000000000000e+00 6.237095176079060499e-01 0.000000000000000000e+00 1.000000000000000000e+00 1.000000000000000000e+00 7.379917762173267004e-01
1.000000000000000000e+00 6.436526037477905415e-01 0.000000000000000000e+00 1.000000000000000000e+00 1.000000000000000000e+00 8.796257455323817087e-01
1.000000000000000000e+00 7.458956727664121100e-01 0.000000000000000000e+00 1.000000000000000000e+00 1.000000000000000000e+00 6.348566035564527921e-01
1.000000000000000000e+00 7.571443193315163800e-01 0.000000000000000000e+00 1.000000000000000000e+00 1.000000000000000000e+00 6.348280453124214295e-01
1.000000000000000000e+00 7.608821637063507559e-01 0.000000000000000000e+00 1.000000000000000000e+00 1.000000000000000000e+00 6.398772446443766748e-01
1.000000000000000000e+00 7.583900522905149266e-01 0.000000000000000000e+00 1.000000000000000000e+00 1.000000000000000000e+00 6.411950310170769773e-01
1.000000000000000000e+00 7.087240873115187023e-01 0.000000000000000000e+00 1.000000000000000000e+00 1.000000000000000000e+00 6.330484257525567093e-01
1.000000000000000000e+00 7.202123530786250782e-01 0.000000000000000000e+00 1.000000000000000000e+00 9.804836119149229479e-01 6.355950693176516397e-01
1.000000000000000000e+00 7.328926439177472218e-01 0.000000000000000000e+00 1.000000000000000000e+00 9.319208227710812364e-01 6.419902063771204537e-01
1.000000000000000000e+00 7.294270481444603549e-01 0.000000000000000000e+00 1.000000000000000000e+00 9.262210052885571088e-01 6.393906733477804361e-01
1.000000000000000000e+00 7.382895949842698258e-01 0.000000000000000000e+00 1.000000000000000000e+00 9.390266443330270718e-01 6.372038874285103072e-01
1.000000000000000000e+00 7.311425949670710134e-01 0.000000000000000000e+00 1.000000000000000000e+00 9.149350326702201386e-01 6.419506106213610508e-01
1.000000000000000000e+00 6.685415549979831784e-01 0.000000000000000000e+00 1.000000000000000000e+00 9.269200846287111162e-01 6.371702554893574622e-01
1.000000000000000000e+00 6.617228731134058295e-01 0.000000000000000000e+00 1.000000000000000000e+00 9.345913214499288468e-01 6.362560919688765582e-01
1.000000000000000000e+00 6.717696622713290600e-01 0.000000000000000000e+00 1.000000000000000000e+00 9.518162871894652044e-01 6.372808573240208441e-01
1.000000000000000000e+00 6.711969199206718750e-01 0.000000000000000000e+00 1.000000000000000000e+00 9.535247934736077458e-01 6.373605100119146272e-01
1.000000000000000000e+00 6.712381560949557402e-01 0.000000000000000000e+00 1.000000000000000000e+00 9.529288578646779584e-01 6.373718605302274298e-01
1.000000000000000000e+00 6.700883042310746829e-01 0.000000000000000000e+00 1.000000000000000000e+00 9.524060046474135399e-01 6.356728587331191838e-01
1.000000000000000000e+00 6.704152525312453426e-01 0.000000000000000000e+00 1.000000000000000000e+00 9.523729163362060213e-01 6.343410257839097177e-01
1.000000000000000000e+00 6.711220076424154746e-01 0.000000000000000000e+00 1.000000000000000000e+00 9.520156700199177147e-01 6.347261408336734023e-01
1.000000000000000000e+00 6.746792363404338078e-01 0.000000000000000000e+00 1.000000000000000000e+00 9.523473283631551656e-01 6.402146683911642544e-01
1.000000000000000000e+00 6.751815556363230941e-01 0.000000000000000000e+00 1.000000000000000000e+00 9.523191113208205882e-01 6.400503479941644924e-01
1.000000000000000000e+00 6.756664527199582881e-01 0.000000000000000000e+00 1.000000000000000000e+00 9.512445846946833150e-01 6.417772283672547040e-01
1.000000000000000000e+00 6.754275948886298009e-01 0.000000000000000000e+00 1.000000000000000000e+00 9.516522859916169974e-01 6.406625212967372862e-01
1.000000000000000000e+00 6.742421046541539065e-01 0.000000000000000000e+00 1.000000000000000000e+00 9.469290634921058158e-01 6.484971492911663082e-01
1.000000000000000000e+00 6.722758046563743761e-01 0.000000000000000000e+00 1.000000000000000000e+00 9.473346468691693500e-01 6.497740026125639057e-01
1.000000000000000000e+00 6.725393894845478338e-01 0.000000000000000000e+00 1.000000000000000000e+00 9.471835637632187721e-01 6.498940297564489432e-01
1.000000000000000000e+00 6.726924344704335867e-01 0.000000000000000000e+00 1.000000000000000000e+00 9.470453758763177632e-01 6.500175167222249639e-01
1.000000000000000000e+00 6.724049200813383420e-01 0.000000000000000000e+00 1.000000000000000000e+00 9.469394265517748766e-01 6.505145996773646910e-01
1.000000000000000000e+00 6.690692275594014582e-01 0.000000000000000000e+00 1.000000000000000000e+00 9.489429187478859440e-01 6.449033543342806984e-01
1.000000000000000000e+00 6.682305472743560459e-01 0.000000000000000000e+00 1.000000000000000000e+00 9.491504134481367760e-01 6.440945084902606199e-01
1.000000000000000000e+00 6.675068694539969538e-01 0.000000000000000000e+00 1.000000000000000000e+00 9.492805713056442496e-01 6.441359474229253479e-01
1.000000000000000000e+00 6.670541811824304279e-01 0.000000000000000000e+00 1.000000000000000000e+00 9.494242543288713421e-01 6.434647291610104958e-01
1.000000000000000000e+00 6.662480002201153217e-01 0.000000000000000000e+00 1.000000000000000000e+00 9.496003872661413769e-01 6.426092050963596591e-01
1.000000000000000000e+00 6.662047566911005747e-01 0.000000000000000000e+00 1.000000000000000000e+00 9.501340732977304748e-01 6.398760185612456519e-01
1.000000000000000000e+00 6.664161053508824706e-01 0.000000000000000000e+00 1.000000000000000000e+00 9.498778168175936454e-01 6.406219999225160056e-01
1.000000000000000000e+00 6.670529765103802022e-01 0.000000000000000000e+00 1.000000000000000000e+00 9.500200493251470535e-01 6.402685702050368022e-01
1.000000000000000000e+00 6.655424258430946427e-01 0.000000000000000000e+00 1.000000000000000000e+00 9.506519578851199137e-01 6.350446669810002609e-01
1.000000000000000000e+00 6.723122687466028813e-01 0.000000000000000000e+00 1.000000000000000000e+00 9.500796133334132865e-01 6.363498334090289532e-01
1.000000000000000000e+00 6.728858706691910330e-01 0.000000000000000000e+00 1.000000000000000000e+00 9.494267113192162988e-01 6.357660715887574199e-01
