1.939335465431213379e-01 8.198333978652954102e-01 3.603764772415161133e-01 4.080302715301513672e-01 4.291880130767822266e-02 7.690894007682800293e-01
3.169615268707275391e-01 3.550574779510498047e-01 2.736051678657531738e-01 7.655680179595947266e-03 4.296408891677856445e-01 2.124999761581420898e-01
2.498583197593688965e-01 3.589999675750732422e-02 6.242739558219909668e-01 2.341116070747375488e-01 2.285794019699096680e-01 4.920705556869506836e-01
4.984496831893920898e-01 6.082957983016967773e-02 1.811940073966979980e-01 2.992455363273620605e-01 3.601756691932678223e-01 5.019560456275939941e-01
6.969493627548217773e-02 6.445785164833068848e-01 8.488962054252624512e-01 2.068706154823303223e-01 3.415826559066772461e-01 7.308139801025390625e-01
8.465083241462707520e-01 3.371510505676269531e-01 3.864517807960510254e-01 5.921387076377868652e-01 6.902999281883239746e-01 8.635544180870056152e-01
4.158502817153930664e-01 1.220125555992126465e-01 4.182598590850830078e-01 4.868476986885070801e-01 2.733797430992126465e-01 7.301384210586547852e-01
9.136521816253662109e-01 8.153690099716186523e-01 1.488987207412719727e-01 3.310691714286804199e-01 2.747642397880554199e-01 9.778889417648315430e-01
1.072682738304138184e-01 1.643597483634948730e-01 5.011730790138244629e-01 1.414394378662109375e-02 6.733597517013549805e-01 1.407777667045593262e-01
8.369959592819213867e-01 7.025776505470275879e-01 4.257630705833435059e-01 9.114702343940734863e-01 3.913667798042297363e-01 3.745174407958984375e-02
2.192242145538330078e-01 7.419183850288391113e-01 7.628619670867919922e-02 5.080639719963073730e-01 5.157725214958190918e-01 5.118365287780761719e-01
6.893663406372070312e-01 6.829704642295837402e-01 8.968760967254638672e-01 7.887811660766601562e-01 7.818725109100341797e-01 8.265388011932373047e-02
5.076384544372558594e-02 4.170467853546142578e-01 9.019489884376525879e-01 5.104112029075622559e-01 5.619416236877441406e-01 5.121876001358032227e-01
1.181977987289428711e-02 6.637566089630126953e-01 2.564324736595153809e-01 5.808311104774475098e-01 5.463470220565795898e-01 4.718352556228637695e-01
4.762812852859497070e-01 1.540267467498779297e-02 4.487400054931640625e-01 9.518623352050781250e-03 7.190017700195312500e-01 3.592565059661865234e-01
5.353376269340515137e-01 6.075115203857421875e-01 9.919152259826660156e-01 8.313893675804138184e-01 7.542476058006286621e-01 2.528142929077148438e-01
8.993712663650512695e-01 9.204614758491516113e-01 9.504178166389465332e-01 3.013212084770202637e-01 6.671504974365234375e-01 2.736591100692749023e-01
2.597373127937316895e-01 3.912633657455444336e-01 3.181051611900329590e-01 4.003506898880004883e-02 6.024506092071533203e-01 7.928583025932312012e-01
5.661950707435607910e-01 7.968730926513671875e-01 1.831464171409606934e-01 7.256115674972534180e-01 8.608897924423217773e-01 5.111492872238159180e-01
2.978212833404541016e-01 2.481036782264709473e-01 8.829624652862548828e-01 1.818573474884033203e-01 1.109113097190856934e-01 4.233019948005676270e-01
5.716538429260253906e-01 3.834433555603027344e-01 3.626077175140380859e-01 8.346946239471435547e-01 6.025201082229614258e-02 6.158148050308227539e-01
1.025464534759521484e-01 6.084954738616943359e-02 1.606601476669311523e-02 2.767384052276611328e-03 9.083942770957946777e-01 4.396109580993652344e-01
1.475716829299926758e-01 5.492126941680908203e-02 9.922320842742919922e-01 3.948477506637573242e-01 7.507444024085998535e-01 7.125112414360046387e-01
7.420561909675598145e-01 3.172636032104492188e-01 3.762335777282714844e-01 9.133080840110778809e-01 8.692634105682373047e-01 1.603929400444030762e-01
8.027096986770629883e-01 4.456915855407714844e-01 9.982675909996032715e-01 9.405397772789001465e-01 6.477047204971313477e-01 5.416057109832763672e-01
8.901520371437072754e-01 8.659678697586059570e-01 4.776214957237243652e-01 6.980363726615905762e-01 2.544566988945007324e-01 5.310177206993103027e-01
9.762585163116455078e-01 4.202427864074707031e-01 9.317986965179443359e-01 8.085358738899230957e-01 9.672040939331054688e-01 8.994205594062805176e-01
6.570956110954284668e-01 9.757716059684753418e-01 7.077125310897827148e-01 2.535315752029418945e-01 1.359595060348510742e-01 2.038826942443847656e-01
6.618691682815551758e-01 4.983026385307312012e-01 6.064897179603576660e-01 1.664945483207702637e-01 9.568668603897094727e-01 2.922708988189697266e-01
7.991164326667785645e-01 5.122923851013183594e-02 4.523456096649169922e-01 3.215330243110656738e-01 6.002338528633117676e-01 7.895663380622863770e-01
2.074271440505981445e-02 9.290164113044738770e-01 9.218694567680358887e-01 8.029133081436157227e-01 8.738078474998474121e-01 3.382555246353149414e-01
9.625641703605651855e-01 1.360636949539184570e-02 1.246225237846374512e-01 8.836257457733154297e-02 3.445339202880859375e-02 5.741792321205139160e-01
8.491520881652832031e-01 8.562153577804565430e-02 2.249258160591125488e-01 7.760971784591674805e-02 4.381535649299621582e-01 4.860106706619262695e-01
2.173036336898803711e-01 8.263623714447021484e-01 6.854000687599182129e-01 4.427373409271240234e-01 5.746943950653076172e-01 3.622877001762390137e-01
6.874916553497314453e-01 6.298152804374694824e-01 2.879056334495544434e-01 5.053414702415466309e-01 9.684573411941528320e-01 4.594818353652954102e-01
1.113392114639282227e-01 6.981523036956787109e-01 4.955742359161376953e-01 9.475531578063964844e-01 7.714630961418151855e-01 3.477415442466735840e-01
2.319010496139526367e-01 1.613656282424926758e-01 8.586363792419433594e-01 5.399026870727539062e-01 7.404989004135131836e-02 3.697831034660339355e-01
2.490043640136718750e-02 1.285867691040039062e-01 2.146249413490295410e-01 8.116674423217773438e-01 8.465557098388671875e-01 5.092356204986572266e-01
3.194223642349243164e-01 7.196315526962280273e-01 8.065943121910095215e-01 7.124999761581420898e-01 4.801344871520996094e-02 8.147400617599487305e-01
5.457813143730163574e-01 6.108259558677673340e-01 8.831929564476013184e-01 7.264251112937927246e-01 4.879951477050781250e-01 4.036195874214172363e-01
3.223701119422912598e-01 9.000635743141174316e-01 4.181379079818725586e-01 4.253951311111450195e-01 2.298101186752319336e-01 4.138532280921936035e-01
5.188197493553161621e-01 7.764512300491333008e-02 2.761264443397521973e-01 3.674488663673400879e-01 9.113792777061462402e-01 3.476480245590209961e-01
1.063506603240966797e-01 9.209316372871398926e-01 5.232267379760742188e-01 6.470438241958618164e-01 8.092252612113952637e-01 2.792904973030090332e-01
1.490545272827148438e-01 8.623959422111511230e-01 8.990843892097473145e-01 7.040948271751403809e-01 2.706497907638549805e-01 5.803887248039245605e-01
6.075344681739807129e-01 9.701945781707763672e-01 6.806526780128479004e-01 1.435085535049438477e-01 2.656171917915344238e-01 3.936031460762023926e-01
3.151749968528747559e-01 5.345926284790039062e-01 2.104794383049011230e-01 7.667002677917480469e-01 7.098944783210754395e-01 3.508874773979187012e-01
1.288452148437500000e-01 6.289535164833068848e-01 7.854639291763305664e-01 4.077703952789306641e-01 7.922206521034240723e-01 2.530801296234130859e-02
5.572933554649353027e-01 3.249999880790710449e-01 9.996349215507507324e-01 7.882845401763916016e-01 8.580308556556701660e-01 8.519886732101440430e-01
4.535503387451171875e-01 8.373014330863952637e-01 1.190547347068786621e-01 4.493261575698852539e-01 4.413306713104248047e-02 7.438653111457824707e-01
2.248643040657043457e-01 7.793674468994140625e-01 8.672637939453125000e-01 9.308795928955078125e-01 9.738383889198303223e-01 3.271876573562622070e-01
7.870183587074279785e-01 1.186549663543701172e-01 2.733773589134216309e-01 2.775634527206420898e-01 7.315071225166320801e-01 5.506320595741271973e-01
8.989385962486267090e-01 1.681987047195434570e-01 8.530595898628234863e-01 6.536029577255249023e-01 1.992307901382446289e-01 3.320136070251464844e-01
7.571879029273986816e-01 4.470997452735900879e-01 8.461572527885437012e-01 6.778503656387329102e-01 6.869314312934875488e-01 3.386174440383911133e-01
7.274665832519531250e-01 3.618615865707397461e-02 9.531645178794860840e-01 2.631586790084838867e-01 5.810396671295166016e-01 8.598051071166992188e-01
6.417135000228881836e-01 4.010387659072875977e-01 8.680031299591064453e-01 8.790423274040222168e-01 3.939145207405090332e-01 3.494301438331604004e-01
1.128786802291870117e-01 9.912093281745910645e-01 3.938729166984558105e-01 7.592599987983703613e-01 1.544700264930725098e-01 4.550417661666870117e-01
9.939731955528259277e-01 1.235020160675048828e-02 5.049591660499572754e-01 6.325134634971618652e-01 7.930708527565002441e-01 1.977640390396118164e-01
4.709759950637817383e-01 7.194109559059143066e-01 9.083687663078308105e-01 5.150806903839111328e-01 5.476611256599426270e-01 3.941208124160766602e-01
1.464763879776000977e-01 8.211155533790588379e-01 3.492013216018676758e-01 3.415644168853759766e-01 6.814190149307250977e-01 8.707864284515380859e-01
1.984314322471618652e-01 6.561610102653503418e-01 6.942325830459594727e-02 8.035110831260681152e-01 4.441131949424743652e-01 5.603499412536621094e-01
1.527950167655944824e-01 1.141687035560607910e-01 9.935429096221923828e-01 4.706456661224365234e-01 2.304610013961791992e-01 5.371607542037963867e-01
3.738628029823303223e-01 3.928940296173095703e-01 6.618279814720153809e-01 2.766484022140502930e-02 5.681024193763732910e-01 9.001110792160034180e-01
7.721740007400512695e-01 2.033043503761291504e-01 4.631139039993286133e-01 9.604483246803283691e-01 2.543479800224304199e-01 8.283241987228393555e-01
2.865648269653320312e-01 8.323476910591125488e-01 7.817496061325073242e-01 3.859489560127258301e-01 1.030128002166748047e-01 8.197261095046997070e-01
7.926291823387145996e-01 4.576076269149780273e-01 7.841904163360595703e-01 8.526318669319152832e-01 6.848512887954711914e-01 7.678826451301574707e-01
7.737934589385986328e-03 4.714620709419250488e-01 1.084917783737182617e-02 5.546675920486450195e-01 6.057047843933105469e-02 7.592633366584777832e-01
2.806735634803771973e-01 6.572633981704711914e-02 7.882335782051086426e-01 8.572127223014831543e-01 7.080972194671630859e-03 5.101056694984436035e-01
9.609255790710449219e-01 6.261309981346130371e-01 4.799733161926269531e-01 1.837736964225769043e-01 2.864760756492614746e-01 5.357503890991210938e-03
7.331077456474304199e-01 9.526845812797546387e-01 3.028005957603454590e-01 9.718775749206542969e-03 3.727200031280517578e-01 1.839250922203063965e-01
8.036893606185913086e-02 5.580425262451171875e-02 5.015875101089477539e-01 6.304204463958740234e-02 8.663907051086425781e-01 8.331083059310913086e-01
2.604928612709045410e-01 8.379195928573608398e-01 7.594029307365417480e-01 4.765801429748535156e-01 1.453109383583068848e-01 9.887471795082092285e-01
9.643623828887939453e-01 6.967351436614990234e-01 2.405177354812622070e-01 5.687833428382873535e-01 3.556588888168334961e-01 5.097019672393798828e-01
9.624243974685668945e-01 8.142750859260559082e-01 3.217611908912658691e-01 3.404804468154907227e-01 3.175485134124755859e-01 4.326640367507934570e-01
7.313827276229858398e-01 2.823107242584228516e-01 2.842724323272705078e-02 5.666935443878173828e-02 3.554223775863647461e-01 2.054060697555541992e-01
7.320648431777954102e-01 7.275252342224121094e-01 3.741587996482849121e-01 7.885633707046508789e-01 5.297032594680786133e-01 7.757955193519592285e-01
3.395429849624633789e-01 7.292243242263793945e-01 1.812658309936523438e-01 7.106499075889587402e-01 9.715785980224609375e-01 2.738988399505615234e-02
2.728576064109802246e-01 3.270648121833801270e-01 2.115428447723388672e-01 2.196773290634155273e-01 1.277531981468200684e-01 6.697333455085754395e-01
8.453413248062133789e-01 9.207808971405029297e-01 5.750424265861511230e-01 4.384877681732177734e-01 2.141532897949218750e-01 7.908840179443359375e-01
9.694250822067260742e-01 1.670464873313903809e-01 4.633774161338806152e-01 5.105167627334594727e-02 4.603070020675659180e-02 5.589354634284973145e-01
9.882794022560119629e-01 1.938837766647338867e-02 2.948848009109497070e-01 6.660489439964294434e-01 9.725933074951171875e-01 5.513370037078857422e-02
1.544963717460632324e-01 8.391849398612976074e-01 1.895296573638916016e-01 4.570957422256469727e-01 5.103045701980590820e-01 8.454878926277160645e-01
3.428660035133361816e-01 9.548696875572204590e-01 8.661093115806579590e-01 7.336323857307434082e-01 4.864084720611572266e-01 4.892134666442871094e-02
6.909705400466918945e-01 3.704141378402709961e-01 5.021098852157592773e-01 9.230195879936218262e-01 4.789566993713378906e-01 1.838388442993164062e-01
8.549461960792541504e-01 3.978770375251770020e-01 5.605242848396301270e-01 2.194176912307739258e-01 8.930330872535705566e-01 2.055030465126037598e-01
6.285994052886962891e-01 1.388432979583740234e-01 4.484258890151977539e-01 1.173542141914367676e-01 2.101445198059082031e-02 5.064642429351806641e-01
8.576564788818359375e-01 9.417834877967834473e-01 9.488937854766845703e-01 3.183671832084655762e-01 5.066504478454589844e-01 4.781728386878967285e-01
6.205018162727355957e-01 5.819194316864013672e-01 1.062327623367309570e-01 8.068405389785766602e-01 7.092542648315429688e-01 2.131258845329284668e-01
3.317586779594421387e-01 6.378459334373474121e-01 1.094135642051696777e-01 2.240707874298095703e-01 1.249607801437377930e-01 3.024673461914062500e-01
7.908089160919189453e-01 6.935554742813110352e-02 4.202019572257995605e-01 2.523524761199951172e-01 2.059143781661987305e-02 4.411685466766357422e-02
4.642559885978698730e-01 8.855777382850646973e-01 1.430982947349548340e-01 3.503952622413635254e-01 1.624807715415954590e-01 1.183055043220520020e-01
5.146980285644531250e-01 8.573305010795593262e-01 6.366163492202758789e-02 1.333838701248168945e-01 5.086609125137329102e-01 3.828082680702209473e-01
2.757698297500610352e-01 8.976593017578125000e-01 4.355887174606323242e-01 4.149565100669860840e-01 2.269725799560546875e-01 1.612804532051086426e-01
1.489636301994323730e-01 2.043304443359375000e-01 2.974045872688293457e-01 9.996771812438964844e-03 2.702208757400512695e-01 1.905460953712463379e-01
4.984382390975952148e-01 9.131407141685485840e-01 4.070904850959777832e-01 7.128304243087768555e-01 6.057012081146240234e-02 5.937162637710571289e-01
2.557873129844665527e-01 1.546558737754821777e-01 8.004872798919677734e-01 1.330171227455139160e-01 5.409680008888244629e-01 9.572306275367736816e-01
6.796002388000488281e-03 9.171030521392822266e-01 6.259097456932067871e-01 3.976703882217407227e-01 6.965011358261108398e-01 7.152211070060729980e-01
7.334231734275817871e-01 4.857388138771057129e-01 3.106049299240112305e-01 5.622832179069519043e-01 5.300169587135314941e-01 6.976125240325927734e-01
8.906850218772888184e-01 9.747910499572753906e-01 5.096252560615539551e-01 7.154506444931030273e-02 6.961720585823059082e-01 5.841031670570373535e-01
5.103834867477416992e-01 1.993756294250488281e-01 4.619950056076049805e-01 2.848708033561706543e-01 4.807092547416687012e-01 6.584503054618835449e-01
2.396869659423828125e-02 8.051548004150390625e-01 7.070499658584594727e-01 5.321791768074035645e-01 7.092669606208801270e-01 5.697517991065979004e-01
4.100012183189392090e-01 4.853447079658508301e-01 9.837045073509216309e-01 6.796559095382690430e-01 2.686932086944580078e-01 5.898617506027221680e-01
6.689247488975524902e-01 8.813747167587280273e-01 2.131485342979431152e-01 7.883939146995544434e-01 3.385705351829528809e-01 6.752008795738220215e-01
7.875427007675170898e-01 1.950722932815551758e-02 5.813009738922119141e-01 1.546171903610229492e-01 7.777363061904907227e-02 5.397078990936279297e-01
1.079678535461425781e-02 3.594281077384948730e-01 2.751846909523010254e-01 8.334851264953613281e-01 2.993060350418090820e-01 1.782577037811279297e-01
8.144556879997253418e-01 4.440038204193115234e-01 9.606728553771972656e-01 2.848829627037048340e-01 4.603007435798645020e-01 1.228310465812683105e-01
3.059569597244262695e-01 7.078851461410522461e-01 1.011245250701904297e-01 3.332546353340148926e-01 4.422238469123840332e-01 9.626843929290771484e-01
8.675495386123657227e-01 8.087393641471862793e-01 1.633810400962829590e-01 1.561604738235473633e-01 6.220234036445617676e-01 4.567633271217346191e-01
4.549404978752136230e-01 1.765621304512023926e-01 9.205155372619628906e-01 5.507547855377197266e-01 8.486962914466857910e-01 5.661537051200866699e-01
1.867569088935852051e-01 4.586504101753234863e-01 6.319234967231750488e-01 8.417190909385681152e-01 2.736335992813110352e-01 9.707004427909851074e-01
1.975226402282714844e-02 2.907752394676208496e-01 9.090705513954162598e-01 7.027627229690551758e-01 5.555182099342346191e-01 6.585416197776794434e-01
