-1.067611707109070052e+00
-1.019343806752004866e+00
-9.625674499788475780e-01
-9.559873844793489450e-01
-2.081540714226319366e+00
-2.084746739919294711e+00
-1.672649855362868143e+00
-1.938879171578973715e+00
-1.706703250149325557e+00
-1.774257918344327667e+00
-1.823706350989073854e+00
-1.513598043850363783e+00
-1.476279997286122248e+00
-2.073948749213013087e+00
-2.005170106237231575e+00
-1.247118264824896183e+00
-1.915176203994692239e+00
-1.404835766216411042e+00
-1.917448689318763000e+00
-2.107995730920956490e+00
-2.110524815398113319e+00
-2.140690588405534722e+00
-2.146935337133543786e+00
-2.140558323222466530e+00
-2.122534700582504819e+00
-2.122526086201709905e+00
-2.079244861700797475e+00
-2.070295668606848771e+00
-2.069979185363469920e+00
-2.073633843465311877e+00
-2.074945042396750150e+00
-2.072694509177803734e+00
-2.077479602632155586e+00
-2.134715567203691045e+00
-2.124641824932793632e+00
-2.130166843628476858e+00
-2.129955295299605922e+00
-2.151051665269119173e+00
-2.150611755319010054e+00
-2.150475460976813746e+00
-2.150519469494330593e+00
-2.148750094925540921e+00
-2.149710285484414563e+00
-2.149736690399613348e+00
-2.149658554107460429e+00
-2.149673068304886137e+00
-2.149689611068116513e+00
-2.149673852571802435e+00
-2.149679828952762328e+00
-2.149660168055329112e+00
