1.237909197807312012e-01 7.917549610137939453e-01 5.611290931701660156e-01 6.804531812667846680e-02 1.886525154113769531e-01 1.990672349929809570e-01
4.208729863166809082e-01 9.926211833953857422e-01 6.172939538955688477e-01 4.893340468406677246e-01 5.354616641998291016e-01 3.194792270660400391e-01
7.881501913070678711e-01 7.570194005966186523e-01 4.083212018013000488e-01 7.149521708488464355e-01 2.995921373367309570e-01 9.864031672477722168e-01
6.841220855712890625e-01 5.214112997055053711e-01 6.735281348228454590e-01 2.899232506752014160e-01 8.525289893150329590e-01 3.841321468353271484e-01
7.804875373840332031e-01 3.874957561492919922e-02 9.027615189552307129e-01 1.700055003166198730e-01 9.305471777915954590e-01 5.642333030700683594e-01
3.989808559417724609e-01 5.771782398223876953e-01 3.368684649467468262e-01 9.871779680252075195e-01 7.950760722160339355e-01 6.689956188201904297e-01
4.724824428558349609e-01 8.343825340270996094e-01 4.103014469146728516e-01 1.577510833740234375e-01 2.648277282714843750e-01 4.688342809677124023e-01
5.017738342285156250e-01 4.721931815147399902e-01 1.737436652183532715e-01 1.156857609748840332e-01 8.689631819725036621e-01 1.741217970848083496e-01
6.665315032005310059e-01 4.119815230369567871e-01 4.871022105216979980e-01 9.084600806236267090e-01 3.676571846008300781e-01 2.370879054069519043e-01
3.005689382553100586e-01 4.712834358215332031e-01 7.359302043914794922e-02 2.344302535057067871e-01 2.184227705001831055e-01 8.272713422775268555e-01
0.000000000000000000e+00 1.000000000000000000e+00 0.000000000000000000e+00 1.000000000000000000e+00 0.000000000000000000e+00 0.000000000000000000e+00
0.000000000000000000e+00 1.000000000000000000e+00 1.000000000000000000e+00 1.000000000000000000e+00 0.000000000000000000e+00 4.659363795495045091e-01
5.672719858754833311e-01 1.000000000000000000e+00 1.000000000000000000e+00 0.000000000000000000e+00 1.925840505676294431e-02 0.000000000000000000e+00
0.000000000000000000e+00 1.000000000000000000e+00 1.000000000000000000e+00 0.000000000000000000e+00 1.662740886595420464e-01 2.882025152920956179e-01
3.110848108535200773e-01 1.000000000000000000e+00 7.963918032453488616e-01 1.000000000000000000e+00 0.000000000000000000e+00 0.000000000000000000e+00
0.000000000000000000e+00 8.181461869041836699e-02 8.544036093588888159e-01 1.000000000000000000e+00 0.000000000000000000e+00 0.000000000000000000e+00
3.108294834114956884e-01 1.000000000000000000e+00 7.002942594595724657e-01 9.797860314206465748e-01 0.000000000000000000e+00 1.808435653120773201e-01
2.271269910107870382e-01 1.000000000000000000e+00 1.000000000000000000e+00 8.575662585617698230e-01 7.262882869220214921e-02 0.000000000000000000e+00
1.000000000000000000e+00 1.000000000000000000e+00 3.454019395275738646e-01 0.000000000000000000e+00 0.000000000000000000e+00 0.000000000000000000e+00
1.000000000000000000e+00 1.000000000000000000e+00 1.000000000000000000e+00 1.000000000000000000e+00 0.000000000000000000e+00 0.000000000000000000e+00
6.433183361660761712e-02 1.000000000000000000e+00 4.153882193445336823e-01 0.000000000000000000e+00 0.000000000000000000e+00 0.000000000000000000e+00
0.000000000000000000e+00 1.000000000000000000e+00 7.732346153493739882e-01 1.000000000000000000e+00 1.191573624014587718e-01 0.000000000000000000e+00
1.000000000000000000e+00 2.695614491930029000e-01 0.000000000000000000e+00 0.000000000000000000e+00 0.000000000000000000e+00 0.000000000000000000e+00
1.000000000000000000e+00 1.000000000000000000e+00 5.749363590729623663e-01 0.000000000000000000e+00 8.212495435445868464e-02 0.000000000000000000e+00
0.000000000000000000e+00 1.000000000000000000e+00 5.479735037327884140e-01 1.000000000000000000e+00 2.294336791170082657e-01 0.000000000000000000e+00
9.571194135193613617e-01 8.763399193383895058e-01 0.000000000000000000e+00 1.107071017647620337e-01 0.000000000000000000e+00 0.000000000000000000e+00
0.000000000000000000e+00 6.092183920165381572e-01 1.000000000000000000e+00 0.000000000000000000e+00 0.000000000000000000e+00 0.000000000000000000e+00
0.000000000000000000e+00 2.236771198448341824e-01 0.000000000000000000e+00 1.000000000000000000e+00 0.000000000000000000e+00 1.000000000000000000e+00
0.000000000000000000e+00 8.991149267286653313e-01 1.000000000000000000e+00 1.000000000000000000e+00 0.000000000000000000e+00 0.000000000000000000e+00
1.000000000000000000e+00 1.000000000000000000e+00 2.163949927323731703e-01 7.364275969728329985e-01 0.000000000000000000e+00 0.000000000000000000e+00
0.000000000000000000e+00 1.000000000000000000e+00 7.972510785422761703e-01 1.000000000000000000e+00 3.352772261014820843e-01 0.000000000000000000e+00
1.495006859523715925e-01 1.000000000000000000e+00 8.102749126546543446e-01 1.000000000000000000e+00 2.160038604679272167e-01 0.000000000000000000e+00
0.000000000000000000e+00 6.130323071453256389e-01 2.388285299633710057e-01 0.000000000000000000e+00 0.000000000000000000e+00 0.000000000000000000e+00
0.000000000000000000e+00 1.000000000000000000e+00 7.767717510141072257e-01 1.000000000000000000e+00 2.368391017593996506e-01 0.000000000000000000e+00
1.000000000000000000e+00 4.468818275417553720e-01 1.000000000000000000e+00 1.000000000000000000e+00 0.000000000000000000e+00 1.000000000000000000e+00
5.535834820722721483e-01 1.000000000000000000e+00 2.258655754109133162e-01 0.000000000000000000e+00 0.000000000000000000e+00 0.000000000000000000e+00
0.000000000000000000e+00 0.000000000000000000e+00 3.733966750480362529e-01 0.000000000000000000e+00 0.000000000000000000e+00 1.000000000000000000e+00
0.000000000000000000e+00 1.000000000000000000e+00 0.000000000000000000e+00 1.000000000000000000e+00 1.000000000000000000e+00 0.000000000000000000e+00
1.000000000000000000e+00 1.000000000000000000e+00 0.000000000000000000e+00 0.000000000000000000e+00 0.000000000000000000e+00 1.000000000000000000e+00
0.000000000000000000e+00 0.000000000000000000e+00 4.452194691549618555e-01 0.000000000000000000e+00 0.000000000000000000e+00 0.000000000000000000e+00
0.000000000000000000e+00 1.000000000000000000e+00 1.000000000000000000e+00 1.000000000000000000e+00 6.731062413374468978e-01 1.000000000000000000e+00
0.000000000000000000e+00 1.000000000000000000e+00 4.530158167034261107e-01 0.000000000000000000e+00 3.582208028422323998e-01 0.000000000000000000e+00
0.000000000000000000e+00 1.000000000000000000e+00 7.511673072653126670e-01 1.000000000000000000e+00 2.638983447111685199e-01 0.000000000000000000e+00
0.000000000000000000e+00 1.000000000000000000e+00 8.225703020099595086e-01 1.000000000000000000e+00 0.000000000000000000e+00 1.000000000000000000e+00
4.899658132352597839e-01 1.000000000000000000e+00 8.570647376007091145e-01 1.000000000000000000e+00 0.000000000000000000e+00 1.000000000000000000e+00
0.000000000000000000e+00 1.000000000000000000e+00 7.150753630423546392e-01 1.000000000000000000e+00 0.000000000000000000e+00 1.000000000000000000e+00
0.000000000000000000e+00 1.000000000000000000e+00 8.546690303518508225e-01 1.000000000000000000e+00 1.424043348519083152e-01 0.000000000000000000e+00
0.000000000000000000e+00 1.000000000000000000e+00 7.080638592799202158e-01 0.000000000000000000e+00 0.000000000000000000e+00 1.000000000000000000e+00
0.000000000000000000e+00 7.379641035659445514e-01 7.668944939421740159e-01 1.000000000000000000e+00 0.000000000000000000e+00 1.000000000000000000e+00
0.000000000000000000e+00 1.000000000000000000e+00 2.470772093122150237e-01 0.000000000000000000e+00 0.000000000000000000e+00 1.000000000000000000e+00
0.000000000000000000e+00 1.000000000000000000e+00 7.460289857637940614e-01 1.000000000000000000e+00 1.582795743374372233e-01 1.000000000000000000e+00
0.000000000000000000e+00 1.000000000000000000e+00 8.266582861845401808e-01 1.000000000000000000e+00 2.188513032887743071e-01 0.000000000000000000e+00
1.000000000000000000e+00 6.132811299619522760e-01 3.980728212110088426e-01 0.000000000000000000e+00 0.000000000000000000e+00 0.000000000000000000e+00
1.000000000000000000e+00 1.000000000000000000e+00 3.400358591565887378e-01 0.000000000000000000e+00 2.393873665972250653e-01 0.000000000000000000e+00
0.000000000000000000e+00 1.000000000000000000e+00 4.563225316315567270e-01 1.000000000000000000e+00 0.000000000000000000e+00 6.316402368439250070e-01
0.000000000000000000e+00 1.000000000000000000e+00 0.000000000000000000e+00 0.000000000000000000e+00 1.000000000000000000e+00 1.000000000000000000e+00
0.000000000000000000e+00 1.000000000000000000e+00 1.000000000000000000e+00 0.000000000000000000e+00 1.000000000000000000e+00 0.000000000000000000e+00
0.000000000000000000e+00 0.000000000000000000e+00 1.000000000000000000e+00 1.000000000000000000e+00 1.000000000000000000e+00 0.000000000000000000e+00
0.000000000000000000e+00 1.000000000000000000e+00 0.000000000000000000e+00 0.000000000000000000e+00 0.000000000000000000e+00 4.059991088056189579e-01
1.000000000000000000e+00 0.000000000000000000e+00 1.000000000000000000e+00 1.000000000000000000e+00 0.000000000000000000e+00 0.000000000000000000e+00
