9.007317423820495605e-01 9.377982020378112793e-01 3.362264633178710938e-01 2.628041505813598633e-01
0.000000000000000000e+00 9.539008387458776106e-01 0.000000000000000000e+00 3.382129163265362726e-01
0.000000000000000000e+00 9.539008387458776106e-01 0.000000000000000000e+00 3.382129163265362726e-01
0.000000000000000000e+00 9.921506607696635172e-01 7.729569169549424350e-03 8.830618947233357385e-01
0.000000000000000000e+00 9.952830911146806070e-01 1.637701137445959432e-03 1.000000000000000000e+00
0.000000000000000000e+00 9.952830911146806070e-01 1.637701137445959432e-03 1.000000000000000000e+00
6.272350995178609112e-02 1.000000000000000000e+00 4.264535500356343017e-03 1.000000000000000000e+00
6.272350995178609112e-02 1.000000000000000000e+00 4.264535500356343017e-03 1.000000000000000000e+00
6.272350995178609112e-02 1.000000000000000000e+00 4.264535500356343017e-03 1.000000000000000000e+00
6.272350995178609112e-02 1.000000000000000000e+00 4.264535500356343017e-03 1.000000000000000000e+00
6.272350995178609112e-02 1.000000000000000000e+00 4.264535500356343017e-03 1.000000000000000000e+00
6.272350995178609112e-02 1.000000000000000000e+00 4.264535500356343017e-03 1.000000000000000000e+00
6.272350995178609112e-02 1.000000000000000000e+00 4.264535500356343017e-03 1.000000000000000000e+00
6.272350995178609112e-02 1.000000000000000000e+00 4.264535500356343017e-03 1.000000000000000000e+00
6.272350995178609112e-02 1.000000000000000000e+00 4.264535500356343017e-03 1.000000000000000000e+00
6.272350995178609112e-02 1.000000000000000000e+00 4.264535500356343017e-03 1.000000000000000000e+00
6.272350995178609112e-02 1.000000000000000000e+00 4.264535500356343017e-03 1.000000000000000000e+00
6.272350995178609112e-02 1.000000000000000000e+00 4.264535500356343017e-03 1.000000000000000000e+00
6.272350995178609112e-02 1.000000000000000000e+00 4.264535500356343017e-03 1.000000000000000000e+00
6.272350995178609112e-02 1.000000000000000000e+00 4.264535500356343017e-03 1.000000000000000000e+00
6.272350995178609112e-02 1.000000000000000000e+00 4.264535500356343017e-03 1.000000000000000000e+00
6.272350995178609112e-02 1.000000000000000000e+00 4.264535500356343017e-03 1.000000000000000000e+00
6.272350995178609112e-02 1.000000000000000000e+00 4.264535500356343017e-03 1.000000000000000000e+00
6.272350995178609112e-02 1.000000000000000000e+00 4.264535500356343017e-03 1.000000000000000000e+00
6.272350995178609112e-02 1.000000000000000000e+00 4.264535500356343017e-03 1.000000000000000000e+00
6.272350995178609112e-02 1.000000000000000000e+00 4.264535500356343017e-03 1.000000000000000000e+00
6.272350995178609112e-02 1.000000000000000000e+00 4.264535500356343017e-03 1.000000000000000000e+00
6.272350995178609112e-02 1.000000000000000000e+00 4.264535500356343017e-03 1.000000000000000000e+00
6.272350995178609112e-02 1.000000000000000000e+00 4.264535500356343017e-03 1.000000000000000000e+00
6.272350995178609112e-02 1.000000000000000000e+00 4.264535500356343017e-03 1.000000000000000000e+00
6.272350995178609112e-02 1.000000000000000000e+00 4.264535500356343017e-03 1.000000000000000000e+00
6.272350995178609112e-02 1.000000000000000000e+00 4.264535500356343017e-03 1.000000000000000000e+00
6.272350995178609112e-02 1.000000000000000000e+00 4.264535500356343017e-03 1.000000000000000000e+00
6.272350995178609112e-02 1.000000000000000000e+00 4.264535500356343017e-03 1.000000000000000000e+00
6.272350995178609112e-02 1.000000000000000000e+00 4.264535500356343017e-03 1.000000000000000000e+00
6.272350995178609112e-02 1.000000000000000000e+00 4.264535500356343017e-03 1.000000000000000000e+00
6.272350995178609112e-02 1.000000000000000000e+00 4.264535500356343017e-03 1.000000000000000000e+00
6.272350995178609112e-02 1.000000000000000000e+00 4.264535500356343017e-03 1.000000000000000000e+00
6.272350995178609112e-02 1.000000000000000000e+00 4.264535500356343017e-03 1.000000000000000000e+00
6.272350995178609112e-02 1.000000000000000000e+00 4.264535500356343017e-03 1.000000000000000000e+00
6.272350995178609112e-02 1.000000000000000000e+00 4.264535500356343017e-03 1.000000000000000000e+00
6.272350995178609112e-02 1.000000000000000000e+00 4.264535500356343017e-03 1.000000000000000000e+00
6.272350995178609112e-02 1.000000000000000000e+00 4.264535500356343017e-03 1.000000000000000000e+00
6.272350995178609112e-02 1.000000000000000000e+00 4.264535500356343017e-03 1.000000000000000000e+00
6.272350995178609112e-02 1.000000000000000000e+00 4.264535500356343017e-03 1.000000000000000000e+00
6.272350995178609112e-02 1.000000000000000000e+00 4.264535500356343017e-03 1.000000000000000000e+00
6.272350995178609112e-02 1.000000000000000000e+00 4.264535500356343017e-03 1.000000000000000000e+00
6.272350995178609112e-02 1.000000000000000000e+00 4.264535500356343017e-03 1.000000000000000000e+00
6.272350995178609112e-02 1.000000000000000000e+00 4.264535500356343017e-03 1.000000000000000000e+00
6.272350995178609112e-02 1.000000000000000000e+00 4.264535500356343017e-03 1.000000000000000000e+00
