5.899763107299804688e-01 2.696217298507690430e-01 2.627294659614562988e-01 4.534074068069458008e-01
0.000000000000000000e+00 0.000000000000000000e+00 0.000000000000000000e+00 4.533472657203674316e-01
0.000000000000000000e+00 0.000000000000000000e+00 0.000000000000000000e+00 4.533472657203674316e-01
0.000000000000000000e+00 0.000000000000000000e+00 0.000000000000000000e+00 4.533472657203674316e-01
0.000000000000000000e+00 0.000000000000000000e+00 0.000000000000000000e+00 4.533472657203674316e-01
0.000000000000000000e+00 2.720254659652709961e-01 0.000000000000000000e+00 4.699488878250122070e-01
0.000000000000000000e+00 1.000000000000000000e+00 0.000000000000000000e+00 1.000000000000000000e+00
0.000000000000000000e+00 1.000000000000000000e+00 0.000000000000000000e+00 1.000000000000000000e+00
0.000000000000000000e+00 1.000000000000000000e+00 0.000000000000000000e+00 1.000000000000000000e+00
0.000000000000000000e+00 1.000000000000000000e+00 0.000000000000000000e+00 1.000000000000000000e+00
0.000000000000000000e+00 1.000000000000000000e+00 0.000000000000000000e+00 1.000000000000000000e+00
0.000000000000000000e+00 1.560733765363693237e-01 3.238965570926666260e-01 4.945833981037139893e-01
0.000000000000000000e+00 5.585697665810585022e-02 3.815543651580810547e-01 4.700845479965209961e-01
0.000000000000000000e+00 0.000000000000000000e+00 4.803187847137451172e-01 3.861402571201324463e-01
0.000000000000000000e+00 0.000000000000000000e+00 5.100548863410949707e-01 2.817237079143524170e-01
0.000000000000000000e+00 0.000000000000000000e+00 5.100548863410949707e-01 2.817237079143524170e-01
0.000000000000000000e+00 0.000000000000000000e+00 5.100548863410949707e-01 2.817237079143524170e-01
0.000000000000000000e+00 0.000000000000000000e+00 5.100548863410949707e-01 2.817237079143524170e-01
0.000000000000000000e+00 0.000000000000000000e+00 5.100548863410949707e-01 2.817237079143524170e-01
0.000000000000000000e+00 0.000000000000000000e+00 4.985526502132415771e-01 5.636322125792503357e-02
0.000000000000000000e+00 0.000000000000000000e+00 4.985526502132415771e-01 5.636322125792503357e-02
0.000000000000000000e+00 0.000000000000000000e+00 4.251912236213684082e-01 7.175563275814056396e-02
0.000000000000000000e+00 0.000000000000000000e+00 4.251912236213684082e-01 7.175563275814056396e-02
0.000000000000000000e+00 0.000000000000000000e+00 4.251912236213684082e-01 7.175563275814056396e-02
0.000000000000000000e+00 0.000000000000000000e+00 4.251912236213684082e-01 7.175563275814056396e-02
0.000000000000000000e+00 0.000000000000000000e+00 4.251912236213684082e-01 7.175563275814056396e-02
0.000000000000000000e+00 0.000000000000000000e+00 3.924899697303771973e-01 1.229771450161933899e-01
0.000000000000000000e+00 0.000000000000000000e+00 3.924899697303771973e-01 1.229771450161933899e-01
0.000000000000000000e+00 0.000000000000000000e+00 3.924899697303771973e-01 1.229771450161933899e-01
0.000000000000000000e+00 0.000000000000000000e+00 3.924899697303771973e-01 1.229771450161933899e-01
0.000000000000000000e+00 0.000000000000000000e+00 3.924899697303771973e-01 1.229771450161933899e-01
0.000000000000000000e+00 0.000000000000000000e+00 4.024617075920104980e-01 1.183411031961441040e-01
0.000000000000000000e+00 0.000000000000000000e+00 4.024617075920104980e-01 1.183411031961441040e-01
0.000000000000000000e+00 0.000000000000000000e+00 4.024617075920104980e-01 1.183411031961441040e-01
0.000000000000000000e+00 0.000000000000000000e+00 4.024617075920104980e-01 1.183411031961441040e-01
0.000000000000000000e+00 0.000000000000000000e+00 4.024617075920104980e-01 1.183411031961441040e-01
0.000000000000000000e+00 0.000000000000000000e+00 4.024617075920104980e-01 1.183411031961441040e-01
0.000000000000000000e+00 0.000000000000000000e+00 4.024617075920104980e-01 1.183411031961441040e-01
0.000000000000000000e+00 0.000000000000000000e+00 4.024617075920104980e-01 1.183411031961441040e-01
0.000000000000000000e+00 0.000000000000000000e+00 4.024617075920104980e-01 1.183411031961441040e-01
0.000000000000000000e+00 0.000000000000000000e+00 4.024617075920104980e-01 1.183411031961441040e-01
0.000000000000000000e+00 0.000000000000000000e+00 4.024617075920104980e-01 1.183411031961441040e-01
0.000000000000000000e+00 0.000000000000000000e+00 4.024617075920104980e-01 1.183411031961441040e-01
0.000000000000000000e+00 0.000000000000000000e+00 4.024617075920104980e-01 1.183411031961441040e-01
0.000000000000000000e+00 0.000000000000000000e+00 4.024617075920104980e-01 1.183411031961441040e-01
0.000000000000000000e+00 0.000000000000000000e+00 4.024617075920104980e-01 1.183411031961441040e-01
0.000000000000000000e+00 0.000000000000000000e+00 4.024617075920104980e-01 1.183411031961441040e-01
0.000000000000000000e+00 0.000000000000000000e+00 4.024617075920104980e-01 1.183411031961441040e-01
0.000000000000000000e+00 0.000000000000000000e+00 4.024617075920104980e-01 1.183411031961441040e-01
0.000000000000000000e+00 0.000000000000000000e+00 4.024617075920104980e-01 1.183411031961441040e-01
0.000000000000000000e+00 0.000000000000000000e+00 4.024617075920104980e-01 1.183411031961441040e-01
0.000000000000000000e+00 0.000000000000000000e+00 4.024617075920104980e-01 1.183411031961441040e-01
0.000000000000000000e+00 0.000000000000000000e+00 4.024617075920104980e-01 1.183411031961441040e-01
0.000000000000000000e+00 0.000000000000000000e+00 4.024617075920104980e-01 1.183411031961441040e-01
0.000000000000000000e+00 0.000000000000000000e+00 4.024617075920104980e-01 1.183411031961441040e-01
0.000000000000000000e+00 0.000000000000000000e+00 4.024617075920104980e-01 1.183411031961441040e-01
0.000000000000000000e+00 0.000000000000000000e+00 4.024617075920104980e-01 1.183411031961441040e-01
0.000000000000000000e+00 0.000000000000000000e+00 4.024617075920104980e-01 1.183411031961441040e-01
0.000000000000000000e+00 0.000000000000000000e+00 4.024617075920104980e-01 1.183411031961441040e-01
0.000000000000000000e+00 0.000000000000000000e+00 4.024617075920104980e-01 1.183411031961441040e-01
0.000000000000000000e+00 0.000000000000000000e+00 4.024617075920104980e-01 1.183411031961441040e-01
0.000000000000000000e+00 0.000000000000000000e+00 4.024617075920104980e-01 1.183411031961441040e-01
0.000000000000000000e+00 0.000000000000000000e+00 4.024617075920104980e-01 1.183411031961441040e-01
0.000000000000000000e+00 0.000000000000000000e+00 4.024617075920104980e-01 1.183411031961441040e-01
0.000000000000000000e+00 0.000000000000000000e+00 4.024617075920104980e-01 1.183411031961441040e-01
0.000000000000000000e+00 0.000000000000000000e+00 4.024617075920104980e-01 1.183411031961441040e-01
0.000000000000000000e+00 0.000000000000000000e+00 4.024617075920104980e-01 1.183411031961441040e-01
0.000000000000000000e+00 0.000000000000000000e+00 4.024617075920104980e-01 1.183411031961441040e-01
0.000000000000000000e+00 0.000000000000000000e+00 4.024617075920104980e-01 1.183411031961441040e-01
0.000000000000000000e+00 0.000000000000000000e+00 4.024617075920104980e-01 1.183411031961441040e-01
0.000000000000000000e+00 0.000000000000000000e+00 4.024617075920104980e-01 1.183411031961441040e-01
0.000000000000000000e+00 0.000000000000000000e+00 4.024617075920104980e-01 1.183411031961441040e-01
0.000000000000000000e+00 0.000000000000000000e+00 4.024617075920104980e-01 1.183411031961441040e-01
0.000000000000000000e+00 0.000000000000000000e+00 4.024617075920104980e-01 1.183411031961441040e-01
0.000000000000000000e+00 0.000000000000000000e+00 4.024617075920104980e-01 1.183411031961441040e-01
0.000000000000000000e+00 0.000000000000000000e+00 4.024617075920104980e-01 1.183411031961441040e-01
0.000000000000000000e+00 0.000000000000000000e+00 4.024617075920104980e-01 1.183411031961441040e-01
0.000000000000000000e+00 0.000000000000000000e+00 4.024617075920104980e-01 1.183411031961441040e-01
0.000000000000000000e+00 0.000000000000000000e+00 4.024617075920104980e-01 1.183411031961441040e-01
0.000000000000000000e+00 0.000000000000000000e+00 4.024617075920104980e-01 1.183411031961441040e-01
0.000000000000000000e+00 0.000000000000000000e+00 4.024617075920104980e-01 1.183411031961441040e-01
0.000000000000000000e+00 0.000000000000000000e+00 4.024617075920104980e-01 1.183411031961441040e-01
0.000000000000000000e+00 0.000000000000000000e+00 4.024617075920104980e-01 1.183411031961441040e-01
0.000000000000000000e+00 0.000000000000000000e+00 4.024617075920104980e-01 1.183411031961441040e-01
0.000000000000000000e+00 0.000000000000000000e+00 4.024617075920104980e-01 1.183411031961441040e-01
0.000000000000000000e+00 0.000000000000000000e+00 4.024617075920104980e-01 1.183411031961441040e-01
0.000000000000000000e+00 0.000000000000000000e+00 4.024617075920104980e-01 1.183411031961441040e-01
0.000000000000000000e+00 0.000000000000000000e+00 4.024617075920104980e-01 1.183411031961441040e-01
0.000000000000000000e+00 0.000000000000000000e+00 4.024617075920104980e-01 1.183411031961441040e-01
0.000000000000000000e+00 0.000000000000000000e+00 4.024617075920104980e-01 1.183411031961441040e-01
0.000000000000000000e+00 0.000000000000000000e+00 4.024617075920104980e-01 1.183411031961441040e-01
0.000000000000000000e+00 0.000000000000000000e+00 4.024617075920104980e-01 1.183411031961441040e-01
0.000000000000000000e+00 0.000000000000000000e+00 4.024617075920104980e-01 1.183411031961441040e-01
0.000000000000000000e+00 0.000000000000000000e+00 4.024617075920104980e-01 1.183411031961441040e-01
0.000000000000000000e+00 0.000000000000000000e+00 4.024617075920104980e-01 1.183411031961441040e-01
0.000000000000000000e+00 0.000000000000000000e+00 4.024617075920104980e-01 1.183411031961441040e-01
0.000000000000000000e+00 0.000000000000000000e+00 4.024617075920104980e-01 1.183411031961441040e-01
0.000000000000000000e+00 0.000000000000000000e+00 4.024617075920104980e-01 1.183411031961441040e-01
0.000000000000000000e+00 0.000000000000000000e+00 4.024617075920104980e-01 1.183411031961441040e-01
0.000000000000000000e+00 0.000000000000000000e+00 4.024617075920104980e-01 1.183411031961441040e-01
