1.733018960832453326e+00
1.733018960832453326e+00
1.733018960832453326e+00
1.733018960832453326e+00
1.733018960832453326e+00
1.733018960832453326e+00
1.733018960832453326e+00
1.733018960832453326e+00
1.733018960832453326e+00
1.733018960832453326e+00
1.733018960832453326e+00
1.733018960832453326e+00
1.733018960832453326e+00
1.733018960832453326e+00
1.733018960832453326e+00
1.733018960832453326e+00
1.733018960832453326e+00
1.733018960832453326e+00
1.733018960832453326e+00
1.733018960832453326e+00
1.733018960832453326e+00
1.733018960832453326e+00
1.733018960832453326e+00
1.733018960832453326e+00
1.733018960832453326e+00
1.733018960832453326e+00
1.733018960832453326e+00
1.733018960832453326e+00
1.733018960832453326e+00
1.733018960832453326e+00
1.733018960832453326e+00
1.733018960832453326e+00
1.733018960832453326e+00
1.733018960832453326e+00
1.733018960832453326e+00
1.733018960832453326e+00
1.733018960832453326e+00
1.733018960832453326e+00
1.733018960832453326e+00
1.733018960832453326e+00
1.733018960832453326e+00
1.733018960832453326e+00
1.733018960832453326e+00
1.733018960832453326e+00
1.733018960832453326e+00
1.733018960832453326e+00
1.733018960832453326e+00
1.733018960832453326e+00
1.733018960832453326e+00
1.733018960832453326e+00
