-7.818501677955490281e-02
2.739548418350123415e-01
-3.753919875695275188e-01
6.964706711282747653e-02
7.922878257728215301e-01
-5.773658350026380504e-01
1.604884530018337307e-01
1.733018960832454214e+00
-1.803117496017449528e-01
4.580831171019371095e-01
2.092786007898204612e-02
5.748496644652539844e-01
4.582585629560706475e-01
7.944124974349435764e-01
1.344409958121188353e+00
4.381428689897692297e-01
4.669935518651984752e-01
-3.399779092370601719e-01
2.663197155507477931e-01
2.887106325274513621e-02
7.837024701402600657e-01
7.305867049416191472e-01
4.571377775683167499e-01
-6.440090085151473076e-01
3.886702571309987864e-01
9.656340358762428577e-01
4.839255055498410951e-01
-2.584383061629820788e-01
6.197154228204551085e-01
-3.044263634328756019e-02
-1.862025483848980811e-01
1.803909636040622044e-01
-2.440391724534820839e-01
7.344910595374464224e-01
7.586703664351449605e-01
4.516243065548852242e-01
-7.627038263920196681e-02
6.579488254412283466e-01
-1.774834019425940435e-01
-7.120177211981217058e-02
-5.677920658294434153e-01
9.675371416053086815e-01
1.568171726802576327e+00
-7.588912667334044015e-02
-5.067397498114066534e-02
2.119854836765820011e-02
2.231853132556970154e-01
2.925125909727062656e-01
8.028373386187939165e-01
5.631793006726096840e-01
1.273813434449097448e+00
-6.423219758608570418e-01
5.116877614519652617e-01
3.784779480990536626e-01
3.355275670516513764e-02
3.118621220885118284e-01
1.175985960241745787e-01
3.148007624588357034e-01
5.729796020045464511e-01
-1.545581949151401402e-01
5.814468859096125763e-01
8.445118786231151087e-02
2.155875910869088086e-01
-2.727640059841776599e-01
-4.755309773888087843e-01
-3.969042661346361967e-01
6.274287925560172452e-01
4.118169620828633359e-01
-7.475789750496273367e-01
-2.619950385737774279e-01
4.789307186323563670e-01
1.225002066245875765e-01
5.541089168149350153e-01
-7.818169996502570829e-01
3.003995400736383936e-01
5.448088878635289761e-02
3.519510608353441095e-01
6.662170207335177397e-01
-2.720610853633946280e-01
-1.403980891283288235e-01
-4.516797174157360373e-01
4.995108423507795825e-01
1.554445541885849380e-01
6.860246100694558091e-01
-2.907899472795077989e-02
5.877162923761930502e-01
6.568940375052739755e-01
3.283186676254389036e-02
1.648420368764625721e+00
7.974019082991857799e-01
4.919075220650775404e-01
1.025956743144135069e-01
9.650128078643712692e-01
-4.552695357490136319e-01
-5.941585454651714115e-02
-1.381435962124449301e-01
6.795212067762322616e-02
2.165053548300502617e-01
1.036522578516436921e+00
4.745584900416434104e-01
7.131828181138486489e-01
5.819381405291818021e-01
3.001623491650052822e-01
8.846103944382484041e-01
-8.032767282547712551e-01
3.928452610426362290e-01
3.971572113835343254e-01
5.261281567897841960e-01
1.837245390191066252e-01
1.719397339617417531e-01
