-1.002851733090841080e+00
-8.592720156193390801e-01
-6.902913814094223666e-01
-1.645804262516350702e+00
-7.126905559181679894e-01
-1.415838558526713697e+00
-1.083231763448909923e+00
-1.800001505327468720e+00
-1.299092704545772303e+00
-1.444707578837294948e+00
-6.608817029837708024e-01
-8.218288921944805203e-02
-1.395427153098745265e-01
-2.851395000948624969e-01
-1.113519337220143068e+00
-7.719517050963415894e-01
-4.157133611637486847e-02
-3.852051293556167932e-01
-1.205689803278067601e-01
-7.917001632160646230e-01
-1.824694246737027958e+00
-4.001318187419229400e-01
-4.156235690292561791e-01
-1.508325665188185782e+00
-4.036149119449938261e-01
-1.093932697444353508e+00
-8.232218272476558019e-01
-5.627296294825011591e-01
-5.716131006660251090e-01
-1.348907388290917941e+00
-1.175897385497353120e+00
-8.488140094443809014e-01
-1.769164910042166028e+00
-1.619899070044842349e+00
-3.498872885341698380e-01
-1.565370127136661349e+00
-1.052078424668907886e+00
-1.481388537970675712e+00
-8.004683918394531750e-01
-6.737882662184837557e-01
-1.306251191079232932e+00
-1.204815969340713222e+00
-1.842188733220432528e+00
-1.356185502539737575e+00
-1.300294040514956562e+00
-2.040618576577338805e-01
-1.300460910968825656e+00
-6.157264644055944203e-01
-1.698548526755346844e+00
-1.421545518242977035e+00
-7.900060251138562029e-01
-3.033178894482159160e-01
-2.372271398236313611e-01
-6.944497462899933415e-01
-6.046660951089729563e-01
-9.680303419874474180e-01
-1.468100816560725441e+00
-1.131457686869212775e+00
-1.521507575379864585e+00
-1.041147646991719800e+00
-1.075929695617858561e+00
-5.964904330497254881e-01
-6.190667751113266837e-01
-1.432107192000760421e+00
-1.813440275104126975e+00
-1.482069300465531203e+00
-6.852367809517834196e-01
-6.627150889833959280e-01
-8.904722751330527153e-01
-1.237080377112935503e+00
-4.994001507676528173e-01
-1.643224290334716953e+00
-1.827394474607238362e+00
-1.187445628288519517e+00
-1.239386034259523761e+00
-8.784856260150130103e-01
-1.475430796707779768e+00
-1.218454552620655384e+00
-1.053974812498736480e+00
-1.281090704101323308e+00
-6.248496439480802911e-01
-8.999979989569498739e-01
-1.143044586622776526e+00
-1.216402034249097097e+00
-1.359385434573299190e+00
-6.397827480835941438e-01
-8.592725286887404890e-01
-1.516397101638240708e+00
-1.022494717489113247e+00
-1.368863663992008650e+00
-1.674050553388150231e+00
-1.516292657156221413e+00
-5.743559518961197652e-01
-1.273116757694170653e+00
-7.340589113199207372e-01
-1.888155586211562875e+00
-1.735826491393602344e+00
-8.197398020517271400e-01
-4.659690803494789257e-01
-1.946308540591014768e+00
-1.374780898556184905e+00
-9.166544452126104137e-01
-4.495845657195755019e-01
-1.032640345930784020e+00
-1.393379961219024077e+00
-1.779758970849264044e+00
-8.089114336393176119e-01
-8.896416861341582827e-01
-1.599677173968397925e+00
-1.214024718224086863e+00
