1.176097414398124652e+00
1.349883788427024500e+00
1.618936102857398085e+00
1.379783613924098207e+00
1.796629665990657543e+00
1.788099818488535941e+00
2.008656464080491144e+00
2.008433210902894839e+00
2.025938025314887092e+00
2.026342919775789397e+00
2.018353978095014600e+00
2.030590947058314555e+00
2.030853453402935660e+00
2.034351312233648290e+00
2.033688213302319969e+00
2.033666768614064146e+00
2.033647164065909063e+00
2.033890489022633030e+00
2.033896811790341985e+00
2.034222525762686917e+00
2.034133220479891424e+00
2.034237886369511195e+00
2.034388400480211967e+00
2.034408995957957433e+00
2.034497355269778041e+00
2.034522046962752739e+00
2.034346662642902981e+00
2.034320687897657187e+00
2.034358935859002404e+00
2.034354814636703868e+00
2.034361756369026608e+00
2.034368586464794681e+00
2.034402255698123163e+00
2.034409749044233884e+00
2.034416976738220750e+00
2.034417319976235650e+00
2.034420561661489213e+00
2.034403061724674000e+00
2.034401945331468120e+00
2.034569900777053686e+00
2.034443659531461890e+00
2.034396585837587867e+00
2.034376628386794561e+00
2.034375837467674142e+00
2.034366685075544190e+00
2.034894404224911746e+00
2.034618213683708987e+00
2.034683435810562546e+00
2.034884891419317388e+00
2.034711903783588127e+00
