1.178032608152173699e+00
1.383260465668687100e+00
1.817634140717985680e+00
1.817634140717985680e+00
1.937834935603213626e+00
1.937834935603213626e+00
1.937834935603213626e+00
1.937834935603213626e+00
1.937834935603213626e+00
1.937834935603213626e+00
1.937834935603213626e+00
1.937834935603213626e+00
1.944533933105808909e+00
1.944533933105808909e+00
1.944533933105808909e+00
1.944533933105808909e+00
1.944533933105808909e+00
1.944533933105808909e+00
1.944533933105808909e+00
1.944533933105808909e+00
1.944533933105808909e+00
1.944533933105808909e+00
1.944533933105808909e+00
1.944533933105808909e+00
1.944533933105808909e+00
1.944533933105808909e+00
1.944533933105808909e+00
1.944533933105808909e+00
1.944533933105808909e+00
1.944533933105808909e+00
1.944533933105808909e+00
1.944533933105808909e+00
1.944533933105808909e+00
1.944533933105808909e+00
2.009482602407536955e+00
2.009482602407536955e+00
2.009482602407536955e+00
2.009482602407536955e+00
2.009482602407536955e+00
2.009482602407536955e+00
2.009482602407536955e+00
2.009482602407536955e+00
2.009482602407536955e+00
2.010861012379011825e+00
2.010861012379011825e+00
2.010861012379011825e+00
2.010861012379011825e+00
2.010861012379011825e+00
2.010861012379011825e+00
2.010861012379011825e+00
2.010861012379011825e+00
2.010861012379011825e+00
2.010861012379011825e+00
2.010861012379011825e+00
2.010861012379011825e+00
2.010861012379011825e+00
2.010861012379011825e+00
2.010861012379011825e+00
2.010861012379011825e+00
2.010861012379011825e+00
2.010861012379011825e+00
2.010861012379011825e+00
2.010861012379011825e+00
2.026653209916036147e+00
2.026653209916036147e+00
2.026653209916036147e+00
2.026653209916036147e+00
2.026653209916036147e+00
2.026653209916036147e+00
2.026653209916036147e+00
2.026653209916036147e+00
2.026653209916036147e+00
2.026653209916036147e+00
2.026653209916036147e+00
2.026653209916036147e+00
2.026653209916036147e+00
2.026653209916036147e+00
2.026653209916036147e+00
2.026653209916036147e+00
2.026653209916036147e+00
2.026653209916036147e+00
2.026653209916036147e+00
2.026653209916036147e+00
2.026653209916036147e+00
2.026653209916036147e+00
2.026653209916036147e+00
2.026653209916036147e+00
2.026653209916036147e+00
2.026653209916036147e+00
2.026653209916036147e+00
2.026653209916036147e+00
2.026653209916036147e+00
2.026653209916036147e+00
2.026653209916036147e+00
2.026653209916036147e+00
2.026653209916036147e+00
2.026653209916036147e+00
2.026653209916036147e+00
2.026653209916036147e+00
2.026653209916036147e+00
