7.623988796145240165e-01
7.677709336631729498e-01
7.547400809589042137e-01
8.014640999462039339e-01
7.995516152984470937e-01
8.016082233760446485e-01
7.969260423466334453e-01
8.090904847148875367e-01
1.381256910119184722e+00
1.806018424910729614e+00
1.821164045392615005e+00
1.864428696517021145e+00
1.850924599612066679e+00
7.473679601048430765e-01
1.005048768018566685e+00
1.924755361103160034e+00
5.975580223963362636e-01
5.978408819231640914e-01
6.001353254290260342e-01
1.557959614712595808e+00
1.647747768478357022e+00
1.640072106911427463e+00
1.548373016898420662e+00
1.522744910722246381e+00
1.536067991504695529e+00
1.735654809725726055e+00
1.709414731662308284e+00
1.678469895129631073e+00
1.795267350692753228e+00
1.950079475843551347e+00
1.953344094500556016e+00
1.926693613032191887e+00
1.928459794599181931e+00
1.943163054199591233e+00
1.943831262707011120e+00
1.950984204706189384e+00
1.952027033252019095e+00
1.942457159625077256e+00
1.952327473539734237e+00
1.953558126797607652e+00
1.951115039084550418e+00
1.954026143409402838e+00
1.953971953364366465e+00
1.953626871259769082e+00
1.955130827916076175e+00
1.955119022391921035e+00
1.870897715425309915e+00
1.896796729713994933e+00
1.882755333424854793e+00
1.877994740005584084e+00
1.902206370211383391e+00
1.954649488813787084e+00
1.954364486662108602e+00
1.955647329205045803e+00
1.955227701782762395e+00
1.955180390653789235e+00
1.944973701966763002e+00
1.799703718367160477e+00
1.799691674651166862e+00
1.799680669267245570e+00
1.799570386725224402e+00
1.799675424103903243e+00
1.799658399228857286e+00
1.799538484471360666e+00
1.927884621869370818e+00
1.937157663435299160e+00
1.930123014371327272e+00
1.928747160308548647e+00
1.928607881390342893e+00
1.930638222394870596e+00
1.937906309300533758e+00
1.936357011321813149e+00
1.937574348009873937e+00
1.944182992052174264e+00
1.943859810857972104e+00
1.944340058916824709e+00
1.945014687939410791e+00
1.939176179711861625e+00
1.936696839377022084e+00
1.936559957559937040e+00
1.937288888971097300e+00
1.938889908330263534e+00
1.938561677470691746e+00
1.938434296266856594e+00
1.937255560671867327e+00
1.936918449441459078e+00
1.937161763202039255e+00
1.937273103542284103e+00
1.941616657248763644e+00
1.942203659078302724e+00
1.947322127328647401e+00
1.947107415428116051e+00
1.947576527182475203e+00
1.948035846808809035e+00
1.949161888106299090e+00
1.949082289871793217e+00
1.947216325986552921e+00
1.943375736701461465e+00
1.944294440580123684e+00
1.944247082318427688e+00
