9.509876997485808836e-01 1.000000000000000000e+00 0.000000000000000000e+00 2.533934385009766199e-01
8.044265659563716309e-01 1.000000000000000000e+00 0.000000000000000000e+00 2.417382281760281637e-01
7.143417057279140003e-01 1.000000000000000000e+00 0.000000000000000000e+00 1.310039822265457454e-02
7.004979606651535740e-01 1.000000000000000000e+00 0.000000000000000000e+00 0.000000000000000000e+00
7.226674811111554186e-01 1.000000000000000000e+00 0.000000000000000000e+00 0.000000000000000000e+00
7.091286555151777860e-01 1.000000000000000000e+00 1.084473382291689658e-01 0.000000000000000000e+00
7.046747407113195250e-01 1.000000000000000000e+00 0.000000000000000000e+00 1.020240692254151737e-03
6.362936946494397450e-01 1.000000000000000000e+00 0.000000000000000000e+00 1.752572420638005279e-01
6.619952110360068920e-01 1.000000000000000000e+00 0.000000000000000000e+00 1.247620570497592757e-01
6.508977933964724683e-01 1.000000000000000000e+00 0.000000000000000000e+00 1.233468502450730947e-01
6.664721848586407926e-01 1.000000000000000000e+00 1.811634793480583136e-02 1.206194358776988690e-01
6.660759464790330098e-01 1.000000000000000000e+00 3.013738306202795245e-02 1.107797441573934727e-01
6.735993450317562248e-01 1.000000000000000000e+00 8.378505493735108334e-02 1.086889876376591485e-01
6.739766590898348397e-01 1.000000000000000000e+00 8.970280629216619006e-02 1.102409759348186302e-01
6.762864514576681918e-01 1.000000000000000000e+00 9.132231670438988036e-02 1.107835559748045345e-01
6.735110061208048338e-01 1.000000000000000000e+00 9.833605420474891834e-02 1.053509056655986681e-01
6.604127223597969776e-01 1.000000000000000000e+00 1.054732014443993532e-01 9.774774752031716030e-02
6.890217935465292598e-01 1.000000000000000000e+00 1.020545611037852046e-01 1.070419249513835380e-01
6.861532359827642313e-01 1.000000000000000000e+00 1.008766258974581886e-01 1.082604646037372276e-01
6.860107559256664045e-01 1.000000000000000000e+00 1.019589669848923741e-01 1.098634229117110978e-01
6.863452626036173898e-01 1.000000000000000000e+00 9.797927821551861982e-02 1.189478617898691720e-01
6.873332047892489749e-01 1.000000000000000000e+00 9.678296191790779213e-02 1.166186952586442116e-01
6.886763730419007690e-01 1.000000000000000000e+00 9.518406337900511827e-02 1.136256367399285927e-01
6.880687268042139371e-01 1.000000000000000000e+00 9.585230117564172425e-02 1.122556598763933267e-01
6.922676842057692292e-01 1.000000000000000000e+00 8.143167616611260429e-02 1.059213863070984779e-01
6.929410461093212792e-01 1.000000000000000000e+00 8.286767885464955963e-02 1.035433864095232498e-01
6.924787356186404841e-01 1.000000000000000000e+00 8.262279176974145212e-02 1.035668696897613511e-01
6.929903515540680736e-01 1.000000000000000000e+00 8.349024211715634636e-02 1.018290481765198457e-01
6.919585174995369625e-01 1.000000000000000000e+00 8.494648913079178021e-02 9.776026387087013991e-02
6.933245039994341274e-01 1.000000000000000000e+00 7.871658472432468967e-02 1.040731217621872762e-01
6.894069527474283587e-01 1.000000000000000000e+00 8.170007400381244789e-02 1.007145298656242638e-01
6.897407231344411249e-01 1.000000000000000000e+00 8.354772140516480983e-02 9.837763184313011444e-02
6.899776168708403601e-01 1.000000000000000000e+00 7.856566084292435082e-02 1.048509812561153887e-01
6.942390089796118824e-01 1.000000000000000000e+00 8.681777223000812505e-02 9.850864843823825545e-02
6.939063487449821377e-01 1.000000000000000000e+00 8.659099806672067301e-02 9.819721789379871890e-02
6.918198001269331154e-01 1.000000000000000000e+00 8.611013179688337127e-02 9.872277941622466246e-02
6.949386595884090578e-01 1.000000000000000000e+00 8.350672013282907369e-02 1.055044102471757589e-01
6.955733406372363037e-01 1.000000000000000000e+00 8.007504549201131805e-02 1.133258151190852936e-01
6.925837103941645534e-01 1.000000000000000000e+00 7.971083583503424386e-02 1.121608765329465823e-01
6.943283824457197051e-01 1.000000000000000000e+00 7.762918542839930547e-02 1.128003611501119940e-01
6.955328328663554771e-01 1.000000000000000000e+00 7.564037002997449355e-02 1.139614537016123974e-01
6.947680206034754224e-01 1.000000000000000000e+00 7.708822656675241858e-02 1.135450657146059028e-01
6.956523845803831430e-01 1.000000000000000000e+00 7.921142386759490173e-02 1.108527158488469694e-01
6.923136371051169524e-01 1.000000000000000000e+00 7.044427125096772158e-02 1.190731579507966903e-01
6.928753741986130033e-01 1.000000000000000000e+00 7.063492593115335005e-02 1.184765868383415577e-01
6.907027585272199621e-01 1.000000000000000000e+00 6.454279595541267955e-02 1.255565735803195193e-01
6.880406805648122681e-01 1.000000000000000000e+00 7.273500284383482839e-02 1.161936470506938351e-01
6.853424601734576793e-01 1.000000000000000000e+00 7.352118711798578954e-02 1.117667108049303359e-01
6.856479844889155073e-01 1.000000000000000000e+00 7.295548380215499673e-02 1.131792608746746559e-01
6.836370731071266249e-01 1.000000000000000000e+00 7.087239679621637478e-02 1.135964499069385542e-01
6.835104420102222633e-01 1.000000000000000000e+00 7.086870682325845106e-02 1.132572008296458682e-01
6.830546768860540352e-01 1.000000000000000000e+00 6.926414457848376061e-02 1.141930386027807387e-01
6.820373302341934396e-01 1.000000000000000000e+00 7.092467874832079910e-02 1.112263321582673270e-01
6.816579961147746225e-01 1.000000000000000000e+00 7.012545555127791541e-02 1.111279262670944040e-01
6.811877303920736981e-01 1.000000000000000000e+00 6.968261261232250314e-02 1.109045057156530512e-01
6.815215124703672966e-01 1.000000000000000000e+00 6.896662315902869766e-02 1.123120276676681101e-01
6.815790912502138754e-01 1.000000000000000000e+00 6.933080931477181297e-02 1.119414052739370474e-01
6.804501998328854606e-01 1.000000000000000000e+00 7.049555238115354228e-02 1.098430275411923784e-01
6.836305641696529545e-01 1.000000000000000000e+00 6.251377542454721048e-02 1.185362673444059628e-01
6.844218886874258168e-01 1.000000000000000000e+00 6.329516689573834454e-02 1.182908800506599772e-01
6.842901979463604789e-01 1.000000000000000000e+00 6.329632940119311879e-02 1.184916434354471165e-01
6.862046605728651105e-01 1.000000000000000000e+00 6.689632174613824311e-02 1.194811506606650447e-01
6.865468626764977822e-01 1.000000000000000000e+00 6.742040071137568591e-02 1.182452826060388373e-01
6.869469867633816174e-01 1.000000000000000000e+00 6.850359647306031308e-02 1.171052471747368873e-01
6.870295170392266559e-01 1.000000000000000000e+00 6.817879528146704449e-02 1.172751053491239981e-01
6.868788419541849155e-01 1.000000000000000000e+00 6.808385270655659127e-02 1.173686003640440761e-01
6.866413673614301105e-01 1.000000000000000000e+00 6.735340089170875622e-02 1.194297134201011273e-01
6.877968811333216026e-01 1.000000000000000000e+00 6.830109030217279553e-02 1.180386900026677705e-01
6.878001394909549759e-01 1.000000000000000000e+00 6.829511477285166166e-02 1.180250297285416056e-01
6.903684797606006729e-01 1.000000000000000000e+00 6.814572308414396096e-02 1.207306301576618335e-01
6.899302563524155607e-01 1.000000000000000000e+00 7.033136571669842962e-02 1.199056998627101855e-01
6.903691258906878847e-01 1.000000000000000000e+00 7.083741927211607836e-02 1.189476757426930625e-01
6.899038633669121179e-01 1.000000000000000000e+00 7.244422547661699685e-02 1.181847561512209266e-01
6.894837105405067224e-01 1.000000000000000000e+00 7.235479142472139857e-02 1.184949462451834606e-01
6.899185647678967026e-01 1.000000000000000000e+00 7.391937259496851598e-02 1.191861327465539300e-01
6.897748436511228487e-01 1.000000000000000000e+00 7.415819914407541236e-02 1.190390406599626388e-01
6.898485108429857071e-01 1.000000000000000000e+00 7.378294813816788089e-02 1.192237090480275236e-01
6.900735822164227873e-01 1.000000000000000000e+00 7.391784330173195583e-02 1.184206171141321540e-01
6.901351869090945890e-01 1.000000000000000000e+00 7.379877951050291263e-02 1.186193162820936980e-01
6.902951242986223868e-01 1.000000000000000000e+00 7.476052080948716871e-02 1.171314107388359976e-01
6.903090890491700993e-01 1.000000000000000000e+00 7.475188558746211076e-02 1.168388703605027501e-01
6.891236585595830189e-01 1.000000000000000000e+00 7.633726011908611997e-02 1.191211780765342315e-01
6.891376801135595809e-01 1.000000000000000000e+00 7.611302422823289227e-02 1.179584381482108452e-01
6.880248385924431220e-01 1.000000000000000000e+00 7.777737591087503788e-02 1.185464543188350511e-01
6.881497810417007699e-01 1.000000000000000000e+00 7.737476811331879534e-02 1.189070555071133767e-01
6.884233556658007069e-01 1.000000000000000000e+00 7.797052809437403365e-02 1.183759407428886523e-01
6.884438506940543379e-01 1.000000000000000000e+00 7.794228474381519056e-02 1.184828824862607238e-01
6.885178673495133683e-01 1.000000000000000000e+00 7.784692651381504291e-02 1.181489123795866902e-01
6.885114939894647623e-01 1.000000000000000000e+00 7.740260293926810864e-02 1.182009369388789949e-01
6.879013144097567700e-01 1.000000000000000000e+00 7.829572139739388037e-02 1.179336266107559178e-01
6.882820975400173458e-01 1.000000000000000000e+00 7.901153236941343971e-02 1.164005276416649332e-01
6.879915213410678909e-01 1.000000000000000000e+00 7.899990972947608381e-02 1.165790539910516177e-01
6.866281238343331372e-01 1.000000000000000000e+00 8.139770327381501414e-02 1.171904824995059630e-01
6.866310443437618760e-01 1.000000000000000000e+00 8.138900925909883788e-02 1.171817014743585378e-01
6.866124302193461482e-01 1.000000000000000000e+00 8.146202273632406621e-02 1.171503815692988837e-01
6.866199595049056192e-01 1.000000000000000000e+00 8.144690076458413475e-02 1.175494304673516260e-01
6.865337878535225924e-01 1.000000000000000000e+00 8.159349146460519175e-02 1.177481065824216577e-01
6.861515192574059174e-01 1.000000000000000000e+00 8.193090378361264636e-02 1.181155800952657514e-01
6.863488327219834373e-01 1.000000000000000000e+00 8.186399897497033395e-02 1.176466421302116289e-01
6.863648045446856250e-01 1.000000000000000000e+00 8.183163651842702280e-02 1.176929880672016315e-01
