3.873146825630254808e-01
4.377083848870397809e-01
3.900829609815797960e-01
6.048109138528385831e-01
6.154567982750943633e-01
6.117137492409687738e-01
2.573742118179506710e-01
-7.286772999812480833e-01
-4.576462661080319405e-01
-4.200838683147269381e-01
-4.492169987770477935e-01
-4.689156785317286774e-02
-2.711240366774726462e-01
-8.256302140972232584e-01
-1.204307519765258183e+00
-1.204307519765258183e+00
-1.204307519765258183e+00
-1.204307519765258183e+00
-1.047868146168968284e+00
-1.204307519765258183e+00
-1.204307519765258183e+00
-1.204307519765258183e+00
-1.204307519765258183e+00
1.882404644773232050e-01
-2.038068022023208581e+00
2.771824126696912360e-01
2.892656996448376150e-01
-2.076625907881676891e+00
-1.889714525306902315e+00
-1.803584637141570690e+00
-1.784650481569310942e+00
-1.649548588394429638e+00
-1.644424833502031280e+00
-6.564364561593467595e-01
1.218295311217791749e-01
-1.364255516741658125e+00
-1.443634973698663337e+00
2.787962744735442144e-01
-1.585892590866193386e+00
2.637533316062280475e-01
1.903394755616196754e-01
1.676652030559681872e-01
1.652419596967953930e-01
1.604005020558301187e-01
2.477144604485329582e-01
2.447412188819504952e-01
2.423617059931294226e-01
2.393489277228267320e-01
2.655290907936782019e-01
2.953164754010829118e-01
2.981312352322936232e-01
2.926136446481413800e-01
2.771148551525159931e-01
1.943751404008448869e-01
2.079026039083960997e-01
-2.702414969703131192e-02
-1.442276919330088003e-01
-3.531853202423845123e-02
-1.729046452163048864e-01
-2.302918197119027788e+00
-2.296242925384906819e+00
-2.294497127599475661e+00
-2.308490888901402638e+00
-2.316340120497135668e+00
-3.248122431360539686e+00
-2.940370081432836624e+00
-3.502136330966175937e+00
-3.799020584380307763e+00
-3.325397979492230593e+00
-3.310507007166511695e+00
-3.082300601878690038e+00
-2.912464565876209388e+00
-2.745745647343290408e+00
-3.116193106328455809e+00
-2.291936940437023118e+00
-2.926398052671845385e+00
-3.071679709313134055e+00
-3.068671430858373128e+00
-2.438296326643949907e+00
-2.369699605514443697e+00
-1.453036332381260953e+00
-1.334526894416422582e+00
-1.340629413419472282e+00
-1.300429450865133507e+00
-2.256069806968844293e+00
-1.476745779273835435e+00
-1.266715276542353275e+00
-1.383292661482318220e+00
-1.449569828034092289e+00
-1.324894759384178888e+00
-1.674058410564626342e+00
-1.276534366870069048e+00
-1.262001734859183655e+00
-1.149201145555855508e+00
-1.157878124796100971e+00
-1.214894322063525545e+00
-1.127906606473777051e+00
-1.146482641537219127e+00
-1.190513883897633907e+00
-1.179097907584486293e+00
