7.786004543304443359e-01 9.964005947113037109e-01 7.440880537033081055e-01 6.207150220870971680e-01
1.258426904678344727e-02 3.446808457374572754e-01 4.526619911193847656e-01 3.312289714813232422e-02
3.610261082649230957e-01 6.749762892723083496e-01 6.876941919326782227e-01 9.619925022125244141e-01
2.232386469841003418e-01 7.221825718879699707e-01 8.744694590568542480e-01 8.235747814178466797e-01
5.584779381752014160e-01 1.663019061088562012e-01 2.846047282218933105e-01 7.899112105369567871e-01
7.133461236953735352e-01 6.244343519210815430e-02 8.068816661834716797e-01 2.630114555358886719e-03
5.240317583084106445e-01 7.435603737831115723e-01 6.071633100509643555e-02 3.662663102149963379e-01
7.019022703170776367e-01 6.171134710311889648e-01 1.990234851837158203e-02 7.987821102142333984e-01
2.073708772659301758e-01 2.773210406303405762e-01 6.144293546676635742e-01 5.382680296897888184e-01
7.932813167572021484e-01 8.802925348281860352e-01 6.281796097755432129e-01 6.779708862304687500e-01
3.719052672386169434e-01 2.798533439636230469e-01 5.145250558853149414e-01 4.803705215454101562e-02
3.030402660369873047e-01 1.139956712722778320e-01 4.806560873985290527e-01 7.439317703247070312e-01
4.309594035148620605e-01 5.089636445045471191e-01 8.257698416709899902e-01 9.454742074012756348e-01
1.617176532745361328e-01 7.188919186592102051e-01 9.713936448097229004e-01 3.185350298881530762e-01
4.096698760986328125e-02 7.251339554786682129e-01 8.257706761360168457e-01 3.568810820579528809e-01
3.266971111297607422e-01 8.622410297393798828e-01 1.491367220878601074e-01 3.835386037826538086e-02
1.997590065002441406e-03 6.566530466079711914e-02 9.550982713699340820e-01 5.688619613647460938e-01
3.278495669364929199e-01 2.774909734725952148e-01 3.141131401062011719e-01 9.362668991088867188e-01
9.168320298194885254e-01 5.413016080856323242e-01 2.366240024566650391e-01 4.649224877357482910e-01
5.153366923332214355e-01 6.343331336975097656e-01 7.471953034400939941e-01 2.675989866256713867e-01
4.685814380645751953e-01 7.962458729743957520e-01 6.976065039634704590e-01 8.811457157135009766e-01
1.811103820800781250e-01 3.855217099189758301e-01 7.596331238746643066e-01 1.248912215232849121e-01
2.337653636932373047e-01 7.586067914962768555e-01 2.460246682167053223e-01 3.769530057907104492e-01
2.235115766525268555e-01 4.678044319152832031e-01 5.732978582382202148e-01 1.752428412437438965e-01
7.133427858352661133e-01 3.377133011817932129e-01 3.523534536361694336e-01 8.847433924674987793e-01
8.614306449890136719e-01 6.683620810508728027e-01 7.501233816146850586e-01 2.819959521293640137e-01
9.799540042877197266e-01 1.896080374717712402e-01 6.208347678184509277e-01 4.121148586273193359e-01
4.795106649398803711e-01 4.747915863990783691e-01 8.130216598510742188e-01 2.697804570198059082e-01
6.762920618057250977e-01 1.565589904785156250e-01 8.513783216476440430e-01 7.322640419006347656e-01
4.292362332344055176e-01 8.697997927665710449e-01 6.826812028884887695e-02 6.186659336090087891e-01
5.918547511100769043e-01 3.595847487449645996e-01 7.170081734657287598e-01 9.207472801208496094e-01
1.110315322875976562e-02 3.403891324996948242e-01 5.571490526199340820e-02 6.153165698051452637e-01
1.159268617630004883e-01 8.670441508293151855e-01 9.141714572906494141e-01 4.651684165000915527e-01
8.692836761474609375e-02 2.439171075820922852e-01 5.263713598251342773e-01 6.301061511039733887e-01
5.369308590888977051e-01 1.035594344139099121e-01 2.351611852645874023e-01 7.345160841941833496e-01
3.343543410301208496e-01 8.556535243988037109e-01 5.831253528594970703e-01 8.239995241165161133e-01
3.208261728286743164e-01 3.318892121315002441e-01 4.224390387535095215e-01 1.663908958435058594e-01
7.918874621391296387e-01 9.684023261070251465e-01 1.627072095870971680e-01 1.734906435012817383e-01
9.664018750190734863e-01 5.014292001724243164e-01 1.806887984275817871e-01 6.575075387954711914e-01
8.524249196052551270e-01 4.128291010856628418e-01 7.287888526916503906e-01 4.077944755554199219e-01
6.542412638664245605e-01 8.478245735168457031e-01 3.602325320243835449e-01 3.426441550254821777e-01
9.100657105445861816e-01 6.954190731048583984e-01 6.391632556915283203e-02 1.541888713836669922e-01
1.084535121917724609e-01 4.656907916069030762e-01 9.718872308731079102e-01 5.484475493431091309e-01
2.912098169326782227e-02 4.433065652847290039e-01 8.989846706390380859e-02 4.216981530189514160e-01
8.846959471702575684e-01 6.941735744476318359e-01 7.816628813743591309e-01 7.317553758621215820e-01
6.995980739593505859e-01 6.933390498161315918e-01 8.707445859909057617e-01 6.246711015701293945e-01
7.874550819396972656e-01 6.022098660469055176e-01 4.541295766830444336e-02 8.926651477813720703e-01
2.097129225730895996e-01 6.725462675094604492e-01 2.601678967475891113e-01 3.430261015892028809e-01
9.193077683448791504e-01 3.318951725959777832e-01 1.892319917678833008e-01 3.468406796455383301e-01
4.932189583778381348e-01 3.260970115661621094e-02 8.814658522605895996e-01 4.953578710556030273e-01
4.905236959457397461e-01 2.363581061363220215e-01 8.103710412979125977e-02 4.449561834335327148e-01
5.143913030624389648e-01 5.315891504287719727e-01 7.932755947113037109e-01 4.684380292892456055e-01
8.013755083084106445e-01 5.449659228324890137e-01 3.251904249191284180e-01 7.136080265045166016e-01
1.022410392761230469e-01 1.442391872406005859e-01 5.916027426719665527e-01 7.148415446281433105e-01
1.833103895187377930e-01 3.544585108757019043e-01 5.115234851837158203e-01 2.524163126945495605e-01
1.909323334693908691e-01 2.732560634613037109e-01 2.548606395721435547e-01 5.441433787345886230e-01
3.212702870368957520e-01 4.049539566040039062e-03 2.474349737167358398e-01 1.716222763061523438e-01
9.318901300430297852e-01 6.175071597099304199e-01 1.413455009460449219e-01 5.735338926315307617e-01
6.174495816230773926e-01 5.385971069335937500e-01 3.569126129150390625e-01 1.985019445419311523e-01
7.645249366760253906e-02 5.844262838363647461e-01 2.371487617492675781e-01 5.484933853149414062e-01
3.986959457397460938e-01 1.205059289932250977e-01 3.731894493103027344e-02 7.487109303474426270e-01
6.832081079483032227e-02 7.564693093299865723e-01 8.747792840003967285e-01 5.437695980072021484e-01
9.796867966651916504e-01 7.336983084678649902e-01 7.361543774604797363e-01 2.622200846672058105e-01
7.891219854354858398e-02 9.864057898521423340e-01 2.207294106483459473e-01 6.141404509544372559e-01
2.658447027206420898e-01 4.494358897209167480e-01 7.567487359046936035e-01 6.305252909660339355e-01
3.331241607666015625e-01 3.649486303329467773e-01 7.690885066986083984e-01 8.083422780036926270e-01
9.726530313491821289e-02 5.082419514656066895e-01 2.176449298858642578e-01 6.422037482261657715e-01
9.691770672798156738e-01 5.390185713768005371e-01 8.848122358322143555e-01 4.444637894630432129e-01
3.624414801597595215e-01 5.167847871780395508e-01 1.489071249961853027e-01 9.758281111717224121e-01
8.444796800613403320e-01 8.746606111526489258e-01 5.421640276908874512e-01 7.890311479568481445e-01
8.057440519332885742e-01 9.609306454658508301e-01 1.584786772727966309e-01 8.239098787307739258e-01
7.144349813461303711e-02 7.022565603256225586e-01 8.859639763832092285e-01 1.151725649833679199e-01
7.892200350761413574e-01 8.901636004447937012e-01 3.530740737915039062e-01 8.556842207908630371e-01
8.161542415618896484e-01 4.959443807601928711e-01 5.763359665870666504e-01 1.448022723197937012e-01
9.362558722496032715e-01 2.216289043426513672e-01 7.181106805801391602e-01 3.930492997169494629e-01
8.878993988037109375e-01 3.924952745437622070e-01 8.665434718132019043e-01 6.855139136314392090e-01
4.348425865173339844e-01 7.078528404235839844e-01 7.200825214385986328e-02 2.421265840530395508e-01
3.018215894699096680e-01 7.273448109626770020e-01 5.501012802124023438e-01 7.928819656372070312e-01
3.255665302276611328e-01 6.364151239395141602e-01 2.208588123321533203e-01 2.358542084693908691e-01
9.842477440834045410e-01 4.618805646896362305e-02 6.411342620849609375e-01 1.726571917533874512e-01
7.498146295547485352e-01 1.593824625015258789e-01 2.899270653724670410e-01 1.802286505699157715e-01
2.149999737739562988e-01 7.441128492355346680e-01 5.406484603881835938e-01 3.914942741394042969e-01
7.269606590270996094e-01 4.358547925949096680e-01 9.143001437187194824e-01 3.237589597702026367e-01
3.895732164382934570e-01 2.645609378814697266e-01 1.709424257278442383e-01 5.228074193000793457e-01
3.601381778717041016e-01 4.791569113731384277e-01 2.386057376861572266e-01 8.541345596313476562e-02
7.442321777343750000e-01 8.985239267349243164e-01 2.701597809791564941e-01 2.557319998741149902e-01
5.865251421928405762e-01 3.130089640617370605e-01 4.326172471046447754e-01 2.698802351951599121e-01
2.530925273895263672e-01 1.090376973152160645e-01 8.277393579483032227e-01 4.711742401123046875e-01
5.428779125213623047e-01 4.196085333824157715e-01 3.463096618652343750e-01 3.796822428703308105e-01
6.683816313743591309e-01 9.442976713180541992e-01 1.330679059028625488e-01 4.744144082069396973e-01
6.695078015327453613e-01 4.040052294731140137e-01 8.845689892768859863e-01 6.816245317459106445e-01
8.551401495933532715e-01 4.203485846519470215e-01 9.288823604583740234e-01 2.393448948860168457e-01
7.497766017913818359e-01 4.746624827384948730e-01 9.702529907226562500e-01 8.995585441589355469e-01
5.735186934471130371e-01 6.220611929893493652e-01 8.737440705299377441e-01 1.225529909133911133e-01
4.034988284111022949e-01 2.579569816589355469e-01 6.314808726310729980e-01 9.091795682907104492e-01
5.246829390525817871e-01 8.445144891738891602e-01 8.021018505096435547e-01 2.309894561767578125e-01
2.408194541931152344e-02 3.125556707382202148e-01 6.489883661270141602e-01 2.449983358383178711e-02
4.997046589851379395e-01 4.708112478256225586e-01 9.836751222610473633e-02 5.438036322593688965e-01
1.664004325866699219e-01 7.506175041198730469e-01 9.095033407211303711e-01 5.285946130752563477e-01
1.987330913543701172e-01 2.597603201866149902e-01 6.862776279449462891e-01 1.175739765167236328e-01
3.212791681289672852e-01 8.410623073577880859e-01 8.380100727081298828e-01 7.202233672142028809e-01
3.166304826736450195e-01 3.445209860801696777e-01 8.833245635032653809e-01 6.899985074996948242e-01
4.766798615455627441e-01 1.940463781356811523e-01 1.580256819725036621e-01 9.082924723625183105e-01
4.893915653228759766e-01 3.844007253646850586e-01 8.968540430068969727e-01 4.084561467170715332e-01
3.159661293029785156e-01 6.040990352630615234e-01 9.913169741630554199e-01 2.671036124229431152e-01
4.685328006744384766e-01 9.807545542716979980e-01 1.213587522506713867e-01 4.020878672599792480e-01
5.651963949203491211e-01 6.127964854240417480e-01 4.384959936141967773e-01 8.188555240631103516e-01
5.353116989135742188e-02 8.012455701828002930e-01 6.447060704231262207e-01 6.718264818191528320e-01
5.923705101013183594e-01 4.698240160942077637e-01 1.508781909942626953e-01 6.429641246795654297e-01
7.466633319854736328e-01 9.003772139549255371e-01 4.742882251739501953e-01 4.812207221984863281e-01
