2.786629796028137207e-01 6.982571482658386230e-01 4.009621143341064453e-01 7.852992415428161621e-01
8.193848729133605957e-01 1.382955312728881836e-01 4.205069541931152344e-01 4.370490312576293945e-01
1.298119425773620605e-01 9.533892869949340820e-01 4.121698141098022461e-01 7.356837987899780273e-01
5.206366777420043945e-01 8.243775963783264160e-01 3.484017848968505859e-01 9.222038984298706055e-01
5.499408245086669922e-01 1.061282157897949219e-01 8.511636257171630859e-01 8.607628941535949707e-01
9.997975826263427734e-02 7.923818230628967285e-01 5.923497676849365234e-01 5.144911408424377441e-01
9.733731746673583984e-01 7.349056601524353027e-01 5.599796772003173828e-02 4.602404236793518066e-01
7.212892770767211914e-01 7.746359109878540039e-01 2.175277471542358398e-02 9.830230474472045898e-01
7.976402640342712402e-01 9.582381248474121094e-01 8.511506915092468262e-01 1.451754570007324219e-01
9.942632317543029785e-01 7.205389142036437988e-01 1.635250449180603027e-01 9.612463116645812988e-01
1.000000000000000000e+00 1.000000000000000000e+00 0.000000000000000000e+00 0.000000000000000000e+00
1.000000000000000000e+00 7.849984742524531711e-01 0.000000000000000000e+00 0.000000000000000000e+00
1.000000000000000000e+00 7.630954239732115063e-01 0.000000000000000000e+00 0.000000000000000000e+00
1.000000000000000000e+00 5.468416891457342777e-01 0.000000000000000000e+00 0.000000000000000000e+00
1.000000000000000000e+00 6.255264559546228620e-01 0.000000000000000000e+00 0.000000000000000000e+00
1.000000000000000000e+00 6.272773425471565023e-01 0.000000000000000000e+00 0.000000000000000000e+00
1.000000000000000000e+00 0.000000000000000000e+00 1.000000000000000000e+00 0.000000000000000000e+00
0.000000000000000000e+00 0.000000000000000000e+00 1.000000000000000000e+00 1.000000000000000000e+00
1.000000000000000000e+00 6.196568851665408273e-01 0.000000000000000000e+00 1.259628827025653097e-01
1.000000000000000000e+00 8.318059829805155569e-01 2.714465139283324668e-01 0.000000000000000000e+00
9.937645078293536605e-01 6.327497306329918914e-01 1.522285764764580093e-02 0.000000000000000000e+00
1.000000000000000000e+00 1.000000000000000000e+00 0.000000000000000000e+00 8.718216841920792826e-01
1.000000000000000000e+00 1.000000000000000000e+00 1.000000000000000000e+00 1.000000000000000000e+00
1.000000000000000000e+00 2.799289183054721186e-01 0.000000000000000000e+00 1.000000000000000000e+00
5.805066005272438989e-01 0.000000000000000000e+00 0.000000000000000000e+00 1.000000000000000000e+00
0.000000000000000000e+00 0.000000000000000000e+00 0.000000000000000000e+00 0.000000000000000000e+00
1.000000000000000000e+00 0.000000000000000000e+00 1.000000000000000000e+00 1.000000000000000000e+00
0.000000000000000000e+00 1.000000000000000000e+00 0.000000000000000000e+00 0.000000000000000000e+00
3.469446951953614189e-18 0.000000000000000000e+00 1.000000000000000000e+00 0.000000000000000000e+00
5.316915769105957645e-01 0.000000000000000000e+00 0.000000000000000000e+00 0.000000000000000000e+00
1.000000000000000000e+00 1.000000000000000000e+00 0.000000000000000000e+00 3.860126803693054165e-01
5.880558900535106659e-01 9.271370759233832359e-01 7.331303320825099945e-03 1.405264623463153839e-02
1.000000000000000000e+00 1.000000000000000000e+00 3.294554801117703935e-01 4.506160770741643451e-01
9.590189065784215927e-01 5.649240035563707352e-01 9.491761280223727226e-01 8.311539320275187492e-01
1.000000000000000000e+00 6.157272653256966599e-01 0.000000000000000000e+00 6.877802595557301890e-01
9.942089430987834930e-01 5.227100197225809097e-02 4.194947984069585800e-02 5.505043286830186844e-01
8.102184301242232323e-01 4.213709039613604546e-01 1.457656174898147583e-02 2.660719398409128189e-02
2.700654510408639908e-02 6.975047290325164795e-05 1.731013478711247444e-01 5.360851101577281952e-01
9.553257888182997704e-01 6.961782965809106827e-01 8.965247850865125656e-01 2.502352930605411530e-03
9.418667200952768326e-01 5.014412105083465576e-03 4.502110248431563377e-01 9.678720608353614807e-01
6.431018747389316559e-02 9.970301799476146698e-01 9.424847662448883057e-01 2.554210647940635681e-02
7.956475019454956055e-05 8.236176175996661186e-01 9.790662303566932678e-01 9.640229456126689911e-01
6.858428921550512314e-01 9.763226788491010666e-01 3.012150805443525314e-02 5.919836321845650673e-01
9.501727763563394547e-02 4.697545180097222328e-01 2.075185533612966537e-01 7.760731503367424011e-03
4.963066559284925461e-01 1.132225263863801956e-01 8.946188585832715034e-01 4.760041832923889160e-03
7.231389917433261871e-02 6.583129521459341049e-02 6.552971154451370239e-02 9.763997374102473259e-01
2.557926354929804802e-01 6.195364166051149368e-01 7.578313332051038742e-01 7.415977148339152336e-01
9.744250439107418060e-01 7.602373352274298668e-01 2.179918251931667328e-02 9.846494691446423531e-01
2.223811903968453407e-01 8.829715708270668983e-01 4.993002787232398987e-01 2.004878334701061249e-01
9.372514020651578903e-01 7.450582943856716156e-01 7.256901161745190620e-01 3.478318927809596062e-01
4.841579236090183258e-01 5.099832592532038689e-01 7.654447304084897041e-01 3.502759188413619995e-01
5.681854858994483948e-01 8.654607422649860382e-01 1.150979213416576385e-01 1.283317925408482552e-01
4.991192677989602089e-01 7.640323014929890633e-01 3.085742732509970665e-01 1.396404104307293892e-01
6.841570427641272545e-01 8.591065816581249237e-01 7.396435644477605820e-02 6.007775906473398209e-01
2.943887514993548393e-01 5.447490178048610687e-01 4.760254546999931335e-01 5.789332184940576553e-01
9.412606470286846161e-01 2.706496603786945343e-02 2.752210106700658798e-02 1.661568693816661835e-02
8.764470880851149559e-01 7.307407129555940628e-01 8.532057907432317734e-01 6.465038973838090897e-01
9.971711412072181702e-01 6.233372483402490616e-01 3.627326991409063339e-02 1.197902485728263855e-03
2.455406449735164642e-02 4.013461507856845856e-01 1.061299238353967667e-01 1.941299280151724815e-01
7.301495745778083801e-01 1.397531274706125259e-01 6.499375365674495697e-01 5.232960842549800873e-01
