9.733731746673583984e-01 7.349056601524353027e-01 5.599796772003173828e-02 4.602404236793518066e-01
9.733731746673583984e-01 7.349056601524353027e-01 5.599796772003173828e-02 4.602404236793518066e-01
1.000000000000000000e+00 7.849984742524531711e-01 0.000000000000000000e+00 0.000000000000000000e+00
1.000000000000000000e+00 7.630954239732115063e-01 0.000000000000000000e+00 0.000000000000000000e+00
1.000000000000000000e+00 5.468416891457342777e-01 0.000000000000000000e+00 0.000000000000000000e+00
1.000000000000000000e+00 6.255264559546228620e-01 0.000000000000000000e+00 0.000000000000000000e+00
1.000000000000000000e+00 6.255264559546228620e-01 0.000000000000000000e+00 0.000000000000000000e+00
1.000000000000000000e+00 6.255264559546228620e-01 0.000000000000000000e+00 0.000000000000000000e+00
1.000000000000000000e+00 6.255264559546228620e-01 0.000000000000000000e+00 0.000000000000000000e+00
1.000000000000000000e+00 6.255264559546228620e-01 0.000000000000000000e+00 0.000000000000000000e+00
1.000000000000000000e+00 6.255264559546228620e-01 0.000000000000000000e+00 0.000000000000000000e+00
1.000000000000000000e+00 6.255264559546228620e-01 0.000000000000000000e+00 0.000000000000000000e+00
1.000000000000000000e+00 6.255264559546228620e-01 0.000000000000000000e+00 0.000000000000000000e+00
1.000000000000000000e+00 6.255264559546228620e-01 0.000000000000000000e+00 0.000000000000000000e+00
1.000000000000000000e+00 6.255264559546228620e-01 0.000000000000000000e+00 0.000000000000000000e+00
1.000000000000000000e+00 6.255264559546228620e-01 0.000000000000000000e+00 0.000000000000000000e+00
1.000000000000000000e+00 6.255264559546228620e-01 0.000000000000000000e+00 0.000000000000000000e+00
1.000000000000000000e+00 6.255264559546228620e-01 0.000000000000000000e+00 0.000000000000000000e+00
1.000000000000000000e+00 6.255264559546228620e-01 0.000000000000000000e+00 0.000000000000000000e+00
1.000000000000000000e+00 6.255264559546228620e-01 0.000000000000000000e+00 0.000000000000000000e+00
1.000000000000000000e+00 6.255264559546228620e-01 0.000000000000000000e+00 0.000000000000000000e+00
1.000000000000000000e+00 6.255264559546228620e-01 0.000000000000000000e+00 0.000000000000000000e+00
1.000000000000000000e+00 6.255264559546228620e-01 0.000000000000000000e+00 0.000000000000000000e+00
1.000000000000000000e+00 6.255264559546228620e-01 0.000000000000000000e+00 0.000000000000000000e+00
1.000000000000000000e+00 6.255264559546228620e-01 0.000000000000000000e+00 0.000000000000000000e+00
1.000000000000000000e+00 6.255264559546228620e-01 0.000000000000000000e+00 0.000000000000000000e+00
1.000000000000000000e+00 6.255264559546228620e-01 0.000000000000000000e+00 0.000000000000000000e+00
1.000000000000000000e+00 6.255264559546228620e-01 0.000000000000000000e+00 0.000000000000000000e+00
1.000000000000000000e+00 6.255264559546228620e-01 0.000000000000000000e+00 0.000000000000000000e+00
1.000000000000000000e+00 6.255264559546228620e-01 0.000000000000000000e+00 0.000000000000000000e+00
1.000000000000000000e+00 6.255264559546228620e-01 0.000000000000000000e+00 0.000000000000000000e+00
1.000000000000000000e+00 6.255264559546228620e-01 0.000000000000000000e+00 0.000000000000000000e+00
1.000000000000000000e+00 6.255264559546228620e-01 0.000000000000000000e+00 0.000000000000000000e+00
1.000000000000000000e+00 6.255264559546228620e-01 0.000000000000000000e+00 0.000000000000000000e+00
1.000000000000000000e+00 6.255264559546228620e-01 0.000000000000000000e+00 0.000000000000000000e+00
1.000000000000000000e+00 6.255264559546228620e-01 0.000000000000000000e+00 0.000000000000000000e+00
1.000000000000000000e+00 6.255264559546228620e-01 0.000000000000000000e+00 0.000000000000000000e+00
1.000000000000000000e+00 6.255264559546228620e-01 0.000000000000000000e+00 0.000000000000000000e+00
1.000000000000000000e+00 6.255264559546228620e-01 0.000000000000000000e+00 0.000000000000000000e+00
1.000000000000000000e+00 6.255264559546228620e-01 0.000000000000000000e+00 0.000000000000000000e+00
1.000000000000000000e+00 6.255264559546228620e-01 0.000000000000000000e+00 0.000000000000000000e+00
1.000000000000000000e+00 6.255264559546228620e-01 0.000000000000000000e+00 0.000000000000000000e+00
1.000000000000000000e+00 6.255264559546228620e-01 0.000000000000000000e+00 0.000000000000000000e+00
1.000000000000000000e+00 6.255264559546228620e-01 0.000000000000000000e+00 0.000000000000000000e+00
1.000000000000000000e+00 6.255264559546228620e-01 0.000000000000000000e+00 0.000000000000000000e+00
1.000000000000000000e+00 6.255264559546228620e-01 0.000000000000000000e+00 0.000000000000000000e+00
1.000000000000000000e+00 6.255264559546228620e-01 0.000000000000000000e+00 0.000000000000000000e+00
1.000000000000000000e+00 6.255264559546228620e-01 0.000000000000000000e+00 0.000000000000000000e+00
1.000000000000000000e+00 6.272773425471565023e-01 0.000000000000000000e+00 0.000000000000000000e+00
1.000000000000000000e+00 6.272773425471565023e-01 0.000000000000000000e+00 0.000000000000000000e+00
1.000000000000000000e+00 6.272773425471565023e-01 0.000000000000000000e+00 0.000000000000000000e+00
1.000000000000000000e+00 6.272773425471565023e-01 0.000000000000000000e+00 0.000000000000000000e+00
1.000000000000000000e+00 6.272773425471565023e-01 0.000000000000000000e+00 0.000000000000000000e+00
1.000000000000000000e+00 6.272773425471565023e-01 0.000000000000000000e+00 0.000000000000000000e+00
1.000000000000000000e+00 6.272773425471565023e-01 0.000000000000000000e+00 0.000000000000000000e+00
1.000000000000000000e+00 6.272773425471565023e-01 0.000000000000000000e+00 0.000000000000000000e+00
1.000000000000000000e+00 6.272773425471565023e-01 0.000000000000000000e+00 0.000000000000000000e+00
1.000000000000000000e+00 6.272773425471565023e-01 0.000000000000000000e+00 0.000000000000000000e+00
1.000000000000000000e+00 6.272773425471565023e-01 0.000000000000000000e+00 0.000000000000000000e+00
1.000000000000000000e+00 6.272773425471565023e-01 0.000000000000000000e+00 0.000000000000000000e+00
1.000000000000000000e+00 6.272773425471565023e-01 0.000000000000000000e+00 0.000000000000000000e+00
1.000000000000000000e+00 6.272773425471565023e-01 0.000000000000000000e+00 0.000000000000000000e+00
1.000000000000000000e+00 6.272773425471565023e-01 0.000000000000000000e+00 0.000000000000000000e+00
1.000000000000000000e+00 6.272773425471565023e-01 0.000000000000000000e+00 0.000000000000000000e+00
1.000000000000000000e+00 6.272773425471565023e-01 0.000000000000000000e+00 0.000000000000000000e+00
1.000000000000000000e+00 6.272773425471565023e-01 0.000000000000000000e+00 0.000000000000000000e+00
1.000000000000000000e+00 6.272773425471565023e-01 0.000000000000000000e+00 0.000000000000000000e+00
1.000000000000000000e+00 6.272773425471565023e-01 0.000000000000000000e+00 0.000000000000000000e+00
1.000000000000000000e+00 6.272773425471565023e-01 0.000000000000000000e+00 0.000000000000000000e+00
1.000000000000000000e+00 6.272773425471565023e-01 0.000000000000000000e+00 0.000000000000000000e+00
1.000000000000000000e+00 6.272773425471565023e-01 0.000000000000000000e+00 0.000000000000000000e+00
1.000000000000000000e+00 6.272773425471565023e-01 0.000000000000000000e+00 0.000000000000000000e+00
1.000000000000000000e+00 6.272773425471565023e-01 0.000000000000000000e+00 0.000000000000000000e+00
1.000000000000000000e+00 6.272773425471565023e-01 0.000000000000000000e+00 0.000000000000000000e+00
1.000000000000000000e+00 6.272773425471565023e-01 0.000000000000000000e+00 0.000000000000000000e+00
1.000000000000000000e+00 6.255264559546228620e-01 0.000000000000000000e+00 0.000000000000000000e+00
1.000000000000000000e+00 6.255264559546228620e-01 0.000000000000000000e+00 0.000000000000000000e+00
1.000000000000000000e+00 6.272773425471565023e-01 0.000000000000000000e+00 0.000000000000000000e+00
1.000000000000000000e+00 6.272773425471565023e-01 0.000000000000000000e+00 0.000000000000000000e+00
1.000000000000000000e+00 6.255264559546228620e-01 0.000000000000000000e+00 0.000000000000000000e+00
1.000000000000000000e+00 6.255264559546228620e-01 0.000000000000000000e+00 0.000000000000000000e+00
1.000000000000000000e+00 6.255264559546228620e-01 0.000000000000000000e+00 0.000000000000000000e+00
1.000000000000000000e+00 6.255264559546228620e-01 0.000000000000000000e+00 0.000000000000000000e+00
1.000000000000000000e+00 6.255264559546228620e-01 0.000000000000000000e+00 0.000000000000000000e+00
1.000000000000000000e+00 6.255264559546228620e-01 0.000000000000000000e+00 0.000000000000000000e+00
1.000000000000000000e+00 6.255264559546228620e-01 0.000000000000000000e+00 0.000000000000000000e+00
1.000000000000000000e+00 6.255264559546228620e-01 0.000000000000000000e+00 0.000000000000000000e+00
1.000000000000000000e+00 6.255264559546228620e-01 0.000000000000000000e+00 0.000000000000000000e+00
1.000000000000000000e+00 6.255264559546228620e-01 0.000000000000000000e+00 0.000000000000000000e+00
1.000000000000000000e+00 6.255264559546228620e-01 0.000000000000000000e+00 0.000000000000000000e+00
1.000000000000000000e+00 6.255264559546228620e-01 0.000000000000000000e+00 0.000000000000000000e+00
1.000000000000000000e+00 6.255264559546228620e-01 0.000000000000000000e+00 0.000000000000000000e+00
1.000000000000000000e+00 6.255264559546228620e-01 0.000000000000000000e+00 0.000000000000000000e+00
1.000000000000000000e+00 6.255264559546228620e-01 0.000000000000000000e+00 0.000000000000000000e+00
1.000000000000000000e+00 6.255264559546228620e-01 0.000000000000000000e+00 0.000000000000000000e+00
1.000000000000000000e+00 6.255264559546228620e-01 0.000000000000000000e+00 0.000000000000000000e+00
1.000000000000000000e+00 6.255264559546228620e-01 0.000000000000000000e+00 0.000000000000000000e+00
1.000000000000000000e+00 6.255264559546228620e-01 0.000000000000000000e+00 0.000000000000000000e+00
1.000000000000000000e+00 6.255264559546228620e-01 0.000000000000000000e+00 0.000000000000000000e+00
1.000000000000000000e+00 6.255264559546228620e-01 0.000000000000000000e+00 0.000000000000000000e+00
