4.810634308388390679e-01
5.070171899757210943e-01
5.104880021455500128e-01
4.857811318316732074e-01
6.248596886258406258e-01
6.678525891788626989e-01
7.278357943200591818e-01
7.374101577986318379e-01
7.614166399963444576e-01
7.618602776233285301e-01
7.625802154219507578e-01
7.625817726773751470e-01
7.625842648419938197e-01
9.728241504080847868e-01
4.239874382100914940e-01
4.240667402101831462e-01
4.245004024225731420e-01
4.252425236753878401e-01
4.276123193623437291e-01
4.297951069212547770e-01
4.301449115824376168e-01
4.391464225355983797e-01
4.413550401060357120e-01
4.406107055255220617e-01
4.413550401060357120e-01
4.413550401060357120e-01
4.413550401060357120e-01
4.413550401060357120e-01
5.705435589070007030e-01
1.004705759620264871e+00
1.008118541140187840e+00
1.005162975134036518e+00
1.000617891258470227e+00
1.019991590967765038e+00
1.022959723763798179e+00
1.022591561950545014e+00
9.268492912565287067e-01
1.022439484176693725e+00
1.022665271704841228e+00
9.031411717053118293e-01
1.021869968358251501e+00
1.022618328221527984e+00
9.809482327723587636e-01
1.022330037047717965e+00
1.021569218515585131e+00
1.021559401723617810e+00
1.021417626013380264e+00
1.021467553787834381e+00
1.021834022226247640e+00
1.022014945489758908e+00
9.809482327723587636e-01
9.809482327723587636e-01
1.022816801545410659e+00
1.022161363762982500e+00
1.021754706546509794e+00
1.019821674090251928e+00
1.019806555414318083e+00
1.019519949722330399e+00
1.018855077365018236e+00
1.016868477225711942e+00
1.017147049728085673e+00
1.017446718834267738e+00
1.019883480085750582e+00
9.718342880308837861e-01
1.018751008981022554e+00
1.018266450807396417e+00
1.018317087379384756e+00
1.018170412065868335e+00
1.017814429454886538e+00
1.017015113957243866e+00
1.016630070270866382e+00
1.016350046558656350e+00
1.016328505154511008e+00
1.016098335936021391e+00
1.016262151939483438e+00
1.017754153064862610e+00
1.017789392995221753e+00
1.017189312409014113e+00
1.017140942017897842e+00
1.014819434092935069e+00
9.469481379737403337e-01
1.016173953551286147e+00
1.016118990062229610e+00
1.015916223577549626e+00
1.015500006290314117e+00
1.016741842633521298e+00
1.016093515770468469e+00
1.015608816916954593e+00
1.014519079690454628e+00
1.014371550265191324e+00
1.014180502838631703e+00
1.014355875647985794e+00
1.014529402272073222e+00
1.014644299217279277e+00
1.014654656635415986e+00
1.014484326817171267e+00
1.014473766007347511e+00
1.014574304374663560e+00
1.013957935479346872e+00
1.014842838679344883e+00
