1.856475776349103546e-01
-1.532288317361303553e+00
-1.125043422796683679e+00
-8.944266684546261503e-01
-6.491882212324637802e-01
-4.093580383802935541e-01
-6.282752207707296144e-01
-6.131977897614244721e-01
-5.451390377302470919e-02
-9.197037626120375675e-01
4.666997483334057728e-01
-5.008665309245461383e-01
1.318379969652264394e-01
5.724027705821628231e-01
2.139490679675613849e-01
-3.205673329848332531e-02
-1.601466824962342883e-01
-5.682714252390763665e-01
7.387407537834642657e-01
7.463721138891178386e-01
6.678624009854796650e-01
-7.004072552759658954e-02
-7.775542167204930744e-01
1.421425330571226553e-01
-2.211006471548606078e-01
7.556065045387138079e-01
8.412594255790916131e-01
9.844149820796010975e-01
1.012465259853650323e+00
2.680149498951271345e-02
1.023114697372587534e+00
1.003927441123752651e+00
-2.027053805992988511e-02
-5.430300085582755454e-01
-4.123910702973797027e-01
-1.881229219573640754e-01
1.022171752714692516e+00
-6.036205374844906268e-01
-7.718917012182141546e-01
-3.897814245767128316e-01
-4.826268577673192839e-02
1.126566014437629798e-01
9.809482327723587636e-01
-6.138467042673131230e-02
-4.996070807806624048e-01
-2.167291783244036929e-01
-4.139692988811126684e-01
-3.403004577090857352e-01
-6.044540223444352378e-01
6.322230407237339200e-01
-3.958206228941397731e-01
-1.233183710678031897e+00
-1.159976273034006411e+00
-3.326955628995660330e-01
-1.559340327829887574e-01
6.365595089134562512e-01
-5.772237312529490127e-01
-5.303148161608335354e-01
-4.027160567163068361e-01
-1.136792566817816263e+00
