0.000000000000000000e+00 0.000000000000000000e+00 1.000000000000000000e+00 0.000000000000000000e+00
1.000000000000000000e+00 1.000000000000000000e+00 1.000000000000000000e+00 2.199193889104920085e-01
8.822422060903295504e-01 1.000000000000000000e+00 0.000000000000000000e+00 2.039822830896465267e-01
9.892539883066658879e-01 7.304271634808228164e-01 1.000000000000000000e+00 0.000000000000000000e+00
1.000000000000000000e+00 4.029424310720657876e-01 7.793965715157599172e-01 1.000000000000000000e+00
1.000000000000000000e+00 5.848342613423490599e-01 1.000000000000000000e+00 0.000000000000000000e+00
1.000000000000000000e+00 3.964233783577054693e-01 8.243642548347653864e-01 1.000000000000000000e+00
1.000000000000000000e+00 4.055901309348894923e-01 6.716975564544116484e-01 1.000000000000000000e+00
1.000000000000000000e+00 3.291476982498808823e-01 1.000000000000000000e+00 0.000000000000000000e+00
1.000000000000000000e+00 3.506426277253534285e-01 1.000000000000000000e+00 0.000000000000000000e+00
1.000000000000000000e+00 3.392171692664339711e-01 1.000000000000000000e+00 0.000000000000000000e+00
1.000000000000000000e+00 3.238879608948567745e-01 1.000000000000000000e+00 0.000000000000000000e+00
0.000000000000000000e+00 1.000000000000000000e+00 7.798203943091334134e-01 4.821650403917506211e-01
1.000000000000000000e+00 3.980488016423611164e-01 1.000000000000000000e+00 0.000000000000000000e+00
1.000000000000000000e+00 4.009551544915705423e-01 1.000000000000000000e+00 0.000000000000000000e+00
1.000000000000000000e+00 4.237489440229768034e-01 1.000000000000000000e+00 0.000000000000000000e+00
1.000000000000000000e+00 4.082838600723169287e-01 1.000000000000000000e+00 0.000000000000000000e+00
0.000000000000000000e+00 1.000000000000000000e+00 6.029538858307477156e-01 4.654085054167431679e-01
0.000000000000000000e+00 1.000000000000000000e+00 6.239259818586110340e-01 4.723648938960290922e-01
1.000000000000000000e+00 0.000000000000000000e+00 7.505022741914946227e-01 1.000000000000000000e+00
1.000000000000000000e+00 0.000000000000000000e+00 7.306708170787116208e-01 1.000000000000000000e+00
1.000000000000000000e+00 0.000000000000000000e+00 7.671899665273008706e-01 8.865980979903168580e-01
1.000000000000000000e+00 0.000000000000000000e+00 7.674169007367929174e-01 8.610947859302501284e-01
1.000000000000000000e+00 0.000000000000000000e+00 7.765004068633253320e-01 8.742168782243252556e-01
1.000000000000000000e+00 0.000000000000000000e+00 7.850511471611670844e-01 8.826945291507697355e-01
1.000000000000000000e+00 0.000000000000000000e+00 7.718989794797564974e-01 8.438768128484942510e-01
1.000000000000000000e+00 0.000000000000000000e+00 8.089656268480044377e-01 9.013876503000797236e-01
1.000000000000000000e+00 0.000000000000000000e+00 8.028131986439432932e-01 9.094465788356022040e-01
1.000000000000000000e+00 0.000000000000000000e+00 7.825498524705546410e-01 8.803852909955702799e-01
1.000000000000000000e+00 0.000000000000000000e+00 7.625277904034725163e-01 8.823410824150258458e-01
1.000000000000000000e+00 0.000000000000000000e+00 7.561699318950776405e-01 8.880293046744189844e-01
1.000000000000000000e+00 0.000000000000000000e+00 7.285710984289237580e-01 8.001541657861233059e-01
0.000000000000000000e+00 9.343488347969250984e-01 1.000000000000000000e+00 2.370286531442699351e-01
0.000000000000000000e+00 9.343805318730822318e-01 1.000000000000000000e+00 2.364065074324978311e-01
0.000000000000000000e+00 9.344373298933115191e-01 1.000000000000000000e+00 2.351900910508651354e-01
1.000000000000000000e+00 0.000000000000000000e+00 7.419722163896089739e-01 7.964857219338367100e-01
1.000000000000000000e+00 0.000000000000000000e+00 6.997701080483814673e-01 1.000000000000000000e+00
1.000000000000000000e+00 0.000000000000000000e+00 7.006444223543454308e-01 1.000000000000000000e+00
1.000000000000000000e+00 0.000000000000000000e+00 7.037174711059610566e-01 1.000000000000000000e+00
0.000000000000000000e+00 1.000000000000000000e+00 1.000000000000000000e+00 1.646369907125938836e-01
0.000000000000000000e+00 1.000000000000000000e+00 1.000000000000000000e+00 1.651342609912731518e-01
0.000000000000000000e+00 1.000000000000000000e+00 1.000000000000000000e+00 1.557188878954130773e-01
0.000000000000000000e+00 1.000000000000000000e+00 1.000000000000000000e+00 1.702544212795479017e-01
1.000000000000000000e+00 0.000000000000000000e+00 6.445132662750675534e-01 1.000000000000000000e+00
0.000000000000000000e+00 1.000000000000000000e+00 1.000000000000000000e+00 1.683546660828430519e-01
1.000000000000000000e+00 0.000000000000000000e+00 6.410614400825930259e-01 1.000000000000000000e+00
1.000000000000000000e+00 0.000000000000000000e+00 6.441399043183811957e-01 1.000000000000000000e+00
1.000000000000000000e+00 0.000000000000000000e+00 6.590622137117263524e-01 1.000000000000000000e+00
1.000000000000000000e+00 0.000000000000000000e+00 6.574134716549797641e-01 1.000000000000000000e+00
1.000000000000000000e+00 0.000000000000000000e+00 6.580788534392577604e-01 1.000000000000000000e+00
1.000000000000000000e+00 0.000000000000000000e+00 6.588453811756452838e-01 1.000000000000000000e+00
1.000000000000000000e+00 0.000000000000000000e+00 6.599917327383623133e-01 1.000000000000000000e+00
1.000000000000000000e+00 0.000000000000000000e+00 6.656431156480355771e-01 1.000000000000000000e+00
1.000000000000000000e+00 0.000000000000000000e+00 6.665897132253295609e-01 1.000000000000000000e+00
1.000000000000000000e+00 0.000000000000000000e+00 6.691993804464819728e-01 1.000000000000000000e+00
1.000000000000000000e+00 0.000000000000000000e+00 6.447634662362061730e-01 1.000000000000000000e+00
1.000000000000000000e+00 0.000000000000000000e+00 6.477264325757481345e-01 1.000000000000000000e+00
1.000000000000000000e+00 0.000000000000000000e+00 6.480056105448094295e-01 1.000000000000000000e+00
1.000000000000000000e+00 0.000000000000000000e+00 6.427536584441840839e-01 1.000000000000000000e+00
0.000000000000000000e+00 1.000000000000000000e+00 1.000000000000000000e+00 2.019869295438368184e-01
1.000000000000000000e+00 0.000000000000000000e+00 6.625738869308680501e-01 1.000000000000000000e+00
1.000000000000000000e+00 0.000000000000000000e+00 6.563808197090562624e-01 1.000000000000000000e+00
1.000000000000000000e+00 0.000000000000000000e+00 6.538812960210111935e-01 1.000000000000000000e+00
1.000000000000000000e+00 0.000000000000000000e+00 6.534342290037082890e-01 1.000000000000000000e+00
1.000000000000000000e+00 0.000000000000000000e+00 6.551203580263497139e-01 1.000000000000000000e+00
1.000000000000000000e+00 0.000000000000000000e+00 6.562740279593949344e-01 1.000000000000000000e+00
1.000000000000000000e+00 0.000000000000000000e+00 6.551858924721355448e-01 1.000000000000000000e+00
1.000000000000000000e+00 0.000000000000000000e+00 6.574355602075314664e-01 1.000000000000000000e+00
1.000000000000000000e+00 0.000000000000000000e+00 6.564500108985382720e-01 1.000000000000000000e+00
1.000000000000000000e+00 0.000000000000000000e+00 6.563376550078363625e-01 1.000000000000000000e+00
1.000000000000000000e+00 0.000000000000000000e+00 6.561918172938169258e-01 1.000000000000000000e+00
1.000000000000000000e+00 0.000000000000000000e+00 6.561367360322949427e-01 1.000000000000000000e+00
1.000000000000000000e+00 0.000000000000000000e+00 6.555017131622121740e-01 1.000000000000000000e+00
1.000000000000000000e+00 0.000000000000000000e+00 6.554465072459376707e-01 1.000000000000000000e+00
1.000000000000000000e+00 0.000000000000000000e+00 6.587532319379388879e-01 1.000000000000000000e+00
1.000000000000000000e+00 0.000000000000000000e+00 6.594070967402118066e-01 1.000000000000000000e+00
1.000000000000000000e+00 0.000000000000000000e+00 6.591582509466502593e-01 1.000000000000000000e+00
1.000000000000000000e+00 0.000000000000000000e+00 6.579190751459501607e-01 1.000000000000000000e+00
1.000000000000000000e+00 0.000000000000000000e+00 6.579486680993742453e-01 1.000000000000000000e+00
1.000000000000000000e+00 0.000000000000000000e+00 6.542586816801850835e-01 1.000000000000000000e+00
1.000000000000000000e+00 0.000000000000000000e+00 6.558978550970597787e-01 1.000000000000000000e+00
1.000000000000000000e+00 0.000000000000000000e+00 6.605542336024106120e-01 1.000000000000000000e+00
1.000000000000000000e+00 0.000000000000000000e+00 6.512243144726460597e-01 1.000000000000000000e+00
1.000000000000000000e+00 0.000000000000000000e+00 6.505093244393349572e-01 1.000000000000000000e+00
1.000000000000000000e+00 0.000000000000000000e+00 6.499039384792031360e-01 1.000000000000000000e+00
1.000000000000000000e+00 0.000000000000000000e+00 6.502927211710638478e-01 1.000000000000000000e+00
1.000000000000000000e+00 0.000000000000000000e+00 6.506676200456583681e-01 1.000000000000000000e+00
1.000000000000000000e+00 0.000000000000000000e+00 6.486448262384377772e-01 1.000000000000000000e+00
1.000000000000000000e+00 0.000000000000000000e+00 6.494391778580944630e-01 1.000000000000000000e+00
1.000000000000000000e+00 0.000000000000000000e+00 6.470151622560992299e-01 1.000000000000000000e+00
1.000000000000000000e+00 0.000000000000000000e+00 6.437594428115298584e-01 1.000000000000000000e+00
1.000000000000000000e+00 0.000000000000000000e+00 6.414786202223253797e-01 1.000000000000000000e+00
1.000000000000000000e+00 0.000000000000000000e+00 6.731238920933904080e-01 1.000000000000000000e+00
1.000000000000000000e+00 0.000000000000000000e+00 6.701671726290447939e-01 1.000000000000000000e+00
1.000000000000000000e+00 0.000000000000000000e+00 6.694511997578095341e-01 1.000000000000000000e+00
1.000000000000000000e+00 0.000000000000000000e+00 6.679150460884997198e-01 1.000000000000000000e+00
1.000000000000000000e+00 0.000000000000000000e+00 6.682850939656358458e-01 1.000000000000000000e+00
1.000000000000000000e+00 0.000000000000000000e+00 6.692292886636654892e-01 1.000000000000000000e+00
1.000000000000000000e+00 0.000000000000000000e+00 6.690813979489751429e-01 1.000000000000000000e+00
1.000000000000000000e+00 0.000000000000000000e+00 6.692116712315351323e-01 1.000000000000000000e+00
