2.059548842738301744e+00
1.732118059182881087e+00
1.593304586022014968e+00
1.877024216984516825e+00
1.180191838599023768e+00
2.216307175394930606e+00
2.198613837030855667e+00
2.201201280195785426e+00
2.164724583341677278e+00
2.263864881312807498e+00
2.259667725845099895e+00
2.279801008963842968e+00
2.295463649419556607e+00
2.270507379041856399e+00
2.294557186481760880e+00
2.304237374893424839e+00
2.304231737421219339e+00
2.304210413073628949e+00
2.304253381601647721e+00
2.304297733757054711e+00
2.304289943233378768e+00
2.304287741314287707e+00
2.304273899090160338e+00
2.304290290064296975e+00
2.304287526103103279e+00
2.304296849633633570e+00
2.304309660582295027e+00
2.304293379327965852e+00
2.304292883055855778e+00
2.304303335189096025e+00
2.304306165387677741e+00
2.304305017839570979e+00
2.304305967913922615e+00
2.304306350610298981e+00
2.304305299690015740e+00
2.304304255263185386e+00
2.304297110474146759e+00
2.304300330443460609e+00
2.304292500499675711e+00
2.304319305665101236e+00
2.304321006222376678e+00
2.304319222435132541e+00
2.304318914087354564e+00
2.304323840487488617e+00
2.304323753809644160e+00
2.304322927113263031e+00
2.304319773479207356e+00
2.304324042677849516e+00
2.304324063516120180e+00
2.304323186673321366e+00
2.304325136989960221e+00
2.304332057361566211e+00
2.304332388619188432e+00
2.304335377183071021e+00
2.304335483934158546e+00
2.304335421898855873e+00
2.304341617870689252e+00
2.304338678263060824e+00
2.304336009623588755e+00
2.304330874445720934e+00
2.304325931242135361e+00
2.304325455101861042e+00
2.304336129441087788e+00
2.304340309734032921e+00
2.304339020534376115e+00
2.304335506815970103e+00
2.304339667973752448e+00
2.304339303855502230e+00
2.304336621141199970e+00
2.304337077192184946e+00
2.304337324795763031e+00
2.304337874374807082e+00
2.304334292126868355e+00
2.304332562571973053e+00
2.304334350824404964e+00
2.304335134190109269e+00
2.304336083435096771e+00
2.304338615317937489e+00
2.304341556758110254e+00
2.304342063712993660e+00
2.304341934973844541e+00
2.304342744860695902e+00
2.304343048287487150e+00
2.304343348110576173e+00
2.304343605842485321e+00
2.304343676108330907e+00
2.304343746848731111e+00
2.304343887905765165e+00
2.304343462078171534e+00
2.304343275261137691e+00
2.304343238416730166e+00
2.304343219691443956e+00
2.304343202285358050e+00
2.304343175278305900e+00
2.304342779012718889e+00
2.304342497359240571e+00
2.304342567035613243e+00
2.304341874729808115e+00
2.304341747378809480e+00
2.304341714328236534e+00
