8.127230405807495117e-02 6.511145234107971191e-01 2.651486396789550781e-01 6.936582326889038086e-01
6.815013885498046875e-01 3.422721028327941895e-01 7.080614566802978516e-01 8.017983436584472656e-01
7.482612133026123047e-01 7.644441127777099609e-01 4.773288965225219727e-01 9.921436309814453125e-01
8.296169638633728027e-01 3.165588974952697754e-01 2.227814197540283203e-01 6.318192481994628906e-01
4.514919519424438477e-01 2.570840120315551758e-01 8.002609014511108398e-02 6.846266984939575195e-02
8.800336122512817383e-01 5.932784080505371094e-01 6.620736122131347656e-01 1.215917468070983887e-01
6.449325680732727051e-01 3.579238057136535645e-01 4.665728211402893066e-01 9.168407320976257324e-01
7.869837880134582520e-01 6.136705279350280762e-01 1.120766997337341309e-01 7.908675670623779297e-01
6.842916011810302734e-01 3.772637248039245605e-01 6.029677391052246094e-01 5.571643114089965820e-01
6.369902491569519043e-01 8.332951068878173828e-01 2.725667357444763184e-01 7.368329167366027832e-01
1.000000000000000000e+00 0.000000000000000000e+00 0.000000000000000000e+00 9.908267833212313080e-01
9.777740996340493762e-01 0.000000000000000000e+00 5.575709389178566955e-01 1.784180549221229817e-01
9.893012146751948288e-01 3.015760659378886599e-01 9.154068760587450240e-03 1.000000000000000000e+00
8.070983260742410348e-01 7.839376324495431203e-02 1.150689786940592950e-02 8.722093246004394285e-01
8.017325310618945711e-01 6.329190513359220227e-02 3.009509444312996260e-02 8.227927980531246632e-01
8.208287231588669020e-01 8.470084624432220460e-03 2.191719504891559075e-02 5.241777915808126798e-01
1.000000000000000000e+00 1.025342961397831230e-02 1.123665519438502014e-02 5.594103069124325422e-01
9.973408277840360991e-01 0.000000000000000000e+00 0.000000000000000000e+00 5.870778685019909515e-01
9.929635859148118193e-01 1.047126257007405387e-01 0.000000000000000000e+00 5.202181642594952971e-01
9.848547383703109004e-01 2.871450412149048181e-03 1.480849661077887069e-01 4.715068243287041660e-01
9.374658992901988563e-01 1.891902053825538291e-02 1.925617273973651844e-01 5.034474967344217955e-01
9.423644454636368462e-01 1.069436555152781729e-02 1.919913125294404888e-01 4.061512918287006335e-01
1.000000000000000000e+00 1.243748184173150287e-03 7.582372484941114765e-02 4.372857682623602082e-01
9.951638068807157067e-01 4.543384111957904890e-03 0.000000000000000000e+00 2.458015462206199764e-01
9.943398215116541206e-01 0.000000000000000000e+00 0.000000000000000000e+00 3.758106416543038897e-01
8.032473704710517692e-01 7.069666275373838460e-02 0.000000000000000000e+00 2.447413347179014931e-01
9.806607801137177116e-01 0.000000000000000000e+00 7.493031594599481870e-01 1.461906021149993740e-01
6.662416536163937586e-01 3.652459283055788375e-01 9.046345977199264921e-01 7.785689274616057753e-01
9.896465167937817942e-01 4.838958617041932281e-03 3.099789544146915321e-01 2.067557089159247630e-01
0.000000000000000000e+00 6.043346802393245731e-01 1.000000000000000000e+00 4.445445962017560704e-02
1.000000000000000000e+00 3.097179937911756151e-02 2.524638927952875256e-01 0.000000000000000000e+00
8.792599144634755115e-01 5.325294070885546738e-01 6.504929960567910063e-01 1.515467846884080705e-01
7.626128614126465033e-01 1.000000000000000000e+00 3.388544219252399847e-02 1.000000000000000000e+00
5.548709483424859590e-01 1.960305489115331812e-01 5.784254047458482068e-02 1.119194188165281018e-01
1.000000000000000000e+00 1.155415166575269048e-01 3.245279823476524550e-01 5.458020678493813449e-01
1.000000000000000000e+00 1.236915808686003121e-01 1.159763454233930097e-02 8.548071262373412305e-01
8.245813056911548422e-01 1.694825396441426990e-01 3.636545815504561019e-01 6.975279709149044827e-01
9.180382727429883261e-01 1.824542415913204263e-01 2.354467590870076565e-01 4.706250448617887994e-01
9.710085431219153129e-01 2.698967735649746014e-01 5.822513887641216357e-01 5.919951018161648815e-01
9.677973074126662301e-01 2.541302123883067421e-01 7.360525583136846850e-02 1.230218828136106363e-01
9.271205114642344647e-01 4.337593564471476926e-01 7.338697343516511484e-01 6.642895037314013873e-01
8.794578034539782818e-01 5.834096346585205817e-01 7.761000015372745420e-01 7.571163473989979131e-01
1.193989089229033213e-01 7.504226775681512029e-02 6.823432014011214519e-02 6.292073519242779023e-01
8.930264894234083428e-01 1.842673320569134243e-01 5.097568650964331427e-01 2.964186170014716515e-01
9.256682170104229002e-01 3.360848860872461263e-01 3.326133821556989112e-01 3.960752107702946723e-01
9.569764596336206575e-01 6.393893288407977993e-01 3.852843529156699809e-01 3.217089590670936250e-01
9.438150937139498931e-01 8.399422869495642985e-02 5.343544865218968765e-01 3.655203102410471000e-02
9.706626363515058475e-01 2.052763903384230426e-01 5.367426196064636196e-02 1.790959360188305594e-01
7.649502714604277109e-01 3.989493880168677731e-02 1.559221494728152135e-01 8.079056028878318640e-01
8.869666064428870511e-01 2.745598847324716152e-01 3.997441478932312747e-02 6.957592687276058507e-01
7.876045599302359257e-01 1.029360834739996289e-01 1.333932695507273865e-03 1.009485528727717685e-01
7.072551946773250053e-01 2.595261002292151842e-01 2.088732124448764993e-01 9.374333985256939616e-01
7.621020751887918054e-01 0.000000000000000000e+00 2.709236072221248848e-01 4.081191229648851726e-01
5.113385862105538360e-01 2.061297991262587836e-01 7.739335951996730023e-02 1.699262396211468629e-01
2.982807403662730561e-01 2.954309282729201125e-01 1.471337004971881302e-01 3.223563583547884859e-01
2.497005349135145158e-01 3.728893267044415261e-01 1.284737717799698531e-01 3.241503969829243048e-02
3.694719304922996495e-01 2.622297771340692529e-01 1.299913340691794539e-01 2.775352496104702138e-01
4.758486721536735464e-01 1.779151360764491818e-01 1.543443184576138161e-01 3.698464162830684132e-01
7.056144472996361827e-01 3.917559038546589156e-02 1.821891339695782541e-01 9.274283129746209164e-01
9.637283824051400272e-01 5.042149141554164160e-01 2.769926765814839098e-01 5.795270300298036996e-05
