-2.819442082971291841e-01
1.116413386594390100e-01
6.465942006629775696e-01
6.113113913034249475e-02
-2.661220516802123570e-01
-3.956247368524198338e-01
4.297065211585782696e-01
-6.310737039805729420e-01
1.517917702737335561e-01
2.813724302516003584e-01
-9.053657495646859621e-01
5.915185406067100526e-01
-5.701989390697826954e-01
1.673650899595312824e-01
-3.137947403824351000e-01
-3.856873795956659023e-01
-5.042283961929998615e-01
-6.274561064640735708e-01
-1.714638500293169110e-01
-4.000436996530039591e-01
-1.769966865273074896e-01
-1.979370879252321247e-01
-5.701760386469217901e-01
-9.892823586522646664e-03
-7.626664195905615007e-02
-5.169758516387972236e-01
2.211661188745692730e-01
3.496870858045366681e-01
8.143837058738195855e-02
7.980732269455844685e-01
3.919446294236394457e-01
-6.905324582831276481e-02
-1.064703490540944486e+00
7.479588485265206699e-02
-4.766100866206028353e-01
1.252574059876698787e-01
-1.260968248970946171e-01
-2.398780262514551009e-01
-1.380672287841384349e-01
-2.914548549302988789e-01
-4.058146551206271990e-01
2.227106201243642808e-03
-2.456975839324829769e-01
2.532659909310803342e-02
-5.911874607461788944e-01
5.881561777218080600e-01
-7.091297622845710302e-01
-3.988768279612284751e-01
-4.725168366041920809e-01
-3.097989974874859054e-01
1.238350838525028169e-01
-4.532092235577093176e-01
9.514427498140558270e-02
-9.340198020889997066e-01
6.564995320324648609e-02
-3.389207293058856818e-01
-6.737647802264351560e-01
-2.364193392408821953e-02
4.292036615690175694e-01
-1.354696391224010643e-01
