7.504850228217183616e-01
7.504850228217183616e-01
7.504850228217183616e-01
7.504850228217183616e-01
7.504850228217183616e-01
7.504850228217183616e-01
7.504850228217183616e-01
1.003172600849782992e+00
1.003172600849782992e+00
1.003172600849782992e+00
1.003172600849782992e+00
1.003172600849782992e+00
1.003172600849782992e+00
1.003172600849782992e+00
1.003172600849782992e+00
1.003172600849782992e+00
1.003172600849782992e+00
1.003172600849782992e+00
1.003172600849782992e+00
1.003172600849782992e+00
1.003172600849782992e+00
1.003172600849782992e+00
1.003172600849782992e+00
1.001314946023704966e+00
1.001314946023704966e+00
1.003172600849782992e+00
1.003172600849782992e+00
1.003172600849782992e+00
1.003172600849782992e+00
1.003172600849782992e+00
1.003172600849782992e+00
1.003172600849782992e+00
1.003172600849782992e+00
1.003172600849782992e+00
1.003172600849782992e+00
1.003172600849782992e+00
1.003172600849782992e+00
1.174093803913929257e+00
1.174093803913929257e+00
1.174093803913929257e+00
1.174093803913929257e+00
1.174093803913929257e+00
1.174093803913929257e+00
1.174093803913929257e+00
1.174093803913929257e+00
1.174093803913929257e+00
1.174093803913929257e+00
1.174093803913929257e+00
1.174093803913929257e+00
1.174093803913929257e+00
1.174093803913929257e+00
1.174093803913929257e+00
1.288889953153434131e+00
1.288889953153434131e+00
1.288889953153434131e+00
1.288889953153434131e+00
1.288889953153434131e+00
1.288889953153434131e+00
1.288889953153434131e+00
1.288889953153434131e+00
1.288889953153434131e+00
1.288889953153434131e+00
1.288889953153434131e+00
1.288889953153434131e+00
1.288889953153434131e+00
1.288889953153434131e+00
1.288889953153434131e+00
1.288889953153434131e+00
1.288889953153434131e+00
1.288889953153434131e+00
1.288889953153434131e+00
1.288889953153434131e+00
1.288889953153434131e+00
1.288889953153434131e+00
1.288889953153434131e+00
1.288889953153434131e+00
1.288889953153434131e+00
1.307893108914742530e+00
1.307893108914742530e+00
1.307893108914742530e+00
1.307893108914742530e+00
1.307893108914742530e+00
1.307893108914742530e+00
1.307893108914742530e+00
1.307893108914742530e+00
1.307893108914742530e+00
1.307893108914742530e+00
1.307893108914742530e+00
1.307893108914742530e+00
1.307893108914742530e+00
1.307893108914742530e+00
1.307893108914742530e+00
1.307893108914742530e+00
1.307893108914742530e+00
1.307893108914742530e+00
1.307893108914742530e+00
1.307893108914742530e+00
1.307893108914742530e+00
1.307893108914742530e+00
1.307893108914742530e+00
