1.000000000000000000e+00 1.000000000000000000e+00 0.000000000000000000e+00 0.000000000000000000e+00 1.000000000000000000e+00 1.000000000000000000e+00
1.000000000000000000e+00 1.000000000000000000e+00 0.000000000000000000e+00 0.000000000000000000e+00 8.944266093427768460e-01 0.000000000000000000e+00
1.000000000000000000e+00 1.000000000000000000e+00 0.000000000000000000e+00 0.000000000000000000e+00 8.512602077664239708e-01 1.000000000000000000e+00
0.000000000000000000e+00 0.000000000000000000e+00 0.000000000000000000e+00 1.000000000000000000e+00 7.912059210667587994e-01 0.000000000000000000e+00
0.000000000000000000e+00 6.459455133857574527e-01 0.000000000000000000e+00 1.000000000000000000e+00 7.772577921698902159e-01 0.000000000000000000e+00
0.000000000000000000e+00 1.000000000000000000e+00 0.000000000000000000e+00 0.000000000000000000e+00 9.519813073277219040e-01 0.000000000000000000e+00
0.000000000000000000e+00 9.527985394196901714e-01 6.816276173599302712e-01 0.000000000000000000e+00 0.000000000000000000e+00 8.949353822115929669e-02
0.000000000000000000e+00 1.000000000000000000e+00 6.100069404389446559e-01 0.000000000000000000e+00 0.000000000000000000e+00 1.545772077021366486e-01
0.000000000000000000e+00 6.420922694954570575e-01 1.000000000000000000e+00 0.000000000000000000e+00 0.000000000000000000e+00 2.407947447082688652e-01
0.000000000000000000e+00 1.000000000000000000e+00 5.740927070910205599e-01 0.000000000000000000e+00 0.000000000000000000e+00 0.000000000000000000e+00
0.000000000000000000e+00 1.000000000000000000e+00 5.678191091118611755e-01 0.000000000000000000e+00 0.000000000000000000e+00 0.000000000000000000e+00
0.000000000000000000e+00 0.000000000000000000e+00 8.999515221917614438e-01 8.834294272859632979e-01 0.000000000000000000e+00 0.000000000000000000e+00
0.000000000000000000e+00 0.000000000000000000e+00 9.037204221455433784e-01 2.245854418633217997e-01 0.000000000000000000e+00 0.000000000000000000e+00
2.756506004931709095e-02 0.000000000000000000e+00 9.364738907185764516e-01 0.000000000000000000e+00 0.000000000000000000e+00 0.000000000000000000e+00
0.000000000000000000e+00 0.000000000000000000e+00 6.543033882642919075e-01 4.159384369875707699e-01 0.000000000000000000e+00 0.000000000000000000e+00
0.000000000000000000e+00 0.000000000000000000e+00 1.000000000000000000e+00 9.491230107233716851e-02 0.000000000000000000e+00 0.000000000000000000e+00
0.000000000000000000e+00 0.000000000000000000e+00 9.449922595473316811e-01 2.669558098799927892e-01 0.000000000000000000e+00 0.000000000000000000e+00
0.000000000000000000e+00 0.000000000000000000e+00 9.545416548108065502e-01 2.629793475788831381e-01 0.000000000000000000e+00 0.000000000000000000e+00
0.000000000000000000e+00 0.000000000000000000e+00 1.000000000000000000e+00 2.499711065364551565e-01 0.000000000000000000e+00 0.000000000000000000e+00
0.000000000000000000e+00 0.000000000000000000e+00 9.903101374611948948e-01 2.509436655197727628e-01 0.000000000000000000e+00 0.000000000000000000e+00
1.156971519318931718e-01 0.000000000000000000e+00 1.000000000000000000e+00 2.659420469043285440e-01 0.000000000000000000e+00 0.000000000000000000e+00
1.051910951023011936e-01 0.000000000000000000e+00 1.000000000000000000e+00 2.617405005717616251e-01 0.000000000000000000e+00 0.000000000000000000e+00
9.164779709547946074e-02 0.000000000000000000e+00 1.000000000000000000e+00 2.529664048411749411e-01 0.000000000000000000e+00 0.000000000000000000e+00
7.259334015089750902e-02 0.000000000000000000e+00 1.000000000000000000e+00 2.504492494559085736e-01 0.000000000000000000e+00 0.000000000000000000e+00
8.239292821921267995e-02 0.000000000000000000e+00 1.000000000000000000e+00 2.530541361394826883e-01 0.000000000000000000e+00 0.000000000000000000e+00
0.000000000000000000e+00 0.000000000000000000e+00 1.000000000000000000e+00 2.477947368745488377e-01 0.000000000000000000e+00 0.000000000000000000e+00
1.270961955097463236e-01 0.000000000000000000e+00 1.000000000000000000e+00 2.729238362495092218e-01 0.000000000000000000e+00 0.000000000000000000e+00
1.199655453591619986e-01 0.000000000000000000e+00 1.000000000000000000e+00 2.708370308468846521e-01 0.000000000000000000e+00 0.000000000000000000e+00
1.215346357394182092e-01 0.000000000000000000e+00 1.000000000000000000e+00 2.704917963521041302e-01 0.000000000000000000e+00 0.000000000000000000e+00
1.176087041447935050e-01 0.000000000000000000e+00 1.000000000000000000e+00 2.704298599343176734e-01 0.000000000000000000e+00 0.000000000000000000e+00
1.242905108628516025e-01 0.000000000000000000e+00 1.000000000000000000e+00 2.698696405060568293e-01 0.000000000000000000e+00 0.000000000000000000e+00
1.244279369907409227e-01 0.000000000000000000e+00 1.000000000000000000e+00 2.710472733398255896e-01 0.000000000000000000e+00 0.000000000000000000e+00
7.750532413651761710e-02 0.000000000000000000e+00 1.000000000000000000e+00 2.621500599158734235e-01 0.000000000000000000e+00 0.000000000000000000e+00
6.680609697746413278e-02 0.000000000000000000e+00 1.000000000000000000e+00 2.609341876508706748e-01 0.000000000000000000e+00 0.000000000000000000e+00
6.034764855966227859e-02 0.000000000000000000e+00 1.000000000000000000e+00 2.617764468726626603e-01 0.000000000000000000e+00 0.000000000000000000e+00
5.107728783378784332e-02 0.000000000000000000e+00 1.000000000000000000e+00 2.584347726903115094e-01 0.000000000000000000e+00 0.000000000000000000e+00
5.908565789899886123e-02 0.000000000000000000e+00 1.000000000000000000e+00 2.592103220818825493e-01 0.000000000000000000e+00 0.000000000000000000e+00
0.000000000000000000e+00 1.000000000000000000e+00 0.000000000000000000e+00 0.000000000000000000e+00 0.000000000000000000e+00 5.408703634496413448e-01
0.000000000000000000e+00 1.000000000000000000e+00 0.000000000000000000e+00 0.000000000000000000e+00 0.000000000000000000e+00 5.176327980723488542e-01
0.000000000000000000e+00 1.000000000000000000e+00 0.000000000000000000e+00 0.000000000000000000e+00 0.000000000000000000e+00 4.890057996799454521e-01
0.000000000000000000e+00 1.000000000000000000e+00 0.000000000000000000e+00 0.000000000000000000e+00 0.000000000000000000e+00 4.934222387525372677e-01
0.000000000000000000e+00 1.000000000000000000e+00 0.000000000000000000e+00 0.000000000000000000e+00 0.000000000000000000e+00 4.900580800853862606e-01
0.000000000000000000e+00 1.000000000000000000e+00 0.000000000000000000e+00 2.464688695927960693e-02 0.000000000000000000e+00 5.065735159422207756e-01
0.000000000000000000e+00 1.000000000000000000e+00 0.000000000000000000e+00 0.000000000000000000e+00 0.000000000000000000e+00 5.031223569033126397e-01
0.000000000000000000e+00 1.000000000000000000e+00 0.000000000000000000e+00 0.000000000000000000e+00 0.000000000000000000e+00 5.951318497390101214e-01
0.000000000000000000e+00 0.000000000000000000e+00 1.000000000000000000e+00 2.550683933791560998e-01 3.290860746834861628e-01 0.000000000000000000e+00
0.000000000000000000e+00 1.000000000000000000e+00 0.000000000000000000e+00 0.000000000000000000e+00 0.000000000000000000e+00 6.310129272181086435e-01
0.000000000000000000e+00 1.000000000000000000e+00 0.000000000000000000e+00 0.000000000000000000e+00 0.000000000000000000e+00 6.441226850681185390e-01
0.000000000000000000e+00 1.000000000000000000e+00 0.000000000000000000e+00 0.000000000000000000e+00 0.000000000000000000e+00 6.397391295337647721e-01
0.000000000000000000e+00 0.000000000000000000e+00 1.000000000000000000e+00 2.620028205901301366e-01 4.384157625103172751e-01 0.000000000000000000e+00
0.000000000000000000e+00 1.000000000000000000e+00 0.000000000000000000e+00 0.000000000000000000e+00 0.000000000000000000e+00 6.532727783454422843e-01
0.000000000000000000e+00 0.000000000000000000e+00 1.000000000000000000e+00 2.568910457884079346e-01 4.441493862218330313e-01 0.000000000000000000e+00
0.000000000000000000e+00 0.000000000000000000e+00 1.000000000000000000e+00 2.572143347137921254e-01 4.453140388987191778e-01 0.000000000000000000e+00
0.000000000000000000e+00 0.000000000000000000e+00 1.000000000000000000e+00 2.957540072665841846e-01 4.370516253865497358e-01 0.000000000000000000e+00
0.000000000000000000e+00 1.000000000000000000e+00 0.000000000000000000e+00 0.000000000000000000e+00 0.000000000000000000e+00 6.803724490858795715e-01
0.000000000000000000e+00 0.000000000000000000e+00 1.000000000000000000e+00 3.049007038098416333e-01 4.351906164634237739e-01 0.000000000000000000e+00
0.000000000000000000e+00 0.000000000000000000e+00 1.000000000000000000e+00 2.958637362581391650e-01 4.380503205040873205e-01 0.000000000000000000e+00
0.000000000000000000e+00 0.000000000000000000e+00 1.000000000000000000e+00 2.951641991183223124e-01 4.357507687310733235e-01 0.000000000000000000e+00
0.000000000000000000e+00 1.000000000000000000e+00 0.000000000000000000e+00 0.000000000000000000e+00 0.000000000000000000e+00 6.731076880789933492e-01
0.000000000000000000e+00 0.000000000000000000e+00 1.000000000000000000e+00 2.977076088343807436e-01 4.453354719848304222e-01 0.000000000000000000e+00
0.000000000000000000e+00 1.000000000000000000e+00 0.000000000000000000e+00 0.000000000000000000e+00 0.000000000000000000e+00 6.786743279843053811e-01
0.000000000000000000e+00 1.000000000000000000e+00 0.000000000000000000e+00 0.000000000000000000e+00 0.000000000000000000e+00 6.794733949846893939e-01
0.000000000000000000e+00 0.000000000000000000e+00 1.000000000000000000e+00 2.996925223628528756e-01 4.489278657504036651e-01 0.000000000000000000e+00
0.000000000000000000e+00 0.000000000000000000e+00 1.000000000000000000e+00 3.007688065564492197e-01 4.498802245193324612e-01 0.000000000000000000e+00
0.000000000000000000e+00 0.000000000000000000e+00 1.000000000000000000e+00 3.005686230977865914e-01 4.492740525775290594e-01 0.000000000000000000e+00
0.000000000000000000e+00 1.000000000000000000e+00 0.000000000000000000e+00 0.000000000000000000e+00 0.000000000000000000e+00 6.851421905988624994e-01
0.000000000000000000e+00 1.000000000000000000e+00 0.000000000000000000e+00 0.000000000000000000e+00 0.000000000000000000e+00 7.091318049930753764e-01
0.000000000000000000e+00 1.000000000000000000e+00 0.000000000000000000e+00 0.000000000000000000e+00 0.000000000000000000e+00 7.075769581739355107e-01
0.000000000000000000e+00 1.000000000000000000e+00 0.000000000000000000e+00 0.000000000000000000e+00 0.000000000000000000e+00 7.061156296939334887e-01
0.000000000000000000e+00 4.777771867191062116e-03 1.000000000000000000e+00 3.202919583246957580e-01 4.561866497600766124e-01 0.000000000000000000e+00
0.000000000000000000e+00 1.000000000000000000e+00 0.000000000000000000e+00 0.000000000000000000e+00 0.000000000000000000e+00 7.219751706999644192e-01
0.000000000000000000e+00 4.337218944108836571e-02 1.000000000000000000e+00 3.179616254183473822e-01 4.489683081794237918e-01 0.000000000000000000e+00
0.000000000000000000e+00 1.000000000000000000e+00 0.000000000000000000e+00 0.000000000000000000e+00 0.000000000000000000e+00 7.167215747896639177e-01
0.000000000000000000e+00 1.000000000000000000e+00 0.000000000000000000e+00 0.000000000000000000e+00 0.000000000000000000e+00 7.698412928663164179e-01
0.000000000000000000e+00 0.000000000000000000e+00 1.000000000000000000e+00 2.736094216930334833e-01 5.457607114150843097e-01 0.000000000000000000e+00
0.000000000000000000e+00 1.000000000000000000e+00 0.000000000000000000e+00 0.000000000000000000e+00 0.000000000000000000e+00 7.944656971099544052e-01
0.000000000000000000e+00 0.000000000000000000e+00 1.000000000000000000e+00 2.635460471137753835e-01 5.553325463747701418e-01 0.000000000000000000e+00
0.000000000000000000e+00 1.267794169544805144e-02 1.000000000000000000e+00 2.910069762698689888e-01 5.100039949058228217e-01 0.000000000000000000e+00
0.000000000000000000e+00 0.000000000000000000e+00 1.000000000000000000e+00 2.855647958290595811e-01 5.236492498015585806e-01 0.000000000000000000e+00
0.000000000000000000e+00 0.000000000000000000e+00 1.000000000000000000e+00 2.685845235141445242e-01 5.522387317772128323e-01 0.000000000000000000e+00
0.000000000000000000e+00 1.000000000000000000e+00 0.000000000000000000e+00 0.000000000000000000e+00 0.000000000000000000e+00 7.639672381736953843e-01
0.000000000000000000e+00 1.000000000000000000e+00 0.000000000000000000e+00 0.000000000000000000e+00 0.000000000000000000e+00 7.696380520248909951e-01
0.000000000000000000e+00 1.000000000000000000e+00 0.000000000000000000e+00 0.000000000000000000e+00 0.000000000000000000e+00 7.674544629445262389e-01
5.172628817064108681e-02 0.000000000000000000e+00 1.000000000000000000e+00 2.870005724356181065e-01 5.510864646359975305e-01 0.000000000000000000e+00
5.144802658136903017e-02 0.000000000000000000e+00 1.000000000000000000e+00 2.855580105433816462e-01 5.521973761927316815e-01 0.000000000000000000e+00
0.000000000000000000e+00 1.000000000000000000e+00 0.000000000000000000e+00 0.000000000000000000e+00 0.000000000000000000e+00 7.673640181823921935e-01
0.000000000000000000e+00 1.000000000000000000e+00 0.000000000000000000e+00 0.000000000000000000e+00 0.000000000000000000e+00 7.674580690562129437e-01
0.000000000000000000e+00 1.000000000000000000e+00 0.000000000000000000e+00 0.000000000000000000e+00 0.000000000000000000e+00 7.654190937836760078e-01
0.000000000000000000e+00 1.000000000000000000e+00 0.000000000000000000e+00 0.000000000000000000e+00 0.000000000000000000e+00 7.798035496501665165e-01
0.000000000000000000e+00 1.000000000000000000e+00 0.000000000000000000e+00 0.000000000000000000e+00 0.000000000000000000e+00 7.788781207037314136e-01
0.000000000000000000e+00 1.000000000000000000e+00 0.000000000000000000e+00 0.000000000000000000e+00 0.000000000000000000e+00 7.795334721304509884e-01
4.348207760864433030e-02 0.000000000000000000e+00 1.000000000000000000e+00 2.381764885005675236e-01 5.670506328374307348e-01 0.000000000000000000e+00
3.655082403254886897e-02 0.000000000000000000e+00 1.000000000000000000e+00 2.306501798984299523e-01 5.788269221029723743e-01 0.000000000000000000e+00
0.000000000000000000e+00 1.000000000000000000e+00 0.000000000000000000e+00 0.000000000000000000e+00 0.000000000000000000e+00 7.821354470769776857e-01
0.000000000000000000e+00 1.000000000000000000e+00 0.000000000000000000e+00 0.000000000000000000e+00 0.000000000000000000e+00 7.822402515278619184e-01
0.000000000000000000e+00 1.000000000000000000e+00 0.000000000000000000e+00 0.000000000000000000e+00 0.000000000000000000e+00 7.825265879679067504e-01
3.436309365766161694e-02 0.000000000000000000e+00 1.000000000000000000e+00 2.360577639999511257e-01 5.134978841480209999e-01 0.000000000000000000e+00
0.000000000000000000e+00 1.000000000000000000e+00 0.000000000000000000e+00 0.000000000000000000e+00 0.000000000000000000e+00 7.937456353352262406e-01
3.069346298611573196e-02 0.000000000000000000e+00 1.000000000000000000e+00 2.082677491356680899e-01 4.896990945419678054e-01 0.000000000000000000e+00
4.113712332706690594e-02 0.000000000000000000e+00 1.000000000000000000e+00 2.131912151080316564e-01 4.825747348940993553e-01 0.000000000000000000e+00
