9.475475513005313655e-01
1.133071014859409420e+00
1.120754658662930225e+00
1.600526236039595984e+00
1.603240669949531627e+00
1.608153196764319226e+00
1.613190153958479867e+00
1.613591945201077849e+00
1.612299995076180936e+00
1.612456402323708682e+00
1.611476539496350169e+00
1.610410510714934240e+00
1.612813231111344781e+00
1.612924624190690714e+00
1.612920340928478913e+00
1.612917499625451168e+00
1.612908690426182012e+00
1.612875325764186130e+00
1.612818902886388406e+00
1.612853646411595010e+00
1.612852367133064568e+00
1.612861770345945356e+00
1.612869656484284153e+00
1.612890831176337247e+00
1.612893047388670897e+00
1.612924587482946537e+00
1.612902593924857575e+00
1.612906291702802086e+00
1.612894473547781926e+00
1.612736023836793597e+00
1.612796418161292600e+00
1.612742538853297658e+00
1.612728971746165918e+00
1.532696921016960534e+00
1.615591042503776498e+00
1.612918286981997351e+00
1.615601057029955268e+00
1.616187501266311610e+00
1.561965178528770259e+00
1.628824997411344677e+00
1.629395080667118023e+00
1.627937022146997315e+00
1.628793353356350782e+00
1.630917981981850229e+00
1.631247690272652262e+00
1.631275487125239954e+00
1.631289996298165956e+00
1.631047511273175710e+00
1.631052943426086310e+00
1.631022367206242274e+00
