5.595726966857910156e-01 7.852271199226379395e-01 7.215504050254821777e-01 2.617555856704711914e-02 8.858466744422912598e-01 7.948873043060302734e-01
9.757944345474243164e-01 6.918835639953613281e-02 7.506934404373168945e-01 2.512764930725097656e-02 5.060763955116271973e-01 1.478533148765563965e-01
2.838099598884582520e-01 8.428621292114257812e-01 4.563690423965454102e-01 4.687837362289428711e-01 7.893096208572387695e-01 2.154088020324707031e-01
9.097877144813537598e-01 8.963951468467712402e-01 2.175081968307495117e-01 5.586316585540771484e-01 9.244333505630493164e-01 5.012172460556030273e-02
2.249714136123657227e-01 8.354011178016662598e-01 5.062842965126037598e-01 1.628310084342956543e-01 6.843600273132324219e-01 6.554420590400695801e-01
5.212765932083129883e-02 3.192332386970520020e-01 6.433543562889099121e-01 7.036586403846740723e-01 1.474053859710693359e-01 9.191815257072448730e-01
4.598016738891601562e-01 3.657703995704650879e-01 3.950800895690917969e-01 9.996491074562072754e-01 1.363690495491027832e-01 2.371909618377685547e-01
3.220833539962768555e-01 9.397323727607727051e-01 9.261704087257385254e-01 7.897424697875976562e-02 8.608418107032775879e-01 7.589696645736694336e-01
4.656497836112976074e-01 5.810476541519165039e-01 3.291624188423156738e-01 1.544829607009887695e-01 1.356313824653625488e-01 4.996126890182495117e-01
5.096760988235473633e-01 7.280666828155517578e-01 9.961962699890136719e-03 6.479392051696777344e-01 4.088993668556213379e-01 5.951897501945495605e-01
9.998530084994210476e-01 9.546355661923154878e-01 1.000000000000000000e+00 0.000000000000000000e+00 0.000000000000000000e+00 0.000000000000000000e+00
1.000000000000000000e+00 1.314205600490961634e-01 9.936627847275874004e-01 1.540004674780680663e-02 2.096363940032692011e-02 2.229554324520443068e-02
1.000000000000000000e+00 1.000000000000000000e+00 9.069512146431137900e-01 8.543390456581136938e-01 0.000000000000000000e+00 0.000000000000000000e+00
1.000000000000000000e+00 8.151542928336563687e-01 9.949854746698792995e-01 1.206881767996079852e-02 0.000000000000000000e+00 0.000000000000000000e+00
9.737358381517980943e-01 5.378235142463361207e-01 8.492102512228297817e-01 2.250114794729159706e-01 3.434934188518089931e-02 1.080884120167644076e-02
9.794852512884336670e-01 0.000000000000000000e+00 8.923665611646554030e-01 6.818691592326149575e-02 1.310190469439684591e-01 6.174297236390632881e-02
9.020362579303529138e-01 3.737403812596587493e-01 6.886417963854816193e-01 3.387830194912437587e-02 7.545374779177458358e-01 3.524937691637478610e-01
9.912917193943088234e-01 9.393006711314184631e-01 9.909031539284196555e-01 2.641852959197992304e-02 2.742663905762884879e-01 0.000000000000000000e+00
9.988218917555790055e-01 8.736073280421248199e-01 1.000000000000000000e+00 3.176806080893595542e-03 1.175354684295669000e-01 1.494697665263383353e-03
1.000000000000000000e+00 7.782605340852624121e-01 9.935337587529616821e-01 2.276861675593497975e-02 2.538754166413825265e-03 2.289037475275709499e-01
9.986278115941878974e-01 8.776846393157696768e-01 9.995911512090167594e-01 0.000000000000000000e+00 9.335625251617826748e-02 1.838163237616584900e-01
1.000000000000000000e+00 6.930839238821935311e-01 9.695644455924498084e-01 1.007521057358495564e-01 1.227487291145798742e-01 4.416108177818005576e-01
1.000000000000000000e+00 8.537255413960274097e-01 9.973732665434268396e-01 3.674154311254428373e-01 8.071629102757570118e-03 3.366596982591147369e-01
1.000000000000000000e+00 7.648385517909931375e-01 1.000000000000000000e+00 9.645150650580098795e-01 6.681770467478147409e-03 6.538489516921831557e-01
9.977264445246653013e-01 8.142879001332550271e-01 9.724287247572680482e-01 3.728031241633790183e-01 1.964306446637854517e-02 4.398665501207292827e-01
9.935926133189357801e-01 6.230820339058568136e-01 9.795656558201957242e-01 4.733049431310820676e-01 7.134314674661193338e-03 1.972570529956681473e-01
2.885235323346234670e-01 4.452153709928237668e-01 9.907577483056156931e-01 4.043644074565517221e-01 1.520321000970887952e-02 1.582766201674824513e-01
3.226390083993189162e-01 9.134653524472441388e-01 8.440242505503353643e-01 7.847799732652167848e-02 8.480376868327430540e-01 7.599985246906719727e-01
9.911728728663100618e-01 7.725592070553092272e-01 9.984825927405339696e-01 5.162397292553666528e-01 1.225067000230324046e-03 4.330731326666249770e-02
9.614681917295786473e-01 7.521830574637108358e-01 1.000000000000000000e+00 6.803195911749438940e-01 1.315404125415956839e-02 2.446306493910870572e-01
9.561479864664447215e-01 1.565791000967989566e-01 9.828116037285726803e-01 7.759918099503320121e-01 3.168836989340790417e-02 4.594733307285697038e-02
1.000000000000000000e+00 6.779978749306498909e-01 1.000000000000000000e+00 4.881340382482203810e-01 2.939337461153577330e-03 0.000000000000000000e+00
4.995036702289712971e-01 8.800423143981674912e-01 7.314922335176455848e-01 1.092620087571993664e-01 6.816231484162520449e-01 6.208396920540206754e-01
9.941239277878026748e-01 9.210203855801107897e-01 1.000000000000000000e+00 4.754445847022465976e-01 7.147792005380510308e-03 2.791058899273434271e-02
9.677537001534332051e-01 8.067517148891277801e-01 9.892266943385910061e-01 4.359248398076200348e-01 3.771653226420680627e-02 1.078035689298441485e-01
9.471075606248792189e-01 2.918562742129527932e-01 9.610459669366983038e-01 9.506188743391918994e-01 6.077236107323074066e-01 4.484628879921909728e-01
1.000000000000000000e+00 9.026450577721225610e-01 1.000000000000000000e+00 4.539291166092455643e-01 1.770598434325243442e-01 1.328030464917066833e-02
8.137944901201804582e-01 8.478452903210704772e-01 9.945676248983752465e-01 4.218641633189754714e-01 0.000000000000000000e+00 3.924516976576589850e-02
6.789447221752975548e-01 1.000000000000000000e+00 9.672782186498746215e-01 3.202614221050237298e-01 1.101431624871359871e-01 8.628257273925024617e-02
6.317121265957927889e-01 9.979260957064477466e-01 9.981658750599414764e-01 5.447718730521513564e-01 7.521679214409150022e-03 7.806875671310021907e-03
9.021483525631861511e-01 9.456610606407862829e-02 2.766564750859859534e-01 9.168972969633633063e-01 0.000000000000000000e+00 8.691699302736409782e-01
7.863053632906846779e-01 9.714071567897446524e-01 1.000000000000000000e+00 4.244953148982277824e-01 1.497620289946182022e-02 8.149051761210875100e-02
6.551415274334770888e-01 9.946479581954372762e-01 9.175535224298232428e-01 3.066643200257110902e-01 2.117760912042226107e-01 1.709571504951369059e-01
4.705499320444639921e-01 1.000000000000000000e+00 9.426250987804511983e-01 2.358043380450185744e-01 1.940551827399515095e-01 1.670213146234812984e-01
9.793167750955985573e-01 6.787268069919248914e-01 9.932204755007972841e-01 8.247806718452771468e-01 5.661924862607134457e-02 3.837650221292330244e-01
0.000000000000000000e+00 3.348173787098169263e-01 9.854373935145098740e-01 3.802808909205456778e-01 1.219674216629429604e-02 1.748944477467733738e-01
5.464037464674224021e-01 7.862016928154272333e-02 9.453258925317029604e-01 9.608982075979902726e-01 4.595130463345401678e-02 8.142481560421325204e-01
7.912606854691102143e-01 2.695911705435598965e-02 9.649905520840434958e-01 9.694474706464811797e-01 8.185102167342809404e-03 9.338484025098835462e-01
6.225864246443115757e-01 4.032763323764531060e-01 9.816478782511797174e-01 4.463650246136984245e-01 2.791022704835569371e-02 2.036059816476749607e-01
8.912462810437842275e-01 2.803262580194701981e-01 9.638335014871316497e-01 8.582207985153221808e-01 6.655305070929773414e-01 3.992972071603202999e-01
8.669047621726109210e-01 9.293006985441525369e-01 9.403801364644173155e-01 3.948036003319383425e-01 6.679793127172950484e-02 3.777770506928214700e-01
9.961292714489257405e-02 9.362768362530333732e-01 7.386593934992293775e-01 1.737203178710683693e-01 4.006639079408559345e-01 4.258024484904446294e-01
8.908220063205839478e-01 6.559489716874863929e-02 9.414659336059848505e-01 9.330771427425458286e-01 1.000000000000000000e+00 5.141914182246640763e-01
7.578772422695030375e-01 9.961512224681757788e-01 5.119271479689125881e-01 5.588003589470215138e-01 1.726652826780244177e-01 5.911520876005380565e-01
4.949830736799608610e-01 6.986787614944872660e-01 0.000000000000000000e+00 6.568276482561091756e-01 4.190550571259234469e-01 5.840514125615917651e-01
9.583692079631755956e-01 8.932820105314347447e-01 8.840365046265631355e-01 3.620297758316178283e-01 4.936020983110631782e-02 1.000000000000000000e+00
2.020980951648941593e-01 7.132590746791098724e-01 1.799551833039429449e-01 2.049390452039756005e-01 7.051925073211653405e-01 7.167884949468108502e-01
1.000000000000000000e+00 4.548944568746782213e-01 9.066719855938364381e-01 1.033639050680736915e-01 3.753514852066257568e-01 9.611560230577244068e-01
4.788463948030783346e-01 8.110362424061648423e-02 5.263055459151475546e-01 9.277108241692583190e-01 8.562020477689709086e-01 1.000000000000000000e+00
8.672783376440711400e-01 3.074204313798796842e-02 7.967309526734130953e-01 9.589217727619218090e-01 0.000000000000000000e+00 9.403558900541080234e-01
