1.000000000000000000e+00 1.000000000000000000e+00 1.000000000000000000e+00 0.000000000000000000e+00 0.000000000000000000e+00 0.000000000000000000e+00
1.000000000000000000e+00 1.000000000000000000e+00 1.000000000000000000e+00 0.000000000000000000e+00 0.000000000000000000e+00 0.000000000000000000e+00
1.000000000000000000e+00 1.000000000000000000e+00 1.000000000000000000e+00 4.847049671207211974e-01 0.000000000000000000e+00 0.000000000000000000e+00
1.000000000000000000e+00 9.052200774595701160e-01 1.000000000000000000e+00 0.000000000000000000e+00 0.000000000000000000e+00 0.000000000000000000e+00
1.000000000000000000e+00 8.643165487602918473e-01 1.000000000000000000e+00 0.000000000000000000e+00 0.000000000000000000e+00 0.000000000000000000e+00
1.000000000000000000e+00 8.649153544528291881e-01 1.000000000000000000e+00 0.000000000000000000e+00 0.000000000000000000e+00 0.000000000000000000e+00
1.000000000000000000e+00 8.698632615995375295e-01 1.000000000000000000e+00 0.000000000000000000e+00 0.000000000000000000e+00 0.000000000000000000e+00
1.000000000000000000e+00 8.725971587754800529e-01 1.000000000000000000e+00 0.000000000000000000e+00 1.075868348955692361e-01 0.000000000000000000e+00
1.000000000000000000e+00 8.678695485684679856e-01 1.000000000000000000e+00 0.000000000000000000e+00 1.112478894766802569e-02 0.000000000000000000e+00
1.000000000000000000e+00 8.122719659309920459e-01 1.000000000000000000e+00 0.000000000000000000e+00 0.000000000000000000e+00 2.550889437572688712e-01
1.000000000000000000e+00 8.295598765416350995e-01 1.000000000000000000e+00 0.000000000000000000e+00 0.000000000000000000e+00 1.660856766302279963e-01
1.000000000000000000e+00 8.312159392702224148e-01 1.000000000000000000e+00 0.000000000000000000e+00 0.000000000000000000e+00 1.689772719340415508e-01
1.000000000000000000e+00 8.348714864716477724e-01 1.000000000000000000e+00 0.000000000000000000e+00 0.000000000000000000e+00 1.780743923936646822e-01
9.885533940281520104e-01 7.758623859339143225e-01 1.000000000000000000e+00 6.339780930041298834e-01 0.000000000000000000e+00 3.935448617643823588e-01
9.215627277918159166e-01 8.829490158887922657e-01 1.000000000000000000e+00 3.809295037857289845e-01 0.000000000000000000e+00 1.804325952538943512e-01
7.224339952928394704e-01 7.541757653098136727e-01 1.000000000000000000e+00 3.997680255293673546e-01 0.000000000000000000e+00 1.359315405530261145e-01
7.301941414101225103e-01 6.903786426185765102e-01 1.000000000000000000e+00 4.325717785075224309e-01 0.000000000000000000e+00 1.341402770276552137e-01
1.000000000000000000e+00 7.729212167257489829e-01 1.000000000000000000e+00 4.342626047582400783e-01 0.000000000000000000e+00 1.231388270482622893e-01
1.000000000000000000e+00 7.626257710902605291e-01 1.000000000000000000e+00 4.400584411920513972e-01 0.000000000000000000e+00 1.146779722659951595e-01
1.000000000000000000e+00 6.921923121932690437e-01 1.000000000000000000e+00 5.280727380882296318e-01 0.000000000000000000e+00 0.000000000000000000e+00
1.000000000000000000e+00 6.829037865444428368e-01 1.000000000000000000e+00 5.066081925156982191e-01 0.000000000000000000e+00 0.000000000000000000e+00
1.000000000000000000e+00 7.486180265460651295e-01 1.000000000000000000e+00 4.707037522334147073e-01 0.000000000000000000e+00 0.000000000000000000e+00
1.000000000000000000e+00 1.000000000000000000e+00 1.000000000000000000e+00 4.818236592811795949e-01 0.000000000000000000e+00 0.000000000000000000e+00
1.000000000000000000e+00 1.000000000000000000e+00 1.000000000000000000e+00 4.820337514439042570e-01 0.000000000000000000e+00 0.000000000000000000e+00
1.000000000000000000e+00 9.505927732960989252e-01 1.000000000000000000e+00 4.737589529313129266e-01 0.000000000000000000e+00 0.000000000000000000e+00
1.000000000000000000e+00 9.003609357698825200e-01 1.000000000000000000e+00 4.403340793021855992e-01 5.315518055280833709e-02 2.457378948861666662e-02
1.000000000000000000e+00 9.032680477883632264e-01 1.000000000000000000e+00 4.368903033776117550e-01 4.309720884961520254e-02 2.431644784565107492e-02
9.158530493159628971e-01 9.325284175225796446e-01 1.000000000000000000e+00 4.200024339387759542e-01 0.000000000000000000e+00 0.000000000000000000e+00
8.257641175731753602e-01 9.541127882476615474e-01 1.000000000000000000e+00 4.208500905449881202e-01 0.000000000000000000e+00 0.000000000000000000e+00
8.389475406289500503e-01 9.460651178721987131e-01 1.000000000000000000e+00 4.251723371639097859e-01 0.000000000000000000e+00 0.000000000000000000e+00
8.631786826104901333e-01 9.381246339629574216e-01 1.000000000000000000e+00 4.025083997043651940e-01 0.000000000000000000e+00 0.000000000000000000e+00
8.632595857552305407e-01 9.415631185308418472e-01 1.000000000000000000e+00 4.038664723545122293e-01 0.000000000000000000e+00 0.000000000000000000e+00
8.641671332076494849e-01 9.315237191445510101e-01 1.000000000000000000e+00 3.968630954715480219e-01 0.000000000000000000e+00 0.000000000000000000e+00
8.596548131858622321e-01 9.327290472874052440e-01 1.000000000000000000e+00 3.925619758950891769e-01 0.000000000000000000e+00 0.000000000000000000e+00
8.594661195953742228e-01 9.278257711255393225e-01 1.000000000000000000e+00 3.921236729454399272e-01 0.000000000000000000e+00 0.000000000000000000e+00
8.571180065358953160e-01 9.279516682256456761e-01 1.000000000000000000e+00 3.940707882052794098e-01 0.000000000000000000e+00 0.000000000000000000e+00
8.574502011031864823e-01 9.273836237330539412e-01 1.000000000000000000e+00 3.938266011040315595e-01 0.000000000000000000e+00 0.000000000000000000e+00
8.620564362085307852e-01 9.256865560943400295e-01 1.000000000000000000e+00 3.974389716468167411e-01 0.000000000000000000e+00 0.000000000000000000e+00
8.620038249433423783e-01 9.282185519068872903e-01 1.000000000000000000e+00 3.983415070099252664e-01 0.000000000000000000e+00 0.000000000000000000e+00
8.652092398307110743e-01 9.290210882409968285e-01 1.000000000000000000e+00 3.998501325577252241e-01 0.000000000000000000e+00 0.000000000000000000e+00
8.645378475935022733e-01 9.280896585916590391e-01 1.000000000000000000e+00 4.018621553100327759e-01 0.000000000000000000e+00 0.000000000000000000e+00
8.639683989212985082e-01 9.285633167792273213e-01 1.000000000000000000e+00 3.973456643331004789e-01 0.000000000000000000e+00 0.000000000000000000e+00
8.659901800492710855e-01 9.238947094842209218e-01 1.000000000000000000e+00 3.981761019381174771e-01 0.000000000000000000e+00 0.000000000000000000e+00
8.731771167174279258e-01 9.179862143320111079e-01 1.000000000000000000e+00 3.948400247936739160e-01 0.000000000000000000e+00 0.000000000000000000e+00
8.746080202791999270e-01 9.178377848447991649e-01 1.000000000000000000e+00 3.957296957615382138e-01 0.000000000000000000e+00 0.000000000000000000e+00
8.746451573215804354e-01 9.181855847856843500e-01 1.000000000000000000e+00 3.960663481132860597e-01 0.000000000000000000e+00 0.000000000000000000e+00
8.748733778080683976e-01 9.180145730695585815e-01 1.000000000000000000e+00 3.960487691150290090e-01 0.000000000000000000e+00 0.000000000000000000e+00
8.749701037770738488e-01 9.175269648738286765e-01 1.000000000000000000e+00 3.959206009494116163e-01 0.000000000000000000e+00 0.000000000000000000e+00
8.736224128444718406e-01 9.131733690161503159e-01 1.000000000000000000e+00 3.971814973076619459e-01 0.000000000000000000e+00 0.000000000000000000e+00
8.737393949740835941e-01 9.129178614443832496e-01 1.000000000000000000e+00 3.966287200217747944e-01 0.000000000000000000e+00 0.000000000000000000e+00
