-3.815631909965415680e-01
2.909639468155457154e-01
2.909639468155457154e-01
5.171329905583748054e-01
5.171329905583748054e-01
5.171329905583748054e-01
5.171329905583748054e-01
5.171329905583748054e-01
5.171329905583748054e-01
5.171329905583748054e-01
5.171329905583748054e-01
5.171329905583748054e-01
5.171329905583748054e-01
5.171329905583748054e-01
5.171329905583748054e-01
5.171329905583748054e-01
5.171329905583748054e-01
5.171329905583748054e-01
5.171329905583748054e-01
6.037095529880240896e-01
6.037095529880240896e-01
6.037095529880240896e-01
6.037095529880240896e-01
6.037095529880240896e-01
6.037095529880240896e-01
6.614802223357436617e-01
6.614802223357436617e-01
6.614802223357436617e-01
6.614802223357436617e-01
6.614802223357436617e-01
6.614802223357436617e-01
6.614802223357436617e-01
6.614802223357436617e-01
6.614802223357436617e-01
6.614802223357436617e-01
6.614802223357436617e-01
6.614802223357436617e-01
6.614802223357436617e-01
6.614802223357436617e-01
6.614802223357436617e-01
6.614802223357436617e-01
6.614802223357436617e-01
6.614802223357436617e-01
6.614802223357436617e-01
6.614802223357436617e-01
6.614802223357436617e-01
6.614802223357436617e-01
6.614802223357436617e-01
6.614802223357436617e-01
6.614802223357436617e-01
6.614802223357436617e-01
6.614802223357436617e-01
6.614802223357436617e-01
6.614802223357436617e-01
6.614802223357436617e-01
6.614802223357436617e-01
6.614802223357436617e-01
6.614802223357436617e-01
6.614802223357436617e-01
6.614802223357436617e-01
6.614802223357436617e-01
6.614802223357436617e-01
6.614802223357436617e-01
6.614802223357436617e-01
6.614802223357436617e-01
6.614802223357436617e-01
6.614802223357436617e-01
6.614802223357436617e-01
6.614802223357436617e-01
6.614802223357436617e-01
6.614802223357436617e-01
6.614802223357436617e-01
6.614802223357436617e-01
6.614802223357436617e-01
6.614802223357436617e-01
6.614802223357436617e-01
6.614802223357436617e-01
6.614802223357436617e-01
6.614802223357436617e-01
6.614802223357436617e-01
6.614802223357436617e-01
6.614802223357436617e-01
6.614802223357436617e-01
6.614802223357436617e-01
6.614802223357436617e-01
6.614802223357436617e-01
6.614802223357436617e-01
6.614802223357436617e-01
6.614802223357436617e-01
6.614802223357436617e-01
6.614802223357436617e-01
6.614802223357436617e-01
6.614802223357436617e-01
6.614802223357436617e-01
6.614802223357436617e-01
6.614802223357436617e-01
6.614802223357436617e-01
6.614802223357436617e-01
6.614802223357436617e-01
6.614802223357436617e-01
