4.806556652272591101e-01
5.037831299370252314e-01
7.666256867691889632e-01
8.377663328814559662e-01
5.826969471550256241e-01
5.708856759363812872e-01
6.105196304213212910e-01
7.160362436240117479e-01
6.704316667757272974e-01
7.395471452430897319e-01
6.965572418978857039e-01
7.375200381862783150e-01
7.461871937073437655e-01
7.556065045387138079e-01
7.556065045387138079e-01
7.556065045387138079e-01
7.556065045387138079e-01
1.010747480644979213e+00
1.007737363978088441e+00
1.021047876235909202e+00
1.022010276303972898e+00
1.023150807021040887e+00
1.023154273669835801e+00
1.023032219836186973e+00
1.023117905001498240e+00
1.023075154350642224e+00
1.023066565333947242e+00
1.023162924356045389e+00
1.023166938824338512e+00
1.023168084249304943e+00
1.023168584085853317e+00
1.023162420194477784e+00
1.023164145732740504e+00
1.023164758865114043e+00
1.023167343239219429e+00
1.023168034191448639e+00
1.023168602349657119e+00
1.023168234537934929e+00
1.023167359553853739e+00
1.023166870410017415e+00
1.023154068736047861e+00
1.023143594492633701e+00
1.023144127759695543e+00
1.023141573761850998e+00
1.023122749792702457e+00
1.023122291920361748e+00
1.023131682800163311e+00
1.023132397782113845e+00
1.023134176467584311e+00
1.023135414230973872e+00
