1.000000000000000000e+00 1.000000000000000000e+00 0.000000000000000000e+00 9.242631175417925782e-01 6.191651423495015960e-01 3.537649500684432180e-01
1.000000000000000000e+00 1.000000000000000000e+00 0.000000000000000000e+00 7.933606100836314567e-01 1.000000000000000000e+00 0.000000000000000000e+00
1.000000000000000000e+00 9.614783057569621372e-01 0.000000000000000000e+00 9.036381588969910617e-01 1.000000000000000000e+00 1.318584647009292399e-01
1.000000000000000000e+00 9.214107257201162859e-01 0.000000000000000000e+00 8.494490803512042554e-01 1.000000000000000000e+00 5.258820576221936438e-01
1.000000000000000000e+00 8.033793561895754554e-01 0.000000000000000000e+00 8.777371312081594379e-01 1.000000000000000000e+00 0.000000000000000000e+00
1.000000000000000000e+00 8.769527065414444156e-01 0.000000000000000000e+00 9.605429229262647528e-01 8.589243962624161233e-01 0.000000000000000000e+00
1.000000000000000000e+00 8.409330523162298343e-01 0.000000000000000000e+00 9.265056564043049336e-01 9.589800255744281854e-01 0.000000000000000000e+00
1.000000000000000000e+00 8.902679055894755500e-01 0.000000000000000000e+00 9.951113393914410299e-01 1.000000000000000000e+00 0.000000000000000000e+00
1.000000000000000000e+00 8.798273346244085413e-01 0.000000000000000000e+00 9.757591488663559520e-01 9.636912520055949116e-01 0.000000000000000000e+00
1.000000000000000000e+00 9.458607494062388765e-01 0.000000000000000000e+00 1.000000000000000000e+00 1.000000000000000000e+00 0.000000000000000000e+00
8.593954420619447365e-01 1.000000000000000000e+00 5.211709653270154424e-02 1.000000000000000000e+00 1.000000000000000000e+00 0.000000000000000000e+00
1.000000000000000000e+00 1.000000000000000000e+00 1.462278975355518762e-02 1.000000000000000000e+00 1.000000000000000000e+00 0.000000000000000000e+00
1.000000000000000000e+00 1.000000000000000000e+00 7.611579374210283681e-03 1.000000000000000000e+00 1.000000000000000000e+00 0.000000000000000000e+00
1.000000000000000000e+00 1.000000000000000000e+00 0.000000000000000000e+00 1.000000000000000000e+00 1.000000000000000000e+00 0.000000000000000000e+00
1.000000000000000000e+00 1.000000000000000000e+00 0.000000000000000000e+00 1.000000000000000000e+00 1.000000000000000000e+00 0.000000000000000000e+00
1.000000000000000000e+00 1.000000000000000000e+00 0.000000000000000000e+00 1.000000000000000000e+00 1.000000000000000000e+00 0.000000000000000000e+00
1.000000000000000000e+00 1.000000000000000000e+00 0.000000000000000000e+00 1.000000000000000000e+00 1.000000000000000000e+00 0.000000000000000000e+00
1.000000000000000000e+00 1.000000000000000000e+00 0.000000000000000000e+00 1.000000000000000000e+00 1.000000000000000000e+00 3.709021073755831566e-01
8.682238313938680507e-01 1.000000000000000000e+00 0.000000000000000000e+00 1.000000000000000000e+00 1.000000000000000000e+00 4.156884921427647095e-01
9.604797782641090187e-01 1.000000000000000000e+00 0.000000000000000000e+00 1.000000000000000000e+00 1.000000000000000000e+00 4.477669886890301432e-01
9.745650647466718164e-01 1.000000000000000000e+00 0.000000000000000000e+00 1.000000000000000000e+00 1.000000000000000000e+00 4.512978450627760374e-01
1.000000000000000000e+00 1.000000000000000000e+00 0.000000000000000000e+00 1.000000000000000000e+00 1.000000000000000000e+00 4.590481930532616661e-01
1.000000000000000000e+00 1.000000000000000000e+00 0.000000000000000000e+00 1.000000000000000000e+00 1.000000000000000000e+00 4.530970419214463973e-01
1.000000000000000000e+00 1.000000000000000000e+00 0.000000000000000000e+00 1.000000000000000000e+00 1.000000000000000000e+00 4.472743543718045167e-01
1.000000000000000000e+00 1.000000000000000000e+00 0.000000000000000000e+00 1.000000000000000000e+00 1.000000000000000000e+00 4.506452209219657945e-01
1.000000000000000000e+00 1.000000000000000000e+00 0.000000000000000000e+00 1.000000000000000000e+00 1.000000000000000000e+00 4.487636560144843134e-01
1.000000000000000000e+00 1.000000000000000000e+00 0.000000000000000000e+00 1.000000000000000000e+00 1.000000000000000000e+00 4.484421656841295900e-01
1.000000000000000000e+00 1.000000000000000000e+00 0.000000000000000000e+00 1.000000000000000000e+00 1.000000000000000000e+00 4.541159839954148625e-01
1.000000000000000000e+00 1.000000000000000000e+00 0.000000000000000000e+00 1.000000000000000000e+00 1.000000000000000000e+00 4.548867890371452449e-01
1.000000000000000000e+00 1.000000000000000000e+00 0.000000000000000000e+00 1.000000000000000000e+00 1.000000000000000000e+00 4.552541839993011208e-01
1.000000000000000000e+00 1.000000000000000000e+00 0.000000000000000000e+00 1.000000000000000000e+00 1.000000000000000000e+00 4.555069473975449368e-01
1.000000000000000000e+00 1.000000000000000000e+00 0.000000000000000000e+00 1.000000000000000000e+00 1.000000000000000000e+00 4.540413972035123313e-01
1.000000000000000000e+00 1.000000000000000000e+00 0.000000000000000000e+00 1.000000000000000000e+00 1.000000000000000000e+00 4.543109356313304592e-01
1.000000000000000000e+00 1.000000000000000000e+00 0.000000000000000000e+00 1.000000000000000000e+00 1.000000000000000000e+00 4.544183075243708458e-01
1.000000000000000000e+00 1.000000000000000000e+00 0.000000000000000000e+00 1.000000000000000000e+00 1.000000000000000000e+00 4.549995767935023361e-01
1.000000000000000000e+00 1.000000000000000000e+00 0.000000000000000000e+00 1.000000000000000000e+00 1.000000000000000000e+00 4.552339950041957017e-01
1.000000000000000000e+00 1.000000000000000000e+00 0.000000000000000000e+00 1.000000000000000000e+00 1.000000000000000000e+00 4.555192050318322972e-01
1.000000000000000000e+00 1.000000000000000000e+00 0.000000000000000000e+00 1.000000000000000000e+00 1.000000000000000000e+00 4.553188688694358999e-01
1.000000000000000000e+00 1.000000000000000000e+00 0.000000000000000000e+00 1.000000000000000000e+00 1.000000000000000000e+00 4.550044186771287635e-01
1.000000000000000000e+00 1.000000000000000000e+00 0.000000000000000000e+00 1.000000000000000000e+00 1.000000000000000000e+00 4.548689062697832686e-01
1.000000000000000000e+00 1.000000000000000000e+00 0.000000000000000000e+00 1.000000000000000000e+00 1.000000000000000000e+00 4.530773211223830255e-01
1.000000000000000000e+00 1.000000000000000000e+00 0.000000000000000000e+00 1.000000000000000000e+00 1.000000000000000000e+00 4.522059904416089737e-01
1.000000000000000000e+00 1.000000000000000000e+00 0.000000000000000000e+00 1.000000000000000000e+00 1.000000000000000000e+00 4.522453717167014275e-01
1.000000000000000000e+00 1.000000000000000000e+00 0.000000000000000000e+00 1.000000000000000000e+00 1.000000000000000000e+00 4.520603927618486728e-01
1.000000000000000000e+00 1.000000000000000000e+00 0.000000000000000000e+00 1.000000000000000000e+00 1.000000000000000000e+00 4.509024512205513924e-01
1.000000000000000000e+00 1.000000000000000000e+00 0.000000000000000000e+00 1.000000000000000000e+00 1.000000000000000000e+00 4.508775824509426711e-01
1.000000000000000000e+00 1.000000000000000000e+00 0.000000000000000000e+00 1.000000000000000000e+00 1.000000000000000000e+00 4.514148686104684782e-01
1.000000000000000000e+00 1.000000000000000000e+00 0.000000000000000000e+00 1.000000000000000000e+00 1.000000000000000000e+00 4.514584116124479296e-01
1.000000000000000000e+00 1.000000000000000000e+00 0.000000000000000000e+00 1.000000000000000000e+00 1.000000000000000000e+00 4.515686160623949563e-01
1.000000000000000000e+00 1.000000000000000000e+00 0.000000000000000000e+00 1.000000000000000000e+00 1.000000000000000000e+00 4.516469749687225810e-01
