6.324048611097912165e-01 1.000000000000000000e+00 0.000000000000000000e+00 1.000000000000000000e+00 1.075714505616957306e-01 4.312012375754738225e-02
6.414818564628435027e-01 1.000000000000000000e+00 0.000000000000000000e+00 1.000000000000000000e+00 0.000000000000000000e+00 0.000000000000000000e+00
6.486004867367072269e-01 1.000000000000000000e+00 0.000000000000000000e+00 1.000000000000000000e+00 0.000000000000000000e+00 0.000000000000000000e+00
7.067690756329825241e-01 1.000000000000000000e+00 0.000000000000000000e+00 1.000000000000000000e+00 0.000000000000000000e+00 9.866337558368203087e-02
9.311681794968693637e-01 1.000000000000000000e+00 0.000000000000000000e+00 1.000000000000000000e+00 0.000000000000000000e+00 2.986644792813399896e-01
1.000000000000000000e+00 1.000000000000000000e+00 0.000000000000000000e+00 1.000000000000000000e+00 0.000000000000000000e+00 3.773858599511593637e-01
1.000000000000000000e+00 1.000000000000000000e+00 0.000000000000000000e+00 1.000000000000000000e+00 0.000000000000000000e+00 4.422046468295540156e-01
1.000000000000000000e+00 1.000000000000000000e+00 0.000000000000000000e+00 1.000000000000000000e+00 0.000000000000000000e+00 4.331600177518540873e-01
1.000000000000000000e+00 1.000000000000000000e+00 0.000000000000000000e+00 1.000000000000000000e+00 0.000000000000000000e+00 4.434255365150437944e-01
1.000000000000000000e+00 1.000000000000000000e+00 0.000000000000000000e+00 1.000000000000000000e+00 0.000000000000000000e+00 4.349252776884851013e-01
1.000000000000000000e+00 1.000000000000000000e+00 0.000000000000000000e+00 1.000000000000000000e+00 0.000000000000000000e+00 4.351049130178379354e-01
1.000000000000000000e+00 1.000000000000000000e+00 2.356071864764508195e-01 1.000000000000000000e+00 0.000000000000000000e+00 4.453464160835683416e-01
1.000000000000000000e+00 1.000000000000000000e+00 2.334931521692123202e-01 1.000000000000000000e+00 0.000000000000000000e+00 4.450634128228152520e-01
1.000000000000000000e+00 1.000000000000000000e+00 2.141717886968928786e-01 1.000000000000000000e+00 0.000000000000000000e+00 4.442259945517204600e-01
1.000000000000000000e+00 1.000000000000000000e+00 6.824113737773271349e-02 1.000000000000000000e+00 0.000000000000000000e+00 4.266233639007788181e-01
1.000000000000000000e+00 1.000000000000000000e+00 6.885002510168949930e-02 1.000000000000000000e+00 0.000000000000000000e+00 4.254508268468566445e-01
1.000000000000000000e+00 1.000000000000000000e+00 7.033474085820369537e-02 1.000000000000000000e+00 0.000000000000000000e+00 4.222727157779590512e-01
1.000000000000000000e+00 1.000000000000000000e+00 6.888975322486645680e-02 1.000000000000000000e+00 0.000000000000000000e+00 4.245713913291563335e-01
1.000000000000000000e+00 1.000000000000000000e+00 6.927918212576653079e-02 1.000000000000000000e+00 0.000000000000000000e+00 4.239072923470992293e-01
1.000000000000000000e+00 1.000000000000000000e+00 6.991023526655229525e-02 1.000000000000000000e+00 0.000000000000000000e+00 4.225042596965846164e-01
1.000000000000000000e+00 1.000000000000000000e+00 7.011380352330748300e-02 1.000000000000000000e+00 0.000000000000000000e+00 4.220485761841226702e-01
1.000000000000000000e+00 1.000000000000000000e+00 7.116136366074800323e-02 1.000000000000000000e+00 0.000000000000000000e+00 4.203507820423541541e-01
1.000000000000000000e+00 1.000000000000000000e+00 7.122104428466694004e-02 1.000000000000000000e+00 0.000000000000000000e+00 4.201579791477106363e-01
1.000000000000000000e+00 1.000000000000000000e+00 7.115806884529639331e-02 1.000000000000000000e+00 0.000000000000000000e+00 4.205008011765568599e-01
1.000000000000000000e+00 1.000000000000000000e+00 6.978176117777097620e-02 1.000000000000000000e+00 0.000000000000000000e+00 4.225515691926400863e-01
1.000000000000000000e+00 1.000000000000000000e+00 6.950359147354405465e-02 1.000000000000000000e+00 0.000000000000000000e+00 4.229636323521109298e-01
1.000000000000000000e+00 1.000000000000000000e+00 7.010730870904223477e-02 1.000000000000000000e+00 0.000000000000000000e+00 4.221281271000476565e-01
1.000000000000000000e+00 1.000000000000000000e+00 6.899637441112441150e-02 1.000000000000000000e+00 0.000000000000000000e+00 4.234574061158704050e-01
1.000000000000000000e+00 1.000000000000000000e+00 6.991317394649261552e-02 1.000000000000000000e+00 0.000000000000000000e+00 4.217368149972026692e-01
1.000000000000000000e+00 1.000000000000000000e+00 7.235942513475564219e-02 1.000000000000000000e+00 0.000000000000000000e+00 4.185268266790648783e-01
1.000000000000000000e+00 1.000000000000000000e+00 7.162255752343453519e-02 1.000000000000000000e+00 0.000000000000000000e+00 4.194435647627801078e-01
1.000000000000000000e+00 1.000000000000000000e+00 7.152605269105502539e-02 1.000000000000000000e+00 0.000000000000000000e+00 4.195251099249897031e-01
1.000000000000000000e+00 1.000000000000000000e+00 6.984586191638351982e-02 1.000000000000000000e+00 0.000000000000000000e+00 4.224401700767170809e-01
1.000000000000000000e+00 1.000000000000000000e+00 7.030200160546476451e-02 1.000000000000000000e+00 0.000000000000000000e+00 4.228308110315554535e-01
1.000000000000000000e+00 1.000000000000000000e+00 7.087660575266829799e-02 1.000000000000000000e+00 0.000000000000000000e+00 4.213561256664958288e-01
1.000000000000000000e+00 1.000000000000000000e+00 6.998185209328754153e-02 1.000000000000000000e+00 0.000000000000000000e+00 4.231137104357685086e-01
1.000000000000000000e+00 1.000000000000000000e+00 7.066791090749534321e-02 1.000000000000000000e+00 0.000000000000000000e+00 4.215800000141803339e-01
1.000000000000000000e+00 1.000000000000000000e+00 6.843655540184978570e-02 1.000000000000000000e+00 0.000000000000000000e+00 4.278370810947468295e-01
1.000000000000000000e+00 1.000000000000000000e+00 6.805485099346647582e-02 1.000000000000000000e+00 0.000000000000000000e+00 4.287524945207144000e-01
1.000000000000000000e+00 1.000000000000000000e+00 6.809534299750068242e-02 1.000000000000000000e+00 0.000000000000000000e+00 4.287821131249758277e-01
1.000000000000000000e+00 1.000000000000000000e+00 6.814629098511430783e-02 1.000000000000000000e+00 0.000000000000000000e+00 4.284661702034872621e-01
1.000000000000000000e+00 1.000000000000000000e+00 6.753100769357957278e-02 1.000000000000000000e+00 0.000000000000000000e+00 4.303878614899379063e-01
1.000000000000000000e+00 1.000000000000000000e+00 6.754130270539637770e-02 1.000000000000000000e+00 0.000000000000000000e+00 4.300133594372817503e-01
1.000000000000000000e+00 1.000000000000000000e+00 6.790470312018222210e-02 1.000000000000000000e+00 0.000000000000000000e+00 4.286459511346225049e-01
1.000000000000000000e+00 1.000000000000000000e+00 6.813172655579283199e-02 1.000000000000000000e+00 0.000000000000000000e+00 4.293557553747132660e-01
1.000000000000000000e+00 1.000000000000000000e+00 6.822915412618059394e-02 1.000000000000000000e+00 0.000000000000000000e+00 4.289948232085190050e-01
1.000000000000000000e+00 1.000000000000000000e+00 6.843164884461211406e-02 1.000000000000000000e+00 0.000000000000000000e+00 4.289381612922019138e-01
1.000000000000000000e+00 1.000000000000000000e+00 6.827526600819246172e-02 1.000000000000000000e+00 0.000000000000000000e+00 4.299596367461803181e-01
1.000000000000000000e+00 1.000000000000000000e+00 6.837902698809014690e-02 1.000000000000000000e+00 0.000000000000000000e+00 4.310295958049135678e-01
1.000000000000000000e+00 1.000000000000000000e+00 6.805575522010150202e-02 1.000000000000000000e+00 0.000000000000000000e+00 4.325434927731645063e-01
