8.976086070929607530e-01
8.976086070929607530e-01
8.976086070929607530e-01
8.976086070929607530e-01
8.976086070929607530e-01
8.976086070929607530e-01
8.976086070929607530e-01
8.976086070929607530e-01
8.976086070929607530e-01
8.976086070929607530e-01
8.976086070929607530e-01
8.976086070929607530e-01
8.976086070929607530e-01
8.976086070929607530e-01
8.976086070929607530e-01
8.976086070929607530e-01
8.976086070929607530e-01
8.976086070929607530e-01
8.976086070929607530e-01
8.976086070929607530e-01
8.976086070929607530e-01
8.976086070929607530e-01
8.976086070929607530e-01
8.976086070929607530e-01
8.976086070929607530e-01
8.976086070929607530e-01
8.976086070929607530e-01
8.976086070929607530e-01
8.976086070929607530e-01
8.976086070929607530e-01
8.976086070929607530e-01
8.976086070929607530e-01
9.211779429109236972e-01
9.211779429109236972e-01
9.211779429109236972e-01
9.211779429109236972e-01
9.211779429109236972e-01
9.211779429109236972e-01
9.211779429109236972e-01
9.211779429109236972e-01
9.211779429109236972e-01
9.211779429109236972e-01
9.211779429109236972e-01
9.211779429109236972e-01
9.211779429109236972e-01
9.211779429109236972e-01
9.211779429109236972e-01
1.142047440259649438e+00
1.142047440259649438e+00
1.142047440259649438e+00
