9.343470931053161621e-01 6.465787291526794434e-01 1.983336210250854492e-01 4.099581241607666016e-01
9.343470931053161621e-01 6.465787291526794434e-01 1.983336210250854492e-01 4.099581241607666016e-01
9.343470931053161621e-01 6.465787291526794434e-01 1.983336210250854492e-01 4.099581241607666016e-01
9.343470931053161621e-01 6.465787291526794434e-01 1.983336210250854492e-01 4.099581241607666016e-01
9.343470931053161621e-01 6.465787291526794434e-01 1.983336210250854492e-01 4.099581241607666016e-01
9.343470931053161621e-01 6.465787291526794434e-01 1.983336210250854492e-01 4.099581241607666016e-01
9.343470931053161621e-01 6.465787291526794434e-01 1.983336210250854492e-01 4.099581241607666016e-01
6.941443681716918945e-01 6.981879472732543945e-01 2.491419315338134766e-01 6.346946358680725098e-01
6.941443681716918945e-01 6.981879472732543945e-01 2.491419315338134766e-01 6.346946358680725098e-01
6.941443681716918945e-01 6.981879472732543945e-01 2.491419315338134766e-01 6.346946358680725098e-01
6.941443681716918945e-01 6.981879472732543945e-01 2.491419315338134766e-01 6.346946358680725098e-01
6.941443681716918945e-01 6.981879472732543945e-01 2.491419315338134766e-01 6.346946358680725098e-01
6.941443681716918945e-01 6.981879472732543945e-01 2.491419315338134766e-01 6.346946358680725098e-01
6.941443681716918945e-01 6.981879472732543945e-01 2.491419315338134766e-01 6.346946358680725098e-01
6.941443681716918945e-01 6.981879472732543945e-01 2.491419315338134766e-01 6.346946358680725098e-01
6.941443681716918945e-01 6.981879472732543945e-01 2.491419315338134766e-01 6.346946358680725098e-01
6.941443681716918945e-01 6.981879472732543945e-01 2.491419315338134766e-01 6.346946358680725098e-01
6.941443681716918945e-01 6.981879472732543945e-01 2.491419315338134766e-01 6.346946358680725098e-01
6.941443681716918945e-01 6.981879472732543945e-01 2.491419315338134766e-01 6.346946358680725098e-01
6.941443681716918945e-01 6.981879472732543945e-01 2.491419315338134766e-01 6.346946358680725098e-01
6.941443681716918945e-01 6.981879472732543945e-01 2.491419315338134766e-01 6.346946358680725098e-01
6.941443681716918945e-01 6.981879472732543945e-01 2.491419315338134766e-01 6.346946358680725098e-01
6.941443681716918945e-01 6.981879472732543945e-01 2.491419315338134766e-01 6.346946358680725098e-01
6.941443681716918945e-01 6.981879472732543945e-01 2.491419315338134766e-01 6.346946358680725098e-01
6.941443681716918945e-01 6.981879472732543945e-01 2.491419315338134766e-01 6.346946358680725098e-01
6.941443681716918945e-01 6.981879472732543945e-01 2.491419315338134766e-01 6.346946358680725098e-01
6.941443681716918945e-01 6.981879472732543945e-01 2.491419315338134766e-01 6.346946358680725098e-01
6.941443681716918945e-01 6.981879472732543945e-01 2.491419315338134766e-01 6.346946358680725098e-01
6.941443681716918945e-01 6.981879472732543945e-01 2.491419315338134766e-01 6.346946358680725098e-01
6.941443681716918945e-01 6.981879472732543945e-01 2.491419315338134766e-01 6.346946358680725098e-01
5.121809244155883789e-01 9.628556370735168457e-01 3.184336423873901367e-02 1.391094326972961426e-01
5.121809244155883789e-01 9.628556370735168457e-01 3.184336423873901367e-02 1.391094326972961426e-01
5.121809244155883789e-01 9.628556370735168457e-01 3.184336423873901367e-02 1.391094326972961426e-01
5.121809244155883789e-01 9.628556370735168457e-01 3.184336423873901367e-02 1.391094326972961426e-01
5.121809244155883789e-01 9.628556370735168457e-01 3.184336423873901367e-02 1.391094326972961426e-01
5.121809244155883789e-01 9.628556370735168457e-01 3.184336423873901367e-02 1.391094326972961426e-01
5.121809244155883789e-01 9.628556370735168457e-01 3.184336423873901367e-02 1.391094326972961426e-01
5.121809244155883789e-01 9.628556370735168457e-01 3.184336423873901367e-02 1.391094326972961426e-01
5.121809244155883789e-01 9.628556370735168457e-01 3.184336423873901367e-02 1.391094326972961426e-01
5.121809244155883789e-01 9.628556370735168457e-01 3.184336423873901367e-02 1.391094326972961426e-01
5.121809244155883789e-01 9.628556370735168457e-01 3.184336423873901367e-02 1.391094326972961426e-01
5.121809244155883789e-01 9.628556370735168457e-01 3.184336423873901367e-02 1.391094326972961426e-01
5.121809244155883789e-01 9.628556370735168457e-01 3.184336423873901367e-02 1.391094326972961426e-01
5.121809244155883789e-01 9.628556370735168457e-01 3.184336423873901367e-02 1.391094326972961426e-01
5.121809244155883789e-01 9.628556370735168457e-01 3.184336423873901367e-02 1.391094326972961426e-01
5.121809244155883789e-01 9.628556370735168457e-01 3.184336423873901367e-02 1.391094326972961426e-01
5.121809244155883789e-01 9.628556370735168457e-01 3.184336423873901367e-02 1.391094326972961426e-01
5.121809244155883789e-01 9.628556370735168457e-01 3.184336423873901367e-02 1.391094326972961426e-01
5.121809244155883789e-01 9.628556370735168457e-01 3.184336423873901367e-02 1.391094326972961426e-01
5.121809244155883789e-01 9.628556370735168457e-01 3.184336423873901367e-02 1.391094326972961426e-01
