0.000000000000000000e+00 0.000000000000000000e+00 1.000000000000000000e+00 1.000000000000000000e+00 1.000000000000000000e+00 1.000000000000000000e+00
0.000000000000000000e+00 0.000000000000000000e+00 0.000000000000000000e+00 7.262053347918813184e-01 9.940699710041923653e-01 8.528982163568316066e-01
0.000000000000000000e+00 0.000000000000000000e+00 0.000000000000000000e+00 7.250290298847421600e-01 5.461476643497868988e-01 9.905182397446622433e-01
0.000000000000000000e+00 0.000000000000000000e+00 1.738366594220470684e-01 6.448983431201628092e-01 7.109844723113939446e-01 1.000000000000000000e+00
2.570786467879466741e-01 0.000000000000000000e+00 0.000000000000000000e+00 3.950614452736884163e-01 4.523913213231482988e-01 9.964564155085328112e-01
0.000000000000000000e+00 0.000000000000000000e+00 0.000000000000000000e+00 4.902388338137383950e-01 5.658411713790917341e-01 9.332661469215356442e-01
0.000000000000000000e+00 0.000000000000000000e+00 0.000000000000000000e+00 4.879176354305261865e-01 5.879969477443496295e-01 9.315552789688599233e-01
0.000000000000000000e+00 0.000000000000000000e+00 0.000000000000000000e+00 7.035714582540473216e-01 1.000000000000000000e+00 7.397976723850763214e-01
0.000000000000000000e+00 0.000000000000000000e+00 0.000000000000000000e+00 8.032466056087151918e-01 1.000000000000000000e+00 5.449942627111740157e-01
0.000000000000000000e+00 0.000000000000000000e+00 0.000000000000000000e+00 1.000000000000000000e+00 1.000000000000000000e+00 4.201720027813606317e-01
1.000000000000000000e+00 0.000000000000000000e+00 1.000000000000000000e+00 2.987132368783770309e-01 1.185804897915861689e-01 1.000000000000000000e+00
0.000000000000000000e+00 0.000000000000000000e+00 0.000000000000000000e+00 1.000000000000000000e+00 1.000000000000000000e+00 4.202389271707561158e-01
0.000000000000000000e+00 0.000000000000000000e+00 5.377493121956482790e-03 1.000000000000000000e+00 1.000000000000000000e+00 4.083301142396130734e-01
0.000000000000000000e+00 0.000000000000000000e+00 1.268895895026828091e-01 1.000000000000000000e+00 1.000000000000000000e+00 3.645225682796647271e-01
3.578264368394945549e-01 1.793394616649050533e-01 0.000000000000000000e+00 6.440507792131094922e-01 7.747972788148027590e-01 1.000000000000000000e+00
3.359764631075991548e-01 1.090487523314093710e-01 1.138487260194720463e-01 5.015757749550987521e-01 7.076887155905345894e-01 1.000000000000000000e+00
3.417637456785057593e-01 9.298468232921855425e-02 1.214170389633157654e-01 4.966709481402556969e-01 7.060750022812624094e-01 1.000000000000000000e+00
2.370984949462983105e-01 1.096381405415163129e-01 0.000000000000000000e+00 5.274604501960878933e-01 7.723351299007639170e-01 1.000000000000000000e+00
0.000000000000000000e+00 2.570785226121591882e-01 0.000000000000000000e+00 1.000000000000000000e+00 1.000000000000000000e+00 6.199966937377345000e-02
0.000000000000000000e+00 0.000000000000000000e+00 3.850064117661828877e-01 3.976594623787770288e-01 5.701031197269992301e-01 1.000000000000000000e+00
3.927603949168953501e-01 0.000000000000000000e+00 3.099790844733476547e-01 4.316886800199253860e-01 6.113805257247312275e-01 1.000000000000000000e+00
0.000000000000000000e+00 1.753023712222262975e-03 0.000000000000000000e+00 5.344122866700627972e-01 8.807231640668026218e-01 1.000000000000000000e+00
0.000000000000000000e+00 3.812228533074745601e-02 0.000000000000000000e+00 5.368863852103862300e-01 8.958640358282019545e-01 1.000000000000000000e+00
0.000000000000000000e+00 0.000000000000000000e+00 0.000000000000000000e+00 5.852802198486929397e-01 9.855761633518727027e-01 1.000000000000000000e+00
7.353881828019148692e-02 0.000000000000000000e+00 3.119053216277164683e-02 5.877715183962731738e-01 9.224611874257407917e-01 1.000000000000000000e+00
0.000000000000000000e+00 1.092402668537128529e-01 0.000000000000000000e+00 6.877047878041302464e-01 1.000000000000000000e+00 8.155022815647690049e-01
0.000000000000000000e+00 8.167642839947968081e-02 0.000000000000000000e+00 6.472550415585843764e-01 1.000000000000000000e+00 8.052278766678292454e-01
0.000000000000000000e+00 5.158322725733067993e-02 9.367422252194558541e-02 6.278308927696972797e-01 1.000000000000000000e+00 8.796826360846571324e-01
0.000000000000000000e+00 1.583678952802362039e-01 3.944249529041752439e-02 5.777068752354032055e-01 8.804098441409805575e-01 1.000000000000000000e+00
0.000000000000000000e+00 1.910275911045400954e-01 0.000000000000000000e+00 6.177380221716487485e-01 1.000000000000000000e+00 1.000000000000000000e+00
2.102741735972518677e-01 0.000000000000000000e+00 0.000000000000000000e+00 6.479642292359302225e-01 1.000000000000000000e+00 9.267142928015961179e-01
1.946890271556142860e-01 0.000000000000000000e+00 0.000000000000000000e+00 6.419078064916988735e-01 1.000000000000000000e+00 9.344870829446580984e-01
1.985193518200737417e-01 0.000000000000000000e+00 0.000000000000000000e+00 6.450366300885709281e-01 1.000000000000000000e+00 9.322112486165796685e-01
1.977035968888969653e-01 0.000000000000000000e+00 0.000000000000000000e+00 6.461891526723334556e-01 1.000000000000000000e+00 9.261332676444357093e-01
1.587142262829295269e-01 0.000000000000000000e+00 0.000000000000000000e+00 6.339488118381679804e-01 1.000000000000000000e+00 9.485402876340320866e-01
1.241001385654861427e-01 0.000000000000000000e+00 0.000000000000000000e+00 5.954447759699413867e-01 9.345171871555537635e-01 9.694435109208723311e-01
9.623160333350967710e-02 2.812406386107269007e-02 0.000000000000000000e+00 5.847525660070168607e-01 9.288845492363068113e-01 9.720271500407183796e-01
6.048849138849420048e-02 1.306933886380549914e-01 0.000000000000000000e+00 5.865754233051976296e-01 9.003966776468905753e-01 1.000000000000000000e+00
6.207744726075237890e-02 1.298739944766730270e-01 0.000000000000000000e+00 5.799278952944991739e-01 8.934222678203436185e-01 1.000000000000000000e+00
7.222615566943413334e-02 1.139120590500828784e-01 0.000000000000000000e+00 5.711868314852051043e-01 8.936809741923409378e-01 1.000000000000000000e+00
9.132475749385990382e-02 9.587291057430082086e-02 0.000000000000000000e+00 5.625970748281367007e-01 8.867273375283704073e-01 1.000000000000000000e+00
1.164273145590783987e-01 7.388467000318851841e-02 0.000000000000000000e+00 5.677367930830495846e-01 8.982903213625785810e-01 9.903319747269783146e-01
1.349770117193725139e-01 7.451489071408293197e-02 0.000000000000000000e+00 5.883138976699376910e-01 9.198267831919584303e-01 9.697203129547897760e-01
1.226932487079546441e-01 7.884906388712034642e-02 0.000000000000000000e+00 5.905292255823868519e-01 9.214974528639811036e-01 9.775169316609326753e-01
1.412113526916121686e-01 7.374156732886254229e-02 0.000000000000000000e+00 5.799679011782374882e-01 9.019534699330014060e-01 9.811682041302237645e-01
1.414776524933726298e-01 6.514263391387535573e-02 0.000000000000000000e+00 5.878142736173684879e-01 9.163133220097837706e-01 9.748086524868582181e-01
1.370412275125887369e-01 6.460726778569438056e-02 0.000000000000000000e+00 5.797704309114344312e-01 8.983758647255849494e-01 9.918805311580597417e-01
1.408406683389051839e-01 6.632235607137221267e-02 0.000000000000000000e+00 5.754345204160826732e-01 8.941407940562053902e-01 9.995269410320456460e-01
1.602087795881551868e-01 7.601406138120027356e-02 0.000000000000000000e+00 5.790932517566816928e-01 8.962137580321417607e-01 1.000000000000000000e+00
1.664244136859689138e-01 7.914324651083809448e-02 0.000000000000000000e+00 5.805022698676430837e-01 8.948145365585885580e-01 1.000000000000000000e+00
1.938949547751796232e-01 6.130749851951489832e-02 0.000000000000000000e+00 5.686119339061296296e-01 9.401543719422383871e-01 9.965225188944926149e-01
2.048000659768533238e-01 5.847504017533929760e-02 0.000000000000000000e+00 5.718292509454628858e-01 9.579742115563116833e-01 9.975896275745290698e-01
2.015519438299867017e-01 6.023484042218293227e-02 0.000000000000000000e+00 5.677414729308474239e-01 9.493992172622012227e-01 1.000000000000000000e+00
2.020743934152703092e-01 5.928829090400437873e-02 0.000000000000000000e+00 5.676968375372024589e-01 9.493848235837123450e-01 1.000000000000000000e+00
2.032671211849840232e-01 5.751038630602869212e-02 0.000000000000000000e+00 5.661037693449518793e-01 9.521233020441756123e-01 1.000000000000000000e+00
2.037424760142974300e-01 5.627242576146729292e-02 0.000000000000000000e+00 5.669681800633282753e-01 9.539939409027220485e-01 1.000000000000000000e+00
1.967236616406794203e-01 6.971168128239242645e-02 0.000000000000000000e+00 5.743376688001059494e-01 9.553602364212653297e-01 1.000000000000000000e+00
2.024073521302033607e-01 5.827505171618102553e-02 0.000000000000000000e+00 5.994976395733596641e-01 9.878164926200739826e-01 9.621654085746242924e-01
1.837395766390210461e-01 6.366209116239489318e-02 0.000000000000000000e+00 5.606536944458410110e-01 9.493958758683912480e-01 1.000000000000000000e+00
1.833929927025716999e-01 6.562103871144574219e-02 0.000000000000000000e+00 5.598724830913949235e-01 9.496936114852060351e-01 1.000000000000000000e+00
1.879043385266813138e-01 5.486535996557502515e-02 0.000000000000000000e+00 5.678979761893856448e-01 9.727382176414269832e-01 1.000000000000000000e+00
1.750345012566190683e-01 7.843914961077021186e-02 0.000000000000000000e+00 5.533023024844642146e-01 9.434849574159839269e-01 1.000000000000000000e+00
1.749092023583319055e-01 7.693987881299656217e-02 0.000000000000000000e+00 5.543567932738622250e-01 9.443008627709426062e-01 1.000000000000000000e+00
1.728015810342271308e-01 7.735070827416971884e-02 0.000000000000000000e+00 5.564854887117938187e-01 9.385158314065741303e-01 1.000000000000000000e+00
1.734158543284732845e-01 7.569650883780887352e-02 0.000000000000000000e+00 5.586420494241544077e-01 9.388246685414004533e-01 1.000000000000000000e+00
1.741793883279771082e-01 7.497594777911967268e-02 0.000000000000000000e+00 5.583771288828053292e-01 9.392338778741576855e-01 1.000000000000000000e+00
1.737046389155480763e-01 8.030528301044533024e-02 0.000000000000000000e+00 5.608872287205564078e-01 9.497811834484477522e-01 1.000000000000000000e+00
1.735794523282453150e-01 8.004621295645179824e-02 0.000000000000000000e+00 5.612304754223600423e-01 9.491796733736008740e-01 1.000000000000000000e+00
1.700405596941966524e-01 8.475608537248277563e-02 0.000000000000000000e+00 5.659043658329814264e-01 9.547435813948899064e-01 1.000000000000000000e+00
1.667003090284336630e-01 8.243606184389497271e-02 0.000000000000000000e+00 5.722035403941879705e-01 9.595789228765351231e-01 1.000000000000000000e+00
1.676679983822978726e-01 8.195636942620934673e-02 0.000000000000000000e+00 5.714713099638644156e-01 9.574559331088851044e-01 1.000000000000000000e+00
1.686092390846192501e-01 8.044933307303700487e-02 0.000000000000000000e+00 5.709568342242025141e-01 9.568759642088295880e-01 1.000000000000000000e+00
1.745736583019525667e-01 6.940918745120194799e-02 0.000000000000000000e+00 5.760552876575791847e-01 9.343579845710169307e-01 1.000000000000000000e+00
1.710059678331759814e-01 7.000767409997342428e-02 0.000000000000000000e+00 5.757370596168085441e-01 9.346476983464271360e-01 1.000000000000000000e+00
1.713612726646028539e-01 7.200142862198014027e-02 0.000000000000000000e+00 5.763830015840198939e-01 9.344480927964878836e-01 1.000000000000000000e+00
1.707455657327134890e-01 7.372243349935282686e-02 0.000000000000000000e+00 5.776242914758930036e-01 9.359986976271142955e-01 1.000000000000000000e+00
1.715598337141023555e-01 7.494991909842299571e-02 0.000000000000000000e+00 5.766772786351096469e-01 9.354827700134102919e-01 1.000000000000000000e+00
1.712906667693734619e-01 7.470602766146638984e-02 0.000000000000000000e+00 5.767605776327454636e-01 9.353687617048650482e-01 1.000000000000000000e+00
1.720136270528336009e-01 7.443734851748265435e-02 0.000000000000000000e+00 5.765571942384258852e-01 9.339714488003505455e-01 1.000000000000000000e+00
1.703794465503494504e-01 7.259474747619994173e-02 0.000000000000000000e+00 5.753574464239513686e-01 9.338075804675056713e-01 1.000000000000000000e+00
1.706768051165721833e-01 7.362471563848795031e-02 0.000000000000000000e+00 5.737371776470168161e-01 9.304733175423817171e-01 1.000000000000000000e+00
1.731712817113169045e-01 6.165282762255862997e-02 0.000000000000000000e+00 5.694023373622502104e-01 9.312797855105345857e-01 1.000000000000000000e+00
1.760130862074036628e-01 6.029001562791840019e-02 0.000000000000000000e+00 5.701345373281067053e-01 9.336158353097946394e-01 1.000000000000000000e+00
1.754312714363552572e-01 6.095344158284211195e-02 0.000000000000000000e+00 5.706719737699813555e-01 9.338870826448752993e-01 1.000000000000000000e+00
1.734909825720238885e-01 6.016471917949151038e-02 0.000000000000000000e+00 5.719175684237476354e-01 9.349188428591125311e-01 1.000000000000000000e+00
1.787881469691320335e-01 5.311093344243004999e-02 0.000000000000000000e+00 5.709985864199091932e-01 9.362061130090728600e-01 1.000000000000000000e+00
1.776115675040868258e-01 6.018020120693363256e-02 0.000000000000000000e+00 5.741228316789459551e-01 9.559239888641757332e-01 1.000000000000000000e+00
1.771842081449650774e-01 6.111357610766805087e-02 0.000000000000000000e+00 5.745307718724877999e-01 9.542690375258686686e-01 1.000000000000000000e+00
1.780553354639144714e-01 6.046145299788301120e-02 0.000000000000000000e+00 5.734768868368639305e-01 9.490037997228510935e-01 1.000000000000000000e+00
1.779196364772955008e-01 6.121435043118231972e-02 0.000000000000000000e+00 5.733728607948054279e-01 9.496886510939028803e-01 1.000000000000000000e+00
1.780572820795426892e-01 6.209256567788114939e-02 0.000000000000000000e+00 5.751084409582370993e-01 9.496011352223380220e-01 1.000000000000000000e+00
1.761878066648075725e-01 6.472984905184943349e-02 0.000000000000000000e+00 5.766170619128773156e-01 9.541558793085709311e-01 1.000000000000000000e+00
1.777582783042256642e-01 6.299700083443104948e-02 0.000000000000000000e+00 5.760511997482686830e-01 9.520715772239951580e-01 1.000000000000000000e+00
1.788775617094426895e-01 5.994030418697467860e-02 0.000000000000000000e+00 5.758707391484998439e-01 9.534731802860526573e-01 1.000000000000000000e+00
1.777286516175761999e-01 5.903404898929818373e-02 0.000000000000000000e+00 5.766902450451850681e-01 9.598166909507773736e-01 1.000000000000000000e+00
1.828556167944973554e-01 5.277928062688507643e-02 0.000000000000000000e+00 5.751405739788396643e-01 9.590560069916865826e-01 1.000000000000000000e+00
1.837564788229669732e-01 5.020492794869333558e-02 0.000000000000000000e+00 5.750524765255657922e-01 9.571074365707612497e-01 1.000000000000000000e+00
1.828271072574975675e-01 5.074570048695073443e-02 0.000000000000000000e+00 5.753764039589864820e-01 9.594013237439098507e-01 1.000000000000000000e+00
1.832523134294554712e-01 4.993578113750345854e-02 0.000000000000000000e+00 5.753135165855146615e-01 9.584144058814192402e-01 1.000000000000000000e+00
1.799523570916037873e-01 5.042886989271220394e-02 0.000000000000000000e+00 5.740091268762839150e-01 9.623209044964177172e-01 1.000000000000000000e+00
