1.501116750973655600e+00
1.501116750973655600e+00
1.501116750973655600e+00
1.501116750973655600e+00
1.501116750973655600e+00
1.501116750973655600e+00
1.501116750973655600e+00
1.501116750973655600e+00
1.501116750973655600e+00
1.501116750973655600e+00
1.501116750973655600e+00
1.501116750973655600e+00
1.501116750973655600e+00
1.501116750973655600e+00
1.501116750973655600e+00
1.501116750973655600e+00
1.594249463365443598e+00
1.594249463365443598e+00
1.594249463365443598e+00
1.594249463365443598e+00
1.594249463365443598e+00
1.669683911372679574e+00
1.669683911372679574e+00
1.669683911372679574e+00
1.669683911372679574e+00
1.669683911372679574e+00
1.874907275413624008e+00
1.874907275413624008e+00
1.874907275413624008e+00
1.874907275413624008e+00
1.874907275413624008e+00
1.874907275413624008e+00
1.874907275413624008e+00
1.874907275413624008e+00
1.874907275413624008e+00
1.874907275413624008e+00
1.874907275413624008e+00
2.283001025197184841e+00
2.283001025197184841e+00
2.283001025197184841e+00
2.283001025197184841e+00
2.283001025197184841e+00
2.283001025197184841e+00
2.283001025197184841e+00
2.283001025197184841e+00
2.283001025197184841e+00
2.283001025197184841e+00
2.283001025197184841e+00
2.283001025197184841e+00
2.283001025197184841e+00
