-3.583591814003078024e+00
-4.181032104988029907e+00
-4.947752853850527543e+00
-5.954486879261404297e+00
-6.425360277223001404e+00
-7.465476029775636846e+00
-9.162047200572308370e+00
-8.855727502810456286e+00
-9.299738530605992537e+00
-9.188390933903505697e+00
-9.466475816882526928e+00
-9.436642329188925871e+00
-8.922694197322067922e+00
-8.912084878768494534e+00
-9.341914344959725724e+00
-9.064531005757334725e+00
-9.007912402591864875e+00
-9.585050384518980948e+00
-9.562681708672300829e+00
-9.527480624494321759e+00
-9.636423945235000232e+00
-9.621286385600894775e+00
-9.518116512038570676e+00
-9.200157209794259217e+00
-9.218610792174795066e+00
-9.045531470778866989e+00
-9.330208393572339887e+00
-9.347695459791832917e+00
-9.258245732990610932e+00
-9.578539016217719748e+00
-9.252457476944996984e+00
-9.044225493530261062e+00
-7.643829972039244858e+00
-8.034367989890277784e+00
-8.064998442036950266e+00
-7.758383294023625254e+00
-7.658952841553168689e+00
-7.581346987935852155e+00
-7.764909227374752199e+00
-7.707070119828423493e+00
-7.838046677983576238e+00
-7.825081042734312042e+00
-7.647208345736143720e+00
-7.812569723427476909e+00
-7.807333549916063653e+00
-7.785163522030906336e+00
-7.650285207071034321e+00
-7.436478246727872943e+00
-7.389759857142124133e+00
-7.419986647881950503e+00
-6.833806619769216439e+00
-8.248994029199337774e+00
-8.248460328207842807e+00
-8.290433972913149319e+00
-8.312460058320002787e+00
-8.333344933756828610e+00
-8.266322860572126174e+00
-8.365708286514992764e+00
-8.228205909531542517e+00
-8.081159330421302300e+00
-7.618785468820865603e+00
-7.712572840620351755e+00
-8.370737121309460349e+00
-8.229856998930474177e+00
-8.195797978485366286e+00
-8.150764563829106635e+00
-8.161599749158604311e+00
-8.027877612379802130e+00
-8.016179742575067380e+00
-8.000556948455765038e+00
-7.931626985769112181e+00
-7.949305676589192515e+00
-7.984119738519611431e+00
-7.949753692162803809e+00
-7.902777446869953870e+00
-7.868148563959842967e+00
-7.954130381229666646e+00
-7.854000170099300071e+00
-8.011213153882495774e+00
-8.053982695273157688e+00
-8.044087374489349074e+00
-8.716826665584649803e+00
-8.891496969336870393e+00
-8.833696611722777092e+00
-8.659534369673419718e+00
-8.601783142431237650e+00
-8.544726194024393706e+00
-8.649348860952095208e+00
-8.684021642098365135e+00
-8.623761509386875801e+00
-8.591530737509799565e+00
-8.509991329867515830e+00
-8.344571866783683234e+00
-8.340294178366955080e+00
-8.324750637435178291e+00
-8.292678940564110590e+00
-8.331232415545454018e+00
-8.310691049387777696e+00
-8.292868599936388918e+00
-8.314642499191039704e+00
