0.000000000000000000e+00 1.000000000000000000e+00 1.000000000000000000e+00 0.000000000000000000e+00 0.000000000000000000e+00 0.000000000000000000e+00
0.000000000000000000e+00 9.630336784885239476e-01 1.000000000000000000e+00 0.000000000000000000e+00 0.000000000000000000e+00 0.000000000000000000e+00
0.000000000000000000e+00 1.000000000000000000e+00 1.000000000000000000e+00 0.000000000000000000e+00 0.000000000000000000e+00 0.000000000000000000e+00
0.000000000000000000e+00 1.000000000000000000e+00 1.000000000000000000e+00 0.000000000000000000e+00 1.000000000000000000e+00 0.000000000000000000e+00
0.000000000000000000e+00 1.000000000000000000e+00 1.000000000000000000e+00 0.000000000000000000e+00 0.000000000000000000e+00 0.000000000000000000e+00
0.000000000000000000e+00 1.000000000000000000e+00 1.000000000000000000e+00 0.000000000000000000e+00 1.000000000000000000e+00 0.000000000000000000e+00
0.000000000000000000e+00 1.000000000000000000e+00 1.000000000000000000e+00 0.000000000000000000e+00 1.000000000000000000e+00 0.000000000000000000e+00
0.000000000000000000e+00 1.000000000000000000e+00 1.000000000000000000e+00 0.000000000000000000e+00 1.000000000000000000e+00 0.000000000000000000e+00
0.000000000000000000e+00 1.000000000000000000e+00 4.233786498268666820e-01 0.000000000000000000e+00 1.000000000000000000e+00 0.000000000000000000e+00
1.000000000000000000e+00 1.000000000000000000e+00 3.015499076941373646e-01 0.000000000000000000e+00 1.000000000000000000e+00 0.000000000000000000e+00
0.000000000000000000e+00 1.000000000000000000e+00 0.000000000000000000e+00 0.000000000000000000e+00 1.000000000000000000e+00 0.000000000000000000e+00
0.000000000000000000e+00 1.000000000000000000e+00 0.000000000000000000e+00 0.000000000000000000e+00 1.000000000000000000e+00 0.000000000000000000e+00
0.000000000000000000e+00 1.000000000000000000e+00 0.000000000000000000e+00 0.000000000000000000e+00 1.000000000000000000e+00 0.000000000000000000e+00
0.000000000000000000e+00 1.000000000000000000e+00 0.000000000000000000e+00 0.000000000000000000e+00 1.000000000000000000e+00 0.000000000000000000e+00
0.000000000000000000e+00 1.000000000000000000e+00 0.000000000000000000e+00 0.000000000000000000e+00 1.000000000000000000e+00 0.000000000000000000e+00
0.000000000000000000e+00 1.000000000000000000e+00 0.000000000000000000e+00 0.000000000000000000e+00 9.575970666645983176e-01 0.000000000000000000e+00
0.000000000000000000e+00 1.000000000000000000e+00 0.000000000000000000e+00 0.000000000000000000e+00 1.000000000000000000e+00 0.000000000000000000e+00
0.000000000000000000e+00 1.000000000000000000e+00 0.000000000000000000e+00 0.000000000000000000e+00 1.000000000000000000e+00 4.530030284522607031e-01
0.000000000000000000e+00 1.000000000000000000e+00 6.385447666149306478e-01 0.000000000000000000e+00 1.000000000000000000e+00 1.000000000000000000e+00
0.000000000000000000e+00 1.000000000000000000e+00 4.453571958104662332e-01 0.000000000000000000e+00 3.720932820822672737e-01 0.000000000000000000e+00
0.000000000000000000e+00 1.000000000000000000e+00 4.758205658193472853e-01 0.000000000000000000e+00 4.213228110919118863e-01 0.000000000000000000e+00
0.000000000000000000e+00 1.000000000000000000e+00 4.329258386928190872e-01 0.000000000000000000e+00 4.385745976961711867e-01 0.000000000000000000e+00
0.000000000000000000e+00 1.000000000000000000e+00 5.298064392301417014e-01 0.000000000000000000e+00 4.055730424930082956e-01 0.000000000000000000e+00
0.000000000000000000e+00 5.724159313241843350e-01 6.116835996072303994e-01 0.000000000000000000e+00 0.000000000000000000e+00 0.000000000000000000e+00
0.000000000000000000e+00 1.000000000000000000e+00 6.576991446367891347e-01 0.000000000000000000e+00 3.003036526129986283e-01 0.000000000000000000e+00
0.000000000000000000e+00 1.000000000000000000e+00 7.048071543166152253e-01 0.000000000000000000e+00 3.218974816761258628e-01 0.000000000000000000e+00
0.000000000000000000e+00 1.000000000000000000e+00 7.195323342199446692e-01 0.000000000000000000e+00 3.433291856310786705e-01 0.000000000000000000e+00
0.000000000000000000e+00 1.000000000000000000e+00 7.765975108174569819e-01 1.086256817949569041e-03 3.351268551340396140e-01 0.000000000000000000e+00
0.000000000000000000e+00 1.000000000000000000e+00 7.842548314875246174e-01 6.055565247701465842e-03 3.384024375263451900e-01 0.000000000000000000e+00
0.000000000000000000e+00 1.000000000000000000e+00 7.672954157650678786e-01 2.205606560773049063e-02 3.457020084230499335e-01 0.000000000000000000e+00
0.000000000000000000e+00 1.000000000000000000e+00 7.897621920882093027e-01 2.985563234612949313e-02 3.538935600362184131e-01 0.000000000000000000e+00
0.000000000000000000e+00 1.000000000000000000e+00 7.742405745155195307e-01 4.637508271098786904e-03 3.421387643785732124e-01 0.000000000000000000e+00
0.000000000000000000e+00 1.000000000000000000e+00 7.321403475096471825e-01 0.000000000000000000e+00 3.322555703612021794e-01 0.000000000000000000e+00
0.000000000000000000e+00 1.000000000000000000e+00 7.288621717841340386e-01 0.000000000000000000e+00 3.364963283351803391e-01 0.000000000000000000e+00
0.000000000000000000e+00 1.000000000000000000e+00 7.319276789174833375e-01 5.687313142935219480e-03 3.368283502197940704e-01 0.000000000000000000e+00
0.000000000000000000e+00 1.000000000000000000e+00 7.352655370481802066e-01 3.314313165048051769e-03 3.334164093838688503e-01 0.000000000000000000e+00
0.000000000000000000e+00 1.000000000000000000e+00 7.320385916758757050e-01 0.000000000000000000e+00 3.363144388856235678e-01 0.000000000000000000e+00
0.000000000000000000e+00 1.000000000000000000e+00 7.209350161707819282e-01 0.000000000000000000e+00 3.368062801112708948e-01 0.000000000000000000e+00
0.000000000000000000e+00 1.000000000000000000e+00 6.736777793053916330e-01 0.000000000000000000e+00 3.508867910348898445e-01 0.000000000000000000e+00
0.000000000000000000e+00 1.000000000000000000e+00 7.470582859093488626e-01 0.000000000000000000e+00 3.244721424914375763e-01 0.000000000000000000e+00
0.000000000000000000e+00 1.000000000000000000e+00 7.662152589841453310e-01 2.266762533606848928e-02 2.718024078350607664e-01 0.000000000000000000e+00
0.000000000000000000e+00 1.000000000000000000e+00 7.636165559608236730e-01 2.095310638653679475e-02 2.692748259365513319e-01 0.000000000000000000e+00
0.000000000000000000e+00 1.000000000000000000e+00 6.466438435298048626e-01 0.000000000000000000e+00 2.547649163159168006e-01 7.222468884885439866e-02
0.000000000000000000e+00 1.000000000000000000e+00 6.409580182778155111e-01 0.000000000000000000e+00 2.352869461622730529e-01 8.287149041761419921e-02
0.000000000000000000e+00 1.000000000000000000e+00 6.742916833976488888e-01 0.000000000000000000e+00 2.782952781532052611e-01 4.061160644664395247e-02
0.000000000000000000e+00 4.867545790906875336e-01 5.060076926971825984e-01 0.000000000000000000e+00 7.206129370804123524e-02 0.000000000000000000e+00
0.000000000000000000e+00 3.168770389639482543e-01 4.379353570227151882e-01 0.000000000000000000e+00 0.000000000000000000e+00 0.000000000000000000e+00
0.000000000000000000e+00 3.120902031998520343e-01 4.353015416240639812e-01 0.000000000000000000e+00 0.000000000000000000e+00 0.000000000000000000e+00
0.000000000000000000e+00 1.000000000000000000e+00 6.921922632380278495e-01 0.000000000000000000e+00 3.297866134053702991e-01 1.791116775802628625e-01
0.000000000000000000e+00 4.944264357549275068e-01 5.041606661610137374e-01 0.000000000000000000e+00 0.000000000000000000e+00 2.875843270477989461e-02
0.000000000000000000e+00 1.000000000000000000e+00 6.737166713947182473e-01 0.000000000000000000e+00 3.300338975457238755e-01 1.726600744272587529e-01
0.000000000000000000e+00 4.997397882660428170e-01 5.384093797084190669e-01 0.000000000000000000e+00 0.000000000000000000e+00 5.400780214898487364e-02
0.000000000000000000e+00 5.464885767701349595e-01 5.852451499041978478e-01 3.633785651723045462e-02 0.000000000000000000e+00 1.016583146805082327e-01
0.000000000000000000e+00 5.101203220076583333e-01 6.002054877384940257e-01 0.000000000000000000e+00 0.000000000000000000e+00 1.333054902079347792e-01
0.000000000000000000e+00 5.260486214201040012e-01 6.088619985539033275e-01 0.000000000000000000e+00 0.000000000000000000e+00 1.354118150375282770e-01
0.000000000000000000e+00 4.001459307615528593e-01 5.554145494205149358e-01 0.000000000000000000e+00 0.000000000000000000e+00 1.425617281389542357e-01
0.000000000000000000e+00 3.752778528071587516e-01 5.475787223218916422e-01 0.000000000000000000e+00 0.000000000000000000e+00 1.507526026808133357e-01
0.000000000000000000e+00 4.027710888781672605e-01 5.615412723700825559e-01 0.000000000000000000e+00 0.000000000000000000e+00 1.551346499719323813e-01
0.000000000000000000e+00 3.988477257557715427e-01 5.918988798571426235e-01 0.000000000000000000e+00 0.000000000000000000e+00 1.629003166078674125e-01
0.000000000000000000e+00 2.568365814976224515e-01 4.373081746085932253e-01 0.000000000000000000e+00 0.000000000000000000e+00 1.528557949777439584e-01
0.000000000000000000e+00 2.509780437966799838e-01 4.315252937093703722e-01 0.000000000000000000e+00 0.000000000000000000e+00 1.523139105170538410e-01
0.000000000000000000e+00 2.531718199586001639e-01 4.432818734479674894e-01 0.000000000000000000e+00 0.000000000000000000e+00 1.538860578736810925e-01
0.000000000000000000e+00 2.701722197303177975e-01 3.865799812752176434e-01 7.232469170988002627e-02 0.000000000000000000e+00 7.323676725239314234e-02
0.000000000000000000e+00 1.000000000000000000e+00 7.846765541777229735e-01 0.000000000000000000e+00 4.008230993634425698e-01 2.991195863963178603e-01
0.000000000000000000e+00 3.254435783044279384e-01 4.198793379807675419e-01 4.855039628835344095e-02 0.000000000000000000e+00 8.496728864015240523e-02
0.000000000000000000e+00 3.069214474891657218e-01 4.095466527584793459e-01 6.917116887277484361e-02 0.000000000000000000e+00 7.605109260521984715e-02
0.000000000000000000e+00 1.000000000000000000e+00 8.044838368203082180e-01 0.000000000000000000e+00 4.443123848398383702e-01 3.038825294666726573e-01
0.000000000000000000e+00 1.000000000000000000e+00 7.825646346138609433e-01 0.000000000000000000e+00 4.373378324611196244e-01 2.909213138347622740e-01
0.000000000000000000e+00 3.255933117060504367e-01 4.103730741596189890e-01 7.099498491510132514e-02 0.000000000000000000e+00 7.100409038251957738e-02
0.000000000000000000e+00 1.000000000000000000e+00 7.070158447938686974e-01 0.000000000000000000e+00 4.109530825147945099e-01 2.859173458790959521e-01
0.000000000000000000e+00 5.077593644575160159e-01 4.633446471265403321e-01 0.000000000000000000e+00 0.000000000000000000e+00 1.022312941062163694e-01
0.000000000000000000e+00 1.000000000000000000e+00 6.076243398170764198e-01 0.000000000000000000e+00 3.800290896555344466e-01 2.661507176342682857e-01
0.000000000000000000e+00 1.000000000000000000e+00 3.122417486047054380e-01 0.000000000000000000e+00 3.384693409160763333e-01 5.824492010207960729e-02
0.000000000000000000e+00 1.000000000000000000e+00 2.757656456137053680e-01 0.000000000000000000e+00 3.390631466520319104e-01 5.643561922244653278e-02
0.000000000000000000e+00 1.000000000000000000e+00 2.590072569368093158e-01 0.000000000000000000e+00 3.285985191243868120e-01 5.319997063363514356e-02
0.000000000000000000e+00 1.000000000000000000e+00 4.714161314987210805e-01 0.000000000000000000e+00 3.812902271642605312e-01 7.078999233889293752e-02
0.000000000000000000e+00 1.000000000000000000e+00 4.742126273566902861e-01 0.000000000000000000e+00 3.824138372213271020e-01 7.005600213696540346e-02
0.000000000000000000e+00 1.000000000000000000e+00 6.245201363982022524e-01 0.000000000000000000e+00 4.063435980402519410e-01 1.203971780070851455e-01
0.000000000000000000e+00 1.000000000000000000e+00 6.765618063511121827e-01 0.000000000000000000e+00 3.967929095165393938e-01 1.601677141672025462e-01
0.000000000000000000e+00 1.000000000000000000e+00 6.975346669365158903e-01 0.000000000000000000e+00 3.934307658693614873e-01 1.701986847779506651e-01
0.000000000000000000e+00 1.000000000000000000e+00 8.169428695160112497e-01 0.000000000000000000e+00 3.737316623104375291e-01 2.086914312836449792e-01
0.000000000000000000e+00 1.000000000000000000e+00 6.848446703578016104e-01 0.000000000000000000e+00 3.996602752489196719e-01 1.613236999731685328e-01
0.000000000000000000e+00 1.000000000000000000e+00 6.167423983092538142e-01 0.000000000000000000e+00 4.034286207961598203e-01 1.670847809908758141e-01
0.000000000000000000e+00 1.000000000000000000e+00 5.198321811199998477e-01 0.000000000000000000e+00 3.859574736082714286e-01 1.260187053311106753e-01
0.000000000000000000e+00 1.000000000000000000e+00 5.381462406102609508e-01 0.000000000000000000e+00 3.798092591474826474e-01 1.167583087229563388e-01
0.000000000000000000e+00 1.000000000000000000e+00 6.272228814797400354e-01 0.000000000000000000e+00 3.600149060839296089e-01 1.442070650999781045e-01
0.000000000000000000e+00 1.000000000000000000e+00 7.375576987434634413e-01 0.000000000000000000e+00 3.324532125110470360e-01 2.041610058105238212e-01
0.000000000000000000e+00 1.000000000000000000e+00 7.095187832155427365e-01 0.000000000000000000e+00 3.360949380398138286e-01 1.983429870920253302e-01
0.000000000000000000e+00 1.000000000000000000e+00 7.584914951711023701e-01 0.000000000000000000e+00 3.349326142023468234e-01 1.995999034992139154e-01
0.000000000000000000e+00 1.000000000000000000e+00 7.896995069959895641e-01 0.000000000000000000e+00 3.395821206439431639e-01 2.068473233445316251e-01
0.000000000000000000e+00 1.000000000000000000e+00 8.251205942406245608e-01 0.000000000000000000e+00 3.404590918920967768e-01 2.189231014204792991e-01
0.000000000000000000e+00 1.000000000000000000e+00 8.590738493124345787e-01 0.000000000000000000e+00 3.470224281519003195e-01 2.350906668449724568e-01
0.000000000000000000e+00 1.000000000000000000e+00 9.447418094078496864e-01 0.000000000000000000e+00 3.560709124500803791e-01 2.386153724656185915e-01
0.000000000000000000e+00 1.000000000000000000e+00 9.242493453169920992e-01 0.000000000000000000e+00 3.542632339633823846e-01 2.309195554209574897e-01
0.000000000000000000e+00 1.000000000000000000e+00 9.035054497046495214e-01 0.000000000000000000e+00 3.563370208486846824e-01 2.236624765545761895e-01
0.000000000000000000e+00 1.000000000000000000e+00 8.764770584101171380e-01 0.000000000000000000e+00 3.515977436063144612e-01 2.061550585763816390e-01
0.000000000000000000e+00 1.000000000000000000e+00 8.026853972700642714e-01 0.000000000000000000e+00 3.559352465623792372e-01 1.654256949889207073e-01
0.000000000000000000e+00 1.000000000000000000e+00 6.327963085657030140e-01 0.000000000000000000e+00 3.936220900062407657e-01 1.156312203756894447e-01
0.000000000000000000e+00 1.000000000000000000e+00 6.683195384661285710e-01 0.000000000000000000e+00 3.917121547187364938e-01 1.287661079502890049e-01
0.000000000000000000e+00 1.000000000000000000e+00 5.682503458743871638e-01 0.000000000000000000e+00 4.041470403342060091e-01 1.023346149686754636e-01
