1.103869208146074810e+00
1.103869208146074810e+00
1.103869208146074810e+00
1.103869208146074810e+00
1.103869208146074810e+00
1.103869208146074810e+00
1.103869208146074810e+00
1.103869208146074810e+00
1.103869208146074810e+00
1.103869208146074810e+00
1.103869208146074810e+00
1.103869208146074810e+00
1.103869208146074810e+00
1.103869208146074810e+00
1.103869208146074810e+00
1.103869208146074810e+00
1.103869208146074810e+00
1.103869208146074810e+00
1.103869208146074810e+00
1.103869208146074810e+00
1.103869208146074810e+00
1.103869208146074810e+00
1.103869208146074810e+00
1.103869208146074810e+00
1.103869208146074810e+00
1.103869208146074810e+00
1.103869208146074810e+00
1.103869208146074810e+00
1.103869208146074810e+00
1.103869208146074810e+00
1.103869208146074810e+00
1.103869208146074810e+00
1.103869208146074810e+00
1.103869208146074810e+00
1.103869208146074810e+00
1.103869208146074810e+00
1.103869208146074810e+00
1.103869208146074810e+00
1.103869208146074810e+00
1.103869208146074810e+00
1.103869208146074810e+00
1.103869208146074810e+00
1.103869208146074810e+00
1.103869208146074810e+00
1.103869208146074810e+00
1.103869208146074810e+00
1.103869208146074810e+00
1.103869208146074810e+00
1.103869208146074810e+00
1.103869208146074810e+00
1.103869208146074810e+00
1.103869208146074810e+00
1.103869208146074810e+00
1.103869208146074810e+00
1.103869208146074810e+00
1.103869208146074810e+00
1.103869208146074810e+00
1.103869208146074810e+00
1.103869208146074810e+00
1.103869208146074810e+00
1.103869208146074810e+00
1.103869208146074810e+00
1.103869208146074810e+00
1.103869208146074810e+00
1.103869208146074810e+00
1.103869208146074810e+00
1.103869208146074810e+00
1.103869208146074810e+00
1.103869208146074810e+00
1.103869208146074810e+00
1.392721571240601364e+00
1.392721571240601364e+00
1.392721571240601364e+00
1.392721571240601364e+00
1.392721571240601364e+00
1.392721571240601364e+00
1.392721571240601364e+00
1.392721571240601364e+00
1.392721571240601364e+00
1.392721571240601364e+00
1.392721571240601364e+00
1.392721571240601364e+00
1.392721571240601364e+00
1.392721571240601364e+00
1.392721571240601364e+00
1.392721571240601364e+00
1.392721571240601364e+00
1.392721571240601364e+00
1.392721571240601364e+00
1.392721571240601364e+00
1.392721571240601364e+00
1.392721571240601364e+00
1.392721571240601364e+00
1.392721571240601364e+00
1.392721571240601364e+00
1.392721571240601364e+00
1.392721571240601364e+00
1.392721571240601364e+00
1.392721571240601364e+00
1.392721571240601364e+00
