7.322357296943664551e-01 2.449467182159423828e-01 1.399838924407958984e-01 4.522395730018615723e-01 2.593334913253784180e-01 1.221252679824829102e-01
6.457909941673278809e-01 1.000000000000000000e+00 0.000000000000000000e+00 1.000000000000000000e+00 0.000000000000000000e+00 0.000000000000000000e+00
1.000000000000000000e+00 1.000000000000000000e+00 1.000000000000000000e+00 1.000000000000000000e+00 0.000000000000000000e+00 0.000000000000000000e+00
1.000000000000000000e+00 1.000000000000000000e+00 0.000000000000000000e+00 1.000000000000000000e+00 3.461928069591522217e-01 0.000000000000000000e+00
1.000000000000000000e+00 1.000000000000000000e+00 0.000000000000000000e+00 1.000000000000000000e+00 3.461928069591522217e-01 0.000000000000000000e+00
1.000000000000000000e+00 1.000000000000000000e+00 0.000000000000000000e+00 1.000000000000000000e+00 2.757404446601867676e-01 2.371510416269302368e-01
1.000000000000000000e+00 1.000000000000000000e+00 0.000000000000000000e+00 1.000000000000000000e+00 8.802405744791030884e-02 4.279304444789886475e-01
1.000000000000000000e+00 1.000000000000000000e+00 0.000000000000000000e+00 1.000000000000000000e+00 0.000000000000000000e+00 3.417286872863769531e-01
1.000000000000000000e+00 1.000000000000000000e+00 0.000000000000000000e+00 1.000000000000000000e+00 0.000000000000000000e+00 3.417286872863769531e-01
1.000000000000000000e+00 1.000000000000000000e+00 0.000000000000000000e+00 1.000000000000000000e+00 0.000000000000000000e+00 3.946994841098785400e-01
1.000000000000000000e+00 1.000000000000000000e+00 0.000000000000000000e+00 1.000000000000000000e+00 0.000000000000000000e+00 3.946994841098785400e-01
1.000000000000000000e+00 1.000000000000000000e+00 1.275330185890197754e-01 1.000000000000000000e+00 0.000000000000000000e+00 4.618180990219116211e-01
1.000000000000000000e+00 1.000000000000000000e+00 1.275330185890197754e-01 1.000000000000000000e+00 0.000000000000000000e+00 4.618180990219116211e-01
1.000000000000000000e+00 1.000000000000000000e+00 1.275330185890197754e-01 1.000000000000000000e+00 0.000000000000000000e+00 4.618180990219116211e-01
1.000000000000000000e+00 1.000000000000000000e+00 1.275330185890197754e-01 1.000000000000000000e+00 0.000000000000000000e+00 4.618180990219116211e-01
1.000000000000000000e+00 1.000000000000000000e+00 1.275330185890197754e-01 1.000000000000000000e+00 0.000000000000000000e+00 4.618180990219116211e-01
1.000000000000000000e+00 1.000000000000000000e+00 1.275330185890197754e-01 1.000000000000000000e+00 0.000000000000000000e+00 4.618180990219116211e-01
1.000000000000000000e+00 1.000000000000000000e+00 1.275330185890197754e-01 1.000000000000000000e+00 0.000000000000000000e+00 4.618180990219116211e-01
1.000000000000000000e+00 1.000000000000000000e+00 1.275330185890197754e-01 1.000000000000000000e+00 0.000000000000000000e+00 4.618180990219116211e-01
1.000000000000000000e+00 1.000000000000000000e+00 1.275330185890197754e-01 1.000000000000000000e+00 0.000000000000000000e+00 4.618180990219116211e-01
1.000000000000000000e+00 1.000000000000000000e+00 1.275330185890197754e-01 1.000000000000000000e+00 0.000000000000000000e+00 4.618180990219116211e-01
1.000000000000000000e+00 1.000000000000000000e+00 1.275330185890197754e-01 1.000000000000000000e+00 0.000000000000000000e+00 4.618180990219116211e-01
1.000000000000000000e+00 1.000000000000000000e+00 1.275330185890197754e-01 1.000000000000000000e+00 0.000000000000000000e+00 4.618180990219116211e-01
1.000000000000000000e+00 1.000000000000000000e+00 1.275330185890197754e-01 1.000000000000000000e+00 0.000000000000000000e+00 4.618180990219116211e-01
1.000000000000000000e+00 1.000000000000000000e+00 1.275330185890197754e-01 1.000000000000000000e+00 0.000000000000000000e+00 4.618180990219116211e-01
1.000000000000000000e+00 1.000000000000000000e+00 1.275330185890197754e-01 1.000000000000000000e+00 0.000000000000000000e+00 4.618180990219116211e-01
1.000000000000000000e+00 1.000000000000000000e+00 1.275330185890197754e-01 1.000000000000000000e+00 0.000000000000000000e+00 4.618180990219116211e-01
1.000000000000000000e+00 1.000000000000000000e+00 1.275330185890197754e-01 1.000000000000000000e+00 0.000000000000000000e+00 4.618180990219116211e-01
1.000000000000000000e+00 1.000000000000000000e+00 1.275330185890197754e-01 1.000000000000000000e+00 0.000000000000000000e+00 4.618180990219116211e-01
1.000000000000000000e+00 1.000000000000000000e+00 1.275330185890197754e-01 1.000000000000000000e+00 0.000000000000000000e+00 4.618180990219116211e-01
1.000000000000000000e+00 1.000000000000000000e+00 1.275330185890197754e-01 1.000000000000000000e+00 0.000000000000000000e+00 4.618180990219116211e-01
1.000000000000000000e+00 1.000000000000000000e+00 1.275330185890197754e-01 1.000000000000000000e+00 0.000000000000000000e+00 4.618180990219116211e-01
1.000000000000000000e+00 1.000000000000000000e+00 1.275330185890197754e-01 1.000000000000000000e+00 0.000000000000000000e+00 4.618180990219116211e-01
1.000000000000000000e+00 1.000000000000000000e+00 1.275330185890197754e-01 1.000000000000000000e+00 0.000000000000000000e+00 4.618180990219116211e-01
1.000000000000000000e+00 1.000000000000000000e+00 1.275330185890197754e-01 1.000000000000000000e+00 0.000000000000000000e+00 4.618180990219116211e-01
1.000000000000000000e+00 1.000000000000000000e+00 1.275330185890197754e-01 1.000000000000000000e+00 0.000000000000000000e+00 4.618180990219116211e-01
1.000000000000000000e+00 1.000000000000000000e+00 1.275330185890197754e-01 1.000000000000000000e+00 0.000000000000000000e+00 4.618180990219116211e-01
1.000000000000000000e+00 1.000000000000000000e+00 1.275330185890197754e-01 1.000000000000000000e+00 0.000000000000000000e+00 4.618180990219116211e-01
1.000000000000000000e+00 1.000000000000000000e+00 1.275330185890197754e-01 1.000000000000000000e+00 0.000000000000000000e+00 4.618180990219116211e-01
1.000000000000000000e+00 1.000000000000000000e+00 1.275330185890197754e-01 1.000000000000000000e+00 0.000000000000000000e+00 4.618180990219116211e-01
1.000000000000000000e+00 1.000000000000000000e+00 1.275330185890197754e-01 1.000000000000000000e+00 0.000000000000000000e+00 4.618180990219116211e-01
1.000000000000000000e+00 1.000000000000000000e+00 1.275330185890197754e-01 1.000000000000000000e+00 0.000000000000000000e+00 4.618180990219116211e-01
1.000000000000000000e+00 1.000000000000000000e+00 1.275330185890197754e-01 1.000000000000000000e+00 0.000000000000000000e+00 4.618180990219116211e-01
1.000000000000000000e+00 1.000000000000000000e+00 1.275330185890197754e-01 1.000000000000000000e+00 0.000000000000000000e+00 4.618180990219116211e-01
1.000000000000000000e+00 1.000000000000000000e+00 1.275330185890197754e-01 1.000000000000000000e+00 0.000000000000000000e+00 4.618180990219116211e-01
1.000000000000000000e+00 1.000000000000000000e+00 1.275330185890197754e-01 1.000000000000000000e+00 0.000000000000000000e+00 4.618180990219116211e-01
1.000000000000000000e+00 1.000000000000000000e+00 1.275330185890197754e-01 1.000000000000000000e+00 0.000000000000000000e+00 4.618180990219116211e-01
1.000000000000000000e+00 1.000000000000000000e+00 1.275330185890197754e-01 1.000000000000000000e+00 0.000000000000000000e+00 4.618180990219116211e-01
1.000000000000000000e+00 1.000000000000000000e+00 1.275330185890197754e-01 1.000000000000000000e+00 0.000000000000000000e+00 4.618180990219116211e-01
1.000000000000000000e+00 1.000000000000000000e+00 1.275330185890197754e-01 1.000000000000000000e+00 0.000000000000000000e+00 4.618180990219116211e-01
1.000000000000000000e+00 1.000000000000000000e+00 1.275330185890197754e-01 1.000000000000000000e+00 0.000000000000000000e+00 4.618180990219116211e-01
1.000000000000000000e+00 1.000000000000000000e+00 1.275330185890197754e-01 1.000000000000000000e+00 0.000000000000000000e+00 4.618180990219116211e-01
1.000000000000000000e+00 1.000000000000000000e+00 1.275330185890197754e-01 1.000000000000000000e+00 0.000000000000000000e+00 4.618180990219116211e-01
1.000000000000000000e+00 1.000000000000000000e+00 1.275330185890197754e-01 1.000000000000000000e+00 0.000000000000000000e+00 4.618180990219116211e-01
1.000000000000000000e+00 1.000000000000000000e+00 1.275330185890197754e-01 1.000000000000000000e+00 0.000000000000000000e+00 4.618180990219116211e-01
1.000000000000000000e+00 1.000000000000000000e+00 1.275330185890197754e-01 1.000000000000000000e+00 0.000000000000000000e+00 4.618180990219116211e-01
1.000000000000000000e+00 1.000000000000000000e+00 1.275330185890197754e-01 1.000000000000000000e+00 0.000000000000000000e+00 4.618180990219116211e-01
1.000000000000000000e+00 1.000000000000000000e+00 1.275330185890197754e-01 1.000000000000000000e+00 0.000000000000000000e+00 4.618180990219116211e-01
1.000000000000000000e+00 1.000000000000000000e+00 1.275330185890197754e-01 1.000000000000000000e+00 0.000000000000000000e+00 4.618180990219116211e-01
1.000000000000000000e+00 1.000000000000000000e+00 1.275330185890197754e-01 1.000000000000000000e+00 0.000000000000000000e+00 4.618180990219116211e-01
1.000000000000000000e+00 1.000000000000000000e+00 1.275330185890197754e-01 1.000000000000000000e+00 0.000000000000000000e+00 4.618180990219116211e-01
1.000000000000000000e+00 1.000000000000000000e+00 1.275330185890197754e-01 1.000000000000000000e+00 0.000000000000000000e+00 4.618180990219116211e-01
1.000000000000000000e+00 1.000000000000000000e+00 1.275330185890197754e-01 1.000000000000000000e+00 0.000000000000000000e+00 4.618180990219116211e-01
1.000000000000000000e+00 1.000000000000000000e+00 1.275330185890197754e-01 1.000000000000000000e+00 0.000000000000000000e+00 4.618180990219116211e-01
1.000000000000000000e+00 1.000000000000000000e+00 1.275330185890197754e-01 1.000000000000000000e+00 0.000000000000000000e+00 4.618180990219116211e-01
1.000000000000000000e+00 1.000000000000000000e+00 1.275330185890197754e-01 1.000000000000000000e+00 0.000000000000000000e+00 4.618180990219116211e-01
1.000000000000000000e+00 1.000000000000000000e+00 1.275330185890197754e-01 1.000000000000000000e+00 0.000000000000000000e+00 4.618180990219116211e-01
1.000000000000000000e+00 1.000000000000000000e+00 1.275330185890197754e-01 1.000000000000000000e+00 0.000000000000000000e+00 4.618180990219116211e-01
1.000000000000000000e+00 1.000000000000000000e+00 1.275330185890197754e-01 1.000000000000000000e+00 0.000000000000000000e+00 4.618180990219116211e-01
1.000000000000000000e+00 1.000000000000000000e+00 1.275330185890197754e-01 1.000000000000000000e+00 0.000000000000000000e+00 4.618180990219116211e-01
1.000000000000000000e+00 1.000000000000000000e+00 1.275330185890197754e-01 1.000000000000000000e+00 0.000000000000000000e+00 4.618180990219116211e-01
1.000000000000000000e+00 1.000000000000000000e+00 1.275330185890197754e-01 1.000000000000000000e+00 0.000000000000000000e+00 4.618180990219116211e-01
1.000000000000000000e+00 1.000000000000000000e+00 1.275330185890197754e-01 1.000000000000000000e+00 0.000000000000000000e+00 4.618180990219116211e-01
1.000000000000000000e+00 1.000000000000000000e+00 1.275330185890197754e-01 1.000000000000000000e+00 0.000000000000000000e+00 4.618180990219116211e-01
1.000000000000000000e+00 1.000000000000000000e+00 1.275330185890197754e-01 1.000000000000000000e+00 0.000000000000000000e+00 4.618180990219116211e-01
1.000000000000000000e+00 1.000000000000000000e+00 1.275330185890197754e-01 1.000000000000000000e+00 0.000000000000000000e+00 4.618180990219116211e-01
1.000000000000000000e+00 1.000000000000000000e+00 1.275330185890197754e-01 1.000000000000000000e+00 0.000000000000000000e+00 4.618180990219116211e-01
1.000000000000000000e+00 1.000000000000000000e+00 1.275330185890197754e-01 1.000000000000000000e+00 0.000000000000000000e+00 4.618180990219116211e-01
1.000000000000000000e+00 1.000000000000000000e+00 1.275330185890197754e-01 1.000000000000000000e+00 0.000000000000000000e+00 4.618180990219116211e-01
1.000000000000000000e+00 1.000000000000000000e+00 1.275330185890197754e-01 1.000000000000000000e+00 0.000000000000000000e+00 4.618180990219116211e-01
1.000000000000000000e+00 1.000000000000000000e+00 1.275330185890197754e-01 1.000000000000000000e+00 0.000000000000000000e+00 4.618180990219116211e-01
1.000000000000000000e+00 1.000000000000000000e+00 1.275330185890197754e-01 1.000000000000000000e+00 0.000000000000000000e+00 4.618180990219116211e-01
1.000000000000000000e+00 1.000000000000000000e+00 1.275330185890197754e-01 1.000000000000000000e+00 0.000000000000000000e+00 4.618180990219116211e-01
1.000000000000000000e+00 1.000000000000000000e+00 1.275330185890197754e-01 1.000000000000000000e+00 0.000000000000000000e+00 4.618180990219116211e-01
1.000000000000000000e+00 1.000000000000000000e+00 1.275330185890197754e-01 1.000000000000000000e+00 0.000000000000000000e+00 4.618180990219116211e-01
1.000000000000000000e+00 1.000000000000000000e+00 1.275330185890197754e-01 1.000000000000000000e+00 0.000000000000000000e+00 4.618180990219116211e-01
1.000000000000000000e+00 1.000000000000000000e+00 1.275330185890197754e-01 1.000000000000000000e+00 0.000000000000000000e+00 4.618180990219116211e-01
1.000000000000000000e+00 1.000000000000000000e+00 1.275330185890197754e-01 1.000000000000000000e+00 0.000000000000000000e+00 4.618180990219116211e-01
1.000000000000000000e+00 1.000000000000000000e+00 1.275330185890197754e-01 1.000000000000000000e+00 0.000000000000000000e+00 4.618180990219116211e-01
1.000000000000000000e+00 1.000000000000000000e+00 1.275330185890197754e-01 1.000000000000000000e+00 0.000000000000000000e+00 4.618180990219116211e-01
1.000000000000000000e+00 1.000000000000000000e+00 1.275330185890197754e-01 1.000000000000000000e+00 0.000000000000000000e+00 4.618180990219116211e-01
1.000000000000000000e+00 1.000000000000000000e+00 1.275330185890197754e-01 1.000000000000000000e+00 0.000000000000000000e+00 4.618180990219116211e-01
1.000000000000000000e+00 1.000000000000000000e+00 1.275330185890197754e-01 1.000000000000000000e+00 0.000000000000000000e+00 4.618180990219116211e-01
1.000000000000000000e+00 1.000000000000000000e+00 1.275330185890197754e-01 1.000000000000000000e+00 0.000000000000000000e+00 4.618180990219116211e-01
1.000000000000000000e+00 1.000000000000000000e+00 1.275330185890197754e-01 1.000000000000000000e+00 0.000000000000000000e+00 4.618180990219116211e-01
1.000000000000000000e+00 1.000000000000000000e+00 1.275330185890197754e-01 1.000000000000000000e+00 0.000000000000000000e+00 4.618180990219116211e-01
1.000000000000000000e+00 1.000000000000000000e+00 1.275330185890197754e-01 1.000000000000000000e+00 0.000000000000000000e+00 4.618180990219116211e-01
1.000000000000000000e+00 1.000000000000000000e+00 1.275330185890197754e-01 1.000000000000000000e+00 0.000000000000000000e+00 4.618180990219116211e-01
1.000000000000000000e+00 1.000000000000000000e+00 1.275330185890197754e-01 1.000000000000000000e+00 0.000000000000000000e+00 4.618180990219116211e-01
1.000000000000000000e+00 1.000000000000000000e+00 1.275330185890197754e-01 1.000000000000000000e+00 0.000000000000000000e+00 4.618180990219116211e-01
