9.333792334262558388e-01
1.331472988211981623e-01
5.104212835398301840e-01
5.913618247909587788e-01
3.889917779806844056e-01
6.658604771749343509e-01
5.190445586608056772e-01
6.949636332263797733e-01
9.623628462772247927e-01
6.802795717529805941e-01
3.783352322281704483e-01
1.092218468801020803e+00
1.652810312719467101e-01
6.596913276541032101e-01
7.162209825371220751e-01
1.141525437379798724e+00
1.064772353607890576e+00
4.906830550741418384e-01
1.061335261016698617e+00
7.936846961778826204e-01
1.088620986867907980e+00
1.076896652258864773e+00
7.931514151116345612e-01
9.247781401766763665e-01
-5.189664763972990924e-01
5.326280197012691620e-01
2.312595908917233767e-01
8.958275259969132875e-01
7.606259763533584906e-01
7.759546375881585245e-01
5.986957012915630205e-01
4.765729727255001991e-01
6.130031920286357350e-01
1.731573778262980312e-01
5.102051263893594424e-01
7.936070036165507879e-01
9.230234678513034030e-01
1.222656753505960259e+00
7.918327488987121354e-01
1.887784997155149136e-01
7.421625419157000803e-01
5.301925643599081361e-02
5.999404044467473440e-01
7.783914532917186602e-01
1.000511106502311121e+00
1.638625653857605502e-01
9.354850676656184527e-01
5.679926042874370307e-01
5.810235007717476918e-01
7.566299788290500317e-01
9.516174460914641475e-01
-7.336706701397571750e-02
5.089735721561896575e-01
5.531964583135993152e-01
5.533493392759769591e-01
6.234718842298601071e-01
6.177909346865630980e-01
5.109834600052890613e-02
3.787890527329142443e-01
5.853695734039618959e-01
1.255450890198472447e+00
8.570978353629825630e-01
4.706330211989705470e-01
6.193256148808921058e-01
1.009141881731292711e+00
9.550284718678322404e-01
4.506235296100629673e-01
1.310065465115663574e+00
5.625549249078087843e-01
8.144101639513097179e-01
1.397537936989927010e+00
1.071796098745666725e+00
7.347772184192004064e-01
6.615194234020544961e-01
1.061127927214098099e+00
1.874750857694922335e-01
5.618022810861990068e-01
7.364008777920548754e-01
5.527819055246103730e-01
9.234561469091066011e-01
9.056563486825991438e-01
1.517957567681465503e-01
6.099690455187896099e-01
6.771958018509040000e-01
9.535635904149037945e-01
1.075284142631520723e+00
1.044923205305875014e+00
1.049959156152434403e+00
1.105365754955027313e+00
5.293810392432168888e-01
7.461152263663306528e-01
6.735017002413545839e-01
2.837495750348940637e-01
5.502001683015180777e-01
4.179815587266784149e-01
7.621900270643553466e-01
1.058731751591126979e+00
1.218270120486707464e+00
6.163565092239358112e-01
4.889278201998410456e-01
1.176101885079855691e+00
-8.027209779760707820e-02
1.250507900761045788e+00
1.157178037646648061e+00
6.236193593985683847e-01
1.156100400189278732e+00
1.005791282206274784e-01
9.778558870207383347e-01
6.300045866727381760e-01
2.712020793948692887e-01
