-1.124257559249948413e+00
-1.842875934820855655e+00
-1.703330117547643630e+00
-1.730667692794273238e+00
-1.751795619228774914e+00
2.045644484529566542e-01
-2.477654459427076628e+00
-2.448706001837573698e+00
-3.749587000285161675e+00
-3.916935177507701926e+00
-7.744507635554820357e-01
-3.778715103636695716e+00
-3.370278763906546349e+00
-2.623720633025344195e+00
-3.722989756552713470e+00
-3.721995698719814172e+00
-3.759819440376140243e+00
-5.483123526182733798e+00
-5.780509578660502079e+00
-7.221758765921532763e+00
-7.977516238743946886e+00
-9.023430568885308034e+00
-1.012702974795875477e+01
-1.054742557421448090e+01
-8.718817320088573908e+00
-8.676761130048562976e+00
-7.712787341972807909e+00
-7.971018521185700756e+00
-9.362403871033178504e+00
-1.009296153159273146e+01
-9.934857139399056791e+00
-1.010251295703130126e+01
-9.939249301889120147e+00
-9.623955336633217783e+00
-1.000562600205652330e+01
-9.667347716696729876e+00
-9.746381367294327802e+00
-9.837881628765984487e+00
-1.047086715914924149e+01
-1.033087909165264406e+01
-9.844175651627187662e+00
-9.355575080764522156e+00
-9.409068676426947775e+00
-9.351818624778140077e+00
-1.153621119202755274e+01
-1.143626575067271922e+01
-9.914048762971367168e+00
-1.114021069112252960e+01
-1.209520530706599750e+01
-1.210511953699983323e+01
-1.231462928485134078e+01
-1.219466577192921974e+01
-1.066833344832911479e+01
-1.149661970511959197e+01
-1.165623810323882026e+01
-1.173232426468502076e+01
-1.156693242402355004e+01
-1.171833021426868271e+01
-1.152469594473940262e+01
-1.091811202324009322e+01
-1.107370270104372345e+01
-1.108009577275593216e+01
-1.161250674863343413e+01
-1.235159025292809432e+01
-1.237144090066732538e+01
-1.192181849653916892e+01
-1.164828840106727093e+01
-1.181025615108487159e+01
-1.163200930397542265e+01
-1.095920418454680778e+01
-1.053757716699429992e+01
-1.055761038471685964e+01
-1.062987279973469867e+01
-1.034575323819531967e+01
-1.122410674307495704e+01
-1.059171706444579719e+01
-1.052385505441279356e+01
-1.022015303598707980e+01
-1.084374848111166223e+01
-1.119223614249529319e+01
-1.117483076428112732e+01
-1.118433762815519650e+01
-1.113660965183408891e+01
-1.105380354175636626e+01
-1.109038704417673493e+01
-1.146246403607548103e+01
-1.195718783134073782e+01
-1.136042713941271209e+01
-1.126397090999758355e+01
-1.141511769988207625e+01
-1.115021613161417235e+01
-1.094132249012499614e+01
-1.077399416264701948e+01
-1.071374725421487639e+01
-1.111931398701558926e+01
-1.009769976635135080e+01
-9.737298677299207839e+00
-1.031753225780013317e+01
-1.102295795788857902e+01
-1.077917283077025523e+01
