0.000000000000000000e+00 0.000000000000000000e+00 1.000000000000000000e+00 1.000000000000000000e+00 3.534287383352098799e-01 0.000000000000000000e+00
0.000000000000000000e+00 0.000000000000000000e+00 1.000000000000000000e+00 1.000000000000000000e+00 5.884721627245991238e-01 0.000000000000000000e+00
1.000000000000000000e+00 0.000000000000000000e+00 1.000000000000000000e+00 1.000000000000000000e+00 1.104148576192838238e-01 0.000000000000000000e+00
1.000000000000000000e+00 0.000000000000000000e+00 1.000000000000000000e+00 1.000000000000000000e+00 0.000000000000000000e+00 2.612887113216330048e-01
1.000000000000000000e+00 0.000000000000000000e+00 1.000000000000000000e+00 1.000000000000000000e+00 0.000000000000000000e+00 0.000000000000000000e+00
1.000000000000000000e+00 0.000000000000000000e+00 1.000000000000000000e+00 1.000000000000000000e+00 0.000000000000000000e+00 0.000000000000000000e+00
1.000000000000000000e+00 0.000000000000000000e+00 1.000000000000000000e+00 1.000000000000000000e+00 0.000000000000000000e+00 0.000000000000000000e+00
1.000000000000000000e+00 0.000000000000000000e+00 1.000000000000000000e+00 1.000000000000000000e+00 0.000000000000000000e+00 0.000000000000000000e+00
1.000000000000000000e+00 0.000000000000000000e+00 1.000000000000000000e+00 8.887136500195587097e-01 0.000000000000000000e+00 0.000000000000000000e+00
1.000000000000000000e+00 0.000000000000000000e+00 1.000000000000000000e+00 9.650455795546641902e-01 0.000000000000000000e+00 0.000000000000000000e+00
1.000000000000000000e+00 0.000000000000000000e+00 1.000000000000000000e+00 9.709955520937336715e-01 0.000000000000000000e+00 0.000000000000000000e+00
1.000000000000000000e+00 0.000000000000000000e+00 1.000000000000000000e+00 9.856013731792115928e-01 0.000000000000000000e+00 0.000000000000000000e+00
1.000000000000000000e+00 0.000000000000000000e+00 1.000000000000000000e+00 1.000000000000000000e+00 1.000000000000000000e+00 1.000000000000000000e+00
1.000000000000000000e+00 0.000000000000000000e+00 1.000000000000000000e+00 1.000000000000000000e+00 1.000000000000000000e+00 1.000000000000000000e+00
1.000000000000000000e+00 0.000000000000000000e+00 1.000000000000000000e+00 1.000000000000000000e+00 1.000000000000000000e+00 1.000000000000000000e+00
1.000000000000000000e+00 0.000000000000000000e+00 1.000000000000000000e+00 1.000000000000000000e+00 1.000000000000000000e+00 1.000000000000000000e+00
1.000000000000000000e+00 0.000000000000000000e+00 1.000000000000000000e+00 1.000000000000000000e+00 1.000000000000000000e+00 1.000000000000000000e+00
1.000000000000000000e+00 0.000000000000000000e+00 1.000000000000000000e+00 1.000000000000000000e+00 1.000000000000000000e+00 1.000000000000000000e+00
1.000000000000000000e+00 0.000000000000000000e+00 1.000000000000000000e+00 1.000000000000000000e+00 1.000000000000000000e+00 1.000000000000000000e+00
1.000000000000000000e+00 0.000000000000000000e+00 1.000000000000000000e+00 1.000000000000000000e+00 1.000000000000000000e+00 1.000000000000000000e+00
1.000000000000000000e+00 0.000000000000000000e+00 1.000000000000000000e+00 1.000000000000000000e+00 1.000000000000000000e+00 1.000000000000000000e+00
1.000000000000000000e+00 0.000000000000000000e+00 1.000000000000000000e+00 1.000000000000000000e+00 1.000000000000000000e+00 9.559815903162309780e-01
1.000000000000000000e+00 0.000000000000000000e+00 1.000000000000000000e+00 1.000000000000000000e+00 1.000000000000000000e+00 8.064868084022455141e-01
1.000000000000000000e+00 0.000000000000000000e+00 1.000000000000000000e+00 1.000000000000000000e+00 1.000000000000000000e+00 8.107536625534287333e-01
8.549504312132705230e-01 0.000000000000000000e+00 1.000000000000000000e+00 1.000000000000000000e+00 1.000000000000000000e+00 9.643437909181250545e-01
1.000000000000000000e+00 0.000000000000000000e+00 1.000000000000000000e+00 1.000000000000000000e+00 1.000000000000000000e+00 1.000000000000000000e+00
1.000000000000000000e+00 0.000000000000000000e+00 1.000000000000000000e+00 1.000000000000000000e+00 1.000000000000000000e+00 1.000000000000000000e+00
1.000000000000000000e+00 0.000000000000000000e+00 1.000000000000000000e+00 1.000000000000000000e+00 1.000000000000000000e+00 1.000000000000000000e+00
3.733454274767741832e-01 0.000000000000000000e+00 1.000000000000000000e+00 1.000000000000000000e+00 4.151815907515633564e-01 3.678236770432344871e-01
3.006133015536634479e-01 0.000000000000000000e+00 1.000000000000000000e+00 1.000000000000000000e+00 4.687068354092260303e-01 3.846635127396990650e-01
3.564620120501896805e-01 0.000000000000000000e+00 1.000000000000000000e+00 1.000000000000000000e+00 4.168732129945625919e-01 3.701476871712419126e-01
2.745569812667520981e-01 0.000000000000000000e+00 1.000000000000000000e+00 1.000000000000000000e+00 4.723291011771796888e-01 3.878009092080180742e-01
4.316810289576905602e-01 0.000000000000000000e+00 1.000000000000000000e+00 1.000000000000000000e+00 0.000000000000000000e+00 1.864246989813322097e-01
3.499556609549968056e-01 0.000000000000000000e+00 1.000000000000000000e+00 1.000000000000000000e+00 2.679202590754212188e-01 2.834395450186569243e-01
3.414761799248968166e-01 0.000000000000000000e+00 1.000000000000000000e+00 1.000000000000000000e+00 2.781688254097727797e-01 2.902849854145383435e-01
3.407571755402876712e-01 0.000000000000000000e+00 1.000000000000000000e+00 1.000000000000000000e+00 2.796745741763496662e-01 2.917548318990446088e-01
3.423108157039406740e-01 0.000000000000000000e+00 1.000000000000000000e+00 1.000000000000000000e+00 2.867133953817120329e-01 2.896544507899346810e-01
3.452272831976453404e-01 0.000000000000000000e+00 1.000000000000000000e+00 1.000000000000000000e+00 2.826924153613615820e-01 2.809570097295304714e-01
3.463924433324871988e-01 0.000000000000000000e+00 1.000000000000000000e+00 1.000000000000000000e+00 2.804453865072475960e-01 2.788209055694011451e-01
3.451998015242958573e-01 0.000000000000000000e+00 1.000000000000000000e+00 1.000000000000000000e+00 2.739322505309148559e-01 2.779618919879350836e-01
3.480396777082193083e-01 0.000000000000000000e+00 1.000000000000000000e+00 1.000000000000000000e+00 2.648760371763574928e-01 2.757994329421875612e-01
3.120627542745172955e-01 0.000000000000000000e+00 1.000000000000000000e+00 1.000000000000000000e+00 2.303229193072353354e-01 3.183889070846097624e-01
3.375797686162853584e-01 0.000000000000000000e+00 1.000000000000000000e+00 1.000000000000000000e+00 4.437153122624799551e-01 3.527349921631866558e-01
3.329226763232221442e-01 0.000000000000000000e+00 1.000000000000000000e+00 1.000000000000000000e+00 4.440579446877709890e-01 3.595201606411677075e-01
3.371122279782287068e-01 0.000000000000000000e+00 1.000000000000000000e+00 1.000000000000000000e+00 4.402221563303294616e-01 3.559071195726229986e-01
3.341460381020410764e-01 0.000000000000000000e+00 1.000000000000000000e+00 1.000000000000000000e+00 4.348845837615603616e-01 3.743879387516158563e-01
3.258572114904351724e-01 0.000000000000000000e+00 1.000000000000000000e+00 1.000000000000000000e+00 4.426336911547826269e-01 3.894123284851899736e-01
3.237195144911955702e-01 0.000000000000000000e+00 1.000000000000000000e+00 1.000000000000000000e+00 4.463476661581152749e-01 3.933500189215572429e-01
2.788268949369488436e-01 0.000000000000000000e+00 1.000000000000000000e+00 1.000000000000000000e+00 3.212189435363075884e-01 3.591331351363282742e-01
2.793210342758897791e-01 0.000000000000000000e+00 1.000000000000000000e+00 1.000000000000000000e+00 3.231705758516432159e-01 3.620909721930903880e-01
2.957246532442678322e-01 0.000000000000000000e+00 1.000000000000000000e+00 1.000000000000000000e+00 3.405606184295457695e-01 4.346600251234832846e-01
2.928106516194748377e-01 0.000000000000000000e+00 1.000000000000000000e+00 1.000000000000000000e+00 3.400278892557520027e-01 4.292101613283692552e-01
1.000000000000000000e+00 0.000000000000000000e+00 1.000000000000000000e+00 1.000000000000000000e+00 1.000000000000000000e+00 1.000000000000000000e+00
1.000000000000000000e+00 0.000000000000000000e+00 1.000000000000000000e+00 1.000000000000000000e+00 1.000000000000000000e+00 1.000000000000000000e+00
2.808069052390180231e-01 0.000000000000000000e+00 1.000000000000000000e+00 1.000000000000000000e+00 3.574096142344331817e-01 4.522149777002450466e-01
2.795079444224813359e-01 0.000000000000000000e+00 1.000000000000000000e+00 1.000000000000000000e+00 3.466726443080134779e-01 4.278943931741382989e-01
2.783458390782924119e-01 0.000000000000000000e+00 1.000000000000000000e+00 1.000000000000000000e+00 3.439102232425704231e-01 4.176167479189731302e-01
2.791512966495438564e-01 0.000000000000000000e+00 1.000000000000000000e+00 1.000000000000000000e+00 3.400478550790975163e-01 4.102759113258033219e-01
2.788924323128711413e-01 0.000000000000000000e+00 1.000000000000000000e+00 1.000000000000000000e+00 3.404580102952850518e-01 4.102424106404586879e-01
1.000000000000000000e+00 0.000000000000000000e+00 1.000000000000000000e+00 1.000000000000000000e+00 1.000000000000000000e+00 1.000000000000000000e+00
2.725903193093132670e-01 0.000000000000000000e+00 1.000000000000000000e+00 1.000000000000000000e+00 3.308083507889937325e-01 3.241360672106320395e-01
2.928532038731446185e-01 0.000000000000000000e+00 1.000000000000000000e+00 1.000000000000000000e+00 3.373366582543924630e-01 3.188805481679086729e-01
2.948511764363440646e-01 0.000000000000000000e+00 1.000000000000000000e+00 1.000000000000000000e+00 3.352863881381996647e-01 3.132283422891016245e-01
1.000000000000000000e+00 0.000000000000000000e+00 1.000000000000000000e+00 1.000000000000000000e+00 1.000000000000000000e+00 1.000000000000000000e+00
3.447990867682756422e-01 0.000000000000000000e+00 1.000000000000000000e+00 1.000000000000000000e+00 3.675102885100844929e-01 2.196927029666620179e-01
3.138893707680888712e-01 0.000000000000000000e+00 1.000000000000000000e+00 1.000000000000000000e+00 3.634384339220384508e-01 2.544530744837733560e-01
3.031421536110261439e-01 0.000000000000000000e+00 1.000000000000000000e+00 1.000000000000000000e+00 3.562628190475424783e-01 2.731484719894409774e-01
3.029626855297605226e-01 0.000000000000000000e+00 1.000000000000000000e+00 1.000000000000000000e+00 3.558206783038384557e-01 2.737297065429774579e-01
2.996792722119821506e-01 0.000000000000000000e+00 1.000000000000000000e+00 1.000000000000000000e+00 3.506605326891319430e-01 2.841057665886713157e-01
2.998694489454046264e-01 0.000000000000000000e+00 1.000000000000000000e+00 1.000000000000000000e+00 3.470943078718523589e-01 2.867624204618756112e-01
2.861742120760620844e-01 0.000000000000000000e+00 1.000000000000000000e+00 1.000000000000000000e+00 3.390377650620929328e-01 2.958752908536743109e-01
2.877547950059743398e-01 0.000000000000000000e+00 1.000000000000000000e+00 1.000000000000000000e+00 3.419566760301220310e-01 2.930452992623809871e-01
2.791010874565477140e-01 0.000000000000000000e+00 1.000000000000000000e+00 1.000000000000000000e+00 3.366456320288978565e-01 3.065574205571136579e-01
2.819528695629677228e-01 0.000000000000000000e+00 1.000000000000000000e+00 1.000000000000000000e+00 3.464577424092225022e-01 2.968121039841664088e-01
2.897177525529459063e-01 0.000000000000000000e+00 1.000000000000000000e+00 1.000000000000000000e+00 3.572045259401777084e-01 2.762179952824807549e-01
2.910557267231786982e-01 0.000000000000000000e+00 1.000000000000000000e+00 1.000000000000000000e+00 3.551929252344784849e-01 2.897978325326772131e-01
2.823673768028670539e-01 0.000000000000000000e+00 1.000000000000000000e+00 1.000000000000000000e+00 3.421703568915530069e-01 3.102478215562752273e-01
2.794392646030249838e-01 0.000000000000000000e+00 1.000000000000000000e+00 1.000000000000000000e+00 3.321890608461373628e-01 3.266334972348244325e-01
2.773682690565896225e-01 0.000000000000000000e+00 1.000000000000000000e+00 1.000000000000000000e+00 3.407518293610679039e-01 3.234840322994270712e-01
2.952884944979903281e-01 0.000000000000000000e+00 1.000000000000000000e+00 1.000000000000000000e+00 3.403840582769523948e-01 3.257087052632934854e-01
3.025696206248155162e-01 0.000000000000000000e+00 1.000000000000000000e+00 1.000000000000000000e+00 3.381642152744153695e-01 3.221735256931572144e-01
1.000000000000000000e+00 0.000000000000000000e+00 1.000000000000000000e+00 1.000000000000000000e+00 1.000000000000000000e+00 1.000000000000000000e+00
2.988229720581507265e-01 0.000000000000000000e+00 1.000000000000000000e+00 1.000000000000000000e+00 3.351904935707971100e-01 3.325597609226922380e-01
2.979186757739114011e-01 0.000000000000000000e+00 1.000000000000000000e+00 1.000000000000000000e+00 3.367888736160544183e-01 3.321470275067035516e-01
3.085662036542071718e-01 0.000000000000000000e+00 1.000000000000000000e+00 1.000000000000000000e+00 3.476330530619828330e-01 3.104091151608162069e-01
3.224699647655632218e-01 0.000000000000000000e+00 1.000000000000000000e+00 1.000000000000000000e+00 4.082105988535839058e-01 2.067600081157567049e-01
3.168726148434036771e-01 0.000000000000000000e+00 1.000000000000000000e+00 1.000000000000000000e+00 4.156633990277834312e-01 2.047471940130634327e-01
3.165513269726453749e-01 0.000000000000000000e+00 1.000000000000000000e+00 1.000000000000000000e+00 4.153882305688688659e-01 2.050288713910327631e-01
3.173890008146351138e-01 0.000000000000000000e+00 1.000000000000000000e+00 1.000000000000000000e+00 4.155608188413596471e-01 2.047246660601858836e-01
3.176918103521204073e-01 0.000000000000000000e+00 1.000000000000000000e+00 1.000000000000000000e+00 4.157105830128959845e-01 2.045743007713039241e-01
3.167997982892116760e-01 0.000000000000000000e+00 1.000000000000000000e+00 1.000000000000000000e+00 4.157739067124427423e-01 2.056224410501352184e-01
3.161807834334613432e-01 0.000000000000000000e+00 1.000000000000000000e+00 1.000000000000000000e+00 4.169932887839590263e-01 2.052905255570144083e-01
3.160257678020574890e-01 0.000000000000000000e+00 1.000000000000000000e+00 1.000000000000000000e+00 4.162614973607228208e-01 2.058395522132313304e-01
3.231724559664461705e-01 0.000000000000000000e+00 1.000000000000000000e+00 1.000000000000000000e+00 4.102739990554955529e-01 2.078284041211903854e-01
3.216966029371089442e-01 0.000000000000000000e+00 1.000000000000000000e+00 1.000000000000000000e+00 4.086164668879111450e-01 2.092824420815517228e-01
3.243309721922842392e-01 0.000000000000000000e+00 1.000000000000000000e+00 1.000000000000000000e+00 4.132124884245461094e-01 2.087631318145324044e-01
1.000000000000000000e+00 0.000000000000000000e+00 1.000000000000000000e+00 1.000000000000000000e+00 1.000000000000000000e+00 1.000000000000000000e+00
3.093976526207912192e-01 0.000000000000000000e+00 1.000000000000000000e+00 1.000000000000000000e+00 3.930101771773250596e-01 2.372095079327019851e-01
3.273070083300312350e-01 0.000000000000000000e+00 1.000000000000000000e+00 1.000000000000000000e+00 4.092026504430521516e-01 2.122622019448894004e-01
3.290031765749025228e-01 0.000000000000000000e+00 1.000000000000000000e+00 1.000000000000000000e+00 4.103717003289622522e-01 2.102987775592495001e-01
