1.000000000000000000e+00 1.000000000000000000e+00 1.000000000000000000e+00 1.000000000000000000e+00 1.000000000000000000e+00 0.000000000000000000e+00
1.000000000000000000e+00 1.000000000000000000e+00 6.284186759725011173e-01 1.000000000000000000e+00 1.000000000000000000e+00 0.000000000000000000e+00
1.000000000000000000e+00 1.000000000000000000e+00 7.177745533388270038e-01 1.000000000000000000e+00 1.000000000000000000e+00 0.000000000000000000e+00
3.606653604148282177e-01 1.000000000000000000e+00 1.000000000000000000e+00 1.000000000000000000e+00 1.000000000000000000e+00 3.279091781145424683e-02
0.000000000000000000e+00 1.000000000000000000e+00 1.000000000000000000e+00 1.000000000000000000e+00 1.000000000000000000e+00 3.934756782845446610e-01
0.000000000000000000e+00 1.000000000000000000e+00 1.000000000000000000e+00 1.000000000000000000e+00 1.000000000000000000e+00 5.118911864789840171e-01
1.000000000000000000e+00 1.000000000000000000e+00 2.418197904139803567e-01 1.000000000000000000e+00 1.000000000000000000e+00 0.000000000000000000e+00
0.000000000000000000e+00 1.000000000000000000e+00 1.000000000000000000e+00 1.000000000000000000e+00 1.000000000000000000e+00 1.000000000000000000e+00
0.000000000000000000e+00 1.000000000000000000e+00 0.000000000000000000e+00 1.000000000000000000e+00 1.000000000000000000e+00 0.000000000000000000e+00
1.000000000000000000e+00 1.000000000000000000e+00 0.000000000000000000e+00 1.000000000000000000e+00 1.000000000000000000e+00 0.000000000000000000e+00
7.053731319779141806e-01 1.000000000000000000e+00 0.000000000000000000e+00 1.000000000000000000e+00 1.000000000000000000e+00 1.111539237462902743e-02
6.889699855776297843e-01 1.000000000000000000e+00 0.000000000000000000e+00 1.000000000000000000e+00 1.000000000000000000e+00 0.000000000000000000e+00
6.904148725164755973e-01 1.000000000000000000e+00 0.000000000000000000e+00 1.000000000000000000e+00 1.000000000000000000e+00 0.000000000000000000e+00
5.813429398718971131e-01 1.000000000000000000e+00 0.000000000000000000e+00 1.000000000000000000e+00 1.000000000000000000e+00 8.360700380990836178e-02
5.252158462284053364e-01 1.000000000000000000e+00 1.856988276081711076e-01 1.000000000000000000e+00 1.000000000000000000e+00 1.601231315714898573e-01
5.179252230753668140e-01 1.000000000000000000e+00 1.531067654674247713e-01 1.000000000000000000e+00 1.000000000000000000e+00 1.637783568219018104e-01
5.214380000183891362e-01 1.000000000000000000e+00 1.098721252141500876e-01 1.000000000000000000e+00 1.000000000000000000e+00 1.530973319194046944e-01
4.835241058352034438e-01 1.000000000000000000e+00 2.722938743247022009e-01 1.000000000000000000e+00 1.000000000000000000e+00 1.761893391674552445e-01
4.855790862973484723e-01 1.000000000000000000e+00 2.855603456944137419e-01 1.000000000000000000e+00 1.000000000000000000e+00 1.846566663835228772e-01
1.000000000000000000e+00 1.000000000000000000e+00 0.000000000000000000e+00 1.000000000000000000e+00 6.527671347865658946e-01 0.000000000000000000e+00
1.000000000000000000e+00 1.000000000000000000e+00 0.000000000000000000e+00 1.000000000000000000e+00 6.294551423472433127e-01 0.000000000000000000e+00
1.000000000000000000e+00 1.000000000000000000e+00 3.255083911379116901e-02 1.000000000000000000e+00 6.521575265220754813e-01 0.000000000000000000e+00
1.000000000000000000e+00 1.000000000000000000e+00 1.147595131127530643e-01 1.000000000000000000e+00 6.088100516493036851e-01 0.000000000000000000e+00
1.000000000000000000e+00 1.000000000000000000e+00 0.000000000000000000e+00 1.000000000000000000e+00 5.916944379415054467e-01 0.000000000000000000e+00
1.000000000000000000e+00 1.000000000000000000e+00 3.106557515675975600e-01 1.000000000000000000e+00 6.429638163653060845e-01 0.000000000000000000e+00
1.000000000000000000e+00 1.000000000000000000e+00 3.254512133059733192e-01 1.000000000000000000e+00 6.548911491711746358e-01 0.000000000000000000e+00
1.000000000000000000e+00 1.000000000000000000e+00 4.042534315475556639e-01 1.000000000000000000e+00 6.625529770852983669e-01 0.000000000000000000e+00
1.000000000000000000e+00 1.000000000000000000e+00 4.261460199441206020e-01 1.000000000000000000e+00 6.166467791238209317e-01 0.000000000000000000e+00
1.000000000000000000e+00 1.000000000000000000e+00 3.573962977498680860e-01 1.000000000000000000e+00 6.735396484208038270e-01 0.000000000000000000e+00
8.456484378741179198e-01 1.000000000000000000e+00 0.000000000000000000e+00 1.000000000000000000e+00 1.000000000000000000e+00 0.000000000000000000e+00
1.000000000000000000e+00 1.000000000000000000e+00 0.000000000000000000e+00 1.000000000000000000e+00 7.611992749927424251e-01 0.000000000000000000e+00
1.000000000000000000e+00 1.000000000000000000e+00 0.000000000000000000e+00 1.000000000000000000e+00 7.641846729148716877e-01 0.000000000000000000e+00
1.000000000000000000e+00 1.000000000000000000e+00 0.000000000000000000e+00 1.000000000000000000e+00 7.070447164942792462e-01 0.000000000000000000e+00
1.000000000000000000e+00 1.000000000000000000e+00 0.000000000000000000e+00 1.000000000000000000e+00 6.971559918079643925e-01 0.000000000000000000e+00
1.000000000000000000e+00 1.000000000000000000e+00 0.000000000000000000e+00 1.000000000000000000e+00 7.304759738475641306e-01 0.000000000000000000e+00
1.000000000000000000e+00 1.000000000000000000e+00 0.000000000000000000e+00 1.000000000000000000e+00 7.242152036233906465e-01 0.000000000000000000e+00
1.000000000000000000e+00 1.000000000000000000e+00 0.000000000000000000e+00 1.000000000000000000e+00 7.250517963005785882e-01 0.000000000000000000e+00
1.000000000000000000e+00 1.000000000000000000e+00 6.824092247164843805e-02 1.000000000000000000e+00 7.621345434718254097e-01 0.000000000000000000e+00
1.000000000000000000e+00 1.000000000000000000e+00 0.000000000000000000e+00 1.000000000000000000e+00 6.781679934192658132e-01 0.000000000000000000e+00
1.000000000000000000e+00 1.000000000000000000e+00 0.000000000000000000e+00 1.000000000000000000e+00 6.784086362191930064e-01 0.000000000000000000e+00
1.000000000000000000e+00 1.000000000000000000e+00 0.000000000000000000e+00 1.000000000000000000e+00 7.250437458011198544e-01 0.000000000000000000e+00
1.000000000000000000e+00 1.000000000000000000e+00 0.000000000000000000e+00 1.000000000000000000e+00 7.261156930456311720e-01 0.000000000000000000e+00
1.000000000000000000e+00 1.000000000000000000e+00 4.004564466266593431e-03 1.000000000000000000e+00 5.168049916012409373e-01 0.000000000000000000e+00
1.000000000000000000e+00 1.000000000000000000e+00 8.468734492034065081e-04 1.000000000000000000e+00 5.255756253812113865e-01 0.000000000000000000e+00
1.000000000000000000e+00 1.000000000000000000e+00 1.937652932178948045e-02 1.000000000000000000e+00 5.269002318302297150e-01 0.000000000000000000e+00
1.000000000000000000e+00 1.000000000000000000e+00 7.183471781952707746e-02 1.000000000000000000e+00 5.365109076175015312e-01 0.000000000000000000e+00
1.000000000000000000e+00 1.000000000000000000e+00 1.610155784297548631e-01 1.000000000000000000e+00 7.794613593801217322e-01 0.000000000000000000e+00
1.000000000000000000e+00 1.000000000000000000e+00 3.480076427899723296e-02 1.000000000000000000e+00 6.997099571243484695e-01 0.000000000000000000e+00
1.000000000000000000e+00 1.000000000000000000e+00 9.403736393344679090e-02 1.000000000000000000e+00 7.214424770186658176e-01 0.000000000000000000e+00
1.000000000000000000e+00 1.000000000000000000e+00 2.662645498297433466e-01 1.000000000000000000e+00 7.088787263408407036e-01 0.000000000000000000e+00
1.000000000000000000e+00 1.000000000000000000e+00 3.580216480533588985e-01 1.000000000000000000e+00 7.467593387430463414e-01 0.000000000000000000e+00
1.000000000000000000e+00 1.000000000000000000e+00 3.724803586257917631e-01 1.000000000000000000e+00 7.665296111962746073e-01 0.000000000000000000e+00
1.000000000000000000e+00 1.000000000000000000e+00 1.486055798291142649e-01 1.000000000000000000e+00 7.279612015274895542e-01 0.000000000000000000e+00
8.737662704833265570e-01 1.000000000000000000e+00 7.848994454714371127e-02 1.000000000000000000e+00 7.377578663748274312e-01 0.000000000000000000e+00
5.238147822286304267e-01 1.000000000000000000e+00 0.000000000000000000e+00 1.000000000000000000e+00 8.854043024067174139e-01 0.000000000000000000e+00
5.305183156140803602e-01 1.000000000000000000e+00 0.000000000000000000e+00 1.000000000000000000e+00 8.858868850916948867e-01 0.000000000000000000e+00
5.055783801708537695e-01 1.000000000000000000e+00 0.000000000000000000e+00 1.000000000000000000e+00 8.975579012930796630e-01 0.000000000000000000e+00
8.178202268793151042e-01 1.000000000000000000e+00 0.000000000000000000e+00 1.000000000000000000e+00 7.622677308557905818e-01 0.000000000000000000e+00
5.345581926277856999e-01 1.000000000000000000e+00 0.000000000000000000e+00 1.000000000000000000e+00 8.224903563131102935e-01 0.000000000000000000e+00
5.803394156764277723e-01 1.000000000000000000e+00 0.000000000000000000e+00 1.000000000000000000e+00 7.852817165688233958e-01 0.000000000000000000e+00
5.800181354249568377e-01 1.000000000000000000e+00 0.000000000000000000e+00 1.000000000000000000e+00 7.803150738090247618e-01 0.000000000000000000e+00
5.712636977179262887e-01 1.000000000000000000e+00 1.150507484598084357e-01 1.000000000000000000e+00 8.938635357966848716e-01 0.000000000000000000e+00
5.742520657012790686e-01 1.000000000000000000e+00 1.528149539609290342e-01 1.000000000000000000e+00 9.111401559669078942e-01 0.000000000000000000e+00
7.287900060697750648e-01 1.000000000000000000e+00 1.030404550216322546e-01 1.000000000000000000e+00 8.547223071001287531e-01 0.000000000000000000e+00
8.672440738286720796e-01 9.449747682666198578e-01 2.697886821889474707e-01 1.000000000000000000e+00 8.951718428489807700e-01 0.000000000000000000e+00
8.912680452221464211e-01 9.554789311736656687e-01 2.515804855333296230e-01 1.000000000000000000e+00 9.010210310764520392e-01 0.000000000000000000e+00
1.000000000000000000e+00 9.580275137491731652e-01 3.051413144859840276e-01 1.000000000000000000e+00 1.000000000000000000e+00 0.000000000000000000e+00
8.910259041747760067e-01 9.028322899714154026e-01 4.093338289763547855e-01 1.000000000000000000e+00 1.000000000000000000e+00 0.000000000000000000e+00
8.530205537544441885e-01 9.547514754416112082e-01 3.687267793417530193e-01 1.000000000000000000e+00 1.000000000000000000e+00 0.000000000000000000e+00
8.039294712244922092e-01 9.406704423471602405e-01 2.641098539986207472e-01 1.000000000000000000e+00 1.000000000000000000e+00 0.000000000000000000e+00
8.022686785300969792e-01 9.392605340255161250e-01 2.705641741581697457e-01 1.000000000000000000e+00 1.000000000000000000e+00 0.000000000000000000e+00
6.786498891035798176e-01 1.000000000000000000e+00 1.256507327521891593e-01 1.000000000000000000e+00 9.905455135608545181e-01 0.000000000000000000e+00
6.944645996805655086e-01 1.000000000000000000e+00 1.790306814952948022e-02 1.000000000000000000e+00 1.000000000000000000e+00 0.000000000000000000e+00
6.742792886168769151e-01 1.000000000000000000e+00 3.737528130284938077e-02 1.000000000000000000e+00 9.824351825019449480e-01 0.000000000000000000e+00
6.972288957439699564e-01 1.000000000000000000e+00 5.783652951329961572e-02 1.000000000000000000e+00 1.000000000000000000e+00 0.000000000000000000e+00
5.847613375664638680e-01 1.000000000000000000e+00 0.000000000000000000e+00 1.000000000000000000e+00 1.000000000000000000e+00 0.000000000000000000e+00
6.791368223405980231e-01 1.000000000000000000e+00 9.288208051357525752e-02 1.000000000000000000e+00 1.000000000000000000e+00 0.000000000000000000e+00
6.837120790603486986e-01 1.000000000000000000e+00 8.417055735050989196e-02 1.000000000000000000e+00 1.000000000000000000e+00 0.000000000000000000e+00
6.797742990024313592e-01 1.000000000000000000e+00 5.393940007849228058e-02 1.000000000000000000e+00 1.000000000000000000e+00 0.000000000000000000e+00
6.893760176518359817e-01 1.000000000000000000e+00 5.490222620307470131e-02 1.000000000000000000e+00 1.000000000000000000e+00 0.000000000000000000e+00
6.913087293447660597e-01 1.000000000000000000e+00 7.447564436646363084e-02 1.000000000000000000e+00 1.000000000000000000e+00 0.000000000000000000e+00
7.145417105103628597e-01 1.000000000000000000e+00 0.000000000000000000e+00 1.000000000000000000e+00 1.000000000000000000e+00 0.000000000000000000e+00
7.590593540733521216e-01 9.998470032776082261e-01 2.424030886320214032e-02 1.000000000000000000e+00 1.000000000000000000e+00 0.000000000000000000e+00
6.373384520843274892e-01 9.413930966611741002e-01 1.607338081940127561e-01 1.000000000000000000e+00 9.789843142734212522e-01 0.000000000000000000e+00
6.572006223855507701e-01 9.774790416092696832e-01 3.650026113756443119e-02 1.000000000000000000e+00 9.654583716339596444e-01 0.000000000000000000e+00
5.874371464059082726e-01 9.245418360422050785e-01 0.000000000000000000e+00 1.000000000000000000e+00 9.760138573836725229e-01 0.000000000000000000e+00
6.032289828717773972e-01 9.377555494951174131e-01 0.000000000000000000e+00 1.000000000000000000e+00 9.766220366048449231e-01 0.000000000000000000e+00
6.010991087262194110e-01 9.422263838591856677e-01 0.000000000000000000e+00 1.000000000000000000e+00 9.720283676607084367e-01 0.000000000000000000e+00
5.925269373021962993e-01 9.269531341031508331e-01 0.000000000000000000e+00 1.000000000000000000e+00 9.842677717106079749e-01 0.000000000000000000e+00
6.005840049372096479e-01 9.102629121422615155e-01 0.000000000000000000e+00 1.000000000000000000e+00 9.669866449098887262e-01 0.000000000000000000e+00
6.021542649866375996e-01 9.027486212563976542e-01 0.000000000000000000e+00 1.000000000000000000e+00 9.583498844823048479e-01 0.000000000000000000e+00
6.086088582263041724e-01 9.243792880100090148e-01 0.000000000000000000e+00 1.000000000000000000e+00 9.692034853566724451e-01 0.000000000000000000e+00
6.199947942559875802e-01 9.184966941180036093e-01 0.000000000000000000e+00 1.000000000000000000e+00 9.673274861695589921e-01 0.000000000000000000e+00
6.028205628003288075e-01 9.410454284160489902e-01 0.000000000000000000e+00 1.000000000000000000e+00 9.711631732765019231e-01 0.000000000000000000e+00
6.140295013442615968e-01 9.540290065349754656e-01 0.000000000000000000e+00 1.000000000000000000e+00 9.003329519275916626e-01 0.000000000000000000e+00
6.063091646375107224e-01 9.086620079505017822e-01 0.000000000000000000e+00 1.000000000000000000e+00 8.979163942749645022e-01 0.000000000000000000e+00
5.457625503095964170e-01 9.051408643446308133e-01 0.000000000000000000e+00 1.000000000000000000e+00 9.321196835401484027e-01 0.000000000000000000e+00
5.635465723714642161e-01 9.001970665131545646e-01 0.000000000000000000e+00 1.000000000000000000e+00 9.249634261927310863e-01 0.000000000000000000e+00
6.303085502530312301e-01 1.000000000000000000e+00 0.000000000000000000e+00 1.000000000000000000e+00 1.000000000000000000e+00 0.000000000000000000e+00
6.318067484463680827e-01 1.000000000000000000e+00 0.000000000000000000e+00 1.000000000000000000e+00 1.000000000000000000e+00 0.000000000000000000e+00
