4.856139414696588608e-01
8.234876051284190090e-01
8.234876051284190090e-01
8.234876051284190090e-01
8.234876051284190090e-01
8.234876051284190090e-01
8.234876051284190090e-01
8.234876051284190090e-01
8.093926329412786114e-01
8.234876051284190090e-01
8.234876051284190090e-01
8.234876051284190090e-01
8.234876051284190090e-01
8.234876051284190090e-01
8.234876051284190090e-01
9.002997587394380163e-01
9.002997587394380163e-01
9.002997587394380163e-01
9.002997587394380163e-01
9.002997587394380163e-01
9.002997587394380163e-01
9.002997587394380163e-01
9.002997587394380163e-01
9.002997587394380163e-01
9.002997587394380163e-01
9.002997587394380163e-01
9.002997587394380163e-01
9.002997587394380163e-01
9.002997587394380163e-01
9.002997587394380163e-01
9.002997587394380163e-01
9.002997587394380163e-01
9.002997587394380163e-01
9.002997587394380163e-01
9.002997587394380163e-01
9.002997587394380163e-01
9.037951136880585379e-01
9.037951136880585379e-01
9.037951136880585379e-01
9.037951136880585379e-01
9.037951136880585379e-01
9.037951136880585379e-01
9.037951136880585379e-01
9.037951136880585379e-01
9.037951136880585379e-01
9.015369146149563306e-01
8.957019818570419734e-01
8.957019818570419734e-01
8.957019818570419734e-01
8.957019818570419734e-01
8.957019818570419734e-01
8.957019818570419734e-01
8.957019818570419734e-01
8.957019818570419734e-01
8.957019818570419734e-01
8.957019818570419734e-01
8.957019818570419734e-01
9.015369146149563306e-01
9.015369146149563306e-01
9.015369146149563306e-01
9.015369146149563306e-01
9.015369146149563306e-01
9.015369146149563306e-01
9.015369146149563306e-01
9.015369146149563306e-01
9.037951136880585379e-01
9.037951136880585379e-01
9.037951136880585379e-01
9.016976034586419164e-01
9.016976034586419164e-01
9.016976034586419164e-01
9.016976034586419164e-01
9.016976034586419164e-01
9.016976034586419164e-01
9.016976034586419164e-01
9.016976034586419164e-01
9.016976034586419164e-01
9.016976034586419164e-01
9.016976034586419164e-01
9.016976034586419164e-01
9.016976034586419164e-01
9.016976034586419164e-01
9.016976034586419164e-01
9.016976034586419164e-01
9.016976034586419164e-01
9.016976034586419164e-01
9.016976034586419164e-01
9.016976034586419164e-01
9.016976034586419164e-01
9.016976034586419164e-01
9.016976034586419164e-01
9.016976034586419164e-01
9.016976034586419164e-01
9.016976034586419164e-01
9.016976034586419164e-01
9.016976034586419164e-01
9.016976034586419164e-01
9.016976034586419164e-01
9.016976034586419164e-01
9.016976034586419164e-01
