0.000000000000000000e+00 5.180798724613079331e-01 7.886082787118194881e-01 6.390171101851465085e-01
0.000000000000000000e+00 4.768515425602425917e-01 7.976481485705668728e-01 0.000000000000000000e+00
3.194306054986093546e-01 1.000000000000000000e+00 8.846969768544310497e-02 0.000000000000000000e+00
3.819612927888945686e-01 1.000000000000000000e+00 5.364439932808424960e-02 0.000000000000000000e+00
1.000000000000000000e+00 1.000000000000000000e+00 1.580720119655657507e-01 0.000000000000000000e+00
1.000000000000000000e+00 1.000000000000000000e+00 3.467351206470120073e-01 1.000000000000000000e+00
1.000000000000000000e+00 1.000000000000000000e+00 2.759504289786950393e-01 5.532027872848745975e-01
1.000000000000000000e+00 1.000000000000000000e+00 2.274184338772323732e-01 1.000000000000000000e+00
1.000000000000000000e+00 1.000000000000000000e+00 0.000000000000000000e+00 9.586289147905255881e-01
1.000000000000000000e+00 1.000000000000000000e+00 2.014365753280530913e-01 1.000000000000000000e+00
1.000000000000000000e+00 1.000000000000000000e+00 2.313211958303327265e-01 1.000000000000000000e+00
1.000000000000000000e+00 1.000000000000000000e+00 2.035518385393692287e-01 8.709770785664507908e-01
1.000000000000000000e+00 1.000000000000000000e+00 3.957499323213784503e-01 7.720884044654861000e-01
1.000000000000000000e+00 1.000000000000000000e+00 1.000000000000000000e+00 8.096780728508867764e-01
1.000000000000000000e+00 1.000000000000000000e+00 1.000000000000000000e+00 8.071812376695994828e-01
1.000000000000000000e+00 1.000000000000000000e+00 1.000000000000000000e+00 8.067684356183220107e-01
1.000000000000000000e+00 1.000000000000000000e+00 3.460724858513787305e-01 7.807449364974072825e-01
1.000000000000000000e+00 1.000000000000000000e+00 3.257747565923498345e-01 7.822330454538963806e-01
1.000000000000000000e+00 1.000000000000000000e+00 3.264425319619367327e-01 7.819710976936463664e-01
1.000000000000000000e+00 1.000000000000000000e+00 3.267250224857110030e-01 7.814792855882403133e-01
1.000000000000000000e+00 1.000000000000000000e+00 3.283347759971487756e-01 7.817525711493004126e-01
1.000000000000000000e+00 1.000000000000000000e+00 3.270490726886924326e-01 7.828251126278098493e-01
1.000000000000000000e+00 1.000000000000000000e+00 3.287506505730638517e-01 7.749049941651892093e-01
1.000000000000000000e+00 1.000000000000000000e+00 3.341846108432313667e-01 7.741553428124154923e-01
1.000000000000000000e+00 1.000000000000000000e+00 3.333271676298602548e-01 7.744390506142898589e-01
1.000000000000000000e+00 1.000000000000000000e+00 3.365115116684931351e-01 7.745353673104855563e-01
1.000000000000000000e+00 1.000000000000000000e+00 3.383505945642774626e-01 7.734254215757112583e-01
1.000000000000000000e+00 1.000000000000000000e+00 3.218396976803728493e-01 7.755499429615808626e-01
1.000000000000000000e+00 1.000000000000000000e+00 3.212248596210459106e-01 7.758669390533965426e-01
1.000000000000000000e+00 1.000000000000000000e+00 3.257943273771785053e-01 7.782029117164934728e-01
1.000000000000000000e+00 1.000000000000000000e+00 3.269866280170762307e-01 7.760480034064781707e-01
1.000000000000000000e+00 1.000000000000000000e+00 3.298300196666822393e-01 7.749191031502429272e-01
1.000000000000000000e+00 1.000000000000000000e+00 3.405049230762338119e-01 7.753008264837284447e-01
1.000000000000000000e+00 1.000000000000000000e+00 3.333455891901142554e-01 7.772926341555308483e-01
1.000000000000000000e+00 1.000000000000000000e+00 3.385091169987116122e-01 7.751668413689362103e-01
1.000000000000000000e+00 1.000000000000000000e+00 3.389286046833749344e-01 7.745701291562031576e-01
1.000000000000000000e+00 1.000000000000000000e+00 3.378828970974979695e-01 7.746759115106718330e-01
1.000000000000000000e+00 1.000000000000000000e+00 3.416267816293181991e-01 7.733484071924687786e-01
1.000000000000000000e+00 1.000000000000000000e+00 3.392008718071782836e-01 7.738961446417644829e-01
1.000000000000000000e+00 1.000000000000000000e+00 3.371444245182146360e-01 7.744931177980599601e-01
1.000000000000000000e+00 1.000000000000000000e+00 3.505184390809524264e-01 7.744148752289632398e-01
1.000000000000000000e+00 1.000000000000000000e+00 3.595472377429029254e-01 7.728845266416494164e-01
1.000000000000000000e+00 1.000000000000000000e+00 3.601122393238513908e-01 7.724882342631355092e-01
1.000000000000000000e+00 1.000000000000000000e+00 3.602391091788745281e-01 7.725262111990293112e-01
1.000000000000000000e+00 1.000000000000000000e+00 3.610495433121896913e-01 7.720441888080726844e-01
1.000000000000000000e+00 1.000000000000000000e+00 3.614963236436232186e-01 7.718988770573963487e-01
1.000000000000000000e+00 1.000000000000000000e+00 3.613647049645374310e-01 7.722940209447078930e-01
1.000000000000000000e+00 1.000000000000000000e+00 3.682786128293443206e-01 7.654983986875281143e-01
1.000000000000000000e+00 1.000000000000000000e+00 3.672560947167705647e-01 7.655272297005456528e-01
1.000000000000000000e+00 1.000000000000000000e+00 3.686605882551015068e-01 7.648393268119666466e-01
1.000000000000000000e+00 1.000000000000000000e+00 3.682280596878050316e-01 7.640744363447075083e-01
1.000000000000000000e+00 1.000000000000000000e+00 3.677490029220909507e-01 7.671564626903645268e-01
1.000000000000000000e+00 1.000000000000000000e+00 3.685017513202841766e-01 7.650515680051723777e-01
1.000000000000000000e+00 1.000000000000000000e+00 3.682974673184564174e-01 7.654980805038957836e-01
1.000000000000000000e+00 1.000000000000000000e+00 3.684631043539489115e-01 7.656361409004087681e-01
1.000000000000000000e+00 1.000000000000000000e+00 3.686865691481338025e-01 7.658346450643753744e-01
1.000000000000000000e+00 1.000000000000000000e+00 3.688678352295716723e-01 7.661327612383399543e-01
1.000000000000000000e+00 1.000000000000000000e+00 3.683651695598232356e-01 7.650339962568231122e-01
1.000000000000000000e+00 1.000000000000000000e+00 3.679108188587617012e-01 7.649213402758907598e-01
1.000000000000000000e+00 1.000000000000000000e+00 3.678796827525884217e-01 7.646917731410635133e-01
1.000000000000000000e+00 1.000000000000000000e+00 3.659907540722218133e-01 7.637238554743278618e-01
1.000000000000000000e+00 1.000000000000000000e+00 3.658038048023455335e-01 7.640186955342204156e-01
1.000000000000000000e+00 1.000000000000000000e+00 3.650711134525657098e-01 7.635033460443791942e-01
1.000000000000000000e+00 1.000000000000000000e+00 3.644237790032024416e-01 7.635203293811649861e-01
1.000000000000000000e+00 1.000000000000000000e+00 3.645275117917189944e-01 7.637523592339885425e-01
1.000000000000000000e+00 1.000000000000000000e+00 3.628216689302233289e-01 7.629269112379495343e-01
1.000000000000000000e+00 1.000000000000000000e+00 3.622378975475655793e-01 7.630400146729540145e-01
1.000000000000000000e+00 1.000000000000000000e+00 3.622970577238738277e-01 7.633894267584172555e-01
1.000000000000000000e+00 1.000000000000000000e+00 3.626070686766300621e-01 7.632581711678358971e-01
1.000000000000000000e+00 1.000000000000000000e+00 3.625731018416407658e-01 7.633108510820892922e-01
1.000000000000000000e+00 1.000000000000000000e+00 3.637641936965386180e-01 7.616082522296595547e-01
1.000000000000000000e+00 1.000000000000000000e+00 3.637261972511557917e-01 7.615913568878618367e-01
1.000000000000000000e+00 1.000000000000000000e+00 3.636945492665886737e-01 7.615300562812448160e-01
1.000000000000000000e+00 1.000000000000000000e+00 3.638456663641170818e-01 7.617959934924676269e-01
1.000000000000000000e+00 1.000000000000000000e+00 3.631711367323484652e-01 7.620386870282157554e-01
1.000000000000000000e+00 1.000000000000000000e+00 3.653139915778990110e-01 7.614755415966170116e-01
1.000000000000000000e+00 1.000000000000000000e+00 3.668423225433718460e-01 7.619182527821619644e-01
1.000000000000000000e+00 1.000000000000000000e+00 3.663591690637431064e-01 7.619725152670024926e-01
1.000000000000000000e+00 1.000000000000000000e+00 3.662903163599878775e-01 7.620573028356875112e-01
1.000000000000000000e+00 1.000000000000000000e+00 3.659309932936254395e-01 7.618488186007896790e-01
1.000000000000000000e+00 1.000000000000000000e+00 3.660309291225694039e-01 7.616611769522623199e-01
1.000000000000000000e+00 1.000000000000000000e+00 3.660285206318860118e-01 7.616606058393824430e-01
1.000000000000000000e+00 1.000000000000000000e+00 3.659756625662158869e-01 7.616460749223641358e-01
1.000000000000000000e+00 1.000000000000000000e+00 3.660016010914404205e-01 7.616470423812314872e-01
1.000000000000000000e+00 1.000000000000000000e+00 3.661431001718174483e-01 7.616279521926776486e-01
1.000000000000000000e+00 1.000000000000000000e+00 3.659208617172071687e-01 7.615494234168844745e-01
1.000000000000000000e+00 1.000000000000000000e+00 3.655365050476286348e-01 7.605857290647476399e-01
1.000000000000000000e+00 1.000000000000000000e+00 3.651390849677538242e-01 7.602617161199428653e-01
1.000000000000000000e+00 1.000000000000000000e+00 3.653395410797379284e-01 7.600565141760872168e-01
1.000000000000000000e+00 1.000000000000000000e+00 3.653929231029127145e-01 7.600913303069836147e-01
1.000000000000000000e+00 1.000000000000000000e+00 3.651352729693083665e-01 7.599047568163080912e-01
1.000000000000000000e+00 1.000000000000000000e+00 3.653576588413516846e-01 7.595688800559181608e-01
1.000000000000000000e+00 1.000000000000000000e+00 3.638435178815999649e-01 7.574315214788109873e-01
1.000000000000000000e+00 1.000000000000000000e+00 3.638414288408926001e-01 7.573275510042067893e-01
1.000000000000000000e+00 1.000000000000000000e+00 3.642245445370549395e-01 7.580509882169976787e-01
1.000000000000000000e+00 1.000000000000000000e+00 3.641449187923073705e-01 7.580046717919438626e-01
1.000000000000000000e+00 1.000000000000000000e+00 3.652472252193610380e-01 7.579840448207130210e-01
1.000000000000000000e+00 1.000000000000000000e+00 3.648593752792592126e-01 7.577527494965854427e-01
1.000000000000000000e+00 1.000000000000000000e+00 3.648909659709653752e-01 7.579002800008859397e-01
1.000000000000000000e+00 1.000000000000000000e+00 3.649504514323168025e-01 7.579794719926562507e-01
