5.366395115852355957e-01 5.430517792701721191e-01 7.349957823753356934e-01 9.102230668067932129e-01
5.366395115852355957e-01 5.430517792701721191e-01 7.349957823753356934e-01 9.102230668067932129e-01
5.366395115852355957e-01 5.430517792701721191e-01 7.349957823753356934e-01 9.102230668067932129e-01
1.000000000000000000e+00 1.000000000000000000e+00 1.256274711340665817e-02 0.000000000000000000e+00
1.000000000000000000e+00 1.000000000000000000e+00 1.256274711340665817e-02 0.000000000000000000e+00
1.000000000000000000e+00 1.000000000000000000e+00 2.668592929840087891e-01 7.763076424598693848e-01
1.000000000000000000e+00 1.000000000000000000e+00 2.668592929840087891e-01 7.763076424598693848e-01
1.000000000000000000e+00 1.000000000000000000e+00 2.668592929840087891e-01 7.763076424598693848e-01
1.000000000000000000e+00 1.000000000000000000e+00 2.668592929840087891e-01 7.763076424598693848e-01
1.000000000000000000e+00 1.000000000000000000e+00 2.668592929840087891e-01 7.763076424598693848e-01
1.000000000000000000e+00 1.000000000000000000e+00 2.668592929840087891e-01 7.763076424598693848e-01
1.000000000000000000e+00 1.000000000000000000e+00 2.668592929840087891e-01 7.763076424598693848e-01
1.000000000000000000e+00 1.000000000000000000e+00 2.668592929840087891e-01 7.763076424598693848e-01
1.000000000000000000e+00 1.000000000000000000e+00 2.668592929840087891e-01 7.763076424598693848e-01
1.000000000000000000e+00 1.000000000000000000e+00 2.668592929840087891e-01 7.763076424598693848e-01
1.000000000000000000e+00 1.000000000000000000e+00 2.668592929840087891e-01 7.763076424598693848e-01
1.000000000000000000e+00 1.000000000000000000e+00 2.668592929840087891e-01 7.763076424598693848e-01
1.000000000000000000e+00 1.000000000000000000e+00 2.668592929840087891e-01 7.763076424598693848e-01
1.000000000000000000e+00 1.000000000000000000e+00 2.668592929840087891e-01 7.763076424598693848e-01
1.000000000000000000e+00 1.000000000000000000e+00 2.668592929840087891e-01 7.763076424598693848e-01
1.000000000000000000e+00 1.000000000000000000e+00 2.668592929840087891e-01 7.763076424598693848e-01
1.000000000000000000e+00 1.000000000000000000e+00 2.668592929840087891e-01 7.763076424598693848e-01
1.000000000000000000e+00 1.000000000000000000e+00 2.668592929840087891e-01 7.763076424598693848e-01
1.000000000000000000e+00 1.000000000000000000e+00 2.668592929840087891e-01 7.763076424598693848e-01
1.000000000000000000e+00 1.000000000000000000e+00 2.668592929840087891e-01 7.763076424598693848e-01
1.000000000000000000e+00 1.000000000000000000e+00 2.668592929840087891e-01 7.763076424598693848e-01
1.000000000000000000e+00 1.000000000000000000e+00 2.668592929840087891e-01 7.763076424598693848e-01
1.000000000000000000e+00 1.000000000000000000e+00 2.668592929840087891e-01 7.763076424598693848e-01
1.000000000000000000e+00 1.000000000000000000e+00 2.668592929840087891e-01 7.763076424598693848e-01
1.000000000000000000e+00 1.000000000000000000e+00 2.668592929840087891e-01 7.763076424598693848e-01
1.000000000000000000e+00 1.000000000000000000e+00 2.668592929840087891e-01 7.763076424598693848e-01
1.000000000000000000e+00 1.000000000000000000e+00 2.668592929840087891e-01 7.763076424598693848e-01
9.998058080673217773e-01 1.000000000000000000e+00 3.674343228340148926e-01 7.928575873374938965e-01
9.998058080673217773e-01 1.000000000000000000e+00 3.674343228340148926e-01 7.928575873374938965e-01
9.998058080673217773e-01 1.000000000000000000e+00 3.674343228340148926e-01 7.928575873374938965e-01
9.998058080673217773e-01 1.000000000000000000e+00 3.674343228340148926e-01 7.928575873374938965e-01
9.998058080673217773e-01 1.000000000000000000e+00 3.674343228340148926e-01 7.928575873374938965e-01
9.998058080673217773e-01 1.000000000000000000e+00 3.674343228340148926e-01 7.928575873374938965e-01
9.998058080673217773e-01 1.000000000000000000e+00 3.674343228340148926e-01 7.928575873374938965e-01
9.998058080673217773e-01 1.000000000000000000e+00 3.674343228340148926e-01 7.928575873374938965e-01
9.998058080673217773e-01 1.000000000000000000e+00 3.674343228340148926e-01 7.928575873374938965e-01
9.998058080673217773e-01 1.000000000000000000e+00 3.674343228340148926e-01 7.928575873374938965e-01
9.998058080673217773e-01 1.000000000000000000e+00 3.674343228340148926e-01 7.928575873374938965e-01
9.998058080673217773e-01 1.000000000000000000e+00 3.674343228340148926e-01 7.928575873374938965e-01
9.998058080673217773e-01 1.000000000000000000e+00 3.674343228340148926e-01 7.928575873374938965e-01
9.998058080673217773e-01 1.000000000000000000e+00 3.674343228340148926e-01 7.928575873374938965e-01
9.998058080673217773e-01 1.000000000000000000e+00 3.674343228340148926e-01 7.928575873374938965e-01
9.998058080673217773e-01 1.000000000000000000e+00 3.674343228340148926e-01 7.928575873374938965e-01
9.998058080673217773e-01 1.000000000000000000e+00 3.674343228340148926e-01 7.928575873374938965e-01
9.998058080673217773e-01 1.000000000000000000e+00 3.674343228340148926e-01 7.928575873374938965e-01
9.998058080673217773e-01 1.000000000000000000e+00 3.674343228340148926e-01 7.928575873374938965e-01
9.998058080673217773e-01 1.000000000000000000e+00 3.674343228340148926e-01 7.928575873374938965e-01
9.998058080673217773e-01 1.000000000000000000e+00 3.674343228340148926e-01 7.928575873374938965e-01
9.998058080673217773e-01 1.000000000000000000e+00 3.674343228340148926e-01 7.928575873374938965e-01
9.998058080673217773e-01 1.000000000000000000e+00 3.674343228340148926e-01 7.928575873374938965e-01
9.998058080673217773e-01 1.000000000000000000e+00 3.674343228340148926e-01 7.928575873374938965e-01
9.998058080673217773e-01 1.000000000000000000e+00 3.674343228340148926e-01 7.928575873374938965e-01
9.998058080673217773e-01 1.000000000000000000e+00 3.674343228340148926e-01 7.928575873374938965e-01
9.998058080673217773e-01 1.000000000000000000e+00 3.674343228340148926e-01 7.928575873374938965e-01
1.000000000000000000e+00 1.000000000000000000e+00 3.629399240016937256e-01 7.538027763366699219e-01
1.000000000000000000e+00 1.000000000000000000e+00 3.629399240016937256e-01 7.538027763366699219e-01
1.000000000000000000e+00 1.000000000000000000e+00 3.629399240016937256e-01 7.538027763366699219e-01
1.000000000000000000e+00 1.000000000000000000e+00 3.629399240016937256e-01 7.538027763366699219e-01
1.000000000000000000e+00 1.000000000000000000e+00 3.629399240016937256e-01 7.538027763366699219e-01
1.000000000000000000e+00 1.000000000000000000e+00 3.629399240016937256e-01 7.538027763366699219e-01
1.000000000000000000e+00 1.000000000000000000e+00 3.629399240016937256e-01 7.538027763366699219e-01
1.000000000000000000e+00 1.000000000000000000e+00 3.629399240016937256e-01 7.538027763366699219e-01
1.000000000000000000e+00 1.000000000000000000e+00 3.629399240016937256e-01 7.538027763366699219e-01
1.000000000000000000e+00 1.000000000000000000e+00 3.629399240016937256e-01 7.538027763366699219e-01
1.000000000000000000e+00 1.000000000000000000e+00 3.629399240016937256e-01 7.538027763366699219e-01
1.000000000000000000e+00 1.000000000000000000e+00 3.629399240016937256e-01 7.538027763366699219e-01
1.000000000000000000e+00 1.000000000000000000e+00 3.629399240016937256e-01 7.538027763366699219e-01
1.000000000000000000e+00 1.000000000000000000e+00 3.629399240016937256e-01 7.538027763366699219e-01
1.000000000000000000e+00 1.000000000000000000e+00 3.629399240016937256e-01 7.538027763366699219e-01
1.000000000000000000e+00 1.000000000000000000e+00 3.629399240016937256e-01 7.538027763366699219e-01
1.000000000000000000e+00 1.000000000000000000e+00 3.629399240016937256e-01 7.538027763366699219e-01
1.000000000000000000e+00 1.000000000000000000e+00 3.629399240016937256e-01 7.538027763366699219e-01
1.000000000000000000e+00 1.000000000000000000e+00 3.629399240016937256e-01 7.538027763366699219e-01
1.000000000000000000e+00 1.000000000000000000e+00 3.629399240016937256e-01 7.538027763366699219e-01
1.000000000000000000e+00 1.000000000000000000e+00 3.629399240016937256e-01 7.538027763366699219e-01
1.000000000000000000e+00 1.000000000000000000e+00 3.629399240016937256e-01 7.538027763366699219e-01
1.000000000000000000e+00 1.000000000000000000e+00 3.629399240016937256e-01 7.538027763366699219e-01
1.000000000000000000e+00 1.000000000000000000e+00 3.629399240016937256e-01 7.538027763366699219e-01
1.000000000000000000e+00 1.000000000000000000e+00 3.629399240016937256e-01 7.538027763366699219e-01
1.000000000000000000e+00 1.000000000000000000e+00 3.629399240016937256e-01 7.538027763366699219e-01
1.000000000000000000e+00 1.000000000000000000e+00 3.629399240016937256e-01 7.538027763366699219e-01
1.000000000000000000e+00 1.000000000000000000e+00 3.629399240016937256e-01 7.538027763366699219e-01
1.000000000000000000e+00 1.000000000000000000e+00 3.629399240016937256e-01 7.538027763366699219e-01
1.000000000000000000e+00 1.000000000000000000e+00 3.629399240016937256e-01 7.538027763366699219e-01
1.000000000000000000e+00 1.000000000000000000e+00 3.629399240016937256e-01 7.538027763366699219e-01
1.000000000000000000e+00 1.000000000000000000e+00 3.629399240016937256e-01 7.538027763366699219e-01
1.000000000000000000e+00 1.000000000000000000e+00 3.629399240016937256e-01 7.538027763366699219e-01
1.000000000000000000e+00 1.000000000000000000e+00 3.629399240016937256e-01 7.538027763366699219e-01
1.000000000000000000e+00 1.000000000000000000e+00 3.629399240016937256e-01 7.538027763366699219e-01
1.000000000000000000e+00 1.000000000000000000e+00 3.629399240016937256e-01 7.538027763366699219e-01
1.000000000000000000e+00 1.000000000000000000e+00 3.629399240016937256e-01 7.538027763366699219e-01
1.000000000000000000e+00 1.000000000000000000e+00 3.629399240016937256e-01 7.538027763366699219e-01
1.000000000000000000e+00 1.000000000000000000e+00 3.629399240016937256e-01 7.538027763366699219e-01
1.000000000000000000e+00 1.000000000000000000e+00 3.629399240016937256e-01 7.538027763366699219e-01
1.000000000000000000e+00 1.000000000000000000e+00 3.629399240016937256e-01 7.538027763366699219e-01
