1.000000000000000000e+00 9.792234586129215934e-01 1.000000000000000000e+00 0.000000000000000000e+00
1.000000000000000000e+00 1.000000000000000000e+00 1.000000000000000000e+00 1.501985400954718997e-01
1.000000000000000000e+00 9.036777592896105826e-01 1.000000000000000000e+00 3.667818994616890427e-01
1.000000000000000000e+00 8.376965766560818816e-01 1.000000000000000000e+00 3.231715230630624047e-01
1.000000000000000000e+00 7.074345007019597897e-01 1.000000000000000000e+00 3.031113664410681752e-01
1.000000000000000000e+00 7.148728264549710776e-01 1.000000000000000000e+00 3.162640526994496826e-01
1.000000000000000000e+00 7.201148016802416674e-01 1.000000000000000000e+00 3.172154665585011912e-01
1.000000000000000000e+00 7.302543390583986493e-01 1.000000000000000000e+00 3.176504341045010005e-01
1.000000000000000000e+00 7.258537818230351713e-01 1.000000000000000000e+00 3.144841511965706382e-01
1.000000000000000000e+00 7.270354107882456285e-01 1.000000000000000000e+00 3.221661587902768242e-01
1.000000000000000000e+00 7.244189227979602741e-01 1.000000000000000000e+00 3.204149370055707213e-01
1.000000000000000000e+00 7.356322469555447441e-01 1.000000000000000000e+00 3.123795560325782206e-01
1.000000000000000000e+00 7.357438230851769401e-01 1.000000000000000000e+00 3.120300064477080637e-01
1.000000000000000000e+00 7.371932284822356740e-01 1.000000000000000000e+00 3.128994243575008438e-01
1.000000000000000000e+00 7.365100460608008381e-01 1.000000000000000000e+00 3.148518926347380065e-01
1.000000000000000000e+00 7.361289443859286852e-01 1.000000000000000000e+00 3.144787348658613091e-01
1.000000000000000000e+00 7.386928336580438348e-01 1.000000000000000000e+00 3.205362013773146446e-01
1.000000000000000000e+00 7.245022018049858126e-01 1.000000000000000000e+00 3.228092438248112983e-01
1.000000000000000000e+00 7.243667491297753891e-01 1.000000000000000000e+00 3.219045851794594681e-01
1.000000000000000000e+00 7.244950725741766684e-01 1.000000000000000000e+00 3.219876424141607796e-01
1.000000000000000000e+00 7.245620346137056078e-01 1.000000000000000000e+00 3.224844368415109019e-01
1.000000000000000000e+00 7.245822719215567753e-01 1.000000000000000000e+00 3.238130875658125629e-01
1.000000000000000000e+00 7.244917352848975201e-01 1.000000000000000000e+00 3.267438187662949356e-01
1.000000000000000000e+00 7.245490285540031605e-01 1.000000000000000000e+00 3.267952104502309107e-01
1.000000000000000000e+00 7.245381981923848524e-01 1.000000000000000000e+00 3.271135538528003317e-01
1.000000000000000000e+00 7.243898704135504074e-01 1.000000000000000000e+00 3.261712271046677269e-01
1.000000000000000000e+00 7.230148868732318990e-01 1.000000000000000000e+00 3.233778687990866985e-01
1.000000000000000000e+00 7.230669766737761739e-01 1.000000000000000000e+00 3.233838397412167054e-01
1.000000000000000000e+00 7.227893366276435527e-01 1.000000000000000000e+00 3.238307141630107910e-01
1.000000000000000000e+00 7.227785009276272987e-01 1.000000000000000000e+00 3.239999580056840967e-01
1.000000000000000000e+00 7.231026932051880518e-01 1.000000000000000000e+00 3.253459696867416762e-01
1.000000000000000000e+00 7.232262814543839458e-01 1.000000000000000000e+00 3.254424472403548707e-01
1.000000000000000000e+00 7.232335435377376109e-01 1.000000000000000000e+00 3.252611946729921932e-01
1.000000000000000000e+00 7.229899509767975241e-01 1.000000000000000000e+00 3.237429088995779636e-01
1.000000000000000000e+00 7.231206284799593931e-01 1.000000000000000000e+00 3.269664362360310550e-01
1.000000000000000000e+00 7.231797528284639176e-01 1.000000000000000000e+00 3.264262197274087618e-01
1.000000000000000000e+00 7.217384795082265603e-01 1.000000000000000000e+00 3.290275365774490979e-01
1.000000000000000000e+00 7.214774870426183817e-01 1.000000000000000000e+00 3.290682616002925664e-01
1.000000000000000000e+00 7.209284930139973069e-01 1.000000000000000000e+00 3.330552409862150287e-01
1.000000000000000000e+00 7.209766986668842970e-01 1.000000000000000000e+00 3.329761448394066292e-01
1.000000000000000000e+00 7.213142908284972954e-01 1.000000000000000000e+00 3.291444255175746125e-01
1.000000000000000000e+00 7.209197994649098051e-01 1.000000000000000000e+00 3.334759871911354145e-01
1.000000000000000000e+00 7.208689144970847895e-01 1.000000000000000000e+00 3.338225629164177644e-01
1.000000000000000000e+00 7.208539985772051129e-01 1.000000000000000000e+00 3.342023882353627462e-01
1.000000000000000000e+00 7.207636915631778773e-01 1.000000000000000000e+00 3.343884844259757960e-01
1.000000000000000000e+00 7.207666741297937829e-01 1.000000000000000000e+00 3.341586275318091381e-01
1.000000000000000000e+00 7.204392547849778339e-01 1.000000000000000000e+00 3.354074598069751723e-01
1.000000000000000000e+00 7.204562482286169800e-01 1.000000000000000000e+00 3.351779889655841504e-01
1.000000000000000000e+00 7.201436269053679284e-01 1.000000000000000000e+00 3.354106651103427317e-01
1.000000000000000000e+00 7.198099284134016340e-01 1.000000000000000000e+00 3.361273947621468139e-01
1.000000000000000000e+00 7.199284566853463296e-01 1.000000000000000000e+00 3.359296174333554763e-01
1.000000000000000000e+00 7.206444492840384797e-01 1.000000000000000000e+00 3.353798720700667535e-01
1.000000000000000000e+00 7.206108849001959804e-01 1.000000000000000000e+00 3.349306523838765370e-01
1.000000000000000000e+00 7.207703294668943439e-01 1.000000000000000000e+00 3.348208232645022986e-01
1.000000000000000000e+00 7.208068775314705467e-01 1.000000000000000000e+00 3.350923997405150234e-01
1.000000000000000000e+00 7.212878060661265245e-01 1.000000000000000000e+00 3.343004942720143591e-01
1.000000000000000000e+00 7.207773450637555701e-01 1.000000000000000000e+00 3.356849250679256880e-01
1.000000000000000000e+00 7.205755378449399950e-01 1.000000000000000000e+00 3.347873833789496434e-01
1.000000000000000000e+00 7.212790472436054756e-01 1.000000000000000000e+00 3.355654979081716949e-01
1.000000000000000000e+00 7.212534609356204829e-01 1.000000000000000000e+00 3.354867149946867966e-01
1.000000000000000000e+00 7.211567941640620871e-01 1.000000000000000000e+00 3.347941968007667746e-01
1.000000000000000000e+00 7.213517724314102431e-01 1.000000000000000000e+00 3.361899405363433235e-01
1.000000000000000000e+00 7.211248398799321446e-01 1.000000000000000000e+00 3.366957285412942036e-01
1.000000000000000000e+00 7.221624776707187277e-01 1.000000000000000000e+00 3.348501082403202989e-01
1.000000000000000000e+00 7.220910822465980150e-01 1.000000000000000000e+00 3.348632753021664743e-01
1.000000000000000000e+00 7.219688118736946603e-01 1.000000000000000000e+00 3.342950575313738959e-01
1.000000000000000000e+00 7.220090709722811750e-01 1.000000000000000000e+00 3.341977791595420744e-01
1.000000000000000000e+00 7.222317204691963699e-01 1.000000000000000000e+00 3.338808797459402178e-01
1.000000000000000000e+00 7.222503858323320314e-01 1.000000000000000000e+00 3.335094672726495180e-01
1.000000000000000000e+00 7.223120164219497541e-01 1.000000000000000000e+00 3.334842490469875909e-01
1.000000000000000000e+00 7.235719830952975773e-01 1.000000000000000000e+00 3.279936445464263217e-01
1.000000000000000000e+00 7.235708133085081428e-01 1.000000000000000000e+00 3.278172773024891073e-01
1.000000000000000000e+00 7.235584317840312307e-01 1.000000000000000000e+00 3.281655173912981782e-01
1.000000000000000000e+00 7.235163347419542035e-01 1.000000000000000000e+00 3.277276457011302768e-01
1.000000000000000000e+00 7.235579496497427376e-01 1.000000000000000000e+00 3.276787886929934945e-01
1.000000000000000000e+00 7.235240270864052858e-01 1.000000000000000000e+00 3.278181334862516061e-01
1.000000000000000000e+00 7.235637791053040058e-01 1.000000000000000000e+00 3.282210310442447709e-01
1.000000000000000000e+00 7.235225112778204126e-01 1.000000000000000000e+00 3.279439620917685705e-01
1.000000000000000000e+00 7.235265396771197732e-01 1.000000000000000000e+00 3.279063664223302865e-01
1.000000000000000000e+00 7.235810975315918325e-01 1.000000000000000000e+00 3.272024087359444167e-01
1.000000000000000000e+00 7.236665509037334409e-01 1.000000000000000000e+00 3.269619135991858050e-01
1.000000000000000000e+00 7.236498810827208805e-01 1.000000000000000000e+00 3.270740704677703170e-01
1.000000000000000000e+00 7.235955903456636751e-01 1.000000000000000000e+00 3.273504987913580799e-01
1.000000000000000000e+00 7.232637495221425628e-01 1.000000000000000000e+00 3.302965681073748438e-01
1.000000000000000000e+00 7.232203248172152099e-01 1.000000000000000000e+00 3.306838415524955277e-01
1.000000000000000000e+00 7.230268454844371862e-01 1.000000000000000000e+00 3.308868106442826029e-01
1.000000000000000000e+00 7.230167005881498188e-01 1.000000000000000000e+00 3.307320951849727630e-01
1.000000000000000000e+00 7.231680436096624698e-01 1.000000000000000000e+00 3.306003984518945393e-01
1.000000000000000000e+00 7.233182579037759075e-01 1.000000000000000000e+00 3.289151531764214487e-01
1.000000000000000000e+00 7.233545772276217534e-01 1.000000000000000000e+00 3.299970280534896827e-01
1.000000000000000000e+00 7.231280068976134734e-01 1.000000000000000000e+00 3.296725326724381233e-01
1.000000000000000000e+00 7.231426920351092802e-01 1.000000000000000000e+00 3.302926326730860618e-01
1.000000000000000000e+00 7.231262202442134690e-01 1.000000000000000000e+00 3.300412089664697679e-01
1.000000000000000000e+00 7.231584428531057096e-01 1.000000000000000000e+00 3.307199774234288459e-01
1.000000000000000000e+00 7.231347279502031711e-01 1.000000000000000000e+00 3.320245043524111539e-01
1.000000000000000000e+00 7.231072099712094747e-01 1.000000000000000000e+00 3.321418360775196810e-01
1.000000000000000000e+00 7.230502485528482737e-01 1.000000000000000000e+00 3.322052794159290889e-01
1.000000000000000000e+00 7.230248714685069134e-01 1.000000000000000000e+00 3.323693564409757051e-01
1.000000000000000000e+00 7.230443292347978890e-01 1.000000000000000000e+00 3.323630471114150664e-01
1.000000000000000000e+00 7.230390678313689534e-01 1.000000000000000000e+00 3.322533698268870239e-01
