1.002261272497646960e+00
1.002261272497646960e+00
1.798909792632132687e+00
1.798909792632132687e+00
1.798909792632132687e+00
1.798909792632132687e+00
1.798909792632132687e+00
1.798909792632132687e+00
1.798909792632132687e+00
1.798909792632132687e+00
1.815006824465895452e+00
1.815006824465895452e+00
2.056561197888922887e+00
2.056561197888922887e+00
2.056561197888922887e+00
2.056561197888922887e+00
2.056561197888922887e+00
2.056561197888922887e+00
2.056561197888922887e+00
2.056561197888922887e+00
2.056561197888922887e+00
2.056561197888922887e+00
2.056561197888922887e+00
2.056561197888922887e+00
2.056561197888922887e+00
2.056561197888922887e+00
2.056561197888922887e+00
2.056561197888922887e+00
2.056561197888922887e+00
2.056561197888922887e+00
2.056561197888922887e+00
2.056561197888922887e+00
2.056561197888922887e+00
2.056561197888922887e+00
2.056561197888922887e+00
2.056561197888922887e+00
2.056561197888922887e+00
2.056561197888922887e+00
2.056561197888922887e+00
2.056561197888922887e+00
2.056561197888922887e+00
2.056561197888922887e+00
2.056561197888922887e+00
2.056561197888922887e+00
2.056561197888922887e+00
2.056561197888922887e+00
2.056561197888922887e+00
2.056561197888922887e+00
2.056561197888922887e+00
2.056561197888922887e+00
2.056561197888922887e+00
2.056561197888922887e+00
2.056561197888922887e+00
2.056561197888922887e+00
2.056561197888922887e+00
2.056561197888922887e+00
2.056561197888922887e+00
2.056561197888922887e+00
2.056561197888922887e+00
2.056561197888922887e+00
2.056561197888922887e+00
2.056561197888922887e+00
2.056561197888922887e+00
2.056561197888922887e+00
2.056561197888922887e+00
2.056561197888922887e+00
2.056561197888922887e+00
2.056561197888922887e+00
2.056561197888922887e+00
2.056561197888922887e+00
2.056561197888922887e+00
2.056561197888922887e+00
2.056561197888922887e+00
2.056561197888922887e+00
2.095309005380190825e+00
2.095309005380190825e+00
2.095309005380190825e+00
2.095309005380190825e+00
2.095309005380190825e+00
2.095309005380190825e+00
2.095309005380190825e+00
2.095309005380190825e+00
2.094954064398832472e+00
2.094954064398832472e+00
2.095309005380190825e+00
2.095309005380190825e+00
2.095309005380190825e+00
2.095309005380190825e+00
2.095309005380190825e+00
2.095309005380190825e+00
2.095309005380190825e+00
2.095309005380190825e+00
2.095309005380190825e+00
2.095309005380190825e+00
2.095309005380190825e+00
2.095309005380190825e+00
2.095309005380190825e+00
2.095309005380190825e+00
2.095309005380190825e+00
2.095309005380190825e+00
