6.903961300849914551e-01 6.134110093116760254e-01 1.507145166397094727e-01 3.120566010475158691e-01
7.451192140579223633e-01 2.460283041000366211e-01 4.217562079429626465e-01 4.459574818611145020e-01
7.927658557891845703e-01 5.617027878761291504e-01 4.271007776260375977e-01 2.333791255950927734e-01
9.925759434700012207e-01 1.487016677856445312e-02 8.793777227401733398e-01 7.826220393180847168e-01
6.629886031150817871e-01 2.819728851318359375e-01 1.784706711769104004e-01 7.056545615196228027e-01
6.684186458587646484e-01 8.038512468338012695e-01 5.669586658477783203e-01 1.698181033134460449e-01
2.244961261749267578e-01 5.469872355461120605e-01 7.814576029777526855e-01 8.457207083702087402e-01
1.021933555603027344e-02 3.115488290786743164e-01 7.579541206359863281e-02 4.708146452903747559e-01
7.503129243850708008e-01 8.185809254646301270e-01 5.997905731201171875e-01 6.278566122055053711e-01
8.585893511772155762e-01 5.263978242874145508e-01 5.660057067871093750e-01 8.284240365028381348e-01
1.741458483732864423e-02 2.709096292957697064e-02 2.931497173354170593e-01 2.125020256417039788e-01
1.981426833209890947e-03 0.000000000000000000e+00 3.184581592559337232e-03 4.579180145058578955e-01
7.150455653127868461e-02 7.446281693266508517e-02 1.030302465318434918e-01 1.014600239726769354e-01
0.000000000000000000e+00 4.747412075599403590e-04 0.000000000000000000e+00 3.984693072740174702e-01
3.191899880462360350e-03 2.075276256283360883e-03 9.715221875290979900e-03 2.604019702598445729e-01
1.482505672585540113e-01 4.808752811083968903e-02 0.000000000000000000e+00 4.681222710780710283e-01
2.605976777913241588e-02 2.724646885181472578e-02 5.507808348292175110e-02 1.078613355057452816e-01
2.352053405914051112e-02 1.477770210534595438e-02 3.951287924756990977e-02 6.103716581487779180e-01
6.435439532917053285e-01 1.000000000000000000e+00 6.576236623525401059e-01 1.500858928551586369e-01
8.607134676755105740e-02 4.997806027998007161e-02 1.685245723382700900e-01 8.391828661787485988e-01
3.810348488841001635e-01 3.955309113219528938e-01 4.675875603872790137e-02 3.348463561404892985e-01
8.983916921244536891e-01 8.741334429491088853e-01 8.471357467679251074e-02 2.992090579533522865e-01
2.772164915257408491e-01 2.896427287723423172e-01 2.497470400523611189e-01 1.503570356209398551e-01
0.000000000000000000e+00 6.908875162040099827e-02 2.847913974246813092e-03 3.232606391565101545e-01
7.386100981168472251e-04 2.244094578885931501e-01 3.290513699720804680e-02 3.044951342423878882e-01
7.078218294630344021e-01 4.733287861981981259e-01 3.502931082929948703e-01 2.708497361433644390e-01
3.485149095115697149e-01 1.827394515895294502e-01 2.108720531169371026e-01 2.779611543895694203e-01
3.060061158428419303e-01 8.951545061896191979e-02 1.996114704057257161e-02 5.385909052980638601e-01
5.460281354596683290e-01 1.992001269492564564e-01 1.005013060110725304e-01 6.439561217459581766e-01
4.197732684332508013e-01 2.726349829604882702e-01 2.441566885653041752e-01 2.665971021983151168e-01
0.000000000000000000e+00 5.245847471778602999e-01 1.162443336793948234e-01 2.668886729028087657e-01
4.989503413458585244e-03 7.768669617469756705e-01 2.008168992486510651e-01 2.451637347460894067e-01
8.427856010100338163e-03 8.828047495998567751e-01 2.415301697388122226e-01 2.356090190571150933e-01
9.999460343150494701e-01 6.330346656720943210e-01 5.562340738224657022e-01 1.933355807756725053e-01
1.378937263549032469e-02 3.866900527051706504e-01 1.034362048339441120e-01 5.026895832874799241e-01
9.391722017175166415e-02 5.381392371067215963e-02 6.905991859989050186e-01 1.856187735610170253e-01
0.000000000000000000e+00 2.967626189135303544e-02 8.335391556363250243e-02 3.553961626056099110e-01
9.823464831306251768e-04 1.359688150359081860e-01 1.607797398483406526e-01 3.455450587522335693e-01
1.070006635919303895e-01 6.017931587822877154e-02 7.658250928512556621e-01 1.830640139897968255e-01
1.584126203784658876e-02 2.562209173837319831e-01 2.205583694548212681e-01 2.912276096706150064e-01
1.797496420859517330e-01 2.221002871547206881e-01 5.778408107506194553e-03 3.657476260255748124e-01
5.668876362054694473e-01 1.918373378487715220e-01 9.487784295747803132e-01 8.830927420882095369e-01
2.709166191440878432e-02 7.111278062796759780e-01 8.160061733489216707e-01 1.183607419142524431e-01
8.503076591862653855e-01 1.271397744786892381e-01 8.885636028370752504e-02 7.035608148794302297e-01
2.301788560581551416e-02 3.092280691249017777e-02 1.331167073192096595e-01 5.723445316121756887e-01
5.675314901848871330e-01 2.207259384616350184e-01 1.000000000000000000e+00 1.231870926738765637e-01
6.473853430279490062e-02 2.612284073340033763e-01 4.725172794426121814e-01 6.783432027213833759e-01
1.119521401434336316e-01 7.126191013977059563e-02 8.800477448823325055e-01 1.819554334254601669e-01
9.332593972609762867e-01 7.744418574578608716e-01 9.011640187936964530e-01 9.389512746310457736e-01
5.056852336001161907e-01 2.378916537563227629e-01 1.212564289099897913e-01 6.516374736264843870e-01
1.750496563174747111e-01 3.905244801215351225e-01 1.274378974161120837e-01 5.835008247071129528e-01
4.261767215783182627e-02 5.660953431956060322e-02 9.024461847000193604e-01 7.313705076867349497e-01
3.828850521858016831e-02 3.270294830325564533e-02 0.000000000000000000e+00 5.359281178468915802e-02
1.142276766784084963e-01 6.996207670464842099e-02 1.764549923580676360e-01 1.000000000000000000e+00
2.388560941164740228e-02 5.618615321018054914e-02 3.270006126103396915e-01 1.561016826410959457e-01
3.032508209639832308e-02 2.119136911450950622e-01 3.642281599241078416e-01 5.701194396075589532e-01
5.991335687546303634e-02 7.068843518796590342e-01 1.831258025197276540e-01 6.232681967566718884e-01
1.203459738569528231e-01 9.771832171647227838e-01 2.218633731191308744e-01 7.211186389730793733e-01
4.542974253123058803e-01 4.554122740454854545e-01 1.025719041193452058e-01 8.865037675566770359e-01
4.314951487132839270e-01 4.035018542649665418e-01 1.056206172022054052e-01 8.343097956694885964e-01
