6.494151949882507324e-01 7.050713300704956055e-01 5.943077802658081055e-01 4.191755652427673340e-01 8.858032822608947754e-01 2.107889056205749512e-01
0.000000000000000000e+00 0.000000000000000000e+00 8.054723739624023438e-01 0.000000000000000000e+00 1.000000000000000000e+00 2.122875070199370384e-03
0.000000000000000000e+00 0.000000000000000000e+00 8.054723739624023438e-01 0.000000000000000000e+00 1.000000000000000000e+00 2.122875070199370384e-03
0.000000000000000000e+00 0.000000000000000000e+00 8.054723739624023438e-01 0.000000000000000000e+00 1.000000000000000000e+00 2.122875070199370384e-03
0.000000000000000000e+00 8.457032442092895508e-01 9.391142129898071289e-01 7.581447251141071320e-03 9.976582527160644531e-01 8.418732322752475739e-03
0.000000000000000000e+00 8.457032442092895508e-01 9.391142129898071289e-01 7.581447251141071320e-03 9.976582527160644531e-01 8.418732322752475739e-03
0.000000000000000000e+00 8.457032442092895508e-01 9.391142129898071289e-01 7.581447251141071320e-03 9.976582527160644531e-01 8.418732322752475739e-03
4.572670906782150269e-03 2.347422391176223755e-02 1.000000000000000000e+00 3.329339325428009033e-01 9.960452318191528320e-01 7.260234095156192780e-03
0.000000000000000000e+00 3.951944708824157715e-01 1.000000000000000000e+00 3.031718134880065918e-01 9.978561997413635254e-01 2.096295822411775589e-03
0.000000000000000000e+00 3.951944708824157715e-01 1.000000000000000000e+00 3.031718134880065918e-01 9.978561997413635254e-01 2.096295822411775589e-03
0.000000000000000000e+00 3.951944708824157715e-01 1.000000000000000000e+00 3.031718134880065918e-01 9.978561997413635254e-01 2.096295822411775589e-03
0.000000000000000000e+00 3.951944708824157715e-01 1.000000000000000000e+00 3.031718134880065918e-01 9.978561997413635254e-01 2.096295822411775589e-03
0.000000000000000000e+00 3.951944708824157715e-01 1.000000000000000000e+00 3.031718134880065918e-01 9.978561997413635254e-01 2.096295822411775589e-03
0.000000000000000000e+00 3.951944708824157715e-01 1.000000000000000000e+00 3.031718134880065918e-01 9.978561997413635254e-01 2.096295822411775589e-03
0.000000000000000000e+00 3.951944708824157715e-01 1.000000000000000000e+00 3.031718134880065918e-01 9.978561997413635254e-01 2.096295822411775589e-03
0.000000000000000000e+00 3.951944708824157715e-01 1.000000000000000000e+00 3.031718134880065918e-01 9.978561997413635254e-01 2.096295822411775589e-03
6.161822821013629436e-04 3.740074932575225830e-01 9.926838278770446777e-01 2.172037512063980103e-01 1.000000000000000000e+00 0.000000000000000000e+00
6.161822821013629436e-04 3.740074932575225830e-01 9.926838278770446777e-01 2.172037512063980103e-01 1.000000000000000000e+00 0.000000000000000000e+00
6.161822821013629436e-04 3.740074932575225830e-01 9.926838278770446777e-01 2.172037512063980103e-01 1.000000000000000000e+00 0.000000000000000000e+00
6.161822821013629436e-04 3.740074932575225830e-01 9.926838278770446777e-01 2.172037512063980103e-01 1.000000000000000000e+00 0.000000000000000000e+00
6.161822821013629436e-04 3.740074932575225830e-01 9.926838278770446777e-01 2.172037512063980103e-01 1.000000000000000000e+00 0.000000000000000000e+00
6.161822821013629436e-04 3.740074932575225830e-01 9.926838278770446777e-01 2.172037512063980103e-01 1.000000000000000000e+00 0.000000000000000000e+00
6.161822821013629436e-04 3.740074932575225830e-01 9.926838278770446777e-01 2.172037512063980103e-01 1.000000000000000000e+00 0.000000000000000000e+00
6.161822821013629436e-04 3.740074932575225830e-01 9.926838278770446777e-01 2.172037512063980103e-01 1.000000000000000000e+00 0.000000000000000000e+00
6.161822821013629436e-04 3.740074932575225830e-01 9.926838278770446777e-01 2.172037512063980103e-01 1.000000000000000000e+00 0.000000000000000000e+00
6.161822821013629436e-04 3.740074932575225830e-01 9.926838278770446777e-01 2.172037512063980103e-01 1.000000000000000000e+00 0.000000000000000000e+00
6.161822821013629436e-04 3.740074932575225830e-01 9.926838278770446777e-01 2.172037512063980103e-01 1.000000000000000000e+00 0.000000000000000000e+00
6.161822821013629436e-04 3.740074932575225830e-01 9.926838278770446777e-01 2.172037512063980103e-01 1.000000000000000000e+00 0.000000000000000000e+00
6.161822821013629436e-04 3.740074932575225830e-01 9.926838278770446777e-01 2.172037512063980103e-01 1.000000000000000000e+00 0.000000000000000000e+00
6.161822821013629436e-04 3.740074932575225830e-01 9.926838278770446777e-01 2.172037512063980103e-01 1.000000000000000000e+00 0.000000000000000000e+00
6.161822821013629436e-04 3.740074932575225830e-01 9.926838278770446777e-01 2.172037512063980103e-01 1.000000000000000000e+00 0.000000000000000000e+00
6.161822821013629436e-04 3.740074932575225830e-01 9.926838278770446777e-01 2.172037512063980103e-01 1.000000000000000000e+00 0.000000000000000000e+00
6.161822821013629436e-04 3.740074932575225830e-01 9.926838278770446777e-01 2.172037512063980103e-01 1.000000000000000000e+00 0.000000000000000000e+00
6.161822821013629436e-04 3.740074932575225830e-01 9.926838278770446777e-01 2.172037512063980103e-01 1.000000000000000000e+00 0.000000000000000000e+00
6.161822821013629436e-04 3.740074932575225830e-01 9.926838278770446777e-01 2.172037512063980103e-01 1.000000000000000000e+00 0.000000000000000000e+00
6.161822821013629436e-04 3.740074932575225830e-01 9.926838278770446777e-01 2.172037512063980103e-01 1.000000000000000000e+00 0.000000000000000000e+00
6.161822821013629436e-04 3.740074932575225830e-01 9.926838278770446777e-01 2.172037512063980103e-01 1.000000000000000000e+00 0.000000000000000000e+00
6.161822821013629436e-04 3.740074932575225830e-01 9.926838278770446777e-01 2.172037512063980103e-01 1.000000000000000000e+00 0.000000000000000000e+00
6.161822821013629436e-04 3.740074932575225830e-01 9.926838278770446777e-01 2.172037512063980103e-01 1.000000000000000000e+00 0.000000000000000000e+00
6.161822821013629436e-04 3.740074932575225830e-01 9.926838278770446777e-01 2.172037512063980103e-01 1.000000000000000000e+00 0.000000000000000000e+00
6.161822821013629436e-04 3.740074932575225830e-01 9.926838278770446777e-01 2.172037512063980103e-01 1.000000000000000000e+00 0.000000000000000000e+00
6.161822821013629436e-04 3.740074932575225830e-01 9.926838278770446777e-01 2.172037512063980103e-01 1.000000000000000000e+00 0.000000000000000000e+00
6.161822821013629436e-04 3.740074932575225830e-01 9.926838278770446777e-01 2.172037512063980103e-01 1.000000000000000000e+00 0.000000000000000000e+00
6.161822821013629436e-04 3.740074932575225830e-01 9.926838278770446777e-01 2.172037512063980103e-01 1.000000000000000000e+00 0.000000000000000000e+00
6.161822821013629436e-04 3.740074932575225830e-01 9.926838278770446777e-01 2.172037512063980103e-01 1.000000000000000000e+00 0.000000000000000000e+00
6.161822821013629436e-04 3.740074932575225830e-01 9.926838278770446777e-01 2.172037512063980103e-01 1.000000000000000000e+00 0.000000000000000000e+00
6.161822821013629436e-04 3.740074932575225830e-01 9.926838278770446777e-01 2.172037512063980103e-01 1.000000000000000000e+00 0.000000000000000000e+00
6.161822821013629436e-04 3.740074932575225830e-01 9.926838278770446777e-01 2.172037512063980103e-01 1.000000000000000000e+00 0.000000000000000000e+00
6.161822821013629436e-04 3.740074932575225830e-01 9.926838278770446777e-01 2.172037512063980103e-01 1.000000000000000000e+00 0.000000000000000000e+00
6.161822821013629436e-04 3.740074932575225830e-01 9.926838278770446777e-01 2.172037512063980103e-01 1.000000000000000000e+00 0.000000000000000000e+00
6.161822821013629436e-04 3.740074932575225830e-01 9.926838278770446777e-01 2.172037512063980103e-01 1.000000000000000000e+00 0.000000000000000000e+00
6.161822821013629436e-04 3.740074932575225830e-01 9.926838278770446777e-01 2.172037512063980103e-01 1.000000000000000000e+00 0.000000000000000000e+00
6.161822821013629436e-04 3.740074932575225830e-01 9.926838278770446777e-01 2.172037512063980103e-01 1.000000000000000000e+00 0.000000000000000000e+00
6.161822821013629436e-04 3.740074932575225830e-01 9.926838278770446777e-01 2.172037512063980103e-01 1.000000000000000000e+00 0.000000000000000000e+00
6.161822821013629436e-04 3.740074932575225830e-01 9.926838278770446777e-01 2.172037512063980103e-01 1.000000000000000000e+00 0.000000000000000000e+00
6.161822821013629436e-04 3.740074932575225830e-01 9.926838278770446777e-01 2.172037512063980103e-01 1.000000000000000000e+00 0.000000000000000000e+00
6.161822821013629436e-04 3.740074932575225830e-01 9.926838278770446777e-01 2.172037512063980103e-01 1.000000000000000000e+00 0.000000000000000000e+00
6.161822821013629436e-04 3.740074932575225830e-01 9.926838278770446777e-01 2.172037512063980103e-01 1.000000000000000000e+00 0.000000000000000000e+00
6.161822821013629436e-04 3.740074932575225830e-01 9.926838278770446777e-01 2.172037512063980103e-01 1.000000000000000000e+00 0.000000000000000000e+00
6.161822821013629436e-04 3.740074932575225830e-01 9.926838278770446777e-01 2.172037512063980103e-01 1.000000000000000000e+00 0.000000000000000000e+00
6.161822821013629436e-04 3.740074932575225830e-01 9.926838278770446777e-01 2.172037512063980103e-01 1.000000000000000000e+00 0.000000000000000000e+00
6.161822821013629436e-04 3.740074932575225830e-01 9.926838278770446777e-01 2.172037512063980103e-01 1.000000000000000000e+00 0.000000000000000000e+00
6.161822821013629436e-04 3.740074932575225830e-01 9.926838278770446777e-01 2.172037512063980103e-01 1.000000000000000000e+00 0.000000000000000000e+00
6.161822821013629436e-04 3.740074932575225830e-01 9.926838278770446777e-01 2.172037512063980103e-01 1.000000000000000000e+00 0.000000000000000000e+00
6.161822821013629436e-04 3.740074932575225830e-01 9.926838278770446777e-01 2.172037512063980103e-01 1.000000000000000000e+00 0.000000000000000000e+00
6.161822821013629436e-04 3.740074932575225830e-01 9.926838278770446777e-01 2.172037512063980103e-01 1.000000000000000000e+00 0.000000000000000000e+00
6.161822821013629436e-04 3.740074932575225830e-01 9.926838278770446777e-01 2.172037512063980103e-01 1.000000000000000000e+00 0.000000000000000000e+00
6.161822821013629436e-04 3.740074932575225830e-01 9.926838278770446777e-01 2.172037512063980103e-01 1.000000000000000000e+00 0.000000000000000000e+00
6.161822821013629436e-04 3.740074932575225830e-01 9.926838278770446777e-01 2.172037512063980103e-01 1.000000000000000000e+00 0.000000000000000000e+00
6.161822821013629436e-04 3.740074932575225830e-01 9.926838278770446777e-01 2.172037512063980103e-01 1.000000000000000000e+00 0.000000000000000000e+00
6.161822821013629436e-04 3.740074932575225830e-01 9.926838278770446777e-01 2.172037512063980103e-01 1.000000000000000000e+00 0.000000000000000000e+00
6.161822821013629436e-04 3.740074932575225830e-01 9.926838278770446777e-01 2.172037512063980103e-01 1.000000000000000000e+00 0.000000000000000000e+00
6.161822821013629436e-04 3.740074932575225830e-01 9.926838278770446777e-01 2.172037512063980103e-01 1.000000000000000000e+00 0.000000000000000000e+00
2.224635099992156029e-03 2.456793487071990967e-01 1.000000000000000000e+00 2.876864373683929443e-01 1.000000000000000000e+00 0.000000000000000000e+00
2.224635099992156029e-03 2.456793487071990967e-01 1.000000000000000000e+00 2.876864373683929443e-01 1.000000000000000000e+00 0.000000000000000000e+00
2.224635099992156029e-03 2.456793487071990967e-01 1.000000000000000000e+00 2.876864373683929443e-01 1.000000000000000000e+00 0.000000000000000000e+00
2.224635099992156029e-03 2.456793487071990967e-01 1.000000000000000000e+00 2.876864373683929443e-01 1.000000000000000000e+00 0.000000000000000000e+00
2.224635099992156029e-03 2.456793487071990967e-01 1.000000000000000000e+00 2.876864373683929443e-01 1.000000000000000000e+00 0.000000000000000000e+00
2.224635099992156029e-03 2.456793487071990967e-01 1.000000000000000000e+00 2.876864373683929443e-01 1.000000000000000000e+00 0.000000000000000000e+00
2.224635099992156029e-03 2.456793487071990967e-01 1.000000000000000000e+00 2.876864373683929443e-01 1.000000000000000000e+00 0.000000000000000000e+00
2.224635099992156029e-03 2.456793487071990967e-01 1.000000000000000000e+00 2.876864373683929443e-01 1.000000000000000000e+00 0.000000000000000000e+00
2.224635099992156029e-03 2.456793487071990967e-01 1.000000000000000000e+00 2.876864373683929443e-01 1.000000000000000000e+00 0.000000000000000000e+00
2.224635099992156029e-03 2.456793487071990967e-01 1.000000000000000000e+00 2.876864373683929443e-01 1.000000000000000000e+00 0.000000000000000000e+00
2.224635099992156029e-03 2.456793487071990967e-01 1.000000000000000000e+00 2.876864373683929443e-01 1.000000000000000000e+00 0.000000000000000000e+00
2.224635099992156029e-03 2.456793487071990967e-01 1.000000000000000000e+00 2.876864373683929443e-01 1.000000000000000000e+00 0.000000000000000000e+00
2.224635099992156029e-03 2.456793487071990967e-01 1.000000000000000000e+00 2.876864373683929443e-01 1.000000000000000000e+00 0.000000000000000000e+00
2.224635099992156029e-03 2.456793487071990967e-01 1.000000000000000000e+00 2.876864373683929443e-01 1.000000000000000000e+00 0.000000000000000000e+00
2.224635099992156029e-03 2.456793487071990967e-01 1.000000000000000000e+00 2.876864373683929443e-01 1.000000000000000000e+00 0.000000000000000000e+00
2.224635099992156029e-03 2.456793487071990967e-01 1.000000000000000000e+00 2.876864373683929443e-01 1.000000000000000000e+00 0.000000000000000000e+00
2.224635099992156029e-03 2.456793487071990967e-01 1.000000000000000000e+00 2.876864373683929443e-01 1.000000000000000000e+00 0.000000000000000000e+00
2.224635099992156029e-03 2.456793487071990967e-01 1.000000000000000000e+00 2.876864373683929443e-01 1.000000000000000000e+00 0.000000000000000000e+00
2.224635099992156029e-03 2.456793487071990967e-01 1.000000000000000000e+00 2.876864373683929443e-01 1.000000000000000000e+00 0.000000000000000000e+00
2.224635099992156029e-03 2.456793487071990967e-01 1.000000000000000000e+00 2.876864373683929443e-01 1.000000000000000000e+00 0.000000000000000000e+00
2.224635099992156029e-03 2.456793487071990967e-01 1.000000000000000000e+00 2.876864373683929443e-01 1.000000000000000000e+00 0.000000000000000000e+00
2.224635099992156029e-03 2.456793487071990967e-01 1.000000000000000000e+00 2.876864373683929443e-01 1.000000000000000000e+00 0.000000000000000000e+00
2.224635099992156029e-03 2.456793487071990967e-01 1.000000000000000000e+00 2.876864373683929443e-01 1.000000000000000000e+00 0.000000000000000000e+00
2.224635099992156029e-03 2.456793487071990967e-01 1.000000000000000000e+00 2.876864373683929443e-01 1.000000000000000000e+00 0.000000000000000000e+00
2.224635099992156029e-03 2.456793487071990967e-01 1.000000000000000000e+00 2.876864373683929443e-01 1.000000000000000000e+00 0.000000000000000000e+00
2.224635099992156029e-03 2.456793487071990967e-01 1.000000000000000000e+00 2.876864373683929443e-01 1.000000000000000000e+00 0.000000000000000000e+00
2.224635099992156029e-03 2.456793487071990967e-01 1.000000000000000000e+00 2.876864373683929443e-01 1.000000000000000000e+00 0.000000000000000000e+00
