0.000000000000000000e+00 1.000000000000000000e+00 6.272408135031347642e-01 0.000000000000000000e+00 1.000000000000000000e+00 0.000000000000000000e+00
0.000000000000000000e+00 0.000000000000000000e+00 8.352309063560469093e-01 0.000000000000000000e+00 1.000000000000000000e+00 0.000000000000000000e+00
0.000000000000000000e+00 0.000000000000000000e+00 8.100363059768835861e-01 0.000000000000000000e+00 1.000000000000000000e+00 0.000000000000000000e+00
0.000000000000000000e+00 0.000000000000000000e+00 1.000000000000000000e+00 0.000000000000000000e+00 1.000000000000000000e+00 0.000000000000000000e+00
0.000000000000000000e+00 6.179887902605040173e-01 1.000000000000000000e+00 0.000000000000000000e+00 1.000000000000000000e+00 0.000000000000000000e+00
0.000000000000000000e+00 0.000000000000000000e+00 1.000000000000000000e+00 1.192396057287940618e-02 1.000000000000000000e+00 0.000000000000000000e+00
0.000000000000000000e+00 0.000000000000000000e+00 1.000000000000000000e+00 3.175622169288173646e-01 1.000000000000000000e+00 0.000000000000000000e+00
0.000000000000000000e+00 3.570208458341546653e-01 1.000000000000000000e+00 2.673526042507632372e-01 1.000000000000000000e+00 0.000000000000000000e+00
0.000000000000000000e+00 3.365117100787359261e-01 1.000000000000000000e+00 2.673785009922213796e-01 1.000000000000000000e+00 0.000000000000000000e+00
0.000000000000000000e+00 3.101842935569478765e-01 1.000000000000000000e+00 2.478931604592662374e-01 1.000000000000000000e+00 0.000000000000000000e+00
0.000000000000000000e+00 3.092337780460996943e-01 1.000000000000000000e+00 2.399649915792872457e-01 1.000000000000000000e+00 0.000000000000000000e+00
0.000000000000000000e+00 3.078405527636253747e-01 1.000000000000000000e+00 2.406679414238878101e-01 1.000000000000000000e+00 0.000000000000000000e+00
0.000000000000000000e+00 3.076863168134401083e-01 1.000000000000000000e+00 2.416636980584078165e-01 1.000000000000000000e+00 0.000000000000000000e+00
0.000000000000000000e+00 3.014556087652520144e-01 1.000000000000000000e+00 2.582691467258901863e-01 1.000000000000000000e+00 0.000000000000000000e+00
0.000000000000000000e+00 3.388896370249857015e-01 1.000000000000000000e+00 2.462056453645517784e-01 1.000000000000000000e+00 0.000000000000000000e+00
0.000000000000000000e+00 3.347908715599047236e-01 1.000000000000000000e+00 2.453927872222327333e-01 1.000000000000000000e+00 0.000000000000000000e+00
0.000000000000000000e+00 3.362830400599158276e-01 1.000000000000000000e+00 2.448892690032285491e-01 1.000000000000000000e+00 0.000000000000000000e+00
0.000000000000000000e+00 3.307124009681265409e-01 1.000000000000000000e+00 2.402718396932047029e-01 1.000000000000000000e+00 0.000000000000000000e+00
0.000000000000000000e+00 2.800697215112510907e-01 9.902958268474699732e-01 2.536914854329664348e-01 1.000000000000000000e+00 0.000000000000000000e+00
0.000000000000000000e+00 2.803330554792884399e-01 1.000000000000000000e+00 2.473048341163404662e-01 1.000000000000000000e+00 0.000000000000000000e+00
0.000000000000000000e+00 2.759390184326797058e-01 1.000000000000000000e+00 2.446920422687384189e-01 1.000000000000000000e+00 0.000000000000000000e+00
0.000000000000000000e+00 2.885603730838162684e-01 1.000000000000000000e+00 2.468850211872511413e-01 1.000000000000000000e+00 0.000000000000000000e+00
0.000000000000000000e+00 2.471474821579611736e-01 1.000000000000000000e+00 2.672011127307444833e-01 1.000000000000000000e+00 0.000000000000000000e+00
0.000000000000000000e+00 2.403814752451159942e-01 1.000000000000000000e+00 2.718502227239871782e-01 1.000000000000000000e+00 0.000000000000000000e+00
0.000000000000000000e+00 2.629723777150855257e-01 1.000000000000000000e+00 2.445196641267190218e-01 1.000000000000000000e+00 0.000000000000000000e+00
0.000000000000000000e+00 2.627527297919706184e-01 1.000000000000000000e+00 2.490957711196343238e-01 1.000000000000000000e+00 0.000000000000000000e+00
0.000000000000000000e+00 2.660159182067537431e-01 1.000000000000000000e+00 2.475098261600438831e-01 1.000000000000000000e+00 0.000000000000000000e+00
0.000000000000000000e+00 2.734093165802236602e-01 1.000000000000000000e+00 2.397963858080497390e-01 1.000000000000000000e+00 0.000000000000000000e+00
0.000000000000000000e+00 2.728030160390902958e-01 1.000000000000000000e+00 2.380888165071225748e-01 1.000000000000000000e+00 0.000000000000000000e+00
0.000000000000000000e+00 2.771863318348303795e-01 1.000000000000000000e+00 2.354498397799188736e-01 1.000000000000000000e+00 0.000000000000000000e+00
0.000000000000000000e+00 2.640960298385719440e-01 1.000000000000000000e+00 2.557009557646890419e-01 1.000000000000000000e+00 0.000000000000000000e+00
0.000000000000000000e+00 2.923922539773845530e-01 1.000000000000000000e+00 2.508837957983980904e-01 1.000000000000000000e+00 0.000000000000000000e+00
0.000000000000000000e+00 2.967412815000214921e-01 1.000000000000000000e+00 2.508995697998523400e-01 1.000000000000000000e+00 0.000000000000000000e+00
0.000000000000000000e+00 2.490226403921869114e-01 1.000000000000000000e+00 2.534685909504076351e-01 1.000000000000000000e+00 0.000000000000000000e+00
0.000000000000000000e+00 2.401506125760005661e-01 1.000000000000000000e+00 2.547532190113611095e-01 1.000000000000000000e+00 0.000000000000000000e+00
0.000000000000000000e+00 2.415417689263394119e-01 1.000000000000000000e+00 2.543362415021303558e-01 1.000000000000000000e+00 0.000000000000000000e+00
0.000000000000000000e+00 2.599190622005642659e-01 1.000000000000000000e+00 2.518355872320580113e-01 1.000000000000000000e+00 0.000000000000000000e+00
0.000000000000000000e+00 2.639182482813929309e-01 1.000000000000000000e+00 2.507664815560523563e-01 1.000000000000000000e+00 0.000000000000000000e+00
0.000000000000000000e+00 2.647778164558857172e-01 1.000000000000000000e+00 2.495868661413894463e-01 1.000000000000000000e+00 0.000000000000000000e+00
0.000000000000000000e+00 2.676317903905965356e-01 1.000000000000000000e+00 2.496904148746965091e-01 1.000000000000000000e+00 0.000000000000000000e+00
0.000000000000000000e+00 2.843469096794035145e-01 1.000000000000000000e+00 2.421041826999787705e-01 1.000000000000000000e+00 0.000000000000000000e+00
0.000000000000000000e+00 2.758723070922340925e-01 1.000000000000000000e+00 2.439736787282811015e-01 1.000000000000000000e+00 0.000000000000000000e+00
0.000000000000000000e+00 2.745194068618914129e-01 1.000000000000000000e+00 2.449060826600466534e-01 1.000000000000000000e+00 0.000000000000000000e+00
0.000000000000000000e+00 2.709626403632569569e-01 1.000000000000000000e+00 2.460243213191197487e-01 1.000000000000000000e+00 0.000000000000000000e+00
0.000000000000000000e+00 2.743884046665921450e-01 1.000000000000000000e+00 2.441930395865764269e-01 1.000000000000000000e+00 0.000000000000000000e+00
0.000000000000000000e+00 2.726006969199331054e-01 1.000000000000000000e+00 2.482544599115401596e-01 1.000000000000000000e+00 0.000000000000000000e+00
0.000000000000000000e+00 2.981956828125293946e-01 1.000000000000000000e+00 2.483650862752446453e-01 1.000000000000000000e+00 0.000000000000000000e+00
0.000000000000000000e+00 2.988710031465404149e-01 1.000000000000000000e+00 2.489357528445385603e-01 1.000000000000000000e+00 0.000000000000000000e+00
0.000000000000000000e+00 3.003623701147768443e-01 1.000000000000000000e+00 2.478560158479183873e-01 1.000000000000000000e+00 0.000000000000000000e+00
0.000000000000000000e+00 2.656023441419723685e-01 1.000000000000000000e+00 2.524161138633911894e-01 1.000000000000000000e+00 0.000000000000000000e+00
0.000000000000000000e+00 2.822335834833761270e-01 1.000000000000000000e+00 2.527514173439440182e-01 1.000000000000000000e+00 0.000000000000000000e+00
0.000000000000000000e+00 2.823161100461807349e-01 1.000000000000000000e+00 2.531329545731839104e-01 1.000000000000000000e+00 0.000000000000000000e+00
0.000000000000000000e+00 2.832461119771355063e-01 1.000000000000000000e+00 2.537805499172570700e-01 1.000000000000000000e+00 0.000000000000000000e+00
0.000000000000000000e+00 2.721755456707891097e-01 1.000000000000000000e+00 2.577141475888238831e-01 1.000000000000000000e+00 0.000000000000000000e+00
0.000000000000000000e+00 2.710824936976831689e-01 1.000000000000000000e+00 2.586722142391975066e-01 1.000000000000000000e+00 0.000000000000000000e+00
0.000000000000000000e+00 2.624828956063594010e-01 1.000000000000000000e+00 2.589372841816038329e-01 1.000000000000000000e+00 0.000000000000000000e+00
0.000000000000000000e+00 2.627827107368463921e-01 1.000000000000000000e+00 2.590162658005676355e-01 1.000000000000000000e+00 0.000000000000000000e+00
0.000000000000000000e+00 2.590593135931481550e-01 1.000000000000000000e+00 2.561781533675120959e-01 1.000000000000000000e+00 0.000000000000000000e+00
0.000000000000000000e+00 2.626981778956306024e-01 1.000000000000000000e+00 2.560878215834633820e-01 1.000000000000000000e+00 0.000000000000000000e+00
0.000000000000000000e+00 2.699114945599315196e-01 1.000000000000000000e+00 2.498619707665970524e-01 1.000000000000000000e+00 0.000000000000000000e+00
0.000000000000000000e+00 2.670046847412563262e-01 1.000000000000000000e+00 2.500570368228158813e-01 1.000000000000000000e+00 0.000000000000000000e+00
0.000000000000000000e+00 2.668176478407571217e-01 1.000000000000000000e+00 2.500848529686820476e-01 1.000000000000000000e+00 0.000000000000000000e+00
0.000000000000000000e+00 2.666133340049663403e-01 1.000000000000000000e+00 2.501246084501381195e-01 1.000000000000000000e+00 0.000000000000000000e+00
0.000000000000000000e+00 2.692614560289370296e-01 1.000000000000000000e+00 2.518254993067234326e-01 1.000000000000000000e+00 0.000000000000000000e+00
0.000000000000000000e+00 2.699809338219947286e-01 1.000000000000000000e+00 2.514082842439720467e-01 1.000000000000000000e+00 0.000000000000000000e+00
0.000000000000000000e+00 2.708118621771439249e-01 1.000000000000000000e+00 2.506236993193646234e-01 1.000000000000000000e+00 0.000000000000000000e+00
0.000000000000000000e+00 2.703956257970644428e-01 1.000000000000000000e+00 2.506396129444154464e-01 1.000000000000000000e+00 0.000000000000000000e+00
0.000000000000000000e+00 2.687498895890794715e-01 1.000000000000000000e+00 2.512881540026929983e-01 1.000000000000000000e+00 0.000000000000000000e+00
0.000000000000000000e+00 2.696077801277183550e-01 1.000000000000000000e+00 2.518844988114648520e-01 1.000000000000000000e+00 0.000000000000000000e+00
0.000000000000000000e+00 2.758558631205654255e-01 1.000000000000000000e+00 2.493599971200233245e-01 1.000000000000000000e+00 0.000000000000000000e+00
0.000000000000000000e+00 2.758062146968613404e-01 1.000000000000000000e+00 2.491794294384386266e-01 1.000000000000000000e+00 0.000000000000000000e+00
0.000000000000000000e+00 2.759607507133770010e-01 1.000000000000000000e+00 2.490485842740618461e-01 1.000000000000000000e+00 0.000000000000000000e+00
0.000000000000000000e+00 2.758809024806571641e-01 1.000000000000000000e+00 2.490429522732434120e-01 1.000000000000000000e+00 0.000000000000000000e+00
0.000000000000000000e+00 2.760388693051908371e-01 1.000000000000000000e+00 2.489152415299490106e-01 1.000000000000000000e+00 0.000000000000000000e+00
0.000000000000000000e+00 2.778238402782211569e-01 1.000000000000000000e+00 2.476689258743781930e-01 1.000000000000000000e+00 0.000000000000000000e+00
0.000000000000000000e+00 2.775401137704863186e-01 1.000000000000000000e+00 2.478192989200639351e-01 1.000000000000000000e+00 0.000000000000000000e+00
0.000000000000000000e+00 2.762074420969160560e-01 1.000000000000000000e+00 2.487305882599889773e-01 1.000000000000000000e+00 0.000000000000000000e+00
0.000000000000000000e+00 2.760128515621453338e-01 1.000000000000000000e+00 2.495467234446537841e-01 1.000000000000000000e+00 0.000000000000000000e+00
0.000000000000000000e+00 2.757442385192213075e-01 1.000000000000000000e+00 2.497673322239386540e-01 1.000000000000000000e+00 0.000000000000000000e+00
0.000000000000000000e+00 2.755477287893314253e-01 1.000000000000000000e+00 2.501604248690226795e-01 1.000000000000000000e+00 0.000000000000000000e+00
0.000000000000000000e+00 2.758944685126996088e-01 1.000000000000000000e+00 2.523665860496058233e-01 1.000000000000000000e+00 0.000000000000000000e+00
0.000000000000000000e+00 2.752046317431998124e-01 1.000000000000000000e+00 2.523538677633215266e-01 1.000000000000000000e+00 0.000000000000000000e+00
0.000000000000000000e+00 2.745649138446735193e-01 1.000000000000000000e+00 2.524888001177007513e-01 1.000000000000000000e+00 0.000000000000000000e+00
0.000000000000000000e+00 2.742527981841282880e-01 1.000000000000000000e+00 2.523828291121190670e-01 1.000000000000000000e+00 0.000000000000000000e+00
0.000000000000000000e+00 2.744169260530768262e-01 1.000000000000000000e+00 2.539391498346093567e-01 1.000000000000000000e+00 0.000000000000000000e+00
0.000000000000000000e+00 2.746736996251807894e-01 1.000000000000000000e+00 2.537500252181023597e-01 1.000000000000000000e+00 0.000000000000000000e+00
0.000000000000000000e+00 2.748231302970045031e-01 1.000000000000000000e+00 2.544456962393762400e-01 1.000000000000000000e+00 0.000000000000000000e+00
0.000000000000000000e+00 2.756886360490988230e-01 1.000000000000000000e+00 2.546944903724176479e-01 1.000000000000000000e+00 0.000000000000000000e+00
0.000000000000000000e+00 2.743273430601777529e-01 1.000000000000000000e+00 2.543759084482361543e-01 1.000000000000000000e+00 0.000000000000000000e+00
0.000000000000000000e+00 2.738263627833567582e-01 1.000000000000000000e+00 2.544904618046240352e-01 1.000000000000000000e+00 0.000000000000000000e+00
0.000000000000000000e+00 2.776724008655835907e-01 1.000000000000000000e+00 2.542497689176702602e-01 1.000000000000000000e+00 0.000000000000000000e+00
0.000000000000000000e+00 2.765151797363342712e-01 1.000000000000000000e+00 2.538918896339648623e-01 1.000000000000000000e+00 0.000000000000000000e+00
0.000000000000000000e+00 2.765315335271302244e-01 1.000000000000000000e+00 2.533735218054254945e-01 1.000000000000000000e+00 0.000000000000000000e+00
0.000000000000000000e+00 2.771343839130598896e-01 1.000000000000000000e+00 2.537646445630457048e-01 1.000000000000000000e+00 0.000000000000000000e+00
0.000000000000000000e+00 2.793697837563389741e-01 1.000000000000000000e+00 2.560128299201217539e-01 1.000000000000000000e+00 0.000000000000000000e+00
0.000000000000000000e+00 2.784296209620322760e-01 1.000000000000000000e+00 2.567972298265641662e-01 1.000000000000000000e+00 0.000000000000000000e+00
0.000000000000000000e+00 2.779993998461812721e-01 1.000000000000000000e+00 2.592781019062761483e-01 1.000000000000000000e+00 0.000000000000000000e+00
0.000000000000000000e+00 2.773030167632040133e-01 1.000000000000000000e+00 2.604962497741730720e-01 1.000000000000000000e+00 0.000000000000000000e+00
0.000000000000000000e+00 2.766155441581839569e-01 1.000000000000000000e+00 2.620988882599403769e-01 1.000000000000000000e+00 0.000000000000000000e+00
0.000000000000000000e+00 2.772796048487498610e-01 1.000000000000000000e+00 2.607803502137914786e-01 1.000000000000000000e+00 0.000000000000000000e+00
