1.328719178673041457e+00
1.348273551909275225e+00
1.357992858389755142e+00
1.362852127441594785e+00
1.364614135479232715e+00
1.365895941708139549e+00
1.365868735298059411e+00
1.365458574910140221e+00
1.364648983151686146e+00
1.366338547305372852e+00
1.363683804559430168e+00
1.364637715603924883e+00
1.364734029174605512e+00
1.365450616700331521e+00
1.365306076884921005e+00
1.365293557146308290e+00
1.365336872990590367e+00
1.365146525467922700e+00
1.365069078327975971e+00
1.365677281534401821e+00
1.366152722823589238e+00
1.366182725082742078e+00
1.239526627691156957e+00
1.366148885200227925e+00
1.366164728046523225e+00
1.366222293378736685e+00
1.366377466377206362e+00
1.366413453977966430e+00
1.366418112577713950e+00
1.366438041910971402e+00
1.366442489800911542e+00
1.366412678815780435e+00
1.366396321441453621e+00
1.366385548918880311e+00
1.366392189124660428e+00
1.366387102011619614e+00
1.366414245220165746e+00
1.366405436035707188e+00
1.366402011978997244e+00
1.366383399783287489e+00
1.366399485995163143e+00
1.366439768585989034e+00
1.366451862768027548e+00
1.366453226157191336e+00
1.366466433207698339e+00
1.366440149626860556e+00
1.366540011635158036e+00
1.366541919656124149e+00
1.366535759263121985e+00
1.366536727451446831e+00
1.366547809009096337e+00
1.366456731301072258e+00
1.366427831190710318e+00
1.366404442174800948e+00
1.366407234555974570e+00
1.366399552292959063e+00
1.366411656839031430e+00
1.366451008610825024e+00
1.366486038931244540e+00
1.366522468616683916e+00
1.366522427426084318e+00
1.366530120160162065e+00
1.366526102231131468e+00
1.366540979932290956e+00
1.366547145878069136e+00
1.366535868000918752e+00
1.366534943585556272e+00
1.366536788287979975e+00
1.366544372093105864e+00
1.366550909085989307e+00
1.366552034677614103e+00
1.366554700345118167e+00
1.366554812458500079e+00
1.366556761595858704e+00
1.366557887552314776e+00
1.366541087776174557e+00
1.366539708218858395e+00
1.366565600756928456e+00
1.366566352780298255e+00
1.366564552644596420e+00
1.366562282791275340e+00
1.366565323367141760e+00
1.366562487202368947e+00
1.366560849134690114e+00
1.366564735119820906e+00
1.366568350017784539e+00
1.366572211219835298e+00
1.366569706596135303e+00
1.366574195229807609e+00
1.366575899331233135e+00
1.366593842389356439e+00
1.366587371499464076e+00
1.366569511789532454e+00
1.366592669911096403e+00
1.366583168923944713e+00
1.366582785831923497e+00
1.366581653026147425e+00
1.366580067387621833e+00
1.366578281232586400e+00
1.366598787029218665e+00
