2.606330513954162598e-01 1.194316148757934570e-01 3.284856677055358887e-01 7.037169933319091797e-01
2.905538678169250488e-01 8.128327131271362305e-01 2.734991312026977539e-01 4.575752615928649902e-01
5.501866340637207031e-03 3.694153428077697754e-01 4.289556741714477539e-01 3.465452790260314941e-01
4.876108169555664062e-01 8.872548937797546387e-01 8.495140075683593750e-01 2.448726296424865723e-01
9.012608528137207031e-01 3.191561698913574219e-01 4.150688052177429199e-01 7.836287021636962891e-01
5.816599726676940918e-01 8.756401538848876953e-01 6.914854645729064941e-01 6.088514328002929688e-01
6.383111476898193359e-01 9.821048378944396973e-01 4.063432216644287109e-01 2.354200482368469238e-01
8.226549625396728516e-02 1.152006387710571289e-01 2.334401607513427734e-01 6.706644892692565918e-01
4.350599646568298340e-01 1.697364449501037598e-01 1.862455606460571289e-01 7.567284107208251953e-01
7.872814536094665527e-01 3.989937901496887207e-01 2.386236786842346191e-01 9.008299112319946289e-01
8.015252305120620369e-01 8.042069180168327502e-01 1.059721050539717546e-01 1.232794980560226183e-01
6.860569833901057901e-01 1.000000000000000000e+00 4.427711239425999867e-01 2.855210401705656764e-01
7.543366186467721501e-01 1.000000000000000000e+00 4.624919505725570423e-01 4.024081232127151297e-01
7.484899666491577896e-01 9.943802952818815433e-01 3.742013908139391609e-01 3.345932462556181486e-01
7.898641961500074693e-01 9.940374189415319695e-01 4.481567333775321460e-01 3.333055424812729761e-01
8.153851683370666459e-01 1.000000000000000000e+00 6.141106805493978804e-01 2.750729311710183311e-01
8.828151526365279889e-01 7.708020895197973399e-01 5.992076740182108452e-01 2.544320627920994005e-01
7.917224881501679912e-01 1.000000000000000000e+00 4.776053784101485511e-01 2.921707039286342567e-01
7.683778469828903557e-01 9.457341048181761023e-01 5.062224556515941831e-01 3.351077467369252272e-01
7.171673589189005993e-01 9.045324485502543865e-01 3.815730317354857348e-01 5.106869110915671639e-01
9.780353688239654675e-01 2.519345079114130304e-01 8.861199925119036536e-01 1.487728439681434423e-01
8.828727329901006060e-01 1.000000000000000000e+00 1.000000000000000000e+00 2.415490851645455128e-01
7.952325572101986983e-01 2.438669197245046383e-01 2.335777130999423801e-01 1.413896280837038111e-01
8.151884928355122018e-01 9.375379658113406345e-01 8.483693927011161096e-01 8.306737735760640895e-01
7.880153776339555716e-01 1.404016968354302175e-01 1.302301757682443606e-01 1.446732996596169496e-01
8.337819544377325087e-01 1.554550750869864717e-01 1.773320641703588496e-01 1.574378973697065920e-01
3.061304029123146364e-01 8.776751034068974722e-02 2.009144318982338667e-02 7.458617825073614316e-03
6.976063275597196300e-01 1.215844209684236767e-02 3.607213570909885703e-01 2.291977420779420238e-02
9.145378921591345023e-01 9.855845103527488549e-01 5.886832468282843234e-01 3.856847750590257085e-01
7.119309557465789418e-01 7.251551217834362184e-01 3.287266715231121350e-01 6.656940936628108485e-01
5.668169893018756289e-01 4.879239231806468957e-02 1.974658673737844372e-01 1.374097866234668119e-01
9.188316713941311331e-01 8.694198513706326015e-01 5.859074489628239846e-01 1.035917931268427600e-01
6.989217255336984680e-01 5.873819297877208752e-03 2.142129068909990816e-02 6.505267093254303058e-03
3.690934056784958561e-01 1.082032255634672452e-01 4.938028662299242533e-01 8.127899571407114221e-02
5.791654861625210593e-01 8.924891321790360266e-01 0.000000000000000000e+00 4.946785321874432317e-01
9.557788989623017262e-01 7.621550423494395377e-01 5.935696416730640301e-01 5.488966331106735763e-02
7.882367284787362705e-01 9.280620048739162131e-01 9.809898608489998617e-01 8.716848978882376642e-01
5.387799546282928675e-01 7.620007163763392599e-01 9.861255499959380444e-01 8.837670302880223927e-01
5.435915018914690977e-01 3.306119361107796029e-01 3.026160934789489665e-01 3.004595585487143325e-02
2.206533663997932160e-01 9.225751701182409725e-01 9.047401952511864298e-01 9.003764527013886632e-01
8.908107909979040562e-01 3.354938598666151739e-01 4.817959150740455665e-01 4.484508785155156829e-01
6.201877816208455352e-01 3.735634840043932647e-01 5.293436986984136894e-01 1.350625755746369741e-02
6.030818457852143988e-01 2.368340420513474487e-01 1.835471954716128007e-01 0.000000000000000000e+00
6.897518903141471869e-01 1.277501878803574131e-01 1.689967098516799993e-01 3.089538356200083880e-01
4.501699281442361200e-01 9.108553909544573335e-01 3.027634476426550592e-01 1.052615856476090961e-01
8.754223053398395571e-01 4.299922290426412830e-01 5.039692850236872079e-01 2.291255260530006554e-01
9.496209285384586973e-01 2.634528002074743025e-01 6.901920397079139846e-01 1.308810152997657572e-01
7.502061527496336479e-01 5.181209045389947310e-01 2.972984756583570420e-01 7.934652926559613295e-01
5.893426697615333776e-01 3.612626320615729969e-01 3.958810764710499891e-02 3.227561938098671979e-02
6.075393691617876346e-01 6.080362500461324871e-01 3.160776034239456411e-01 1.583173665720049861e-01
8.112643201323973541e-01 5.237059073924190677e-01 9.610721343051611965e-02 8.041620322067531690e-02
9.585544329825942400e-01 4.842066522150464403e-01 5.602204613884359530e-01 6.124990716263756935e-02
6.792697000334023683e-01 7.858420413908174806e-01 0.000000000000000000e+00 1.035259275954158453e-01
4.681651817640123947e-01 9.677019000957941541e-01 9.786213656321582910e-01 9.747500431305663460e-01
6.586602051081000830e-01 1.245361979987798795e-01 1.611790344018106669e-01 4.590269857029818934e-01
1.472608875818619822e-01 7.079459678970062564e-01 0.000000000000000000e+00 5.654321679843505866e-01
9.556890108309548104e-01 7.574604625480170217e-01 3.804664514583435686e-01 3.332804902156957794e-01
8.863930166181346326e-01 3.423818712657397123e-01 4.578242264246811799e-01 6.553972390846336538e-01
9.935121562992310640e-01 8.929446831597074308e-01 4.486561482062185191e-01 2.346641824248768549e-01
4.982698425106326656e-01 9.454682918744595765e-01 0.000000000000000000e+00 8.524457648475052274e-01
7.480640761800519956e-01 9.522015177213762893e-01 0.000000000000000000e+00 3.137513771535179186e-01
6.459486676341996692e-01 9.724074699458564730e-01 2.983506279467674771e-01 6.072981383186283333e-01
2.392036511505419016e-01 3.645242384924113899e-01 1.125134637574983637e-01 8.426404853670684675e-03
9.761929551080709144e-01 1.285369076279449518e-01 9.284493731131204797e-01 1.488890939540998271e-01
9.727905933828751017e-01 4.820929079568161413e-01 8.885757868715369323e-01 1.657681595401534203e-01
4.342832096547730864e-02 1.000000000000000000e+00 1.721205592749911473e-01 8.344314873559359746e-01
9.661875934658200604e-01 9.260500485368426959e-01 6.009899420771205314e-01 5.448738015463220341e-01
9.118430048371528596e-01 5.793320568344108301e-02 2.904923466379495389e-01 1.587379676093370884e-01
5.112848776678597940e-01 8.582689253557949094e-01 6.400290414502390890e-01 2.256305545993750050e-01
9.544950667298630620e-01 6.740739173842799081e-01 8.079015208428405037e-01 9.359084153883000523e-01
5.059119782268352017e-01 4.721413246151793253e-01 4.631797400948216015e-01 7.015395336923288538e-02
9.350433497298150654e-01 5.663467776209248905e-01 0.000000000000000000e+00 2.757496431158400485e-01
6.954746317926763233e-01 4.492165603901634441e-01 2.123411941523277724e-01 5.622684703290335984e-01
4.537207281020695371e-01 7.313662831807896669e-01 9.139459447953849347e-01 1.794419906402683618e-01
6.156423183072566863e-01 0.000000000000000000e+00 1.410568231833768948e-01 4.892404528794545571e-01
8.252140823157906313e-01 9.990745750617018306e-01 4.655088812508559326e-01 3.807028225662131837e-01
2.720781890824129981e-02 5.898728176402798784e-01 1.554834283354529223e-01 3.877107791514346549e-03
6.912383421175154474e-01 7.899334821411008178e-01 4.618515412542738563e-01 2.592541392127363786e-01
1.000000000000000000e+00 7.651888323269439118e-06 3.528795515010005324e-01 9.443188146383263426e-01
1.000000000000000000e+00 6.165065659778682511e-02 2.211551068437457024e-01 2.163551923041928393e-01
2.671111157331781394e-01 5.832586120337037716e-01 1.824613810531365843e-01 2.927015701451797861e-02
1.000000000000000000e+00 5.274659267177349564e-01 5.302126027389516549e-01 6.794140843783521566e-01
7.331153931283572733e-01 2.200598694663581933e-01 3.752302940653698404e-01 7.146741153783213729e-01
5.524044605021442012e-01 2.638730329966747501e-01 2.093478626733667747e-01 9.057717635094433839e-02
6.745493719953574718e-01 0.000000000000000000e+00 7.479578886857549680e-01 1.042636363736077279e-02
4.329304564198727112e-01 3.757361656424197394e-01 5.782723083865854985e-01 7.419792312493064812e-02
9.665955375274654093e-01 7.371386606244618722e-01 5.714632295850725630e-01 5.991643315868464548e-01
5.957366960877272799e-01 5.894758331601043233e-01 3.828344702252802767e-01 2.715320369350489593e-01
9.506467270573868422e-01 1.756656450768132594e-01 5.436369172175248288e-01 0.000000000000000000e+00
1.081259582659113289e-01 4.328708198662181705e-01 4.320706410261143104e-01 3.292362312164825444e-01
3.138094025336090054e-01 5.712299790107527864e-01 4.218485112714940866e-01 3.350582346793456456e-01
1.441546974860922481e-01 1.000000000000000000e+00 3.396770674025330616e-01 1.099371762607619651e-01
1.321326092080188364e-01 2.231600441974567750e-01 3.767940972468103444e-01 4.039602998805978951e-01
0.000000000000000000e+00 9.492508765559880546e-01 3.017516832429469331e-01 8.339650790753042053e-02
1.829938359496288414e-01 1.000000000000000000e+00 2.120153459279805475e-01 7.618091548191581186e-01
3.612833883807341495e-01 3.473621918261480812e-01 3.610642502873718795e-01 3.147208077054339803e-01
1.673229634630057361e-01 1.210726887026994797e-01 2.385839527861303433e-01 7.084098144080019921e-01
1.000000000000000000e+00 1.233707680061891937e-01 4.216789027041122906e-01 5.115712662104541231e-01
1.894714552156139542e-01 0.000000000000000000e+00 4.533129661685272871e-01 1.657924588606172756e-01
8.557116710875751764e-01 3.847098101235928991e-01 5.639539897972424276e-01 0.000000000000000000e+00
7.172725246962586843e-01 0.000000000000000000e+00 3.107705030371899491e-01 7.993533992017965994e-01
2.223989279336836544e-01 8.469730164492117463e-02 4.579782582350813147e-01 1.562741114880876192e-01
6.569577104633430586e-01 1.000000000000000000e+00 8.029525679980274999e-01 3.933990502006456946e-01
4.072619196823984433e-01 7.798330760456347877e-01 4.403165033423598884e-01 2.716643042030856270e-01
2.380784831174186655e-01 6.708222228849876068e-01 4.069208675038786804e-01 3.129968187995276208e-01
9.285974126243129456e-01 7.388095906347283970e-01 9.252769908792982667e-01 1.949272849077336167e-01
8.949615667277065478e-01 3.229901135417518887e-01 9.415716734046278291e-02 1.102374058891504027e-01
0.000000000000000000e+00 5.747664741197121563e-01 3.361603874469505926e-01 3.352410864844135308e-01
2.307553183997687329e-01 4.473221832609795001e-01 5.116466654403921677e-01 2.017999671173390519e-01
7.896800341903931209e-01 6.246352001598519665e-01 2.905930200033082222e-01 2.616899506683199594e-01
