1.140378505394302744e+00
8.440763798537734841e-01
1.265920630338277952e+00
4.369290194530595639e-01
1.108965591849673693e+00
1.353660938815163028e+00
6.905736641567350453e-01
1.487618667997299582e+00
1.489077336709543786e+00
1.378630520869213116e+00
1.422022047350876228e+00
4.491979314810098378e-01
1.921159665322269117e+00
1.571244753507325065e+00
1.451220823764989953e+00
4.102358787639255322e-01
2.401310748890503000e+00
2.456683393823487549e+00
2.477158677087502703e+00
1.579944630181118193e+00
2.390565674753740488e+00
2.390537831234225585e+00
2.091721077463467360e+00
2.534223796778719784e+00
2.767860757303480135e+00
2.622757265977700758e+00
2.258620802795325400e+00
2.449264056535893630e+00
2.634189202159390675e+00
1.792256970953488349e+00
1.071577412358423853e+00
1.387373192314702575e+00
2.587209488575823890e+00
2.747824236028680200e+00
2.304866091379214055e+00
2.741555124491704909e+00
2.662850290062553249e+00
2.631367195695125005e+00
2.272822943981144483e+00
2.227213642502540836e+00
2.409763949296654051e+00
1.193969920215613545e+00
2.368109391003755615e+00
1.626905366566159472e+00
2.742711631657000382e+00
2.907370890391407947e+00
2.854360493241702379e+00
2.859433521411108181e+00
2.646631476192857768e+00
2.362253907207719994e+00
2.752314372583793745e+00
1.007070615030143834e+00
2.842245427427100068e+00
2.564480601808062588e+00
1.976808699449484230e+00
2.343473394955849720e+00
2.410689732549002429e+00
1.833176282450227124e+00
9.106245989987444833e-01
1.881118197082460419e+00
2.119005300905699940e+00
2.358488935634131423e+00
1.500635941309770516e+00
8.622753376219693955e-01
2.752492698502635449e-01
1.246954653907654587e+00
1.292912157122429129e+00
2.167866911770051086e+00
1.436673395990373248e+00
1.889709003404509424e+00
1.222547872481660747e+00
1.192894811597030369e+00
1.853876758195979413e+00
2.654246900786171093e+00
1.893409449457732929e+00
1.866194057743110868e+00
2.013873459278566536e+00
8.396976591242338861e-02
1.068746960285529513e+00
1.802617345211249056e+00
1.411189710531846053e+00
1.639660590617323388e+00
1.564512844310267603e+00
1.647380430868748746e+00
1.389546995486565795e+00
7.882125644639514928e-02
1.601293115142387258e+00
1.156327353299258398e+00
1.723392618247829855e+00
1.046499771998612438e+00
1.102298918956261531e+00
1.696558543843998068e+00
6.998845367305162046e-01
1.670135465134783948e+00
1.987371843087101020e+00
7.692742874804013864e-01
7.195865538218273461e-01
1.179543266374621036e+00
1.899052939075874580e+00
7.188646276839968374e-01
1.622174920311867385e+00
1.582348908405665666e+00
1.527251951921368089e+00
8.163333914130510571e-01
2.178288252492238897e+00
1.827632695705176502e+00
1.420373576760594503e+00
1.647014205891946137e+00
1.551953281495480175e+00
1.039673293926670850e+00
