0.000000000000000000e+00 1.000000000000000000e+00 8.553573680860437900e-02 1.000000000000000000e+00
1.000000000000000000e+00 0.000000000000000000e+00 1.000000000000000000e+00 1.000000000000000000e+00
1.000000000000000000e+00 0.000000000000000000e+00 1.000000000000000000e+00 1.000000000000000000e+00
1.000000000000000000e+00 0.000000000000000000e+00 1.000000000000000000e+00 1.000000000000000000e+00
1.000000000000000000e+00 0.000000000000000000e+00 1.000000000000000000e+00 1.000000000000000000e+00
2.257827057589242500e-02 0.000000000000000000e+00 1.000000000000000000e+00 1.000000000000000000e+00
1.000000000000000000e+00 3.783947637022219146e-01 1.000000000000000000e+00 1.000000000000000000e+00
1.000000000000000000e+00 0.000000000000000000e+00 1.000000000000000000e+00 1.000000000000000000e+00
1.000000000000000000e+00 1.000000000000000000e+00 9.158178663665061947e-02 1.000000000000000000e+00
1.000000000000000000e+00 1.000000000000000000e+00 8.220712357609850918e-02 1.000000000000000000e+00
1.000000000000000000e+00 7.926999365636916428e-01 0.000000000000000000e+00 1.000000000000000000e+00
8.763959871128447210e-01 8.072870449404081494e-01 0.000000000000000000e+00 1.000000000000000000e+00
1.000000000000000000e+00 1.000000000000000000e+00 0.000000000000000000e+00 1.000000000000000000e+00
1.000000000000000000e+00 1.000000000000000000e+00 0.000000000000000000e+00 1.000000000000000000e+00
1.000000000000000000e+00 1.000000000000000000e+00 0.000000000000000000e+00 1.000000000000000000e+00
1.000000000000000000e+00 1.000000000000000000e+00 0.000000000000000000e+00 1.000000000000000000e+00
1.000000000000000000e+00 0.000000000000000000e+00 1.000000000000000000e+00 1.000000000000000000e+00
9.968709976671641382e-01 0.000000000000000000e+00 1.000000000000000000e+00 1.000000000000000000e+00
1.000000000000000000e+00 0.000000000000000000e+00 1.000000000000000000e+00 1.000000000000000000e+00
1.000000000000000000e+00 0.000000000000000000e+00 1.000000000000000000e+00 1.000000000000000000e+00
1.000000000000000000e+00 0.000000000000000000e+00 1.000000000000000000e+00 1.000000000000000000e+00
1.000000000000000000e+00 0.000000000000000000e+00 1.000000000000000000e+00 1.000000000000000000e+00
1.000000000000000000e+00 0.000000000000000000e+00 1.000000000000000000e+00 1.000000000000000000e+00
1.000000000000000000e+00 0.000000000000000000e+00 9.927959663639880361e-01 1.000000000000000000e+00
1.000000000000000000e+00 0.000000000000000000e+00 1.000000000000000000e+00 1.000000000000000000e+00
1.000000000000000000e+00 0.000000000000000000e+00 1.000000000000000000e+00 1.000000000000000000e+00
1.000000000000000000e+00 0.000000000000000000e+00 1.000000000000000000e+00 1.000000000000000000e+00
1.000000000000000000e+00 0.000000000000000000e+00 1.000000000000000000e+00 1.000000000000000000e+00
1.000000000000000000e+00 0.000000000000000000e+00 1.000000000000000000e+00 1.000000000000000000e+00
9.573111281577698639e-01 0.000000000000000000e+00 1.000000000000000000e+00 1.000000000000000000e+00
1.000000000000000000e+00 0.000000000000000000e+00 1.000000000000000000e+00 1.000000000000000000e+00
8.621540816120800699e-01 0.000000000000000000e+00 9.918648403835937932e-01 1.000000000000000000e+00
8.321714685912918741e-01 0.000000000000000000e+00 1.000000000000000000e+00 1.000000000000000000e+00
8.371233695652426920e-01 0.000000000000000000e+00 1.000000000000000000e+00 1.000000000000000000e+00
8.464786882542270074e-01 0.000000000000000000e+00 9.917820980704689093e-01 1.000000000000000000e+00
8.069094467005191174e-01 0.000000000000000000e+00 9.898590925094428172e-01 1.000000000000000000e+00
7.957741526778036034e-01 0.000000000000000000e+00 9.819058525091909351e-01 1.000000000000000000e+00
8.174550884445603849e-01 0.000000000000000000e+00 9.822635709127492953e-01 1.000000000000000000e+00
8.620687588810131974e-01 0.000000000000000000e+00 9.904229306677367894e-01 1.000000000000000000e+00
8.756156600409719104e-01 0.000000000000000000e+00 9.909440153051854994e-01 1.000000000000000000e+00
8.838301554887022515e-01 0.000000000000000000e+00 9.985076599698825550e-01 1.000000000000000000e+00
9.968471832215628492e-01 0.000000000000000000e+00 9.734827057081257839e-01 1.000000000000000000e+00
1.000000000000000000e+00 0.000000000000000000e+00 9.525644185746054982e-01 1.000000000000000000e+00
1.000000000000000000e+00 0.000000000000000000e+00 9.557758836135414882e-01 1.000000000000000000e+00
7.801643671159524951e-01 0.000000000000000000e+00 1.000000000000000000e+00 1.000000000000000000e+00
7.327672781175036398e-01 0.000000000000000000e+00 1.000000000000000000e+00 1.000000000000000000e+00
7.292281006072471872e-01 0.000000000000000000e+00 1.000000000000000000e+00 1.000000000000000000e+00
7.293471175352107538e-01 0.000000000000000000e+00 1.000000000000000000e+00 1.000000000000000000e+00
7.199034267803942067e-01 0.000000000000000000e+00 1.000000000000000000e+00 1.000000000000000000e+00
7.254843677814380998e-01 0.000000000000000000e+00 1.000000000000000000e+00 1.000000000000000000e+00
