4.500996470451354980e-01 7.713533043861389160e-01 1.890593767166137695e-01 2.976736426353454590e-01
2.947318553924560547e-01 4.732152223587036133e-01 8.653725981712341309e-01 4.594255685806274414e-01
2.264444231986999512e-01 8.712922334671020508e-01 1.249676346778869629e-01 7.689855694770812988e-01
9.059036970138549805e-01 2.378557920455932617e-01 3.009109497070312500e-01 4.077337384223937988e-01
3.953704833984375000e-01 5.254611968994140625e-01 1.481834053993225098e-01 2.497246265411376953e-01
3.556314110755920410e-01 9.334831237792968750e-01 6.493615508079528809e-01 7.277894020080566406e-02
5.472747683525085449e-01 3.090353608131408691e-01 2.170430421829223633e-01 4.752239584922790527e-01
7.795819044113159180e-01 4.097501039505004883e-01 1.715308427810668945e-01 8.302078843116760254e-01
6.878916621208190918e-01 8.522598743438720703e-01 9.940844178199768066e-01 6.779523491859436035e-01
6.860128045082092285e-01 8.806712627410888672e-01 1.855666041374206543e-01 2.379974126815795898e-01
1.000000000000000000e+00 2.179565617050898286e-03 0.000000000000000000e+00 1.000000000000000000e+00
1.000000000000000000e+00 6.325150584397193354e-01 0.000000000000000000e+00 1.000000000000000000e+00
3.390797245925884773e-02 5.652609895219324887e-01 0.000000000000000000e+00 9.894266368816382329e-01
0.000000000000000000e+00 1.000000000000000000e+00 1.202149419557926001e-02 4.929242125190367307e-01
7.413401893183142466e-01 9.188431036658120665e-02 3.483937682899974631e-01 1.000000000000000000e+00
7.076700805487952106e-01 7.262404396336143153e-02 7.604212312321886880e-02 2.773988261748628129e-02
9.906595036993967041e-01 3.982785809917226416e-01 4.393537151279621952e-03 0.000000000000000000e+00
8.570466595959944645e-01 9.676870443197763128e-02 0.000000000000000000e+00 4.398363473953013636e-01
1.000000000000000000e+00 3.264063329545452974e-01 0.000000000000000000e+00 3.874373149961211071e-01
9.946301925555297574e-01 3.006439578926454748e-01 0.000000000000000000e+00 2.886181219233053818e-01
9.988054281402956036e-01 3.078940584441282602e-01 1.549597006089791645e-03 4.951637619589004391e-01
9.941087482458534907e-01 3.951602030085811790e-01 0.000000000000000000e+00 5.119484140575528697e-01
9.967341702147810567e-01 2.513065571117854557e-01 0.000000000000000000e+00 4.236970208182460618e-01
2.087781674168401602e-01 5.719754918569349700e-01 2.756658348251784241e-01 9.679656744026783333e-01
9.994029572858149635e-01 2.637042686267262459e-01 7.321816954858918758e-02 4.201588359666871275e-01
4.911903717881488385e-01 5.315740431894082629e-01 0.000000000000000000e+00 9.718762955625971367e-01
7.325422595723126706e-01 2.287152482519147489e-01 6.135022528431465644e-02 4.168838168567912117e-01
8.166407746562325265e-01 3.709996597205043045e-01 8.788529891199485522e-03 5.101737709827288691e-01
7.107874164912946213e-01 4.874829926199604202e-01 0.000000000000000000e+00 5.102257450664804406e-01
6.112400214346994654e-01 4.550378779582778810e-01 0.000000000000000000e+00 6.257466560929970667e-01
7.981422844628396351e-01 4.012450534584836581e-01 0.000000000000000000e+00 4.049842374563182301e-01
5.535187976773822127e-01 7.063831571852544622e-01 3.395829757292002232e-02 9.416280153598207692e-01
6.121560425758486579e-01 4.905933824122941100e-01 9.696154568520534700e-03 7.841004131403421784e-01
9.495229729590147771e-01 7.988488963361525808e-02 8.076928305785687767e-01 9.629248929795564127e-01
4.172221374228634039e-01 7.422972192222545562e-01 5.908594590953143016e-02 5.933436448680321496e-01
7.399322956488728620e-01 3.542311420338302708e-01 3.457486610933356921e-03 3.729029505161498004e-01
1.381888895498435965e-01 5.487742672282833745e-01 6.087378369544617189e-03 9.379644941666157587e-01
9.320435539533615810e-01 4.276132110877133297e-01 1.162769803931593127e-02 9.285150462016043826e-02
6.010283784543678509e-01 3.878465145017321869e-01 5.790390051141680594e-02 1.851104022194969556e-01
5.784348154949132681e-01 3.508838729774595988e-01 1.035934119915709606e-01 0.000000000000000000e+00
3.993003371899221943e-01 8.612040373756261191e-01 3.822411121680244217e-01 1.699599833306826568e-01
7.659616891290474960e-01 7.014930906096960017e-01 7.122154403076748352e-02 2.811718547425296477e-01
7.114856917097094335e-01 5.715210363396456827e-01 1.904999629210197554e-01 9.901488166945483504e-01
3.528771616747252149e-01 4.780720175210725342e-01 1.496387892879676995e-01 8.078086260631059945e-01
8.450261678429140666e-01 2.157720835542514815e-01 4.708776571838564629e-02 0.000000000000000000e+00
3.616203824782722176e-01 4.181452583314895777e-01 6.506823093876628050e-01 4.630793628880581214e-01
7.252696780290203149e-01 1.172653098314228870e-01 6.082414377094635255e-02 1.327368635539099562e-01
3.166942425105610526e-01 9.874135785385795838e-01 1.000000000000000000e+00 2.450895735773023373e-04
6.998305461739766642e-01 3.305363650450880431e-01 1.150547084525967018e-01 8.099933535495918990e-01
8.932543049410740510e-01 2.075025682171022789e-01 5.025947958631443724e-01 8.804848585571236619e-01
7.769377170654629960e-01 0.000000000000000000e+00 1.855996321970602714e-01 2.527075685954993656e-01
9.302961704201504478e-01 8.348512378725815586e-02 6.074331658694996916e-01 2.659358934306957911e-01
9.231494633276782213e-01 1.287851941864329997e-01 9.735936155086522936e-05 5.965767193870876728e-01
6.059952612650205683e-01 5.456911614629158525e-01 4.637437203985296519e-02 2.109955895058118758e-01
7.646687870855556346e-01 4.826788536261211737e-01 3.467856752221322170e-01 6.057561486300527820e-01
6.322492068665369613e-01 6.607161849496130390e-01 9.625727366356451320e-02 0.000000000000000000e+00
3.405344239154440289e-01 7.255778673194549500e-01 2.877440082120955034e-01 1.495252668091825443e-01
3.526894867445377613e-01 4.976613646418840409e-01 1.399950065601060778e-01 5.644560855591260751e-01
4.055432033515758185e-03 5.795573858933615874e-01 1.432527353467813111e-02 8.914449739320685628e-01
1.501848090064719088e-01 9.752338681234378193e-01 2.152871511993431908e-01 1.000000000000000000e+00
