7.795819044113159180e-01 4.097501039505004883e-01 1.715308427810668945e-01 8.302078843116760254e-01
7.795819044113159180e-01 4.097501039505004883e-01 1.715308427810668945e-01 8.302078843116760254e-01
7.795819044113159180e-01 4.097501039505004883e-01 1.715308427810668945e-01 8.302078843116760254e-01
7.795819044113159180e-01 4.097501039505004883e-01 1.715308427810668945e-01 8.302078843116760254e-01
7.795819044113159180e-01 4.097501039505004883e-01 1.715308427810668945e-01 8.302078843116760254e-01
7.795819044113159180e-01 4.097501039505004883e-01 1.715308427810668945e-01 8.302078843116760254e-01
7.795819044113159180e-01 4.097501039505004883e-01 1.715308427810668945e-01 8.302078843116760254e-01
7.795819044113159180e-01 4.097501039505004883e-01 1.715308427810668945e-01 8.302078843116760254e-01
8.570466595959944645e-01 9.676870443197763128e-02 0.000000000000000000e+00 4.398363473953013636e-01
1.000000000000000000e+00 3.264063329545452974e-01 0.000000000000000000e+00 3.874373149961211071e-01
1.000000000000000000e+00 3.264063329545452974e-01 0.000000000000000000e+00 3.874373149961211071e-01
9.988054281402956036e-01 3.078940584441282602e-01 1.549597006089791645e-03 4.951637619589004391e-01
9.988054281402956036e-01 3.078940584441282602e-01 1.549597006089791645e-03 4.951637619589004391e-01
9.967341702147810567e-01 2.513065571117854557e-01 0.000000000000000000e+00 4.236970208182460618e-01
9.967341702147810567e-01 2.513065571117854557e-01 0.000000000000000000e+00 4.236970208182460618e-01
9.967341702147810567e-01 2.513065571117854557e-01 0.000000000000000000e+00 4.236970208182460618e-01
9.967341702147810567e-01 2.513065571117854557e-01 0.000000000000000000e+00 4.236970208182460618e-01
9.967341702147810567e-01 2.513065571117854557e-01 0.000000000000000000e+00 4.236970208182460618e-01
8.166407746562325265e-01 3.709996597205043045e-01 8.788529891199485522e-03 5.101737709827288691e-01
7.107874164912946213e-01 4.874829926199604202e-01 0.000000000000000000e+00 5.102257450664804406e-01
7.107874164912946213e-01 4.874829926199604202e-01 0.000000000000000000e+00 5.102257450664804406e-01
7.981422844628396351e-01 4.012450534584836581e-01 0.000000000000000000e+00 4.049842374563182301e-01
7.981422844628396351e-01 4.012450534584836581e-01 0.000000000000000000e+00 4.049842374563182301e-01
7.981422844628396351e-01 4.012450534584836581e-01 0.000000000000000000e+00 4.049842374563182301e-01
7.981422844628396351e-01 4.012450534584836581e-01 0.000000000000000000e+00 4.049842374563182301e-01
7.981422844628396351e-01 4.012450534584836581e-01 0.000000000000000000e+00 4.049842374563182301e-01
7.981422844628396351e-01 4.012450534584836581e-01 0.000000000000000000e+00 4.049842374563182301e-01
7.981422844628396351e-01 4.012450534584836581e-01 0.000000000000000000e+00 4.049842374563182301e-01
7.981422844628396351e-01 4.012450534584836581e-01 0.000000000000000000e+00 4.049842374563182301e-01
7.981422844628396351e-01 4.012450534584836581e-01 0.000000000000000000e+00 4.049842374563182301e-01
7.981422844628396351e-01 4.012450534584836581e-01 0.000000000000000000e+00 4.049842374563182301e-01
7.981422844628396351e-01 4.012450534584836581e-01 0.000000000000000000e+00 4.049842374563182301e-01
7.981422844628396351e-01 4.012450534584836581e-01 0.000000000000000000e+00 4.049842374563182301e-01
7.981422844628396351e-01 4.012450534584836581e-01 0.000000000000000000e+00 4.049842374563182301e-01
7.981422844628396351e-01 4.012450534584836581e-01 0.000000000000000000e+00 4.049842374563182301e-01
7.981422844628396351e-01 4.012450534584836581e-01 0.000000000000000000e+00 4.049842374563182301e-01
7.981422844628396351e-01 4.012450534584836581e-01 0.000000000000000000e+00 4.049842374563182301e-01
7.981422844628396351e-01 4.012450534584836581e-01 0.000000000000000000e+00 4.049842374563182301e-01
7.981422844628396351e-01 4.012450534584836581e-01 0.000000000000000000e+00 4.049842374563182301e-01
7.981422844628396351e-01 4.012450534584836581e-01 0.000000000000000000e+00 4.049842374563182301e-01
7.981422844628396351e-01 4.012450534584836581e-01 0.000000000000000000e+00 4.049842374563182301e-01
7.981422844628396351e-01 4.012450534584836581e-01 0.000000000000000000e+00 4.049842374563182301e-01
7.981422844628396351e-01 4.012450534584836581e-01 0.000000000000000000e+00 4.049842374563182301e-01
7.981422844628396351e-01 4.012450534584836581e-01 0.000000000000000000e+00 4.049842374563182301e-01
7.981422844628396351e-01 4.012450534584836581e-01 0.000000000000000000e+00 4.049842374563182301e-01
7.981422844628396351e-01 4.012450534584836581e-01 0.000000000000000000e+00 4.049842374563182301e-01
7.981422844628396351e-01 4.012450534584836581e-01 0.000000000000000000e+00 4.049842374563182301e-01
7.981422844628396351e-01 4.012450534584836581e-01 0.000000000000000000e+00 4.049842374563182301e-01
7.981422844628396351e-01 4.012450534584836581e-01 0.000000000000000000e+00 4.049842374563182301e-01
7.981422844628396351e-01 4.012450534584836581e-01 0.000000000000000000e+00 4.049842374563182301e-01
