5.122050046920776367e-01 3.869326710700988770e-01 9.903079271316528320e-01 1.764409542083740234e-01 5.043212175369262695e-01 3.899872303009033203e-03
1.149564385414123535e-01 8.295893669128417969e-02 3.524993062019348145e-01 4.790244102478027344e-01 3.350979089736938477e-02 5.575883388519287109e-02
6.883985996246337891e-01 9.059730768203735352e-01 5.372037291526794434e-01 6.787278056144714355e-01 3.580274581909179688e-01 3.476169109344482422e-01
9.814138412475585938e-01 2.336353063583374023e-01 7.418657541275024414e-01 3.472152948379516602e-01 6.096106767654418945e-01 4.467399120330810547e-01
8.436399698257446289e-01 1.238728761672973633e-01 1.826974153518676758e-01 1.057589054107666016e-01 1.782297492027282715e-01 6.193566322326660156e-01
2.222733497619628906e-01 7.031177878379821777e-01 2.513396143913269043e-01 6.022638678550720215e-01 1.725642085075378418e-01 5.915865898132324219e-01
7.121389508247375488e-01 1.340903043746948242e-01 1.517950296401977539e-01 6.472746729850769043e-01 8.175823092460632324e-01 5.418348312377929688e-01
9.197414517402648926e-01 3.258297443389892578e-01 6.644843816757202148e-01 6.196860074996948242e-01 4.298511743545532227e-01 4.916376471519470215e-01
4.611184597015380859e-01 6.367722153663635254e-01 6.055814623832702637e-01 4.756737947463989258e-01 8.509757518768310547e-01 2.658758163452148438e-01
2.318022847175598145e-01 1.468045711517333984e-01 1.917270421981811523e-01 4.254418611526489258e-01 8.460488915443420410e-01 1.503657102584838867e-01
0.000000000000000000e+00 0.000000000000000000e+00 1.000000000000000000e+00 1.000000000000000000e+00 1.000000000000000000e+00 0.000000000000000000e+00
0.000000000000000000e+00 1.000000000000000000e+00 0.000000000000000000e+00 0.000000000000000000e+00 1.000000000000000000e+00 0.000000000000000000e+00
0.000000000000000000e+00 0.000000000000000000e+00 0.000000000000000000e+00 0.000000000000000000e+00 1.000000000000000000e+00 1.000000000000000000e+00
4.104472994804382324e-01 1.000000000000000000e+00 0.000000000000000000e+00 0.000000000000000000e+00 1.000000000000000000e+00 0.000000000000000000e+00
0.000000000000000000e+00 9.447200596332550049e-02 0.000000000000000000e+00 0.000000000000000000e+00 1.000000000000000000e+00 0.000000000000000000e+00
0.000000000000000000e+00 1.000000000000000000e+00 0.000000000000000000e+00 1.000000000000000000e+00 7.726902961730957031e-01 0.000000000000000000e+00
0.000000000000000000e+00 1.000000000000000000e+00 0.000000000000000000e+00 2.021520631387829781e-04 6.347165107727050781e-01 0.000000000000000000e+00
1.000000000000000000e+00 1.000000000000000000e+00 0.000000000000000000e+00 0.000000000000000000e+00 0.000000000000000000e+00 0.000000000000000000e+00
0.000000000000000000e+00 1.000000000000000000e+00 2.588217854499816895e-01 0.000000000000000000e+00 7.601459026336669922e-01 0.000000000000000000e+00
0.000000000000000000e+00 9.590278267860412598e-01 0.000000000000000000e+00 1.812607944011688232e-01 7.779248356819152832e-01 0.000000000000000000e+00
0.000000000000000000e+00 6.520739197731018066e-01 0.000000000000000000e+00 1.793169677257537842e-01 6.763463616371154785e-01 0.000000000000000000e+00
1.000000000000000000e+00 1.000000000000000000e+00 0.000000000000000000e+00 0.000000000000000000e+00 5.123120546340942383e-01 1.000000000000000000e+00
1.000000000000000000e+00 0.000000000000000000e+00 0.000000000000000000e+00 1.000000000000000000e+00 3.773466944694519043e-01 0.000000000000000000e+00
6.126042008399963379e-01 0.000000000000000000e+00 1.000000000000000000e+00 0.000000000000000000e+00 0.000000000000000000e+00 1.000000000000000000e+00
9.330028295516967773e-02 1.000000000000000000e+00 0.000000000000000000e+00 2.669514715671539307e-01 7.724832892417907715e-01 0.000000000000000000e+00
0.000000000000000000e+00 1.000000000000000000e+00 1.000000000000000000e+00 1.000000000000000000e+00 0.000000000000000000e+00 0.000000000000000000e+00
0.000000000000000000e+00 0.000000000000000000e+00 1.000000000000000000e+00 0.000000000000000000e+00 0.000000000000000000e+00 4.560312628746032715e-01
0.000000000000000000e+00 1.000000000000000000e+00 0.000000000000000000e+00 1.702224910259246826e-01 7.976021766662597656e-01 2.374154776334762573e-01
0.000000000000000000e+00 1.000000000000000000e+00 1.000000000000000000e+00 1.000000000000000000e+00 8.394852876663208008e-01 1.000000000000000000e+00
0.000000000000000000e+00 0.000000000000000000e+00 3.168329894542694092e-01 0.000000000000000000e+00 0.000000000000000000e+00 1.000000000000000000e+00
0.000000000000000000e+00 1.000000000000000000e+00 8.560163974761962891e-01 0.000000000000000000e+00 0.000000000000000000e+00 1.000000000000000000e+00
0.000000000000000000e+00 0.000000000000000000e+00 0.000000000000000000e+00 2.144015282392501831e-01 1.806857883930206299e-01 1.000000000000000000e+00
0.000000000000000000e+00 0.000000000000000000e+00 0.000000000000000000e+00 2.781893610954284668e-01 0.000000000000000000e+00 1.000000000000000000e+00
1.000000000000000000e+00 0.000000000000000000e+00 0.000000000000000000e+00 4.436856210231781006e-01 9.776029735803604126e-02 1.000000000000000000e+00
1.000000000000000000e+00 1.000000000000000000e+00 0.000000000000000000e+00 6.502652764320373535e-01 1.000000000000000000e+00 0.000000000000000000e+00
1.238209605216979980e-01 0.000000000000000000e+00 1.536975651979446411e-01 4.651329815387725830e-01 1.948025822639465332e-01 1.000000000000000000e+00
1.000000000000000000e+00 1.000000000000000000e+00 0.000000000000000000e+00 1.000000000000000000e+00 0.000000000000000000e+00 1.000000000000000000e+00
0.000000000000000000e+00 1.000000000000000000e+00 0.000000000000000000e+00 2.539602816104888916e-01 9.031949043273925781e-01 0.000000000000000000e+00
0.000000000000000000e+00 0.000000000000000000e+00 0.000000000000000000e+00 0.000000000000000000e+00 0.000000000000000000e+00 1.000000000000000000e+00
4.866832792758941650e-01 1.768074929714202881e-02 5.429657176136970520e-02 9.617438912391662598e-01 2.951258122920989990e-01 8.623843789100646973e-01
1.000000000000000000e+00 1.000000000000000000e+00 1.000000000000000000e+00 1.000000000000000000e+00 0.000000000000000000e+00 1.000000000000000000e+00
0.000000000000000000e+00 0.000000000000000000e+00 0.000000000000000000e+00 2.983194589614868164e-01 2.851737737655639648e-01 5.976055860519409180e-01
6.383147835731506348e-02 2.351791411638259888e-02 1.593865305185317993e-01 9.581476449966430664e-01 7.068860530853271484e-01 5.163885354995727539e-01
2.067822515964508057e-01 8.724004626274108887e-01 9.509367942810058594e-01 2.407383769750595093e-01 8.269031047821044922e-01 8.177540898323059082e-01
2.446989901363849640e-02 1.333435773849487305e-01 7.428871095180511475e-02 7.770476490259170532e-02 1.092201024293899536e-01 7.610465586185455322e-02
0.000000000000000000e+00 1.000000000000000000e+00 0.000000000000000000e+00 1.000000000000000000e+00 1.000000000000000000e+00 1.000000000000000000e+00
9.638103246688842773e-01 8.256210088729858398e-01 7.731874585151672363e-01 9.637352824211120605e-01 5.804972648620605469e-01 7.653184980154037476e-02
9.792642593383789062e-01 7.077332586050033569e-02 4.029678702354431152e-01 5.553160905838012695e-01 2.482901141047477722e-02 7.559843063354492188e-01
9.614146351814270020e-01 9.543137550354003906e-01 9.305574297904968262e-01 5.510677695274353027e-01 8.392271399497985840e-01 1.351392865180969238e-01
5.537198111414909363e-02 5.463805794715881348e-01 6.232531741261482239e-04 5.172420740127563477e-01 7.834647297859191895e-01 8.863785117864608765e-02
9.834792017936706543e-01 8.720222711563110352e-01 7.832850813865661621e-01 6.899238228797912598e-01 9.328131675720214844e-01 8.869308829307556152e-01
3.008126467466354370e-02 1.156211271882057190e-01 1.321454048156738281e-01 7.682420015335083008e-01 9.691989421844482422e-01 8.216601014137268066e-01
9.987285733222961426e-01 5.335785150527954102e-01 6.362081170082092285e-01 9.514299035072326660e-01 6.397574543952941895e-01 9.673478007316589355e-01
7.502814754843711853e-03 9.067788124084472656e-01 3.430712521076202393e-01 9.286790341138839722e-02 9.011075831949710846e-03 3.763242363929748535e-01
4.732123911380767822e-01 7.834875583648681641e-02 9.571418166160583496e-02 3.393370509147644043e-01 1.601800769567489624e-01 7.649097442626953125e-01
7.526168972253799438e-02 6.302220374345779419e-02 9.854913353919982910e-01 5.594148039817810059e-01 6.023948267102241516e-02 9.620591402053833008e-01
9.280385971069335938e-01 4.597356319427490234e-01 2.412075400352478027e-01 6.105675548315048218e-02 8.136341720819473267e-02 8.912143707275390625e-01
7.097808718681335449e-01 4.051956161856651306e-02 1.450470834970474243e-02 1.112461388111114502e-01 7.787350416183471680e-01 8.711608052253723145e-01
9.891756772994995117e-01 6.194961443543434143e-02 3.619498610496520996e-01 4.353016614913940430e-01 2.262557595968246460e-01 9.756660461425781250e-01
1.000000000000000000e+00 0.000000000000000000e+00 0.000000000000000000e+00 2.843247652053833008e-01 0.000000000000000000e+00 1.000000000000000000e+00
3.431375026702880859e-01 4.003704190254211426e-01 9.512271285057067871e-01 9.269309639930725098e-01 9.997931718826293945e-01 9.369415640830993652e-01
8.992700576782226562e-01 5.745524168014526367e-01 9.879273772239685059e-01 8.306162953376770020e-01 4.725809209048748016e-03 4.444731771945953369e-02
9.594373703002929688e-01 7.214943766593933105e-01 8.871037364006042480e-01 4.870429635047912598e-02 9.972504973411560059e-01 6.688183546066284180e-01
6.973764896392822266e-01 2.612700462341308594e-01 3.145943209528923035e-02 6.898220628499984741e-02 6.205160617828369141e-01 2.833629027009010315e-03
9.899386167526245117e-01 7.484906315803527832e-01 8.691678643226623535e-01 1.525561138987541199e-02 2.452241033315658569e-01 3.042886853218078613e-01
8.121796846389770508e-01 4.172027111053466797e-02 1.495880186557769775e-01 9.690614342689514160e-01 9.285742044448852539e-01 1.646431684494018555e-01
1.088731363415718079e-01 1.908792853355407715e-01 6.467507779598236084e-02 9.856492280960083008e-01 3.225129842758178711e-01 9.353466331958770752e-03
9.804472923278808594e-01 2.614166215062141418e-02 4.037981033325195312e-01 9.808611273765563965e-01 9.218288660049438477e-01 9.582179188728332520e-01
9.785801172256469727e-01 4.684639871120452881e-01 3.614313155412673950e-02 9.747520089149475098e-01 4.010289907455444336e-03 6.535503268241882324e-02
6.738930344581604004e-01 9.671943187713623047e-01 7.849771529436111450e-02 9.145983457565307617e-01 9.884076714515686035e-01 6.591672301292419434e-01
9.991537332534790039e-01 6.171815097332000732e-02 9.488938450813293457e-01 7.618980407714843750e-01 8.585157394409179688e-01 2.215109393000602722e-02
2.849142998456954956e-03 8.840948939323425293e-01 6.638547182083129883e-01 2.908863425254821777e-01 2.668333351612091064e-01 1.966202259063720703e-02
9.417438507080078125e-01 9.005200862884521484e-01 7.662739157676696777e-01 9.892961978912353516e-01 9.880115389823913574e-01 4.184218049049377441e-01
1.917470544576644897e-01 1.596178114414215088e-02 1.925917714834213257e-02 8.702450990676879883e-01 1.743906363844871521e-02 5.318837761878967285e-01
5.757296681404113770e-01 5.241964459419250488e-01 5.273383483290672302e-02 9.448342956602573395e-03 5.727599263191223145e-01 3.225049972534179688e-01
8.501901626586914062e-01 7.718430161476135254e-01 2.810564637184143066e-01 8.942961096763610840e-01 9.285031557083129883e-01 2.186012640595436096e-02
9.330149292945861816e-01 8.792635202407836914e-01 5.025259256362915039e-01 3.764867782592773438e-01 9.265013337135314941e-01 1.127373278141021729e-01
9.865894317626953125e-01 1.020314246416091919e-01 9.943835139274597168e-01 1.652826517820358276e-01 9.610568881034851074e-01 9.175359010696411133e-01
8.386123776435852051e-01 4.109917283058166504e-01 2.151995152235031128e-01 3.773733377456665039e-01 1.945306807756423950e-01 6.286858320236206055e-01
1.000000000000000000e+00 0.000000000000000000e+00 0.000000000000000000e+00 5.242574959993362427e-03 0.000000000000000000e+00 1.000000000000000000e+00
1.000348627567291260e-01 3.392628431320190430e-01 9.687962532043457031e-01 5.830146744847297668e-02 9.606215953826904297e-01 1.080838125199079514e-02
2.099619507789611816e-01 1.742728948593139648e-01 3.160426020622253418e-01 6.364617943763732910e-01 1.944006383419036865e-01 3.299085497856140137e-01
2.287991940975189209e-01 4.982528090476989746e-02 4.049116373062133789e-01 6.646203398704528809e-01 1.342296302318572998e-01 7.458096742630004883e-01
7.175025343894958496e-01 3.066767752170562744e-01 3.659632802009582520e-01 8.877229690551757812e-01 8.870521187782287598e-01 8.039087653160095215e-01
9.221643805503845215e-01 5.591381788253784180e-01 5.400242209434509277e-01 5.603582262992858887e-01 6.693966984748840332e-01 3.741634488105773926e-01
9.816402196884155273e-01 4.806942939758300781e-01 6.162157654762268066e-01 8.096995949745178223e-01 3.186108469963073730e-01 6.318356394767761230e-01
2.464492022991180420e-01 5.107247829437255859e-02 6.717671751976013184e-01 1.260862201452255249e-01 6.427943706512451172e-01 5.471758246421813965e-01
6.954930424690246582e-01 9.110558629035949707e-01 1.202079281210899353e-01 5.830663442611694336e-01 8.487732410430908203e-01 8.464689254760742188e-01
6.001375317573547363e-01 9.598817229270935059e-01 3.135233521461486816e-01 3.533205389976501465e-01 5.631504058837890625e-01 7.120260000228881836e-01
5.941548943519592285e-01 9.235813021659851074e-01 3.318785429000854492e-01 5.749699473381042480e-01 3.888268768787384033e-01 7.285846471786499023e-01
3.989019989967346191e-01 1.314363926649093628e-01 3.482209146022796631e-01 9.495348930358886719e-01 7.630333900451660156e-01 7.528562545776367188e-01
9.059811830520629883e-01 2.237695455551147461e-02 5.758617520332336426e-01 3.790730610489845276e-02 9.783954620361328125e-01 4.124272242188453674e-02
6.765793561935424805e-01 9.854035973548889160e-01 3.986452817916870117e-01 6.875445842742919922e-01 4.737529754638671875e-01 4.728291332721710205e-01
4.520735144615173340e-01 6.779333949089050293e-01 3.989177048206329346e-01 6.598798632621765137e-01 9.779745340347290039e-02 3.209051489830017090e-02
4.048924893140792847e-04 6.746330857276916504e-01 7.568347454071044922e-02 7.449664920568466187e-02 4.240174591541290283e-01 8.706840276718139648e-01
9.791860580444335938e-01 9.786764979362487793e-01 8.235430717468261719e-01 2.669455707073211670e-01 1.947566270828247070e-01 8.976583480834960938e-01
1.092331949621438980e-02 5.327813699841499329e-02 8.104071021080017090e-03 4.197531640529632568e-01 5.838058590888977051e-01 7.901300489902496338e-02
4.885627329349517822e-01 6.932429671287536621e-01 9.378144145011901855e-01 2.477839216589927673e-02 1.191560178995132446e-03 6.935102343559265137e-01
3.107396513223648071e-02 4.203728400170803070e-03 7.829932570457458496e-01 7.752314209938049316e-01 6.833757162094116211e-01 7.695038318634033203e-01
6.218845844268798828e-01 1.922028698027133942e-02 1.401285082101821899e-01 2.224379181861877441e-01 1.112623661756515503e-01 9.466474056243896484e-01
2.397954463958740234e-01 7.479443550109863281e-01 4.956306144595146179e-02 3.845306113362312317e-02 1.659970916807651520e-02 9.031854271888732910e-01
5.074603483080863953e-02 6.309606134891510010e-02 5.128916501998901367e-01 1.335194893181324005e-02 7.479121088981628418e-01 9.718106985092163086e-01
5.656346678733825684e-01 1.493198052048683167e-02 8.061149716377258301e-02 2.815057635307312012e-01 6.050492078065872192e-02 4.960415512323379517e-02
4.491452127695083618e-04 1.171848624944686890e-01 5.303518846631050110e-02 9.190348982810974121e-01 2.340299338102340698e-01 9.688689112663269043e-01
3.766576200723648071e-02 9.955775737762451172e-01 1.828747838735580444e-01 9.453660845756530762e-01 3.758130967617034912e-02 9.616265892982482910e-01
3.937991857528686523e-01 8.046720027923583984e-01 2.719209529459476471e-03 6.339096426963806152e-01 9.870657920837402344e-01 4.300302267074584961e-02
6.639621257781982422e-01 9.620455503463745117e-01 9.850604534149169922e-01 9.784234762191772461e-01 6.088166832923889160e-01 6.860392093658447266e-01
6.300928443670272827e-02 9.526624679565429688e-01 9.664658308029174805e-01 4.641180932521820068e-01 9.985651969909667969e-01 2.229836583137512207e-02
7.273786067962646484e-01 4.863020479679107666e-01 7.639043033123016357e-02 8.415040373802185059e-01 1.924877986311912537e-02 9.684581160545349121e-01
5.871623009443283081e-02 4.447097182273864746e-01 7.300265133380889893e-02 8.541908860206604004e-01 4.369042068719863892e-02 3.722082972526550293e-01
