-2.819442082971295727e-01
1.116413386594388713e-01
6.465942006629773475e-01
6.113113913034161351e-02
-2.661220516802115799e-01
-3.956247368524197783e-01
4.297065211585771038e-01
-6.310737039805724979e-01
1.517917702737332786e-01
2.813724302516006359e-01
9.948560416878875212e-02
-9.155562130113017449e-01
1.881535369658371981e-01
-5.548618402484322143e-01
-1.486674264354861386e-01
-1.461213922787290009e-01
-8.555219422011641761e-01
-1.032036796384714350e-01
-5.828052581881113525e-01
-4.860823823525204368e-01
1.472461707996536306e-01
-4.900976699246252233e-01
-6.673226536828779087e-01
-5.012082570259883685e-01
-8.021378334930662213e-02
7.082735163467459572e-01
2.209278883051797870e-01
-2.244027713935753399e-01
-3.273063700603567883e-01
-6.663781223635455442e-01
-1.997481519560059815e-01
-5.711411719185393032e-01
5.160753104668457381e-01
-4.609636226542624948e-01
-4.597955655045912193e-01
-4.120356943408475248e-01
6.985549794392817979e-01
1.519510957469784040e+00
1.430565800228074114e-01
1.647491480881888570e-01
-4.970706160899392989e-01
8.437021389443295494e-01
1.600759640984118493e-01
1.366211128526139351e+00
4.818791336246643353e-01
-7.481567354469895736e-01
-7.604322601549680094e-01
-6.226525555855003669e-01
-1.473940863265610357e-01
2.092399647711823407e-02
5.305617140103425777e-01
6.207292272420021628e-02
-4.168895172929125148e-01
-5.521742299656670627e-02
-8.997014572084101325e-02
-5.151443828436179651e-01
-5.028225535618952025e-01
4.767502536730491847e-02
-4.784130995676064702e-01
1.740532770951470076e-01
7.270767857045979943e-01
-3.877786173243075174e-02
-8.864361538785406891e-01
-4.016033308579597394e-01
-6.477569216961891474e-01
-4.329604189389210100e-01
6.779093421926603025e-01
7.148640267828262895e-02
9.272742741704333991e-01
-7.889506447559102575e-01
-7.041128561280269871e-01
-3.517510838804175921e-01
-3.780319623379342908e-01
-9.128097917805609862e-01
-8.650656054693691699e-01
-7.271227056439383274e-01
-4.255327769066018506e-01
-4.674197405253814885e-01
3.425252769246535101e-01
-3.650048138683731347e-02
3.850353582711628087e-01
-9.497661572790930262e-03
-4.689424666820377618e-01
2.199499778567565733e-01
-3.336085204208865673e-01
-1.441916831060633397e-01
2.123778949249215953e-01
-6.703497834618099560e-01
-1.488472595363682371e-01
1.070548189258377914e+00
8.464213015011490260e-02
1.012400430993154243e+00
-5.890234094161683753e-01
-3.650799176411035907e-01
7.477911224192468342e-01
9.174183966769228205e-02
-4.742843620310095987e-01
-4.608282284860393263e-01
-5.068708420276308857e-01
1.175396909393158218e+00
-7.960683686176752705e-01
9.475396012821541980e-01
-2.705248963998479472e-01
-8.116977199358670347e-01
-7.822230435093352474e-02
7.314379785105298848e-02
-8.309583522291261737e-01
-9.247218865828963352e-01
1.202307461573077774e+00
-6.297780708599367561e-01
