8.606871337170560743e-01
8.606871337170560743e-01
8.606871337170560743e-01
8.606871337170560743e-01
8.606871337170560743e-01
8.606871337170560743e-01
8.606871337170560743e-01
8.606871337170560743e-01
8.606871337170560743e-01
8.606871337170560743e-01
8.606871337170560743e-01
8.606871337170560743e-01
8.606871337170560743e-01
8.606871337170560743e-01
8.606871337170560743e-01
8.606871337170560743e-01
8.606871337170560743e-01
8.606871337170560743e-01
8.606871337170560743e-01
8.606871337170560743e-01
8.606871337170560743e-01
8.606871337170560743e-01
8.606871337170560743e-01
8.606871337170560743e-01
8.606871337170560743e-01
8.606871337170560743e-01
8.606871337170560743e-01
9.328810770111959361e-01
9.328810770111959361e-01
9.328810770111959361e-01
9.328810770111959361e-01
9.328810770111959361e-01
9.328810770111959361e-01
9.328810770111959361e-01
9.328810770111959361e-01
9.328810770111959361e-01
9.328810770111959361e-01
9.328810770111959361e-01
9.328810770111959361e-01
9.328810770111959361e-01
9.328810770111959361e-01
9.328810770111959361e-01
9.328810770111959361e-01
9.328810770111959361e-01
9.328810770111959361e-01
9.328810770111959361e-01
9.328810770111959361e-01
9.328810770111959361e-01
9.328810770111959361e-01
9.328810770111959361e-01
