8.070674538612365723e-01 8.937147259712219238e-01 4.557862877845764160e-01 1.937819123268127441e-01
3.643617033958435059e-01 2.249953746795654297e-01 8.689949512481689453e-01 4.954865574836730957e-01
5.389477014541625977e-01 1.872885227203369141e-02 7.423226237297058105e-01 2.040863037109375000e-03
4.206391572952270508e-01 6.607768535614013672e-01 2.232334613800048828e-01 1.913418769836425781e-01
7.589365839958190918e-01 8.131197094917297363e-01 9.129391908645629883e-01 4.350368380546569824e-01
5.303008556365966797e-01 9.142329096794128418e-01 9.365324378013610840e-01 7.494169473648071289e-02
1.752397418022155762e-01 3.811383843421936035e-01 1.848492026329040527e-01 1.814390420913696289e-01
3.860725760459899902e-01 8.274253606796264648e-01 2.691095471382141113e-01 6.965551972389221191e-01
9.457818269729614258e-01 9.668599367141723633e-01 2.362250089645385742e-01 8.886311054229736328e-01
5.233243107795715332e-01 2.742117643356323242e-02 9.765751361846923828e-01 3.086853027343750000e-02
7.112303376197814941e-01 9.803348779678344727e-01 7.227707505226135254e-01 1.907544732093811035e-01
7.096610665321350098e-01 6.052241921424865723e-01 6.139066815376281738e-01 2.266176342964172363e-01
3.825426101684570312e-03 3.059574365615844727e-01 8.622825145721435547e-03 5.748144984245300293e-01
8.827135562896728516e-01 1.542617678642272949e-01 5.075728893280029297e-01 3.532613515853881836e-01
4.409111142158508301e-01 4.898628592491149902e-01 9.185657501220703125e-01 7.667601704597473145e-01
4.375879764556884766e-01 5.408937931060791016e-01 2.454418540000915527e-01 3.117835521697998047e-01
4.640100598335266113e-01 5.973305106163024902e-01 8.967949151992797852e-01 7.798426747322082520e-01
6.054685711860656738e-01 8.093242049217224121e-01 4.462691545486450195e-01 7.619150876998901367e-01
8.795232772827148438e-01 7.665325403213500977e-01 5.616079568862915039e-01 8.030940890312194824e-01
7.209362387657165527e-01 1.593462824821472168e-01 7.128394842147827148e-01 2.481476664543151855e-01
2.587949633598327637e-01 3.514226675033569336e-01 8.988424539566040039e-01 3.133095502853393555e-01
8.185144662857055664e-01 9.877951741218566895e-01 3.161416053771972656e-01 4.614052772521972656e-01
3.967636227607727051e-01 2.414584159851074219e-01 7.655567526817321777e-01 1.572428941726684570e-01
6.461843848228454590e-01 5.199853777885437012e-01 9.982438683509826660e-01 6.823260784149169922e-01
6.123845577239990234e-01 5.361019372940063477e-01 5.500950813293457031e-01 9.714329242706298828e-02
9.210296273231506348e-01 8.852112889289855957e-01 2.147086858749389648e-01 8.965945243835449219e-01
1.406767368316650391e-01 4.464900493621826172e-01 8.687551617622375488e-01 6.378477811813354492e-02
3.451853990554809570e-02 8.064315915107727051e-01 8.335870504379272461e-01 9.456296563148498535e-01
7.272679209709167480e-01 1.176715493202209473e-01 5.918145179748535156e-04 8.532443642616271973e-01
4.597809314727783203e-01 5.049253106117248535e-01 1.153612732887268066e-01 5.881175994873046875e-01
6.343548893928527832e-01 4.773238301277160645e-01 7.568597197532653809e-01 1.410976052284240723e-01
8.864739537239074707e-01 7.110403180122375488e-01 8.564848899841308594e-01 1.746393442153930664e-01
1.589958667755126953e-01 7.375440597534179688e-01 6.037601232528686523e-01 9.267661571502685547e-01
2.923958301544189453e-01 8.043893575668334961e-01 2.007393836975097656e-01 9.393833875656127930e-01
1.802509427070617676e-01 5.274516344070434570e-01 1.020609140396118164e-01 2.683281898498535156e-01
1.305862665176391602e-01 1.079457402229309082e-01 9.780139923095703125e-01 5.788670182228088379e-01
3.976014256477355957e-01 4.110813140869140625e-03 2.235463857650756836e-01 5.786014795303344727e-01
2.992637157440185547e-01 8.699508905410766602e-01 6.467650532722473145e-01 8.498417735099792480e-01
4.464697837829589844e-01 5.978859663009643555e-01 5.944424271583557129e-01 2.054308056831359863e-01
5.836175680160522461e-01 9.172506332397460938e-01 2.570577263832092285e-01 2.928349375724792480e-01
1.973508596420288086e-01 3.310771584510803223e-01 9.254739284515380859e-01 8.713285923004150391e-01
4.950127005577087402e-01 2.172647714614868164e-01 8.534331321716308594e-01 5.977630019187927246e-01
1.110810637474060059e-01 4.877818822860717773e-01 5.773283243179321289e-01 6.543053388595581055e-01
2.017781138420104980e-01 1.703226566314697266e-02 8.834787011146545410e-01 3.926612138748168945e-01
6.004116535186767578e-01 4.331620931625366211e-01 2.212204933166503906e-01 4.833631515502929688e-01
1.833080649375915527e-01 9.413200616836547852e-02 9.237627387046813965e-01 5.262098312377929688e-01
2.669888734817504883e-02 8.704633116722106934e-01 9.895576238632202148e-01 3.855186700820922852e-01
1.454328894615173340e-01 9.189641475677490234e-02 7.387106418609619141e-01 8.622331023216247559e-01
4.670929908752441406e-02 4.504423737525939941e-01 5.994206070899963379e-01 2.399350404739379883e-01
3.625252842903137207e-01 7.307653427124023438e-01 5.592754483222961426e-01 9.355273842811584473e-01
1.399652361869812012e-01 6.491271853446960449e-01 5.189955234527587891e-01 1.109901070594787598e-01
5.467092394828796387e-01 7.634186148643493652e-01 1.856732368469238281e-01 2.597311735153198242e-01
8.686096072196960449e-01 8.711467385292053223e-01 4.116228222846984863e-01 3.828864693641662598e-01
3.274319767951965332e-01 5.975836515426635742e-01 2.662912011146545410e-01 2.419266700744628906e-01
4.709323048591613770e-01 4.470562934875488281e-01 2.894687652587890625e-01 2.253705263137817383e-02
7.204113006591796875e-01 2.583587765693664551e-01 1.365643739700317383e-01 9.182411432266235352e-01
7.870280742645263672e-01 9.029529094696044922e-01 9.039768576622009277e-01 9.362292289733886719e-02
8.744113445281982422e-01 6.499675512313842773e-01 2.832975387573242188e-01 3.788536787033081055e-01
6.068162918090820312e-01 4.777809977531433105e-01 9.782447814941406250e-01 6.687247157096862793e-01
2.924157381057739258e-01 4.149699211120605469e-01 6.536958217620849609e-01 6.802167296409606934e-01
8.204622864723205566e-01 8.743343949317932129e-01 7.710558176040649414e-01 1.063259840011596680e-01
2.875126600265502930e-01 7.461373805999755859e-01 7.225969433784484863e-01 2.077915668487548828e-01
1.445770859718322754e-01 4.741784930229187012e-01 5.785396099090576172e-01 2.531601190567016602e-01
5.293783545494079590e-01 6.006050109863281250e-01 9.601315259933471680e-01 5.679744482040405273e-01
3.768804073333740234e-01 9.086652398109436035e-01 3.968403339385986328e-01 6.147416830062866211e-01
4.851028919219970703e-01 6.143184304237365723e-01 3.466293811798095703e-01 8.842007517814636230e-01
4.843386411666870117e-01 6.515288949012756348e-01 9.758475422859191895e-01 6.156064867973327637e-01
5.563259124755859375e-03 6.050392985343933105e-01 7.645341753959655762e-01 7.595322728157043457e-01
1.946545243263244629e-01 7.962632179260253906e-01 6.683683395385742188e-01 8.265888094902038574e-01
1.440512537956237793e-01 1.266237497329711914e-01 7.644718289375305176e-01 2.955853939056396484e-01
4.944064021110534668e-01 8.461183905601501465e-01 6.451278924942016602e-02 1.238914132118225098e-01
4.418144822120666504e-01 1.660760641098022461e-01 1.506010890007019043e-01 4.545654058456420898e-01
5.296558141708374023e-01 8.054479360580444336e-01 8.520170450210571289e-01 3.202418088912963867e-01
4.653490781784057617e-01 9.042575359344482422e-01 6.955581307411193848e-01 6.916849017143249512e-01
9.680175781250000000e-01 6.416534781455993652e-01 6.161454916000366211e-01 9.366959333419799805e-01
9.541149735450744629e-01 9.212455749511718750e-01 9.543538689613342285e-01 8.737977743148803711e-01
6.198602914810180664e-01 9.917194843292236328e-01 7.117351293563842773e-01 3.096624016761779785e-01
4.223679900169372559e-01 6.926473379135131836e-01 1.627212762832641602e-02 6.999099254608154297e-02
1.628466248512268066e-01 2.545005083084106445e-01 8.168085217475891113e-01 9.722030162811279297e-02
1.462872624397277832e-01 9.507195353507995605e-01 3.701633214950561523e-01 6.898325681686401367e-02
2.597152590751647949e-01 7.084507346153259277e-01 9.717776179313659668e-01 6.785947084426879883e-02
4.452529549598693848e-01 3.272485733032226562e-02 2.224372029304504395e-01 9.944427609443664551e-01
4.091036319732666016e-01 5.809561014175415039e-01 9.090431928634643555e-01 6.207347512245178223e-01
4.217773079872131348e-01 2.420789599418640137e-01 1.059301495552062988e-01 5.484739542007446289e-01
6.846674680709838867e-01 1.226359605789184570e-01 2.003749012947082520e-01 2.193723320960998535e-01
8.694286942481994629e-01 4.276484251022338867e-02 1.992060542106628418e-01 5.644411444664001465e-01
9.326212406158447266e-01 7.931326031684875488e-01 8.614980578422546387e-01 8.142251968383789062e-01
3.290512561798095703e-01 7.245129346847534180e-01 6.351303458213806152e-01 9.499766826629638672e-01
6.928520798683166504e-01 2.181881666183471680e-02 4.785892367362976074e-01 4.884456396102905273e-01
9.471702575683593750e-01 3.387428522109985352e-01 8.883515596389770508e-01 2.634257674217224121e-01
1.403081417083740234e-01 4.839801192283630371e-01 4.093778133392333984e-01 7.944128513336181641e-01
8.617089390754699707e-01 8.724415302276611328e-01 2.134931683540344238e-01 9.022105336189270020e-01
8.893595337867736816e-01 1.653962135314941406e-01 6.495460271835327148e-01 1.124199032783508301e-01
6.502903103828430176e-01 6.906622648239135742e-01 2.885226607322692871e-01 1.875977516174316406e-01
6.355891823768615723e-01 5.965870618820190430e-01 6.325759887695312500e-01 7.242628931999206543e-01
1.402542591094970703e-01 4.211406111717224121e-01 2.969971299171447754e-01 8.120946288108825684e-01
1.332094669342041016e-01 1.979191899299621582e-01 5.814567804336547852e-01 5.034650564193725586e-01
5.717776417732238770e-01 1.130688190460205078e-02 4.032322764396667480e-01 8.709615468978881836e-02
7.623224854469299316e-01 2.533181309700012207e-01 3.648364543914794922e-01 4.123906493186950684e-01
8.266201615333557129e-01 9.540380239486694336e-01 2.177408337593078613e-01 7.263964414596557617e-01
2.898694872856140137e-01 8.781409263610839844e-01 1.881975531578063965e-01 2.776350378990173340e-01
4.427888989448547363e-01 3.943648934364318848e-01 1.540986895561218262e-01 2.941379547119140625e-01
2.744645476341247559e-01 2.837495803833007812e-01 8.714415431022644043e-01 7.209832072257995605e-01
8.262841701507568359e-01 8.537237048149108887e-01 6.992845535278320312e-01 6.971487998962402344e-01
8.591232895851135254e-01 8.249798417091369629e-01 1.815818548202514648e-01 3.460302352905273438e-01
9.411563873291015625e-01 7.739219069480895996e-01 4.856333732604980469e-01 5.734834671020507812e-01
8.427771925926208496e-01 1.254624724388122559e-01 5.611317753791809082e-01 2.912580966949462891e-03
4.497546553611755371e-01 2.925091981887817383e-01 8.628565073013305664e-01 3.532678484916687012e-01
8.706637024879455566e-01 6.352000236511230469e-01 2.060909271240234375e-01 7.037035822868347168e-01
8.897481560707092285e-01 5.755984187126159668e-01 6.028886437416076660e-01 8.457794189453125000e-01
