5.389477014541625977e-01 1.872885227203369141e-02 7.423226237297058105e-01 2.040863037109375000e-03
5.389477014541625977e-01 1.872885227203369141e-02 7.423226237297058105e-01 2.040863037109375000e-03
5.389477014541625977e-01 1.872885227203369141e-02 7.423226237297058105e-01 2.040863037109375000e-03
5.389477014541625977e-01 1.872885227203369141e-02 7.423226237297058105e-01 2.040863037109375000e-03
5.389477014541625977e-01 1.872885227203369141e-02 7.423226237297058105e-01 2.040863037109375000e-03
5.389477014541625977e-01 1.872885227203369141e-02 7.423226237297058105e-01 2.040863037109375000e-03
5.389477014541625977e-01 1.872885227203369141e-02 7.423226237297058105e-01 2.040863037109375000e-03
5.389477014541625977e-01 1.872885227203369141e-02 7.423226237297058105e-01 2.040863037109375000e-03
5.389477014541625977e-01 1.872885227203369141e-02 7.423226237297058105e-01 2.040863037109375000e-03
5.389477014541625977e-01 1.872885227203369141e-02 7.423226237297058105e-01 2.040863037109375000e-03
5.389477014541625977e-01 1.872885227203369141e-02 7.423226237297058105e-01 2.040863037109375000e-03
5.389477014541625977e-01 1.872885227203369141e-02 7.423226237297058105e-01 2.040863037109375000e-03
5.389477014541625977e-01 1.872885227203369141e-02 7.423226237297058105e-01 2.040863037109375000e-03
5.389477014541625977e-01 1.872885227203369141e-02 7.423226237297058105e-01 2.040863037109375000e-03
5.389477014541625977e-01 1.872885227203369141e-02 7.423226237297058105e-01 2.040863037109375000e-03
5.389477014541625977e-01 1.872885227203369141e-02 7.423226237297058105e-01 2.040863037109375000e-03
5.389477014541625977e-01 1.872885227203369141e-02 7.423226237297058105e-01 2.040863037109375000e-03
5.389477014541625977e-01 1.872885227203369141e-02 7.423226237297058105e-01 2.040863037109375000e-03
5.389477014541625977e-01 1.872885227203369141e-02 7.423226237297058105e-01 2.040863037109375000e-03
5.389477014541625977e-01 1.872885227203369141e-02 7.423226237297058105e-01 2.040863037109375000e-03
5.389477014541625977e-01 1.872885227203369141e-02 7.423226237297058105e-01 2.040863037109375000e-03
5.389477014541625977e-01 1.872885227203369141e-02 7.423226237297058105e-01 2.040863037109375000e-03
5.389477014541625977e-01 1.872885227203369141e-02 7.423226237297058105e-01 2.040863037109375000e-03
5.389477014541625977e-01 1.872885227203369141e-02 7.423226237297058105e-01 2.040863037109375000e-03
5.389477014541625977e-01 1.872885227203369141e-02 7.423226237297058105e-01 2.040863037109375000e-03
5.389477014541625977e-01 1.872885227203369141e-02 7.423226237297058105e-01 2.040863037109375000e-03
5.389477014541625977e-01 1.872885227203369141e-02 7.423226237297058105e-01 2.040863037109375000e-03
3.976014256477355957e-01 4.110813140869140625e-03 2.235463857650756836e-01 5.786014795303344727e-01
3.976014256477355957e-01 4.110813140869140625e-03 2.235463857650756836e-01 5.786014795303344727e-01
3.976014256477355957e-01 4.110813140869140625e-03 2.235463857650756836e-01 5.786014795303344727e-01
3.976014256477355957e-01 4.110813140869140625e-03 2.235463857650756836e-01 5.786014795303344727e-01
3.976014256477355957e-01 4.110813140869140625e-03 2.235463857650756836e-01 5.786014795303344727e-01
3.976014256477355957e-01 4.110813140869140625e-03 2.235463857650756836e-01 5.786014795303344727e-01
3.976014256477355957e-01 4.110813140869140625e-03 2.235463857650756836e-01 5.786014795303344727e-01
3.976014256477355957e-01 4.110813140869140625e-03 2.235463857650756836e-01 5.786014795303344727e-01
3.976014256477355957e-01 4.110813140869140625e-03 2.235463857650756836e-01 5.786014795303344727e-01
3.976014256477355957e-01 4.110813140869140625e-03 2.235463857650756836e-01 5.786014795303344727e-01
3.976014256477355957e-01 4.110813140869140625e-03 2.235463857650756836e-01 5.786014795303344727e-01
3.976014256477355957e-01 4.110813140869140625e-03 2.235463857650756836e-01 5.786014795303344727e-01
3.976014256477355957e-01 4.110813140869140625e-03 2.235463857650756836e-01 5.786014795303344727e-01
3.976014256477355957e-01 4.110813140869140625e-03 2.235463857650756836e-01 5.786014795303344727e-01
3.976014256477355957e-01 4.110813140869140625e-03 2.235463857650756836e-01 5.786014795303344727e-01
3.976014256477355957e-01 4.110813140869140625e-03 2.235463857650756836e-01 5.786014795303344727e-01
3.976014256477355957e-01 4.110813140869140625e-03 2.235463857650756836e-01 5.786014795303344727e-01
3.976014256477355957e-01 4.110813140869140625e-03 2.235463857650756836e-01 5.786014795303344727e-01
3.976014256477355957e-01 4.110813140869140625e-03 2.235463857650756836e-01 5.786014795303344727e-01
3.976014256477355957e-01 4.110813140869140625e-03 2.235463857650756836e-01 5.786014795303344727e-01
3.976014256477355957e-01 4.110813140869140625e-03 2.235463857650756836e-01 5.786014795303344727e-01
3.976014256477355957e-01 4.110813140869140625e-03 2.235463857650756836e-01 5.786014795303344727e-01
3.976014256477355957e-01 4.110813140869140625e-03 2.235463857650756836e-01 5.786014795303344727e-01
3.976014256477355957e-01 4.110813140869140625e-03 2.235463857650756836e-01 5.786014795303344727e-01
3.976014256477355957e-01 4.110813140869140625e-03 2.235463857650756836e-01 5.786014795303344727e-01
3.976014256477355957e-01 4.110813140869140625e-03 2.235463857650756836e-01 5.786014795303344727e-01
3.976014256477355957e-01 4.110813140869140625e-03 2.235463857650756836e-01 5.786014795303344727e-01
3.976014256477355957e-01 4.110813140869140625e-03 2.235463857650756836e-01 5.786014795303344727e-01
3.976014256477355957e-01 4.110813140869140625e-03 2.235463857650756836e-01 5.786014795303344727e-01
3.976014256477355957e-01 4.110813140869140625e-03 2.235463857650756836e-01 5.786014795303344727e-01
3.976014256477355957e-01 4.110813140869140625e-03 2.235463857650756836e-01 5.786014795303344727e-01
3.976014256477355957e-01 4.110813140869140625e-03 2.235463857650756836e-01 5.786014795303344727e-01
3.976014256477355957e-01 4.110813140869140625e-03 2.235463857650756836e-01 5.786014795303344727e-01
3.976014256477355957e-01 4.110813140869140625e-03 2.235463857650756836e-01 5.786014795303344727e-01
3.976014256477355957e-01 4.110813140869140625e-03 2.235463857650756836e-01 5.786014795303344727e-01
4.418144822120666504e-01 1.660760641098022461e-01 1.506010890007019043e-01 4.545654058456420898e-01
4.418144822120666504e-01 1.660760641098022461e-01 1.506010890007019043e-01 4.545654058456420898e-01
4.418144822120666504e-01 1.660760641098022461e-01 1.506010890007019043e-01 4.545654058456420898e-01
4.418144822120666504e-01 1.660760641098022461e-01 1.506010890007019043e-01 4.545654058456420898e-01
4.418144822120666504e-01 1.660760641098022461e-01 1.506010890007019043e-01 4.545654058456420898e-01
4.418144822120666504e-01 1.660760641098022461e-01 1.506010890007019043e-01 4.545654058456420898e-01
4.418144822120666504e-01 1.660760641098022461e-01 1.506010890007019043e-01 4.545654058456420898e-01
4.418144822120666504e-01 1.660760641098022461e-01 1.506010890007019043e-01 4.545654058456420898e-01
4.418144822120666504e-01 1.660760641098022461e-01 1.506010890007019043e-01 4.545654058456420898e-01
4.418144822120666504e-01 1.660760641098022461e-01 1.506010890007019043e-01 4.545654058456420898e-01
4.418144822120666504e-01 1.660760641098022461e-01 1.506010890007019043e-01 4.545654058456420898e-01
4.418144822120666504e-01 1.660760641098022461e-01 1.506010890007019043e-01 4.545654058456420898e-01
4.418144822120666504e-01 1.660760641098022461e-01 1.506010890007019043e-01 4.545654058456420898e-01
6.846674680709838867e-01 1.226359605789184570e-01 2.003749012947082520e-01 2.193723320960998535e-01
6.846674680709838867e-01 1.226359605789184570e-01 2.003749012947082520e-01 2.193723320960998535e-01
6.846674680709838867e-01 1.226359605789184570e-01 2.003749012947082520e-01 2.193723320960998535e-01
6.846674680709838867e-01 1.226359605789184570e-01 2.003749012947082520e-01 2.193723320960998535e-01
6.846674680709838867e-01 1.226359605789184570e-01 2.003749012947082520e-01 2.193723320960998535e-01
6.846674680709838867e-01 1.226359605789184570e-01 2.003749012947082520e-01 2.193723320960998535e-01
6.846674680709838867e-01 1.226359605789184570e-01 2.003749012947082520e-01 2.193723320960998535e-01
6.846674680709838867e-01 1.226359605789184570e-01 2.003749012947082520e-01 2.193723320960998535e-01
6.846674680709838867e-01 1.226359605789184570e-01 2.003749012947082520e-01 2.193723320960998535e-01
6.846674680709838867e-01 1.226359605789184570e-01 2.003749012947082520e-01 2.193723320960998535e-01
6.846674680709838867e-01 1.226359605789184570e-01 2.003749012947082520e-01 2.193723320960998535e-01
6.846674680709838867e-01 1.226359605789184570e-01 2.003749012947082520e-01 2.193723320960998535e-01
6.846674680709838867e-01 1.226359605789184570e-01 2.003749012947082520e-01 2.193723320960998535e-01
6.846674680709838867e-01 1.226359605789184570e-01 2.003749012947082520e-01 2.193723320960998535e-01
6.846674680709838867e-01 1.226359605789184570e-01 2.003749012947082520e-01 2.193723320960998535e-01
6.846674680709838867e-01 1.226359605789184570e-01 2.003749012947082520e-01 2.193723320960998535e-01
6.846674680709838867e-01 1.226359605789184570e-01 2.003749012947082520e-01 2.193723320960998535e-01
6.846674680709838867e-01 1.226359605789184570e-01 2.003749012947082520e-01 2.193723320960998535e-01
6.846674680709838867e-01 1.226359605789184570e-01 2.003749012947082520e-01 2.193723320960998535e-01
6.846674680709838867e-01 1.226359605789184570e-01 2.003749012947082520e-01 2.193723320960998535e-01
6.846674680709838867e-01 1.226359605789184570e-01 2.003749012947082520e-01 2.193723320960998535e-01
6.846674680709838867e-01 1.226359605789184570e-01 2.003749012947082520e-01 2.193723320960998535e-01
6.846674680709838867e-01 1.226359605789184570e-01 2.003749012947082520e-01 2.193723320960998535e-01
6.846674680709838867e-01 1.226359605789184570e-01 2.003749012947082520e-01 2.193723320960998535e-01
6.846674680709838867e-01 1.226359605789184570e-01 2.003749012947082520e-01 2.193723320960998535e-01
