-1.093183251257183297e+00
-1.151554043613800316e+00
-5.404859168289630755e-01
-1.537055427573936761e+00
-6.165803262507316695e-01
-6.399322704685987961e-01
-1.137329290850791041e+00
-1.547456856598343977e+00
-1.320903488095222622e+00
-4.720270162883768994e-01
-7.920229259434754532e-01
-9.870227450248209022e-01
-7.055595003822417999e-01
-2.678745781878797416e-01
-1.022951339196641829e+00
-8.771001381826742938e-01
-6.448312503108192262e-01
-1.238212134183015900e+00
-6.848513379900057485e-01
-3.871776988722316903e-01
6.758867021817201171e-02
-1.898311206657134487e-01
8.013009279555909081e-02
-1.438314428475296891e-01
1.859547880217846672e-01
5.320790897283882333e-03
-1.024695886905232056e+00
-8.452059844811288247e-01
-2.866455731466874823e-01
4.458742161196322384e-01
-2.919775130497079818e-01
3.681273079658145542e-01
-1.084353832963591113e+00
5.390432603741304174e-01
-3.714675593758300781e-02
-5.508692622456283772e-01
4.985607473231131598e-02
-4.988452790234514378e-01
-5.208928558673696640e-01
2.013109604199747327e-01
5.420879318597394692e-01
-6.725042785588926098e-01
-1.019038190062080185e+00
-6.845395644642994215e-01
8.697933623247966484e-02
-7.559696014608057180e-01
-8.523634231536175720e-01
1.219085355449667230e-01
-1.211442770718250683e-01
-2.710226017680060773e-01
-5.793996987652255161e-03
-1.130317642755044760e+00
-6.512512301277133542e-01
-5.796815182471508621e-01
-2.952800816991574262e-01
-8.435114553121888514e-01
-7.112507778735703834e-01
-1.147142511219494843e+00
6.408865337936041351e-02
-1.881045379251531924e-01
-1.043453498492628695e+00
-7.161991789737264247e-01
-8.121538418375756629e-01
-4.395706505305662093e-01
-1.066169268491247435e-01
-1.308041876651772961e+00
-4.498908731612210055e-01
-1.426517971013467223e+00
-2.110707062139326184e-01
-2.450063692216546685e-01
-5.306582293140348350e-01
-6.177959714948376424e-02
-8.528349975697532281e-01
-4.633310636796508786e-01
-1.903214843368251641e-01
-1.004399191514383727e+00
-9.330534180640555064e-01
-1.536747643782243600e+00
-2.448911472054588478e-01
-8.085202509779868540e-01
-6.964609284551438462e-01
-8.204279012714669195e-01
-1.093998723576200982e+00
-1.781558768007236226e+00
-1.562255433022391449e+00
-4.211095235665656134e-01
-5.194932835906966861e-01
-1.818264719390767781e-01
-1.452141720558906668e+00
-2.808995808674484909e-02
9.252197581735636944e-02
-1.112638463720555748e+00
-7.467126019973411299e-01
-8.579880153396448605e-01
-5.997510572479718416e-01
-5.631895159135862083e-02
-1.012236340337976603e+00
-7.414523755125409510e-01
-1.058692574974075207e+00
8.054835520077345545e-03
-1.352442204823010696e+00
-6.092730712703281482e-01
-6.536149494578473718e-01
-1.148013697895325480e+00
-8.859184930389777390e-01
-3.112553541547346536e-01
-5.446703714372468363e-01
-9.790756725223754842e-01
-3.742836360795401829e-01
-4.362290796361404377e-01
