1.486355662345886230e-01 8.743548393249511719e-01 2.085316181182861328e-02 2.253541350364685059e-01 7.483369112014770508e-01 3.136757612228393555e-01
1.486355662345886230e-01 8.743548393249511719e-01 2.085316181182861328e-02 2.253541350364685059e-01 7.483369112014770508e-01 3.136757612228393555e-01
1.000000000000000000e+00 0.000000000000000000e+00 0.000000000000000000e+00 1.000000000000000000e+00 0.000000000000000000e+00 0.000000000000000000e+00
1.000000000000000000e+00 0.000000000000000000e+00 0.000000000000000000e+00 1.000000000000000000e+00 0.000000000000000000e+00 0.000000000000000000e+00
1.000000000000000000e+00 0.000000000000000000e+00 0.000000000000000000e+00 1.000000000000000000e+00 0.000000000000000000e+00 0.000000000000000000e+00
1.000000000000000000e+00 0.000000000000000000e+00 0.000000000000000000e+00 1.000000000000000000e+00 0.000000000000000000e+00 0.000000000000000000e+00
0.000000000000000000e+00 1.000000000000000000e+00 0.000000000000000000e+00 0.000000000000000000e+00 0.000000000000000000e+00 0.000000000000000000e+00
0.000000000000000000e+00 1.000000000000000000e+00 0.000000000000000000e+00 0.000000000000000000e+00 0.000000000000000000e+00 0.000000000000000000e+00
0.000000000000000000e+00 1.000000000000000000e+00 0.000000000000000000e+00 0.000000000000000000e+00 0.000000000000000000e+00 0.000000000000000000e+00
0.000000000000000000e+00 1.000000000000000000e+00 0.000000000000000000e+00 0.000000000000000000e+00 0.000000000000000000e+00 0.000000000000000000e+00
0.000000000000000000e+00 1.000000000000000000e+00 0.000000000000000000e+00 0.000000000000000000e+00 0.000000000000000000e+00 0.000000000000000000e+00
1.000000000000000000e+00 1.000000000000000000e+00 0.000000000000000000e+00 1.000000000000000000e+00 0.000000000000000000e+00 0.000000000000000000e+00
1.000000000000000000e+00 1.000000000000000000e+00 0.000000000000000000e+00 1.000000000000000000e+00 0.000000000000000000e+00 0.000000000000000000e+00
1.000000000000000000e+00 1.000000000000000000e+00 0.000000000000000000e+00 1.000000000000000000e+00 0.000000000000000000e+00 0.000000000000000000e+00
1.000000000000000000e+00 1.000000000000000000e+00 0.000000000000000000e+00 1.000000000000000000e+00 0.000000000000000000e+00 0.000000000000000000e+00
1.000000000000000000e+00 1.000000000000000000e+00 0.000000000000000000e+00 1.000000000000000000e+00 0.000000000000000000e+00 0.000000000000000000e+00
1.000000000000000000e+00 1.000000000000000000e+00 0.000000000000000000e+00 1.000000000000000000e+00 0.000000000000000000e+00 0.000000000000000000e+00
1.000000000000000000e+00 1.000000000000000000e+00 0.000000000000000000e+00 1.000000000000000000e+00 0.000000000000000000e+00 0.000000000000000000e+00
1.000000000000000000e+00 1.000000000000000000e+00 0.000000000000000000e+00 1.000000000000000000e+00 0.000000000000000000e+00 0.000000000000000000e+00
1.000000000000000000e+00 1.000000000000000000e+00 0.000000000000000000e+00 1.000000000000000000e+00 0.000000000000000000e+00 0.000000000000000000e+00
1.000000000000000000e+00 1.000000000000000000e+00 0.000000000000000000e+00 1.000000000000000000e+00 0.000000000000000000e+00 0.000000000000000000e+00
0.000000000000000000e+00 0.000000000000000000e+00 1.000000000000000000e+00 0.000000000000000000e+00 6.932083368301391602e-01 0.000000000000000000e+00
0.000000000000000000e+00 0.000000000000000000e+00 1.000000000000000000e+00 0.000000000000000000e+00 6.932083368301391602e-01 0.000000000000000000e+00
0.000000000000000000e+00 0.000000000000000000e+00 1.000000000000000000e+00 0.000000000000000000e+00 6.932083368301391602e-01 0.000000000000000000e+00
0.000000000000000000e+00 0.000000000000000000e+00 1.000000000000000000e+00 0.000000000000000000e+00 6.932083368301391602e-01 0.000000000000000000e+00
0.000000000000000000e+00 0.000000000000000000e+00 1.000000000000000000e+00 0.000000000000000000e+00 6.932083368301391602e-01 0.000000000000000000e+00
0.000000000000000000e+00 0.000000000000000000e+00 1.000000000000000000e+00 0.000000000000000000e+00 6.932083368301391602e-01 0.000000000000000000e+00
0.000000000000000000e+00 0.000000000000000000e+00 1.000000000000000000e+00 0.000000000000000000e+00 6.932083368301391602e-01 0.000000000000000000e+00
0.000000000000000000e+00 0.000000000000000000e+00 1.000000000000000000e+00 0.000000000000000000e+00 6.932083368301391602e-01 0.000000000000000000e+00
0.000000000000000000e+00 0.000000000000000000e+00 1.000000000000000000e+00 0.000000000000000000e+00 6.932083368301391602e-01 0.000000000000000000e+00
0.000000000000000000e+00 0.000000000000000000e+00 1.000000000000000000e+00 0.000000000000000000e+00 6.932083368301391602e-01 0.000000000000000000e+00
0.000000000000000000e+00 0.000000000000000000e+00 1.000000000000000000e+00 0.000000000000000000e+00 6.932083368301391602e-01 0.000000000000000000e+00
0.000000000000000000e+00 0.000000000000000000e+00 1.000000000000000000e+00 0.000000000000000000e+00 7.493001222610473633e-01 0.000000000000000000e+00
0.000000000000000000e+00 0.000000000000000000e+00 1.000000000000000000e+00 0.000000000000000000e+00 7.493001222610473633e-01 0.000000000000000000e+00
0.000000000000000000e+00 0.000000000000000000e+00 1.000000000000000000e+00 0.000000000000000000e+00 7.493001222610473633e-01 0.000000000000000000e+00
0.000000000000000000e+00 0.000000000000000000e+00 1.000000000000000000e+00 0.000000000000000000e+00 7.493001222610473633e-01 0.000000000000000000e+00
0.000000000000000000e+00 0.000000000000000000e+00 1.000000000000000000e+00 0.000000000000000000e+00 7.493001222610473633e-01 0.000000000000000000e+00
0.000000000000000000e+00 0.000000000000000000e+00 1.000000000000000000e+00 0.000000000000000000e+00 7.493001222610473633e-01 0.000000000000000000e+00
0.000000000000000000e+00 0.000000000000000000e+00 1.000000000000000000e+00 0.000000000000000000e+00 7.493001222610473633e-01 0.000000000000000000e+00
0.000000000000000000e+00 0.000000000000000000e+00 1.000000000000000000e+00 0.000000000000000000e+00 6.932083368301391602e-01 0.000000000000000000e+00
0.000000000000000000e+00 0.000000000000000000e+00 1.000000000000000000e+00 0.000000000000000000e+00 6.932083368301391602e-01 0.000000000000000000e+00
0.000000000000000000e+00 0.000000000000000000e+00 1.000000000000000000e+00 0.000000000000000000e+00 6.932083368301391602e-01 0.000000000000000000e+00
0.000000000000000000e+00 0.000000000000000000e+00 1.000000000000000000e+00 0.000000000000000000e+00 6.932083368301391602e-01 0.000000000000000000e+00
0.000000000000000000e+00 0.000000000000000000e+00 1.000000000000000000e+00 0.000000000000000000e+00 6.932083368301391602e-01 0.000000000000000000e+00
0.000000000000000000e+00 0.000000000000000000e+00 1.000000000000000000e+00 0.000000000000000000e+00 6.932083368301391602e-01 0.000000000000000000e+00
0.000000000000000000e+00 0.000000000000000000e+00 1.000000000000000000e+00 0.000000000000000000e+00 6.932083368301391602e-01 0.000000000000000000e+00
0.000000000000000000e+00 0.000000000000000000e+00 1.000000000000000000e+00 0.000000000000000000e+00 7.493001222610473633e-01 0.000000000000000000e+00
0.000000000000000000e+00 0.000000000000000000e+00 1.000000000000000000e+00 0.000000000000000000e+00 7.493001222610473633e-01 0.000000000000000000e+00
0.000000000000000000e+00 0.000000000000000000e+00 1.000000000000000000e+00 0.000000000000000000e+00 7.493001222610473633e-01 0.000000000000000000e+00
0.000000000000000000e+00 0.000000000000000000e+00 1.000000000000000000e+00 0.000000000000000000e+00 7.493001222610473633e-01 0.000000000000000000e+00
0.000000000000000000e+00 0.000000000000000000e+00 1.000000000000000000e+00 0.000000000000000000e+00 7.493001222610473633e-01 0.000000000000000000e+00
0.000000000000000000e+00 0.000000000000000000e+00 1.000000000000000000e+00 0.000000000000000000e+00 6.932083368301391602e-01 0.000000000000000000e+00
0.000000000000000000e+00 0.000000000000000000e+00 1.000000000000000000e+00 0.000000000000000000e+00 6.932083368301391602e-01 0.000000000000000000e+00
0.000000000000000000e+00 0.000000000000000000e+00 1.000000000000000000e+00 0.000000000000000000e+00 6.932083368301391602e-01 0.000000000000000000e+00
0.000000000000000000e+00 0.000000000000000000e+00 1.000000000000000000e+00 0.000000000000000000e+00 6.932083368301391602e-01 0.000000000000000000e+00
0.000000000000000000e+00 0.000000000000000000e+00 1.000000000000000000e+00 0.000000000000000000e+00 6.932083368301391602e-01 0.000000000000000000e+00
0.000000000000000000e+00 0.000000000000000000e+00 1.000000000000000000e+00 0.000000000000000000e+00 6.932083368301391602e-01 0.000000000000000000e+00
0.000000000000000000e+00 0.000000000000000000e+00 1.000000000000000000e+00 0.000000000000000000e+00 6.932083368301391602e-01 0.000000000000000000e+00
0.000000000000000000e+00 0.000000000000000000e+00 1.000000000000000000e+00 0.000000000000000000e+00 6.932083368301391602e-01 0.000000000000000000e+00
0.000000000000000000e+00 0.000000000000000000e+00 1.000000000000000000e+00 0.000000000000000000e+00 6.932083368301391602e-01 0.000000000000000000e+00
0.000000000000000000e+00 0.000000000000000000e+00 1.000000000000000000e+00 0.000000000000000000e+00 6.932083368301391602e-01 0.000000000000000000e+00
0.000000000000000000e+00 0.000000000000000000e+00 1.000000000000000000e+00 0.000000000000000000e+00 6.932083368301391602e-01 0.000000000000000000e+00
0.000000000000000000e+00 4.998003244400024414e-01 0.000000000000000000e+00 0.000000000000000000e+00 0.000000000000000000e+00 3.601921796798706055e-01
0.000000000000000000e+00 4.998003244400024414e-01 0.000000000000000000e+00 0.000000000000000000e+00 0.000000000000000000e+00 3.601921796798706055e-01
0.000000000000000000e+00 0.000000000000000000e+00 1.000000000000000000e+00 3.257078826427459717e-01 4.956510663032531738e-01 0.000000000000000000e+00
0.000000000000000000e+00 0.000000000000000000e+00 1.000000000000000000e+00 3.257078826427459717e-01 4.956510663032531738e-01 0.000000000000000000e+00
0.000000000000000000e+00 0.000000000000000000e+00 1.000000000000000000e+00 3.257078826427459717e-01 4.956510663032531738e-01 0.000000000000000000e+00
0.000000000000000000e+00 0.000000000000000000e+00 1.000000000000000000e+00 3.257078826427459717e-01 4.956510663032531738e-01 0.000000000000000000e+00
0.000000000000000000e+00 9.597198665142059326e-02 1.000000000000000000e+00 2.144540101289749146e-01 4.946477115154266357e-01 0.000000000000000000e+00
0.000000000000000000e+00 9.597198665142059326e-02 1.000000000000000000e+00 2.144540101289749146e-01 4.946477115154266357e-01 0.000000000000000000e+00
0.000000000000000000e+00 9.597198665142059326e-02 1.000000000000000000e+00 2.144540101289749146e-01 4.946477115154266357e-01 0.000000000000000000e+00
0.000000000000000000e+00 9.597198665142059326e-02 1.000000000000000000e+00 2.144540101289749146e-01 4.946477115154266357e-01 0.000000000000000000e+00
0.000000000000000000e+00 9.597198665142059326e-02 1.000000000000000000e+00 2.144540101289749146e-01 4.946477115154266357e-01 0.000000000000000000e+00
0.000000000000000000e+00 9.597198665142059326e-02 1.000000000000000000e+00 2.144540101289749146e-01 4.946477115154266357e-01 0.000000000000000000e+00
0.000000000000000000e+00 9.597198665142059326e-02 1.000000000000000000e+00 2.144540101289749146e-01 4.946477115154266357e-01 0.000000000000000000e+00
0.000000000000000000e+00 9.597198665142059326e-02 1.000000000000000000e+00 2.144540101289749146e-01 4.946477115154266357e-01 0.000000000000000000e+00
0.000000000000000000e+00 9.597198665142059326e-02 1.000000000000000000e+00 2.144540101289749146e-01 4.946477115154266357e-01 0.000000000000000000e+00
0.000000000000000000e+00 9.597198665142059326e-02 1.000000000000000000e+00 2.144540101289749146e-01 4.946477115154266357e-01 0.000000000000000000e+00
1.901375204324722290e-01 4.247088357806205750e-02 1.000000000000000000e+00 1.961125433444976807e-01 3.842406272888183594e-01 0.000000000000000000e+00
1.901375204324722290e-01 4.247088357806205750e-02 1.000000000000000000e+00 1.961125433444976807e-01 3.842406272888183594e-01 0.000000000000000000e+00
1.901375204324722290e-01 4.247088357806205750e-02 1.000000000000000000e+00 1.961125433444976807e-01 3.842406272888183594e-01 0.000000000000000000e+00
1.901375204324722290e-01 4.247088357806205750e-02 1.000000000000000000e+00 1.961125433444976807e-01 3.842406272888183594e-01 0.000000000000000000e+00
1.901375204324722290e-01 4.247088357806205750e-02 1.000000000000000000e+00 1.961125433444976807e-01 3.842406272888183594e-01 0.000000000000000000e+00
1.901375204324722290e-01 4.247088357806205750e-02 1.000000000000000000e+00 1.961125433444976807e-01 3.842406272888183594e-01 0.000000000000000000e+00
1.901375204324722290e-01 4.247088357806205750e-02 1.000000000000000000e+00 1.961125433444976807e-01 3.842406272888183594e-01 0.000000000000000000e+00
1.901375204324722290e-01 4.247088357806205750e-02 1.000000000000000000e+00 1.961125433444976807e-01 3.842406272888183594e-01 0.000000000000000000e+00
1.901375204324722290e-01 4.247088357806205750e-02 1.000000000000000000e+00 1.961125433444976807e-01 3.842406272888183594e-01 0.000000000000000000e+00
1.901375204324722290e-01 4.247088357806205750e-02 1.000000000000000000e+00 1.961125433444976807e-01 3.842406272888183594e-01 0.000000000000000000e+00
1.901375204324722290e-01 4.247088357806205750e-02 1.000000000000000000e+00 1.961125433444976807e-01 3.842406272888183594e-01 0.000000000000000000e+00
1.901375204324722290e-01 4.247088357806205750e-02 1.000000000000000000e+00 1.961125433444976807e-01 3.842406272888183594e-01 0.000000000000000000e+00
1.901375204324722290e-01 4.247088357806205750e-02 1.000000000000000000e+00 1.961125433444976807e-01 3.842406272888183594e-01 0.000000000000000000e+00
1.901375204324722290e-01 4.247088357806205750e-02 1.000000000000000000e+00 1.961125433444976807e-01 3.842406272888183594e-01 0.000000000000000000e+00
1.901375204324722290e-01 4.247088357806205750e-02 1.000000000000000000e+00 1.961125433444976807e-01 3.842406272888183594e-01 0.000000000000000000e+00
1.901375204324722290e-01 4.247088357806205750e-02 1.000000000000000000e+00 1.961125433444976807e-01 3.842406272888183594e-01 0.000000000000000000e+00
1.901375204324722290e-01 4.247088357806205750e-02 1.000000000000000000e+00 1.961125433444976807e-01 3.842406272888183594e-01 0.000000000000000000e+00
1.901375204324722290e-01 4.247088357806205750e-02 1.000000000000000000e+00 1.961125433444976807e-01 3.842406272888183594e-01 0.000000000000000000e+00
0.000000000000000000e+00 7.932111620903015137e-01 0.000000000000000000e+00 0.000000000000000000e+00 0.000000000000000000e+00 5.329778194427490234e-01
0.000000000000000000e+00 7.932111620903015137e-01 0.000000000000000000e+00 0.000000000000000000e+00 0.000000000000000000e+00 5.329778194427490234e-01
0.000000000000000000e+00 7.932111620903015137e-01 0.000000000000000000e+00 0.000000000000000000e+00 0.000000000000000000e+00 5.329778194427490234e-01
0.000000000000000000e+00 7.932111620903015137e-01 0.000000000000000000e+00 0.000000000000000000e+00 0.000000000000000000e+00 5.329778194427490234e-01
