7.235095638187410971e-01
7.235095638187410971e-01
7.235095638187410971e-01
7.235095638187410971e-01
7.235095638187410971e-01
7.235095638187410971e-01
7.235095638187410971e-01
7.235095638187410971e-01
7.235095638187410971e-01
7.235095638187410971e-01
7.235095638187410971e-01
7.235095638187410971e-01
7.235095638187410971e-01
7.235095638187410971e-01
7.235095638187410971e-01
7.670160960843719344e-01
7.670160960843719344e-01
7.670160960843719344e-01
7.670160960843719344e-01
7.670160960843719344e-01
7.670160960843719344e-01
7.670160960843719344e-01
7.670160960843719344e-01
7.670160960843719344e-01
7.670160960843719344e-01
7.670160960843719344e-01
7.670160960843719344e-01
7.670160960843719344e-01
7.670160960843719344e-01
7.670160960843719344e-01
7.670160960843719344e-01
7.670160960843719344e-01
7.670160960843719344e-01
7.670160960843719344e-01
7.670160960843719344e-01
7.670160960843719344e-01
7.670160960843719344e-01
7.670160960843719344e-01
7.670160960843719344e-01
7.670160960843719344e-01
7.670160960843719344e-01
7.670160960843719344e-01
7.670160960843719344e-01
7.670160960843719344e-01
7.670160960843719344e-01
7.670160960843719344e-01
7.670160960843719344e-01
7.670160960843719344e-01
7.670160960843719344e-01
7.670160960843719344e-01
7.670160960843719344e-01
7.670160960843719344e-01
7.670160960843719344e-01
7.670160960843719344e-01
7.670160960843719344e-01
7.670160960843719344e-01
7.670160960843719344e-01
7.670160960843719344e-01
7.670160960843719344e-01
7.670160960843719344e-01
7.670160960843719344e-01
7.670160960843719344e-01
7.670160960843719344e-01
7.670160960843719344e-01
7.670160960843719344e-01
7.670160960843719344e-01
7.802821397103032464e-01
7.802821397103032464e-01
7.802821397103032464e-01
7.802821397103032464e-01
7.802821397103032464e-01
7.802821397103032464e-01
7.802821397103032464e-01
7.802821397103032464e-01
7.802821397103032464e-01
7.802821397103032464e-01
7.802821397103032464e-01
7.802821397103032464e-01
7.802821397103032464e-01
7.802821397103032464e-01
7.802821397103032464e-01
7.802821397103032464e-01
7.802821397103032464e-01
7.802821397103032464e-01
7.802821397103032464e-01
7.802821397103032464e-01
7.802821397103032464e-01
7.802821397103032464e-01
7.802821397103032464e-01
7.802821397103032464e-01
7.802821397103032464e-01
7.802821397103032464e-01
7.802821397103032464e-01
7.802821397103032464e-01
7.802821397103032464e-01
7.802821397103032464e-01
7.802821397103032464e-01
7.802821397103032464e-01
7.802821397103032464e-01
7.802821397103032464e-01
