9.045536636614224246e-01
9.573478721584320894e-01
1.007806491805668170e+00
1.061983543699561494e+00
1.243208418913286373e+00
1.243208418913286373e+00
1.243208418913286373e+00
1.015223978947592531e+00
1.046374171259014219e+00
1.243208418913286373e+00
1.243208418913286373e+00
1.261449190104082296e+00
1.262019412860088785e+00
1.261139106834101797e+00
1.258310530308929476e+00
1.251957875377711193e+00
1.261802914690481225e+00
1.261934253620571100e+00
1.261911826579781293e+00
1.261899995480922687e+00
1.261948645290243975e+00
1.261929651184948931e+00
1.260585342118472951e+00
1.261052657542604205e+00
1.261220163077318990e+00
1.261173414439921148e+00
1.261210364717444854e+00
1.261187666677587860e+00
1.261270931735330780e+00
1.261287722041280812e+00
1.261352327252337258e+00
1.261286286824389480e+00
1.261544699333039921e+00
1.261547874566401717e+00
1.261558063440458621e+00
1.261535158145402402e+00
1.260970593415956742e+00
1.260929061724032296e+00
1.260941440808847069e+00
1.261149581162607669e+00
1.261186604741175055e+00
1.261324662693101395e+00
1.261324317024284047e+00
1.260129309681335297e+00
1.260064883863526664e+00
1.260062686131596887e+00
1.259968492982693311e+00
1.260029057580611456e+00
1.260059093275296416e+00
1.260061074484083665e+00
1.260084705277243255e+00
1.260126375694750056e+00
1.260135061778551391e+00
1.260104744452482439e+00
1.260101863613572570e+00
1.260111786326592265e+00
1.260095291267263162e+00
1.259638107808379814e+00
1.259400851218909434e+00
1.259423786339724849e+00
1.259415956081087806e+00
1.259397947782991967e+00
1.259426323650972179e+00
1.259411422178057904e+00
1.259116847551200458e+00
1.259181384157598727e+00
1.259155770770137295e+00
1.259561097198926394e+00
1.259577437681234091e+00
1.259524780130499400e+00
1.259562884705752062e+00
1.259487221948020874e+00
1.259476448279672312e+00
1.259452727087971624e+00
1.259450053927660740e+00
1.259443947699871114e+00
1.259401624298537081e+00
1.259388364926018467e+00
1.259355825472862067e+00
1.259336273304362042e+00
1.259303210668681672e+00
1.259309431462716677e+00
1.259309010972475829e+00
1.259325463730808226e+00
1.259310207858459041e+00
1.259380348294893759e+00
1.259365530723759674e+00
1.259445665079215626e+00
1.259467832259250519e+00
1.259486621059343392e+00
1.259484702489340524e+00
1.259463384043074674e+00
1.259470976918400931e+00
1.259391255299746160e+00
1.259379402833822770e+00
1.259402916261802563e+00
1.259452322753725984e+00
1.259504005362261481e+00
1.259530657018424149e+00
1.259504314787600610e+00
