9.010312557220458984e-01 3.720917701721191406e-01 4.407162666320800781e-01 6.659593582153320312e-01
9.010312557220458984e-01 3.720917701721191406e-01 4.407162666320800781e-01 6.659593582153320312e-01
9.010312557220458984e-01 3.720917701721191406e-01 4.407162666320800781e-01 6.659593582153320312e-01
9.010312557220458984e-01 3.720917701721191406e-01 4.407162666320800781e-01 6.659593582153320312e-01
9.010312557220458984e-01 3.720917701721191406e-01 4.407162666320800781e-01 6.659593582153320312e-01
9.331894516944885254e-01 8.804510235786437988e-01 1.512246727943420410e-01 8.178510665893554688e-01
9.331894516944885254e-01 8.804510235786437988e-01 1.512246727943420410e-01 8.178510665893554688e-01
9.331894516944885254e-01 8.804510235786437988e-01 1.512246727943420410e-01 8.178510665893554688e-01
9.331894516944885254e-01 8.804510235786437988e-01 1.512246727943420410e-01 8.178510665893554688e-01
9.331894516944885254e-01 8.804510235786437988e-01 1.512246727943420410e-01 8.178510665893554688e-01
9.331894516944885254e-01 8.804510235786437988e-01 1.512246727943420410e-01 8.178510665893554688e-01
9.331894516944885254e-01 8.804510235786437988e-01 1.512246727943420410e-01 8.178510665893554688e-01
9.331894516944885254e-01 8.804510235786437988e-01 1.512246727943420410e-01 8.178510665893554688e-01
9.331894516944885254e-01 8.804510235786437988e-01 1.512246727943420410e-01 8.178510665893554688e-01
9.331894516944885254e-01 8.804510235786437988e-01 1.512246727943420410e-01 8.178510665893554688e-01
9.331894516944885254e-01 8.804510235786437988e-01 1.512246727943420410e-01 8.178510665893554688e-01
9.331894516944885254e-01 8.804510235786437988e-01 1.512246727943420410e-01 8.178510665893554688e-01
9.331894516944885254e-01 8.804510235786437988e-01 1.512246727943420410e-01 8.178510665893554688e-01
9.331894516944885254e-01 8.804510235786437988e-01 1.512246727943420410e-01 8.178510665893554688e-01
9.331894516944885254e-01 8.804510235786437988e-01 1.512246727943420410e-01 8.178510665893554688e-01
9.331894516944885254e-01 8.804510235786437988e-01 1.512246727943420410e-01 8.178510665893554688e-01
9.331894516944885254e-01 8.804510235786437988e-01 1.512246727943420410e-01 8.178510665893554688e-01
9.331894516944885254e-01 8.804510235786437988e-01 1.512246727943420410e-01 8.178510665893554688e-01
9.331894516944885254e-01 8.804510235786437988e-01 1.512246727943420410e-01 8.178510665893554688e-01
9.331894516944885254e-01 8.804510235786437988e-01 1.512246727943420410e-01 8.178510665893554688e-01
9.331894516944885254e-01 8.804510235786437988e-01 1.512246727943420410e-01 8.178510665893554688e-01
9.331894516944885254e-01 8.804510235786437988e-01 1.512246727943420410e-01 8.178510665893554688e-01
9.331894516944885254e-01 8.804510235786437988e-01 1.512246727943420410e-01 8.178510665893554688e-01
9.331894516944885254e-01 8.804510235786437988e-01 1.512246727943420410e-01 8.178510665893554688e-01
9.331894516944885254e-01 8.804510235786437988e-01 1.512246727943420410e-01 8.178510665893554688e-01
9.331894516944885254e-01 8.804510235786437988e-01 1.512246727943420410e-01 8.178510665893554688e-01
9.331894516944885254e-01 8.804510235786437988e-01 1.512246727943420410e-01 8.178510665893554688e-01
9.331894516944885254e-01 8.804510235786437988e-01 1.512246727943420410e-01 8.178510665893554688e-01
9.331894516944885254e-01 8.804510235786437988e-01 1.512246727943420410e-01 8.178510665893554688e-01
9.331894516944885254e-01 8.804510235786437988e-01 1.512246727943420410e-01 8.178510665893554688e-01
9.331894516944885254e-01 8.804510235786437988e-01 1.512246727943420410e-01 8.178510665893554688e-01
9.331894516944885254e-01 8.804510235786437988e-01 1.512246727943420410e-01 8.178510665893554688e-01
9.331894516944885254e-01 8.804510235786437988e-01 1.512246727943420410e-01 8.178510665893554688e-01
9.331894516944885254e-01 8.804510235786437988e-01 1.512246727943420410e-01 8.178510665893554688e-01
9.331894516944885254e-01 8.804510235786437988e-01 1.512246727943420410e-01 8.178510665893554688e-01
9.331894516944885254e-01 8.804510235786437988e-01 1.512246727943420410e-01 8.178510665893554688e-01
9.331894516944885254e-01 8.804510235786437988e-01 1.512246727943420410e-01 8.178510665893554688e-01
9.331894516944885254e-01 8.804510235786437988e-01 1.512246727943420410e-01 8.178510665893554688e-01
9.331894516944885254e-01 8.804510235786437988e-01 1.512246727943420410e-01 8.178510665893554688e-01
9.331894516944885254e-01 8.804510235786437988e-01 1.512246727943420410e-01 8.178510665893554688e-01
9.331894516944885254e-01 8.804510235786437988e-01 1.512246727943420410e-01 8.178510665893554688e-01
9.331894516944885254e-01 8.804510235786437988e-01 1.512246727943420410e-01 8.178510665893554688e-01
9.331894516944885254e-01 8.804510235786437988e-01 1.512246727943420410e-01 8.178510665893554688e-01
9.331894516944885254e-01 8.804510235786437988e-01 1.512246727943420410e-01 8.178510665893554688e-01
9.331894516944885254e-01 8.804510235786437988e-01 1.512246727943420410e-01 8.178510665893554688e-01
