7.210882902145385742e-01 7.098078131675720215e-01 4.531877636909484863e-01 9.118325710296630859e-01 6.524153947830200195e-01 7.020124793052673340e-01
8.710662722587585449e-01 6.134949326515197754e-01 4.089015722274780273e-02 4.808983206748962402e-01 4.610387682914733887e-01 1.607930660247802734e-01
5.364666581153869629e-01 3.846970796585083008e-01 1.707772016525268555e-01 9.367007017135620117e-02 4.576173424720764160e-01 5.661517977714538574e-01
6.142985224723815918e-01 6.928992867469787598e-01 8.830559849739074707e-01 5.494092106819152832e-01 3.569027185440063477e-01 5.101760029792785645e-01
9.420031309127807617e-01 8.077081441879272461e-01 8.740935921669006348e-01 5.026953816413879395e-01 1.559664011001586914e-01 4.548521041870117188e-01
8.035979866981506348e-01 5.875941514968872070e-01 4.600995779037475586e-01 6.377654075622558594e-01 6.826063394546508789e-01 8.128687739372253418e-01
2.706910967826843262e-01 5.919252634048461914e-01 1.562387347221374512e-01 6.501285433769226074e-01 6.594621539115905762e-01 6.173779368400573730e-01
7.326890826225280762e-01 4.945915937423706055e-02 1.377069950103759766e-01 7.923228144645690918e-01 7.492181658744812012e-01 8.944219946861267090e-01
9.283928871154785156e-01 3.173637390136718750e-01 5.677810907363891602e-01 6.784904599189758301e-01 5.520517826080322266e-01 6.266385912895202637e-01
7.941043972969055176e-01 4.660782217979431152e-01 4.314720034599304199e-01 6.218353509902954102e-01 2.339124679565429688e-03 3.637765049934387207e-01
0.000000000000000000e+00 0.000000000000000000e+00 1.000000000000000000e+00 1.000000000000000000e+00 1.000000000000000000e+00 1.000000000000000000e+00
0.000000000000000000e+00 0.000000000000000000e+00 0.000000000000000000e+00 6.577309370040893555e-01 1.000000000000000000e+00 8.546056151390075684e-01
0.000000000000000000e+00 0.000000000000000000e+00 1.000000000000000000e+00 0.000000000000000000e+00 0.000000000000000000e+00 1.000000000000000000e+00
0.000000000000000000e+00 0.000000000000000000e+00 1.000000000000000000e+00 0.000000000000000000e+00 1.000000000000000000e+00 8.150244355201721191e-01
0.000000000000000000e+00 0.000000000000000000e+00 1.000000000000000000e+00 2.512804567813873291e-01 1.000000000000000000e+00 4.987284839153289795e-01
0.000000000000000000e+00 0.000000000000000000e+00 1.000000000000000000e+00 1.000000000000000000e+00 1.000000000000000000e+00 0.000000000000000000e+00
1.000000000000000000e+00 0.000000000000000000e+00 0.000000000000000000e+00 3.448361456394195557e-01 1.000000000000000000e+00 1.000000000000000000e+00
0.000000000000000000e+00 0.000000000000000000e+00 0.000000000000000000e+00 9.189043641090393066e-01 1.000000000000000000e+00 7.553932070732116699e-01
0.000000000000000000e+00 1.000000000000000000e+00 1.000000000000000000e+00 0.000000000000000000e+00 1.000000000000000000e+00 0.000000000000000000e+00
0.000000000000000000e+00 0.000000000000000000e+00 0.000000000000000000e+00 6.494283676147460938e-01 1.000000000000000000e+00 1.000000000000000000e+00
0.000000000000000000e+00 3.195624649524688721e-01 0.000000000000000000e+00 6.849995851516723633e-01 1.000000000000000000e+00 9.695728421211242676e-01
0.000000000000000000e+00 1.000000000000000000e+00 0.000000000000000000e+00 1.000000000000000000e+00 0.000000000000000000e+00 1.000000000000000000e+00
1.000000000000000000e+00 0.000000000000000000e+00 1.000000000000000000e+00 3.668866157531738281e-01 1.000000000000000000e+00 5.811131000518798828e-01
0.000000000000000000e+00 0.000000000000000000e+00 2.193311601877212524e-01 4.932270050048828125e-01 1.000000000000000000e+00 8.741343617439270020e-01
0.000000000000000000e+00 0.000000000000000000e+00 0.000000000000000000e+00 3.640431761741638184e-01 9.067060947418212891e-01 1.000000000000000000e+00
0.000000000000000000e+00 0.000000000000000000e+00 1.000000000000000000e+00 1.793488562107086182e-01 6.856170892715454102e-01 5.832049250602722168e-01
0.000000000000000000e+00 1.818234026432037354e-01 0.000000000000000000e+00 4.443937540054321289e-01 1.000000000000000000e+00 1.000000000000000000e+00
2.949085831642150879e-01 0.000000000000000000e+00 0.000000000000000000e+00 5.937239527702331543e-01 1.000000000000000000e+00 9.761338829994201660e-01
9.452869743108749390e-02 9.091489315032958984e-01 9.269404411315917969e-01 8.342345356941223145e-01 9.775654077529907227e-01 2.015820890665054321e-01
1.000000000000000000e+00 0.000000000000000000e+00 1.000000000000000000e+00 7.838496565818786621e-01 0.000000000000000000e+00 1.000000000000000000e+00
5.069809556007385254e-01 0.000000000000000000e+00 0.000000000000000000e+00 6.664593219757080078e-01 1.000000000000000000e+00 1.000000000000000000e+00
0.000000000000000000e+00 0.000000000000000000e+00 5.137608647346496582e-01 3.014348745346069336e-01 1.000000000000000000e+00 6.333361268043518066e-01
3.114235401153564453e-01 0.000000000000000000e+00 0.000000000000000000e+00 5.475629568099975586e-01 1.000000000000000000e+00 9.069998264312744141e-01
5.957072377204895020e-01 1.000000000000000000e+00 0.000000000000000000e+00 5.207589864730834961e-01 1.000000000000000000e+00 1.000000000000000000e+00
2.941786050796508789e-01 1.538536548614501953e-01 0.000000000000000000e+00 6.211903095245361328e-01 1.000000000000000000e+00 9.157577157020568848e-01
0.000000000000000000e+00 0.000000000000000000e+00 1.000000000000000000e+00 0.000000000000000000e+00 1.000000000000000000e+00 0.000000000000000000e+00
2.631652653217315674e-01 7.081208378076553345e-02 8.390720933675765991e-02 5.312004089355468750e-01 1.000000000000000000e+00 9.855377674102783203e-01
0.000000000000000000e+00 2.713814973831176758e-01 1.000000000000000000e+00 0.000000000000000000e+00 1.000000000000000000e+00 5.733605027198791504e-01
0.000000000000000000e+00 0.000000000000000000e+00 4.864443242549896240e-01 1.000000000000000000e+00 0.000000000000000000e+00 1.000000000000000000e+00
1.000000000000000000e+00 0.000000000000000000e+00 1.000000000000000000e+00 0.000000000000000000e+00 2.681100368499755859e-01 1.000000000000000000e+00
2.770524322986602783e-01 0.000000000000000000e+00 0.000000000000000000e+00 4.785877764225006104e-01 1.000000000000000000e+00 1.000000000000000000e+00
1.000000000000000000e+00 4.184500873088836670e-01 1.000000000000000000e+00 0.000000000000000000e+00 0.000000000000000000e+00 1.000000000000000000e+00
7.318319678306579590e-01 1.511774361133575439e-01 1.000000000000000000e+00 0.000000000000000000e+00 5.939740538597106934e-01 1.000000000000000000e+00
0.000000000000000000e+00 0.000000000000000000e+00 0.000000000000000000e+00 1.000000000000000000e+00 1.000000000000000000e+00 0.000000000000000000e+00
6.344240903854370117e-01 0.000000000000000000e+00 0.000000000000000000e+00 1.000000000000000000e+00 1.000000000000000000e+00 1.754437386989593506e-01
0.000000000000000000e+00 1.722306609153747559e-01 1.000000000000000000e+00 3.449791669845581055e-01 1.000000000000000000e+00 8.380752801895141602e-01
6.297189742326736450e-02 1.350611001253128052e-01 5.964487195014953613e-01 9.807957410812377930e-01 1.775263100862503052e-01 3.160819411277770996e-02
1.000000000000000000e+00 0.000000000000000000e+00 0.000000000000000000e+00 3.727736175060272217e-01 3.014799654483795166e-01 1.000000000000000000e+00
3.990583121776580811e-01 8.457271382212638855e-03 0.000000000000000000e+00 5.196105837821960449e-01 8.455141782760620117e-01 1.000000000000000000e+00
0.000000000000000000e+00 2.936634719371795654e-01 0.000000000000000000e+00 1.000000000000000000e+00 1.000000000000000000e+00 3.337377011775970459e-01
1.000000000000000000e+00 0.000000000000000000e+00 1.000000000000000000e+00 0.000000000000000000e+00 0.000000000000000000e+00 7.269772887229919434e-01
3.633924573659896851e-02 9.583147764205932617e-01 9.698180556297302246e-01 1.508010178804397583e-01 1.020956709980964661e-01 6.287671923637390137e-01
1.000000000000000000e+00 0.000000000000000000e+00 5.301230549812316895e-01 2.123485207557678223e-01 1.275413483381271362e-01 1.000000000000000000e+00
1.000000000000000000e+00 2.645711787045001984e-02 1.000000000000000000e+00 2.479944676160812378e-01 2.111913859844207764e-01 1.000000000000000000e+00
1.000000000000000000e+00 0.000000000000000000e+00 2.509700059890747070e-01 0.000000000000000000e+00 0.000000000000000000e+00 1.000000000000000000e+00
0.000000000000000000e+00 2.642965912818908691e-01 0.000000000000000000e+00 9.231989383697509766e-01 1.000000000000000000e+00 3.923430442810058594e-01
5.176705718040466309e-01 5.134942010045051575e-03 3.219595551490783691e-01 5.598311424255371094e-01 7.416898608207702637e-01 9.718301892280578613e-01
1.000000000000000000e+00 1.000000000000000000e+00 1.000000000000000000e+00 1.000000000000000000e+00 0.000000000000000000e+00 1.000000000000000000e+00
8.718212842941284180e-01 1.510657817125320435e-01 8.836465477943420410e-01 9.623525664210319519e-03 9.055474996566772461e-01 1.391088813543319702e-01
1.000000000000000000e+00 0.000000000000000000e+00 0.000000000000000000e+00 5.905873179435729980e-01 0.000000000000000000e+00 1.000000000000000000e+00
1.000000000000000000e+00 2.744482457637786865e-01 0.000000000000000000e+00 6.557022333145141602e-01 4.749456346035003662e-01 1.000000000000000000e+00
1.000000000000000000e+00 0.000000000000000000e+00 1.000000000000000000e+00 0.000000000000000000e+00 5.060470104217529297e-01 0.000000000000000000e+00
5.488014817237854004e-01 2.720804810523986816e-01 5.070729851722717285e-01 8.127679228782653809e-01 9.809883236885070801e-01 3.958621919155120850e-01
0.000000000000000000e+00 4.310098290443420410e-01 0.000000000000000000e+00 1.000000000000000000e+00 1.000000000000000000e+00 4.423629641532897949e-01
0.000000000000000000e+00 0.000000000000000000e+00 3.900866508483886719e-01 3.249494135379791260e-01 1.000000000000000000e+00 1.000000000000000000e+00
0.000000000000000000e+00 1.618044674396514893e-01 0.000000000000000000e+00 6.023446321487426758e-01 1.000000000000000000e+00 8.494156599044799805e-01
0.000000000000000000e+00 1.000000000000000000e+00 1.000000000000000000e+00 1.000000000000000000e+00 1.000000000000000000e+00 1.000000000000000000e+00
0.000000000000000000e+00 3.886156976222991943e-01 0.000000000000000000e+00 1.000000000000000000e+00 1.000000000000000000e+00 1.932713091373443604e-01
1.000000000000000000e+00 0.000000000000000000e+00 1.000000000000000000e+00 3.261902034282684326e-01 1.000000000000000000e+00 0.000000000000000000e+00
1.000000000000000000e+00 0.000000000000000000e+00 2.123658061027526855e-01 4.064409732818603516e-01 3.352229893207550049e-01 1.000000000000000000e+00
4.298339784145355225e-01 0.000000000000000000e+00 1.495274305343627930e-01 3.974146544933319092e-01 3.144540488719940186e-01 1.000000000000000000e+00
1.000000000000000000e+00 3.525736927986145020e-01 5.697140097618103027e-01 0.000000000000000000e+00 0.000000000000000000e+00 1.000000000000000000e+00
6.783546507358551025e-02 2.230843529105186462e-03 2.667361684143543243e-02 9.549819231033325195e-01 6.534541845321655273e-01 3.182045817375183105e-01
0.000000000000000000e+00 3.817147910594940186e-01 0.000000000000000000e+00 1.000000000000000000e+00 1.000000000000000000e+00 0.000000000000000000e+00
0.000000000000000000e+00 0.000000000000000000e+00 0.000000000000000000e+00 0.000000000000000000e+00 1.000000000000000000e+00 0.000000000000000000e+00
0.000000000000000000e+00 4.911996424198150635e-01 0.000000000000000000e+00 1.000000000000000000e+00 1.000000000000000000e+00 2.624959349632263184e-01
6.938567161560058594e-01 2.045461907982826233e-03 3.167346119880676270e-01 2.725725173950195312e-01 9.816431403160095215e-01 8.455351591110229492e-01
0.000000000000000000e+00 3.058108687400817871e-01 0.000000000000000000e+00 1.000000000000000000e+00 1.000000000000000000e+00 2.489655762910842896e-01
9.571787714958190918e-01 9.329811930656433105e-01 8.832968473434448242e-01 2.755045518279075623e-02 6.507245302200317383e-01 6.891033649444580078e-01
1.436046510934829712e-01 1.479606926441192627e-01 5.136009454727172852e-01 2.775529921054840088e-01 5.970174670219421387e-01 9.500703215599060059e-01
0.000000000000000000e+00 5.554720163345336914e-01 0.000000000000000000e+00 1.000000000000000000e+00 1.000000000000000000e+00 2.459249347448348999e-01
1.311011612415313721e-03 6.468115448951721191e-01 7.317718863487243652e-01 1.797548830509185791e-01 8.044919371604919434e-01 9.594661593437194824e-01
1.401037722826004028e-01 7.255343347787857056e-02 9.891778826713562012e-01 8.720297217369079590e-01 6.681231260299682617e-01 4.820359349250793457e-01
1.916185766458511353e-01 2.264552712440490723e-01 3.861895203590393066e-01 5.243607759475708008e-01 9.418551921844482422e-01 9.999339580535888672e-01
7.222740910947322845e-03 4.346096813678741455e-01 9.850375652313232422e-01 9.768329858779907227e-01 1.006784737110137939e-01 9.756625890731811523e-01
9.600321054458618164e-01 9.464631080627441406e-01 3.227143883705139160e-01 8.621168136596679688e-01 3.764628991484642029e-02 9.783003330230712891e-01
9.075794816017150879e-01 5.554438829421997070e-01 4.600602760910987854e-02 9.029060006141662598e-01 9.634814858436584473e-01 3.713315352797508240e-03
2.547930777072906494e-01 1.053869351744651794e-01 0.000000000000000000e+00 5.585068464279174805e-01 1.000000000000000000e+00 1.000000000000000000e+00
2.826630771160125732e-01 0.000000000000000000e+00 0.000000000000000000e+00 4.971721768379211426e-01 1.000000000000000000e+00 1.000000000000000000e+00
9.772383570671081543e-01 5.806027650833129883e-01 6.825726032257080078e-01 7.187244892120361328e-01 4.406379535794258118e-02 9.329697489738464355e-01
6.586455106735229492e-01 1.913569420576095581e-01 2.955849096179008484e-02 1.039303541183471680e-01 9.983751773834228516e-01 7.863739132881164551e-01
9.730173349380493164e-01 9.563849866390228271e-02 1.282106153666973114e-03 8.757575154304504395e-01 9.993118643760681152e-01 3.781608343124389648e-01
7.341382503509521484e-01 1.067779958248138428e-03 8.384916782379150391e-01 4.280932992696762085e-02 5.569952726364135742e-01 5.383768081665039062e-01
3.649478554725646973e-01 5.637968890368938446e-03 9.389910101890563965e-01 2.853096425533294678e-01 7.588634490966796875e-01 7.330426573753356934e-02
9.832428097724914551e-01 2.309678196907043457e-01 8.663453459739685059e-01 8.903417736291885376e-03 3.184179067611694336e-01 9.423285722732543945e-01
7.077623903751373291e-02 5.330037325620651245e-02 9.500352740287780762e-01 5.624506473541259766e-01 3.874548673629760742e-01 8.902965784072875977e-01
4.683269858360290527e-01 8.556233048439025879e-01 1.503670401871204376e-02 9.330575466156005859e-01 9.755492806434631348e-01 7.186815142631530762e-01
8.293282389640808105e-01 9.565412998199462891e-01 8.871193528175354004e-01 9.635564088821411133e-01 5.495766401290893555e-01 1.813440024852752686e-02
8.129067420959472656e-01 9.374726414680480957e-01 3.694867715239524841e-02 9.356006383895874023e-01 4.505153000354766846e-02 3.958285748958587646e-01
9.749032258987426758e-01 9.502416253089904785e-01 1.245251297950744629e-02 3.288466930389404297e-01 3.622471988201141357e-01 9.488173127174377441e-01
7.653025910258293152e-03 7.787914276123046875e-01 2.760471217334270477e-02 1.532382667064666748e-01 8.934718370437622070e-02 9.964314103126525879e-01
2.492026388645172119e-01 2.786415219306945801e-01 1.313127484172582626e-02 8.856959342956542969e-01 7.266340851783752441e-01 9.814850091934204102e-01
5.347552299499511719e-01 5.456793904304504395e-01 8.712456226348876953e-01 3.249937295913696289e-02 1.299498677253723145e-01 9.602339267730712891e-01
7.917462587356567383e-01 6.538765430450439453e-01 1.040408164262771606e-01 6.186794042587280273e-01 5.697764456272125244e-03 9.501343965530395508e-01
8.788524270057678223e-01 1.022197213023900986e-02 4.264628887176513672e-01 7.988375611603260040e-03 9.556021690368652344e-01 4.502453207969665527e-01
3.962020277976989746e-01 8.753459453582763672e-01 4.044544696807861328e-02 9.903330206871032715e-01 9.511054158210754395e-01 5.911989882588386536e-02
2.076892256736755371e-01 1.364505663514137268e-02 3.702924773097038269e-02 8.364759683609008789e-01 9.443015456199645996e-01 5.814870595932006836e-01
1.793272793292999268e-02 8.942973613739013672e-01 2.677945792675018311e-02 9.163268804550170898e-01 7.713168859481811523e-01 1.112497076392173767e-01
7.744063735008239746e-01 5.939030647277832031e-01 4.298027604818344116e-02 9.807297587394714355e-01 1.322058588266372681e-01 9.822933673858642578e-01
3.780286759138107300e-02 7.427515089511871338e-02 4.076688289642333984e-01 4.332293570041656494e-01 6.839632391929626465e-01 9.672265648841857910e-01
