1.074181412456406193e+00
-1.020271576793757573e-02
6.325206179867912670e-01
8.778116952402925666e-01
6.223239964142058822e-01
1.226302057949111735e+00
1.185116256871365792e+00
1.550339596332414249e+00
1.154778360035037865e+00
2.505753789631610662e-01
8.921551625152992493e-01
1.734509921662753529e+00
1.217794214659446261e+00
1.564113675642026191e+00
1.660556725857104565e+00
1.197232655804878476e+00
1.596111431830742333e+00
1.618925928964245031e+00
4.253828299560975523e-01
1.740618753293996068e+00
1.712951681318262143e+00
2.423117940556424321e-01
1.265873880743183078e+00
1.735798996324963595e+00
1.692271164964542107e+00
1.558358479155814713e+00
1.726080925554355883e+00
1.778702021863128202e+00
6.657519097081024961e-01
9.979934853249410320e-01
1.726379373237483916e+00
1.580738705219137064e+00
1.764894738071865143e+00
8.988712972286094782e-01
1.770842836389080244e+00
1.314420635039590612e+00
1.763593194852703050e+00
1.514143860515534179e+00
6.363209349014029570e-01
1.634989640381995013e+00
1.772124946110291255e+00
1.457930978539248468e+00
1.467677764226523074e+00
1.673302117580742543e+00
1.524361756667357959e+00
1.557787374997413377e+00
-7.788019759475223180e-02
1.673505412025594774e+00
1.765227203607936612e+00
1.794757896295929189e+00
1.338464119911826344e+00
3.565922250249229375e-01
1.674428875640089132e+00
1.531589362915101171e+00
1.563617162554573392e+00
1.764627932445848257e+00
1.619334383813759493e+00
5.375943636186815144e-01
1.347087237969817775e+00
1.563188025500855227e+00
1.557214467271189395e+00
1.317383046218246756e+00
1.129076818693411033e+00
1.777615477978188974e+00
1.638601218642075308e+00
1.750316885008543988e+00
-3.735646322206544467e-01
1.802363454249243491e+00
1.272032032736515994e+00
1.704683822229584145e+00
1.579545597352291608e+00
1.481112970071219337e+00
1.242747017769078477e+00
1.734583634168413546e+00
7.274443896127276155e-01
1.803580351111925939e+00
1.503552143672477470e+00
1.798609047416611206e+00
7.673777419339823380e-01
1.623578864121489440e+00
1.790005388813061815e+00
1.275570284694809375e+00
1.167794546140459300e+00
1.659770879221356132e+00
6.079352496620060720e-01
1.355973179201481971e+00
8.296952448499734789e-01
1.789236957419604312e+00
1.775932713665958396e+00
1.285066524541634170e+00
1.220917517110681638e+00
1.258154158608609574e+00
1.455697305251599349e+00
1.164340470995667953e+00
1.608399621760828069e+00
1.430892595056041605e+00
1.269357111529020088e+00
1.794781445525890917e-01
7.113053350611673320e-01
9.236632355373366465e-01
4.579999009759567752e-01
1.600299111899210480e+00
1.283452989505969200e+00
1.319720451867327116e+00
1.274230941642251036e+00
1.287836232126041036e+00
1.637924700844251236e+00
1.155204649298481101e+00
1.543180610094769367e+00
1.706583261269268181e+00
