1.177958241415649532e+00
1.177958241415649532e+00
1.177958241415649532e+00
1.177958241415649532e+00
1.194858027548796553e+00
1.194858027548796553e+00
1.194858027548796553e+00
1.194858027548796553e+00
1.194858027548796553e+00
1.194858027548796553e+00
1.194858027548796553e+00
1.194858027548796553e+00
1.471165038701949701e+00
1.471165038701949701e+00
1.471165038701949701e+00
1.471165038701949701e+00
1.471165038701949701e+00
1.471165038701949701e+00
1.744523917954882819e+00
1.744523917954882819e+00
1.744523917954882819e+00
1.744523917954882819e+00
1.744523917954882819e+00
1.744523917954882819e+00
1.744523917954882819e+00
1.775080156084066552e+00
1.775080156084066552e+00
1.775080156084066552e+00
1.775080156084066552e+00
1.775080156084066552e+00
1.775080156084066552e+00
1.775080156084066552e+00
1.775080156084066552e+00
1.775080156084066552e+00
1.775080156084066552e+00
1.775080156084066552e+00
1.775080156084066552e+00
1.775080156084066552e+00
1.775080156084066552e+00
1.775080156084066552e+00
1.775080156084066552e+00
1.775080156084066552e+00
1.775080156084066552e+00
1.775080156084066552e+00
1.775080156084066552e+00
1.775080156084066552e+00
1.869793905805631429e+00
1.869793905805631429e+00
1.869793905805631429e+00
1.869793905805631429e+00
