-6.084662053129075154e-02
2.802307400928784609e-01
1.150703847139792124e+00
7.353643942214758145e-01
1.005395723804261232e+00
1.646003345561775077e-01
9.500785219010252636e-01
2.902634305294976569e-01
-2.159081581108971137e-01
1.452609861025607962e+00
8.442636210611751402e-01
-1.707173447826774160e-01
8.935673464499288565e-01
7.379555952625189708e-01
9.000509026398052503e-01
6.666536544765556682e-01
7.818038519021421884e-01
1.630198002952970793e+00
1.538047931618243602e+00
6.796647806738359554e-01
3.984544150174643695e-01
1.111615430905524837e+00
4.417676495280374871e-01
1.254765273407657755e+00
8.754579777964753839e-01
1.253948281603787684e+00
9.314381098939095160e-01
9.962050368835588809e-01
-3.138434812287555498e-01
2.113375848497137388e-01
9.027545428232817137e-01
1.168456683847082234e+00
1.097358330846934127e+00
-3.171938342205190553e-01
8.818402709317851862e-01
5.527272951324201378e-01
2.929434528019623230e-01
1.440571624832472253e+00
1.046117558927486479e+00
1.218052903801884801e+00
5.971988190687302911e-01
3.665639881031158842e-02
7.164123817953061968e-01
-3.549011984725346514e-01
-3.328886130089655504e-01
-2.784362683304725805e-01
1.026878995982957177e+00
1.392759042558436189e+00
7.729326561531767448e-01
8.302182541734941523e-01
5.658825326250811472e-01
1.025411840375487937e+00
1.594459471396036054e+00
1.276592108921462465e+00
6.390308790925072202e-01
8.783612282909666336e-01
7.224709479110885679e-01
-1.009595299374152627e-01
1.025846651227715567e+00
3.482155526924591848e-01
