6.481142809588037457e-01
5.077272892914540536e-01
4.469601257499174474e-01
4.469601257499174474e-01
-5.979537997096208146e-01
-5.276535776600229516e-02
-4.756199836681888060e-01
-7.321236286511625391e-01
-1.461747761301454895e+00
-2.080703664748454251e+00
-1.674056020931021127e+00
-5.540561751415173930e-01
-2.535435109573955792e-01
-2.569331500710575478e-01
-2.315949675162345123e-01
-2.320038040685190039e-01
-2.618592829641411268e-01
-3.255166099575587113e-01
-3.255166099575587113e-01
-3.255166099575587113e-01
-3.255166099575587113e-01
-3.255166099575587113e-01
-3.255166099575587113e-01
-6.646039887019532244e-02
-1.338397126886392841e-01
-1.927745852166989904e-01
-1.348561425004304037e-01
-1.949857246239824760e-01
1.758825122641058114e-01
-8.194762565927441594e-03
-1.131921371645456947e-01
4.919579220006634751e-02
4.805345480568495170e-02
-3.239709878487010419e-01
-3.618437167175789226e-01
-2.341663568587404598e-01
-2.319160309373574091e-01
-2.311413417233192102e-01
-2.334051123681423756e-01
-2.314850176874260756e-01
-2.320981361189167480e-01
-2.319993271504750820e-01
-1.789312177192123321e-01
-2.196787390551762087e-01
-1.355259215500988379e+00
-1.433315909410075140e+00
-9.665523552947324903e-01
-9.324185365287077643e-01
-1.080071123838732827e+00
-3.255166099575587113e-01
