1.000000000000000000e+00 1.000000000000000000e+00 1.000000000000000000e+00 1.000000000000000000e+00 0.000000000000000000e+00 1.000000000000000000e+00
1.000000000000000000e+00 1.000000000000000000e+00 0.000000000000000000e+00 1.090100599023796496e-01 3.195029290468450189e-01 6.016171623318863348e-01
1.000000000000000000e+00 1.000000000000000000e+00 0.000000000000000000e+00 0.000000000000000000e+00 0.000000000000000000e+00 7.192387680319334287e-01
1.000000000000000000e+00 9.503764089814765725e-01 4.114485948559217787e-01 3.710387951171276177e-01 4.304224525749083402e-02 6.782081328358497974e-01
1.000000000000000000e+00 1.000000000000000000e+00 0.000000000000000000e+00 4.640542191842282616e-02 4.155956302387542323e-01 7.009435100160319454e-01
8.811270402999161755e-01 0.000000000000000000e+00 4.186794892597726081e-01 5.189005836205361488e-01 0.000000000000000000e+00 6.656785903924332670e-01
9.890350428664175242e-01 0.000000000000000000e+00 2.164634722073572048e-01 5.301143903943081881e-01 0.000000000000000000e+00 6.719660369399957922e-01
1.000000000000000000e+00 9.859574183348368548e-01 6.155200111079429659e-01 5.699866682871690404e-01 3.997058093729629058e-01 6.602081551887004629e-01
1.000000000000000000e+00 8.709062328895977867e-01 0.000000000000000000e+00 6.084062668156473563e-01 0.000000000000000000e+00 7.491617888523514068e-01
1.000000000000000000e+00 9.164634080119926640e-01 0.000000000000000000e+00 6.187496406791318515e-01 0.000000000000000000e+00 7.614662913456226034e-01
1.000000000000000000e+00 4.881284240258428331e-01 1.000000000000000000e+00 1.000000000000000000e+00 0.000000000000000000e+00 1.000000000000000000e+00
1.000000000000000000e+00 7.726746930131007662e-01 1.000000000000000000e+00 0.000000000000000000e+00 0.000000000000000000e+00 1.000000000000000000e+00
1.000000000000000000e+00 1.000000000000000000e+00 1.000000000000000000e+00 5.900010339870412901e-01 1.872217653133985416e-01 1.000000000000000000e+00
1.000000000000000000e+00 1.000000000000000000e+00 1.000000000000000000e+00 5.954061974391987588e-01 1.853507538454329251e-01 1.000000000000000000e+00
8.321603506878196832e-01 1.934963789489488051e-01 3.872960045516694594e-01 3.327174527567225981e-01 8.050281302738011846e-02 1.000000000000000000e+00
1.000000000000000000e+00 4.115880160429157275e-01 4.315138390881163577e-01 7.268139026859340435e-01 9.880108157868792984e-02 1.000000000000000000e+00
5.627849101064534842e-01 7.599587712570796683e-01 5.108425320945332304e-01 3.415131212143519557e-01 0.000000000000000000e+00 1.000000000000000000e+00
6.552250814934215128e-01 0.000000000000000000e+00 3.751642095359305484e-01 2.834976775067700183e-01 0.000000000000000000e+00 1.000000000000000000e+00
5.392932716624393441e-01 1.000000000000000000e+00 3.452504460140017328e-01 4.431272297781456704e-01 1.290937570476380636e-01 1.000000000000000000e+00
4.836097603169338122e-01 1.000000000000000000e+00 1.596793649714219610e-01 5.066282791825276188e-01 0.000000000000000000e+00 8.127900306526268936e-01
1.777629252950196914e-01 1.000000000000000000e+00 1.000000000000000000e+00 9.831580859097996394e-02 0.000000000000000000e+00 1.000000000000000000e+00
2.520221340193812276e-01 1.000000000000000000e+00 1.000000000000000000e+00 0.000000000000000000e+00 0.000000000000000000e+00 1.000000000000000000e+00
2.032336272649294395e-01 1.000000000000000000e+00 1.000000000000000000e+00 7.183895242147605442e-01 0.000000000000000000e+00 1.000000000000000000e+00
1.000000000000000000e+00 0.000000000000000000e+00 1.000000000000000000e+00 4.082117714658717311e-01 0.000000000000000000e+00 1.000000000000000000e+00
5.892864007045679475e-01 1.000000000000000000e+00 2.450722820367014221e-01 2.116459565962373890e-01 0.000000000000000000e+00 1.000000000000000000e+00
5.912469043610409924e-01 1.000000000000000000e+00 4.051498686874930311e-01 2.506773501397048798e-01 0.000000000000000000e+00 1.000000000000000000e+00
5.820636540175502249e-01 2.335749715262075976e-01 0.000000000000000000e+00 5.324943914465373185e-01 0.000000000000000000e+00 1.000000000000000000e+00
7.253356107169197653e-01 4.468686744440694136e-01 6.970481078953266740e-01 2.769634420045783418e-01 0.000000000000000000e+00 8.808030553075892888e-01
6.979081198819546694e-01 4.084516744853685655e-01 7.638602046474458618e-01 2.466292802481120094e-01 0.000000000000000000e+00 8.403069832487924939e-01
6.070253952633857253e-01 3.582458767255694565e-01 8.602452008331841204e-01 1.576805734068598142e-01 0.000000000000000000e+00 8.215641525024705016e-01
5.727209978980404292e-01 3.640211433585718859e-01 8.436942734738586136e-01 1.074523817832626210e-01 0.000000000000000000e+00 8.406437882782498150e-01
5.754856782544605087e-01 3.630086275483378477e-01 8.409108000267304650e-01 1.068141065941069917e-01 0.000000000000000000e+00 8.394054530043900675e-01
5.736106127728933801e-01 3.708153559010118894e-01 8.355050470053649869e-01 1.249651048648015433e-01 0.000000000000000000e+00 8.367138996142787777e-01
4.367268304090985986e-01 3.470361106124748019e-01 8.548171998371869584e-01 1.900232614391879904e-01 0.000000000000000000e+00 8.463874917803883013e-01
4.713000100472234388e-01 3.572869650743577541e-01 8.361726193766820803e-01 2.204422180504778950e-01 0.000000000000000000e+00 8.347974732530646369e-01
4.409803984024521784e-01 4.445445513201288779e-01 9.508954635443263026e-01 2.151516286077748696e-01 0.000000000000000000e+00 8.885792343343016375e-01
4.396489398725177966e-01 4.466698897873068175e-01 9.549551096314256027e-01 2.130962640208844960e-01 0.000000000000000000e+00 8.871108249701350479e-01
4.307654689643189427e-01 4.496112684150335714e-01 9.414171950327824279e-01 2.084164324964416226e-01 0.000000000000000000e+00 8.891585352281282661e-01
4.339364796565543525e-01 4.483780866135850807e-01 9.431073240820574410e-01 2.075539515021419534e-01 0.000000000000000000e+00 8.885340899209656085e-01
4.352304623444587794e-01 4.618006135140882429e-01 1.000000000000000000e+00 2.288798705945001566e-01 0.000000000000000000e+00 9.061874249713203211e-01
4.301472989562350469e-01 4.644070894254176962e-01 1.000000000000000000e+00 2.289269415456342827e-01 0.000000000000000000e+00 9.044495461889084931e-01
4.285239908352947991e-01 4.679944288098195071e-01 1.000000000000000000e+00 2.286435361171751390e-01 0.000000000000000000e+00 9.009381750521887611e-01
4.258602879963818699e-01 4.752889925174724195e-01 1.000000000000000000e+00 2.276331715848715631e-01 0.000000000000000000e+00 9.046139079606256850e-01
4.215466403234011672e-01 4.714040875831905231e-01 1.000000000000000000e+00 2.241584610507802444e-01 0.000000000000000000e+00 9.045369437324055628e-01
4.206226115140072608e-01 4.720903221861915133e-01 1.000000000000000000e+00 2.234301674494630074e-01 0.000000000000000000e+00 9.046216106737950957e-01
4.279761127799394105e-01 4.662986145057201881e-01 1.000000000000000000e+00 2.251656600647963247e-01 0.000000000000000000e+00 9.025846136671616948e-01
4.508265450687395925e-01 4.651009121063763296e-01 1.000000000000000000e+00 2.243394234948666577e-01 0.000000000000000000e+00 9.027526571352032514e-01
4.543176837420192515e-01 4.570378521280178408e-01 1.000000000000000000e+00 2.244478086712947962e-01 0.000000000000000000e+00 9.020990966141688716e-01
4.472702443304568121e-01 4.757252942559760389e-01 1.000000000000000000e+00 1.972666944942744749e-01 0.000000000000000000e+00 9.078466276937232626e-01
4.425642646472012220e-01 4.779443431570906675e-01 1.000000000000000000e+00 1.813670281163820563e-01 0.000000000000000000e+00 9.103441850734740326e-01
