8.387286757380703062e-01
8.387286757380703062e-01
8.387286757380703062e-01
8.387286757380703062e-01
1.012412045114026604e+00
1.094505493273824737e+00
1.094505493273824737e+00
1.094505493273824737e+00
1.170175196988346489e+00
1.170175196988346489e+00
1.170175196988346489e+00
1.170175196988346489e+00
1.216175592445153386e+00
1.219072665429869362e+00
1.255850448553675891e+00
1.348855193507799033e+00
1.356555072892170477e+00
1.362304876327298686e+00
1.362304876327298686e+00
1.370113953217764635e+00
1.372965225913783449e+00
1.378645252195561888e+00
1.378645252195561888e+00
1.378645252195561888e+00
1.378645252195561888e+00
1.378645252195561888e+00
1.378645252195561888e+00
1.378645252195561888e+00
1.378645252195561888e+00
1.378645252195561888e+00
1.378645252195561888e+00
1.378645252195561888e+00
1.378645252195561888e+00
1.378645252195561888e+00
1.378645252195561888e+00
1.378645252195561888e+00
1.378645252195561888e+00
1.379725029067995656e+00
1.379725029067995656e+00
1.379725029067995656e+00
1.379725029067995656e+00
1.379725029067995656e+00
1.379725029067995656e+00
1.379725029067995656e+00
1.379725029067995656e+00
1.379725029067995656e+00
1.379725029067995656e+00
1.379725029067995656e+00
1.379725029067995656e+00
1.379725029067995656e+00
