6.861345171928405762e-01 9.137511253356933594e-03 7.869636416435241699e-01 1.549977660179138184e-01 1.075761318206787109e-01 8.340135216712951660e-01
8.106195330619812012e-01 7.710062861442565918e-01 7.350958585739135742e-01 7.428429126739501953e-01 2.008895874023437500e-01 7.370179891586303711e-02
7.406607866287231445e-01 2.214962840080261230e-01 7.831648588180541992e-01 5.098394155502319336e-01 3.114119768142700195e-01 1.417293548583984375e-01
2.820241451263427734e-02 7.794318199157714844e-01 8.982513546943664551e-01 5.904682278633117676e-01 8.449013233184814453e-01 4.062429070472717285e-01
8.293080329895019531e-02 5.236288309097290039e-01 4.879640936851501465e-01 9.731211066246032715e-01 2.909421920776367188e-03 5.776321887969970703e-02
3.524559140205383301e-01 4.175655841827392578e-01 9.947510957717895508e-01 3.433880209922790527e-01 2.811897993087768555e-01 1.905539035797119141e-01
8.416157364845275879e-01 4.536207914352416992e-01 5.514281988143920898e-01 6.813774108886718750e-01 8.982616662979125977e-01 7.049916982650756836e-01
1.062704920768737793e-01 5.870360136032104492e-02 6.726239323616027832e-01 6.426746845245361328e-01 7.386356592178344727e-01 2.047157883644104004e-01
5.164531469345092773e-01 7.302990555763244629e-01 7.027238011360168457e-01 1.393162012100219727e-01 7.905479669570922852e-01 4.448465108871459961e-01
6.360129117965698242e-01 6.194795966148376465e-01 1.764233708381652832e-01 9.262537956237792969e-01 7.359571456909179688e-01 8.988817930221557617e-01
1.000000000000000000e+00 2.775557561562891351e-17 0.000000000000000000e+00 1.000000000000000000e+00 1.000000000000000000e+00 0.000000000000000000e+00
1.000000000000000000e+00 1.000000000000000000e+00 0.000000000000000000e+00 0.000000000000000000e+00 0.000000000000000000e+00 1.000000000000000000e+00
1.000000000000000000e+00 0.000000000000000000e+00 0.000000000000000000e+00 5.458562839561960089e-01 1.000000000000000000e+00 1.000000000000000000e+00
1.000000000000000000e+00 0.000000000000000000e+00 0.000000000000000000e+00 1.000000000000000000e+00 9.610281954937140991e-01 1.000000000000000000e+00
1.000000000000000000e+00 1.000000000000000000e+00 1.633219466970143308e-01 1.000000000000000000e+00 1.000000000000000000e+00 1.000000000000000000e+00
1.000000000000000000e+00 9.903265735877350151e-01 1.932110162214827342e-01 1.000000000000000000e+00 1.000000000000000000e+00 1.000000000000000000e+00
2.252866354628909884e-01 1.000000000000000000e+00 0.000000000000000000e+00 1.000000000000000000e+00 1.000000000000000000e+00 1.000000000000000000e+00
1.000000000000000000e+00 1.000000000000000000e+00 0.000000000000000000e+00 1.000000000000000000e+00 4.710501431671633155e-01 1.000000000000000000e+00
0.000000000000000000e+00 0.000000000000000000e+00 0.000000000000000000e+00 2.507832684172560112e-01 0.000000000000000000e+00 1.000000000000000000e+00
5.848657375279784354e-01 0.000000000000000000e+00 1.000000000000000000e+00 1.000000000000000000e+00 0.000000000000000000e+00 1.000000000000000000e+00
1.000000000000000000e+00 6.377219177256896465e-01 0.000000000000000000e+00 1.000000000000000000e+00 0.000000000000000000e+00 1.000000000000000000e+00
1.000000000000000000e+00 6.731309751276713937e-01 0.000000000000000000e+00 1.000000000000000000e+00 6.960590370234814861e-01 1.000000000000000000e+00
1.000000000000000000e+00 7.740029562456618439e-01 0.000000000000000000e+00 1.000000000000000000e+00 7.370747848466197016e-01 1.000000000000000000e+00
1.000000000000000000e+00 7.817361152651525202e-01 0.000000000000000000e+00 9.683591877158219674e-01 6.914615137109059173e-01 1.000000000000000000e+00
1.000000000000000000e+00 8.358235459146099444e-01 0.000000000000000000e+00 8.429187198541049364e-01 6.556688528863691134e-01 1.000000000000000000e+00
1.000000000000000000e+00 9.479576423691083997e-01 0.000000000000000000e+00 7.731396364324810699e-01 5.983280032023212680e-01 1.000000000000000000e+00
1.000000000000000000e+00 7.918952108031358517e-01 0.000000000000000000e+00 7.727996173085627252e-01 5.457831863561416474e-01 1.000000000000000000e+00
1.000000000000000000e+00 8.737013587472499676e-01 0.000000000000000000e+00 7.814259200427960961e-01 5.295658645903518202e-01 1.000000000000000000e+00
1.000000000000000000e+00 7.785830591684286262e-01 0.000000000000000000e+00 7.688555175318315671e-01 6.045622215793331478e-01 1.000000000000000000e+00
1.000000000000000000e+00 7.974931264697325828e-01 0.000000000000000000e+00 7.501315365605860652e-01 6.368725389877359921e-01 1.000000000000000000e+00
1.000000000000000000e+00 8.114965588243125971e-01 2.720879413402237795e-02 7.514408507036035578e-01 6.283361915538963061e-01 1.000000000000000000e+00
1.000000000000000000e+00 8.826871126287409997e-01 4.434704114125922331e-02 7.427805928923308931e-01 5.953892419100887956e-01 6.810729214093816930e-01
1.000000000000000000e+00 8.550975432008928179e-01 1.328807923252015299e-01 7.439014152230976062e-01 5.671427784479187162e-01 1.000000000000000000e+00
1.000000000000000000e+00 1.000000000000000000e+00 1.000000000000000000e+00 4.569171991928179799e-01 0.000000000000000000e+00 1.000000000000000000e+00
1.000000000000000000e+00 1.000000000000000000e+00 0.000000000000000000e+00 1.000000000000000000e+00 1.000000000000000000e+00 0.000000000000000000e+00
1.000000000000000000e+00 1.000000000000000000e+00 1.000000000000000000e+00 1.000000000000000000e+00 0.000000000000000000e+00 1.000000000000000000e+00
0.000000000000000000e+00 1.000000000000000000e+00 1.000000000000000000e+00 0.000000000000000000e+00 0.000000000000000000e+00 1.000000000000000000e+00
1.000000000000000000e+00 0.000000000000000000e+00 0.000000000000000000e+00 1.000000000000000000e+00 0.000000000000000000e+00 0.000000000000000000e+00
1.000000000000000000e+00 1.000000000000000000e+00 0.000000000000000000e+00 4.942457911251918468e-01 0.000000000000000000e+00 0.000000000000000000e+00
1.000000000000000000e+00 0.000000000000000000e+00 1.000000000000000000e+00 1.000000000000000000e+00 1.000000000000000000e+00 0.000000000000000000e+00
0.000000000000000000e+00 0.000000000000000000e+00 1.000000000000000000e+00 0.000000000000000000e+00 1.000000000000000000e+00 1.000000000000000000e+00
9.345911293837065870e-01 7.831199335724539079e-01 9.026923560056673290e-01 1.242253737446687989e-01 1.641957353026857191e-04 6.846124572459078017e-02
1.001976067200303078e-01 5.798848345875740051e-03 1.025189254432916641e-01 1.066925637423992157e-01 2.259697830304503441e-01 5.950737185776233673e-02
0.000000000000000000e+00 1.000000000000000000e+00 0.000000000000000000e+00 0.000000000000000000e+00 5.168499076116376267e-01 0.000000000000000000e+00
7.589642334154644843e-01 9.848334738356906426e-01 9.890129387229655844e-01 4.577888213604325296e-01 8.739142674015067946e-01 9.629750423954265282e-01
9.101939145475625992e-01 3.777636028826236725e-02 5.642470903694629669e-03 8.294901745393872261e-01 4.452908495441079140e-01 7.373384479433298111e-01
1.000000000000000000e+00 8.105078514729956440e-01 8.874745238676563786e-02 7.347848315438192390e-01 6.341627999944584593e-01 1.000000000000000000e+00
1.000000000000000000e+00 0.000000000000000000e+00 0.000000000000000000e+00 1.000000000000000000e+00 8.359343545480029114e-01 5.562015988832926805e-01
0.000000000000000000e+00 0.000000000000000000e+00 0.000000000000000000e+00 1.000000000000000000e+00 6.787889058672831322e-01 0.000000000000000000e+00
1.000000000000000000e+00 0.000000000000000000e+00 1.000000000000000000e+00 1.000000000000000000e+00 0.000000000000000000e+00 0.000000000000000000e+00
0.000000000000000000e+00 1.000000000000000000e+00 1.000000000000000000e+00 6.981629738135060048e-01 0.000000000000000000e+00 1.000000000000000000e+00
1.000000000000000000e+00 0.000000000000000000e+00 3.189014945264423417e-01 1.000000000000000000e+00 4.127329426465470297e-01 5.457014175783080345e-01
1.000000000000000000e+00 0.000000000000000000e+00 0.000000000000000000e+00 0.000000000000000000e+00 0.000000000000000000e+00 0.000000000000000000e+00
1.000000000000000000e+00 0.000000000000000000e+00 0.000000000000000000e+00 0.000000000000000000e+00 1.000000000000000000e+00 0.000000000000000000e+00
1.000000000000000000e+00 1.000000000000000000e+00 1.000000000000000000e+00 0.000000000000000000e+00 2.013311202296743097e-01 1.000000000000000000e+00
1.000000000000000000e+00 0.000000000000000000e+00 0.000000000000000000e+00 4.379636703095951544e-01 0.000000000000000000e+00 3.199104732430128051e-01
0.000000000000000000e+00 0.000000000000000000e+00 1.000000000000000000e+00 1.000000000000000000e+00 0.000000000000000000e+00 0.000000000000000000e+00
1.000000000000000000e+00 1.000000000000000000e+00 0.000000000000000000e+00 1.000000000000000000e+00 0.000000000000000000e+00 4.275669610831003831e-01
2.749715435463429003e-03 5.059349663520815721e-01 9.447206042550576610e-02 3.182189787658407099e-02 9.928128668619696784e-01 9.870355554996763647e-01
2.251166726698983211e-01 1.326902652494021950e-02 4.711507047046542551e-02 9.627851651074263994e-01 8.115001851077712214e-01 8.484512317127678172e-01
