6.360129117965698242e-01 6.194795966148376465e-01 1.764233708381652832e-01 9.262537956237792969e-01 7.359571456909179688e-01 8.988817930221557617e-01
6.360129117965698242e-01 6.194795966148376465e-01 1.764233708381652832e-01 9.262537956237792969e-01 7.359571456909179688e-01 8.988817930221557617e-01
1.000000000000000000e+00 1.000000000000000000e+00 2.422248721122741699e-01 1.000000000000000000e+00 1.000000000000000000e+00 1.000000000000000000e+00
1.000000000000000000e+00 1.000000000000000000e+00 2.422248721122741699e-01 1.000000000000000000e+00 1.000000000000000000e+00 1.000000000000000000e+00
1.000000000000000000e+00 1.000000000000000000e+00 2.422248721122741699e-01 1.000000000000000000e+00 1.000000000000000000e+00 1.000000000000000000e+00
1.000000000000000000e+00 1.000000000000000000e+00 0.000000000000000000e+00 1.000000000000000000e+00 4.952675700187683105e-01 1.000000000000000000e+00
1.000000000000000000e+00 1.000000000000000000e+00 0.000000000000000000e+00 1.000000000000000000e+00 4.952675700187683105e-01 1.000000000000000000e+00
1.000000000000000000e+00 1.000000000000000000e+00 0.000000000000000000e+00 1.000000000000000000e+00 4.952675700187683105e-01 1.000000000000000000e+00
1.000000000000000000e+00 1.000000000000000000e+00 0.000000000000000000e+00 1.000000000000000000e+00 4.952675700187683105e-01 1.000000000000000000e+00
1.000000000000000000e+00 1.000000000000000000e+00 0.000000000000000000e+00 1.000000000000000000e+00 4.952675700187683105e-01 1.000000000000000000e+00
1.000000000000000000e+00 1.000000000000000000e+00 0.000000000000000000e+00 1.000000000000000000e+00 7.590144276618957520e-01 1.000000000000000000e+00
1.000000000000000000e+00 1.000000000000000000e+00 0.000000000000000000e+00 9.320109486579895020e-01 6.837015151977539062e-01 1.000000000000000000e+00
1.000000000000000000e+00 1.000000000000000000e+00 0.000000000000000000e+00 9.320109486579895020e-01 6.837015151977539062e-01 1.000000000000000000e+00
1.000000000000000000e+00 1.000000000000000000e+00 0.000000000000000000e+00 8.787974715232849121e-01 6.714112758636474609e-01 1.000000000000000000e+00
1.000000000000000000e+00 1.000000000000000000e+00 0.000000000000000000e+00 8.043662309646606445e-01 5.981273651123046875e-01 1.000000000000000000e+00
1.000000000000000000e+00 1.000000000000000000e+00 0.000000000000000000e+00 8.043662309646606445e-01 5.981273651123046875e-01 1.000000000000000000e+00
1.000000000000000000e+00 1.000000000000000000e+00 0.000000000000000000e+00 8.043662309646606445e-01 5.981273651123046875e-01 1.000000000000000000e+00
1.000000000000000000e+00 1.000000000000000000e+00 0.000000000000000000e+00 8.043662309646606445e-01 5.981273651123046875e-01 1.000000000000000000e+00
1.000000000000000000e+00 1.000000000000000000e+00 0.000000000000000000e+00 8.043662309646606445e-01 5.981273651123046875e-01 1.000000000000000000e+00
1.000000000000000000e+00 1.000000000000000000e+00 0.000000000000000000e+00 8.043662309646606445e-01 5.981273651123046875e-01 1.000000000000000000e+00
1.000000000000000000e+00 1.000000000000000000e+00 0.000000000000000000e+00 7.273736596107482910e-01 7.025428414344787598e-01 1.000000000000000000e+00
1.000000000000000000e+00 1.000000000000000000e+00 0.000000000000000000e+00 7.273736596107482910e-01 7.025428414344787598e-01 1.000000000000000000e+00
1.000000000000000000e+00 1.000000000000000000e+00 0.000000000000000000e+00 7.273736596107482910e-01 7.025428414344787598e-01 1.000000000000000000e+00
1.000000000000000000e+00 1.000000000000000000e+00 1.133990958333015442e-01 7.387367486953735352e-01 6.011670231819152832e-01 1.000000000000000000e+00
1.000000000000000000e+00 1.000000000000000000e+00 1.133990958333015442e-01 7.387367486953735352e-01 6.011670231819152832e-01 1.000000000000000000e+00
1.000000000000000000e+00 1.000000000000000000e+00 1.133990958333015442e-01 7.387367486953735352e-01 6.011670231819152832e-01 1.000000000000000000e+00
1.000000000000000000e+00 1.000000000000000000e+00 1.133990958333015442e-01 7.387367486953735352e-01 6.011670231819152832e-01 1.000000000000000000e+00
1.000000000000000000e+00 1.000000000000000000e+00 1.133990958333015442e-01 7.387367486953735352e-01 6.011670231819152832e-01 1.000000000000000000e+00
1.000000000000000000e+00 1.000000000000000000e+00 1.133990958333015442e-01 7.387367486953735352e-01 6.011670231819152832e-01 1.000000000000000000e+00
1.000000000000000000e+00 1.000000000000000000e+00 1.133990958333015442e-01 7.387367486953735352e-01 6.011670231819152832e-01 1.000000000000000000e+00
1.000000000000000000e+00 1.000000000000000000e+00 1.133990958333015442e-01 7.387367486953735352e-01 6.011670231819152832e-01 1.000000000000000000e+00
1.000000000000000000e+00 1.000000000000000000e+00 1.133990958333015442e-01 7.387367486953735352e-01 6.011670231819152832e-01 1.000000000000000000e+00
1.000000000000000000e+00 1.000000000000000000e+00 1.133990958333015442e-01 7.387367486953735352e-01 6.011670231819152832e-01 1.000000000000000000e+00
1.000000000000000000e+00 1.000000000000000000e+00 1.133990958333015442e-01 7.387367486953735352e-01 6.011670231819152832e-01 1.000000000000000000e+00
1.000000000000000000e+00 1.000000000000000000e+00 1.133990958333015442e-01 7.387367486953735352e-01 6.011670231819152832e-01 1.000000000000000000e+00
1.000000000000000000e+00 1.000000000000000000e+00 1.133990958333015442e-01 7.387367486953735352e-01 6.011670231819152832e-01 1.000000000000000000e+00
1.000000000000000000e+00 1.000000000000000000e+00 1.133990958333015442e-01 7.387367486953735352e-01 6.011670231819152832e-01 1.000000000000000000e+00
1.000000000000000000e+00 1.000000000000000000e+00 1.133990958333015442e-01 7.387367486953735352e-01 6.011670231819152832e-01 1.000000000000000000e+00
1.000000000000000000e+00 1.000000000000000000e+00 1.133990958333015442e-01 7.387367486953735352e-01 6.011670231819152832e-01 1.000000000000000000e+00
1.000000000000000000e+00 1.000000000000000000e+00 1.133990958333015442e-01 7.387367486953735352e-01 6.011670231819152832e-01 1.000000000000000000e+00
1.000000000000000000e+00 1.000000000000000000e+00 1.133990958333015442e-01 7.387367486953735352e-01 6.011670231819152832e-01 1.000000000000000000e+00
1.000000000000000000e+00 1.000000000000000000e+00 1.133990958333015442e-01 7.387367486953735352e-01 6.011670231819152832e-01 1.000000000000000000e+00
1.000000000000000000e+00 1.000000000000000000e+00 1.133990958333015442e-01 7.387367486953735352e-01 6.011670231819152832e-01 1.000000000000000000e+00
1.000000000000000000e+00 1.000000000000000000e+00 1.133990958333015442e-01 7.387367486953735352e-01 6.011670231819152832e-01 1.000000000000000000e+00
1.000000000000000000e+00 1.000000000000000000e+00 1.133990958333015442e-01 7.387367486953735352e-01 6.011670231819152832e-01 1.000000000000000000e+00
1.000000000000000000e+00 8.581833243370056152e-01 1.391349136829376221e-01 7.654272317886352539e-01 5.771614313125610352e-01 1.000000000000000000e+00
1.000000000000000000e+00 8.581833243370056152e-01 1.391349136829376221e-01 7.654272317886352539e-01 5.771614313125610352e-01 1.000000000000000000e+00
1.000000000000000000e+00 8.581833243370056152e-01 1.391349136829376221e-01 7.654272317886352539e-01 5.771614313125610352e-01 1.000000000000000000e+00
1.000000000000000000e+00 8.581833243370056152e-01 1.391349136829376221e-01 7.654272317886352539e-01 5.771614313125610352e-01 1.000000000000000000e+00
1.000000000000000000e+00 8.581833243370056152e-01 1.391349136829376221e-01 7.654272317886352539e-01 5.771614313125610352e-01 1.000000000000000000e+00
1.000000000000000000e+00 8.581833243370056152e-01 1.391349136829376221e-01 7.654272317886352539e-01 5.771614313125610352e-01 1.000000000000000000e+00
1.000000000000000000e+00 8.581833243370056152e-01 1.391349136829376221e-01 7.654272317886352539e-01 5.771614313125610352e-01 1.000000000000000000e+00
1.000000000000000000e+00 8.581833243370056152e-01 1.391349136829376221e-01 7.654272317886352539e-01 5.771614313125610352e-01 1.000000000000000000e+00
1.000000000000000000e+00 8.581833243370056152e-01 1.391349136829376221e-01 7.654272317886352539e-01 5.771614313125610352e-01 1.000000000000000000e+00
1.000000000000000000e+00 8.581833243370056152e-01 1.391349136829376221e-01 7.654272317886352539e-01 5.771614313125610352e-01 1.000000000000000000e+00
1.000000000000000000e+00 8.581833243370056152e-01 1.391349136829376221e-01 7.654272317886352539e-01 5.771614313125610352e-01 1.000000000000000000e+00
1.000000000000000000e+00 8.581833243370056152e-01 1.391349136829376221e-01 7.654272317886352539e-01 5.771614313125610352e-01 1.000000000000000000e+00
1.000000000000000000e+00 8.581833243370056152e-01 1.391349136829376221e-01 7.654272317886352539e-01 5.771614313125610352e-01 1.000000000000000000e+00
1.000000000000000000e+00 8.581833243370056152e-01 1.391349136829376221e-01 7.654272317886352539e-01 5.771614313125610352e-01 1.000000000000000000e+00
1.000000000000000000e+00 8.581833243370056152e-01 1.391349136829376221e-01 7.654272317886352539e-01 5.771614313125610352e-01 1.000000000000000000e+00
1.000000000000000000e+00 8.581833243370056152e-01 1.391349136829376221e-01 7.654272317886352539e-01 5.771614313125610352e-01 1.000000000000000000e+00
1.000000000000000000e+00 8.581833243370056152e-01 1.391349136829376221e-01 7.654272317886352539e-01 5.771614313125610352e-01 1.000000000000000000e+00
1.000000000000000000e+00 8.581833243370056152e-01 1.391349136829376221e-01 7.654272317886352539e-01 5.771614313125610352e-01 1.000000000000000000e+00
1.000000000000000000e+00 8.581833243370056152e-01 1.391349136829376221e-01 7.654272317886352539e-01 5.771614313125610352e-01 1.000000000000000000e+00
1.000000000000000000e+00 8.581833243370056152e-01 1.391349136829376221e-01 7.654272317886352539e-01 5.771614313125610352e-01 1.000000000000000000e+00
1.000000000000000000e+00 8.581833243370056152e-01 1.391349136829376221e-01 7.654272317886352539e-01 5.771614313125610352e-01 1.000000000000000000e+00
1.000000000000000000e+00 8.581833243370056152e-01 1.391349136829376221e-01 7.654272317886352539e-01 5.771614313125610352e-01 1.000000000000000000e+00
1.000000000000000000e+00 8.581833243370056152e-01 1.391349136829376221e-01 7.654272317886352539e-01 5.771614313125610352e-01 1.000000000000000000e+00
1.000000000000000000e+00 8.581833243370056152e-01 1.391349136829376221e-01 7.654272317886352539e-01 5.771614313125610352e-01 1.000000000000000000e+00
1.000000000000000000e+00 8.581833243370056152e-01 1.391349136829376221e-01 7.654272317886352539e-01 5.771614313125610352e-01 1.000000000000000000e+00
1.000000000000000000e+00 8.581833243370056152e-01 1.391349136829376221e-01 7.654272317886352539e-01 5.771614313125610352e-01 1.000000000000000000e+00
1.000000000000000000e+00 8.581833243370056152e-01 1.391349136829376221e-01 7.654272317886352539e-01 5.771614313125610352e-01 1.000000000000000000e+00
1.000000000000000000e+00 8.581833243370056152e-01 1.391349136829376221e-01 7.654272317886352539e-01 5.771614313125610352e-01 1.000000000000000000e+00
1.000000000000000000e+00 8.581833243370056152e-01 1.391349136829376221e-01 7.654272317886352539e-01 5.771614313125610352e-01 1.000000000000000000e+00
1.000000000000000000e+00 8.581833243370056152e-01 1.391349136829376221e-01 7.654272317886352539e-01 5.771614313125610352e-01 1.000000000000000000e+00
1.000000000000000000e+00 8.581833243370056152e-01 1.391349136829376221e-01 7.654272317886352539e-01 5.771614313125610352e-01 1.000000000000000000e+00
1.000000000000000000e+00 8.581833243370056152e-01 1.391349136829376221e-01 7.654272317886352539e-01 5.771614313125610352e-01 1.000000000000000000e+00
1.000000000000000000e+00 8.581833243370056152e-01 1.391349136829376221e-01 7.654272317886352539e-01 5.771614313125610352e-01 1.000000000000000000e+00
1.000000000000000000e+00 8.581833243370056152e-01 1.391349136829376221e-01 7.654272317886352539e-01 5.771614313125610352e-01 1.000000000000000000e+00
1.000000000000000000e+00 8.581833243370056152e-01 1.391349136829376221e-01 7.654272317886352539e-01 5.771614313125610352e-01 1.000000000000000000e+00
1.000000000000000000e+00 8.581833243370056152e-01 1.391349136829376221e-01 7.654272317886352539e-01 5.771614313125610352e-01 1.000000000000000000e+00
1.000000000000000000e+00 8.581833243370056152e-01 1.391349136829376221e-01 7.654272317886352539e-01 5.771614313125610352e-01 1.000000000000000000e+00
1.000000000000000000e+00 8.581833243370056152e-01 1.391349136829376221e-01 7.654272317886352539e-01 5.771614313125610352e-01 1.000000000000000000e+00
1.000000000000000000e+00 8.581833243370056152e-01 1.391349136829376221e-01 7.654272317886352539e-01 5.771614313125610352e-01 1.000000000000000000e+00
1.000000000000000000e+00 8.581833243370056152e-01 1.391349136829376221e-01 7.654272317886352539e-01 5.771614313125610352e-01 1.000000000000000000e+00
1.000000000000000000e+00 8.581833243370056152e-01 1.391349136829376221e-01 7.654272317886352539e-01 5.771614313125610352e-01 1.000000000000000000e+00
1.000000000000000000e+00 8.581833243370056152e-01 1.391349136829376221e-01 7.654272317886352539e-01 5.771614313125610352e-01 1.000000000000000000e+00
1.000000000000000000e+00 8.581833243370056152e-01 1.391349136829376221e-01 7.654272317886352539e-01 5.771614313125610352e-01 1.000000000000000000e+00
1.000000000000000000e+00 8.581833243370056152e-01 1.391349136829376221e-01 7.654272317886352539e-01 5.771614313125610352e-01 1.000000000000000000e+00
1.000000000000000000e+00 8.581833243370056152e-01 1.391349136829376221e-01 7.654272317886352539e-01 5.771614313125610352e-01 1.000000000000000000e+00
1.000000000000000000e+00 8.581833243370056152e-01 1.391349136829376221e-01 7.654272317886352539e-01 5.771614313125610352e-01 1.000000000000000000e+00
1.000000000000000000e+00 8.581833243370056152e-01 1.391349136829376221e-01 7.654272317886352539e-01 5.771614313125610352e-01 1.000000000000000000e+00
1.000000000000000000e+00 8.581833243370056152e-01 1.391349136829376221e-01 7.654272317886352539e-01 5.771614313125610352e-01 1.000000000000000000e+00
1.000000000000000000e+00 8.581833243370056152e-01 1.391349136829376221e-01 7.654272317886352539e-01 5.771614313125610352e-01 1.000000000000000000e+00
1.000000000000000000e+00 8.581833243370056152e-01 1.391349136829376221e-01 7.654272317886352539e-01 5.771614313125610352e-01 1.000000000000000000e+00
1.000000000000000000e+00 8.581833243370056152e-01 1.391349136829376221e-01 7.654272317886352539e-01 5.771614313125610352e-01 1.000000000000000000e+00
1.000000000000000000e+00 8.581833243370056152e-01 1.391349136829376221e-01 7.654272317886352539e-01 5.771614313125610352e-01 1.000000000000000000e+00
1.000000000000000000e+00 8.581833243370056152e-01 1.391349136829376221e-01 7.654272317886352539e-01 5.771614313125610352e-01 1.000000000000000000e+00
1.000000000000000000e+00 8.581833243370056152e-01 1.391349136829376221e-01 7.654272317886352539e-01 5.771614313125610352e-01 1.000000000000000000e+00
1.000000000000000000e+00 8.581833243370056152e-01 1.391349136829376221e-01 7.654272317886352539e-01 5.771614313125610352e-01 1.000000000000000000e+00
