4.264873757787390751e-01
4.264873757787390751e-01
4.264873757787390751e-01
4.469959812253084808e-01
4.469959812253084808e-01
6.014551382342752106e-01
6.014551382342752106e-01
6.014551382342752106e-01
6.014551382342752106e-01
6.794901494054935709e-01
6.794901494054935709e-01
6.794901494054935709e-01
6.794901494054935709e-01
6.794901494054935709e-01
6.794901494054935709e-01
1.216625489259700155e+00
1.216625489259700155e+00
1.216625489259700155e+00
1.278197871729478852e+00
1.278197871729478852e+00
1.278197871729478852e+00
1.278197871729478852e+00
1.278197871729478852e+00
1.278197871729478852e+00
1.278197871729478852e+00
1.278197871729478852e+00
1.278197871729478852e+00
1.278197871729478852e+00
1.278197871729478852e+00
1.278197871729478852e+00
1.278197871729478852e+00
1.278197871729478852e+00
1.278197871729478852e+00
1.282491150251776180e+00
1.282491150251776180e+00
1.282491150251776180e+00
1.282491150251776180e+00
1.282491150251776180e+00
1.282491150251776180e+00
1.282491150251776180e+00
1.282491150251776180e+00
1.282491150251776180e+00
1.282491150251776180e+00
1.282491150251776180e+00
1.282491150251776180e+00
1.282491150251776180e+00
1.282491150251776180e+00
1.282491150251776180e+00
1.282491150251776180e+00
1.282491150251776180e+00
1.282491150251776180e+00
1.282491150251776180e+00
1.282491150251776180e+00
1.282491150251776180e+00
1.287325032099420508e+00
1.287325032099420508e+00
1.287325032099420508e+00
1.287325032099420508e+00
1.287325032099420508e+00
1.287325032099420508e+00
1.287325032099420508e+00
1.287325032099420508e+00
1.287325032099420508e+00
1.287325032099420508e+00
1.287325032099420508e+00
1.287325032099420508e+00
1.287325032099420508e+00
1.287325032099420508e+00
1.287325032099420508e+00
1.287325032099420508e+00
1.287325032099420508e+00
1.287325032099420508e+00
1.287325032099420508e+00
1.287325032099420508e+00
1.287325032099420508e+00
1.287325032099420508e+00
1.287325032099420508e+00
1.287325032099420508e+00
1.287325032099420508e+00
1.287325032099420508e+00
1.287325032099420508e+00
1.287325032099420508e+00
1.287325032099420508e+00
1.287325032099420508e+00
1.287325032099420508e+00
1.287325032099420508e+00
1.287325032099420508e+00
1.287325032099420508e+00
1.287325032099420508e+00
1.287325032099420508e+00
1.287325032099420508e+00
1.287325032099420508e+00
1.287325032099420508e+00
1.287325032099420508e+00
1.287325032099420508e+00
1.287325032099420508e+00
1.287325032099420508e+00
1.287325032099420508e+00
1.287325032099420508e+00
1.287325032099420508e+00
