-6.846689308452744704e-01
-4.406118470982189894e-01
3.356959703835339370e-01
-3.895688063430083337e-01
3.508569555305472987e-01
-8.981072021106753511e-02
4.488689531992107185e-02
7.303078372572521793e-02
3.605503394644192228e-01
4.264873757787398523e-01
8.723565686168770206e-02
3.847906058402752461e-01
1.134844069986696180e+00
6.328793833928370027e-01
9.257507357684459093e-01
2.986596284833387682e-01
1.253693581122264922e+00
5.401168456042935162e-01
1.278153102845373867e+00
7.579283981523288194e-01
9.390717176705816183e-01
9.498585999131092805e-01
5.958401372399382279e-01
1.269958668447360717e+00
1.165557627258870133e+00
1.106969204540416696e+00
9.698772113868470157e-01
7.963118563037645536e-01
7.738511284876488094e-01
1.274166738413758049e+00
9.247291584966702005e-02
3.211396651495685983e-01
3.711831753363442066e-01
3.752643415553969519e-01
-3.384383011077474190e-01
2.863317126687313641e-01
1.818533150882545996e-02
1.663208320858876321e-02
3.129428748735930133e-01
6.778734357371332120e-01
-9.205062551043556585e-02
-2.360874885881513591e-02
3.317683418441345067e-01
1.207322237036440704e+00
5.173813129431876767e-01
-1.226717407049990882e-01
2.047497368257311656e-01
-4.311619484942764702e-01
7.266867369073642946e-01
1.324285201114713262e-01
-6.847906583061579289e-01
4.151299605278434002e-01
2.691711070884219015e-01
-2.336109141120544797e-01
-7.950899401602542493e-01
-1.123123174350646236e+00
2.518943559774929897e-01
-1.161284230844648602e-01
3.992480361704602299e-01
5.405124378854639922e-01
