7.534330487251281738e-01 2.569813728332519531e-01 5.368750095367431641e-01 7.014245390892028809e-01
7.534330487251281738e-01 2.569813728332519531e-01 5.368750095367431641e-01 7.014245390892028809e-01
7.534330487251281738e-01 2.569813728332519531e-01 5.368750095367431641e-01 7.014245390892028809e-01
7.534330487251281738e-01 2.569813728332519531e-01 5.368750095367431641e-01 7.014245390892028809e-01
7.534330487251281738e-01 2.569813728332519531e-01 5.368750095367431641e-01 7.014245390892028809e-01
7.534330487251281738e-01 2.569813728332519531e-01 5.368750095367431641e-01 7.014245390892028809e-01
7.534330487251281738e-01 2.569813728332519531e-01 5.368750095367431641e-01 7.014245390892028809e-01
7.534330487251281738e-01 2.569813728332519531e-01 5.368750095367431641e-01 7.014245390892028809e-01
7.534330487251281738e-01 2.569813728332519531e-01 5.368750095367431641e-01 7.014245390892028809e-01
7.534330487251281738e-01 2.569813728332519531e-01 5.368750095367431641e-01 7.014245390892028809e-01
7.534330487251281738e-01 2.569813728332519531e-01 5.368750095367431641e-01 7.014245390892028809e-01
7.534330487251281738e-01 2.569813728332519531e-01 5.368750095367431641e-01 7.014245390892028809e-01
7.534330487251281738e-01 2.569813728332519531e-01 5.368750095367431641e-01 7.014245390892028809e-01
7.534330487251281738e-01 2.569813728332519531e-01 5.368750095367431641e-01 7.014245390892028809e-01
7.534330487251281738e-01 2.569813728332519531e-01 5.368750095367431641e-01 7.014245390892028809e-01
7.534330487251281738e-01 2.569813728332519531e-01 5.368750095367431641e-01 7.014245390892028809e-01
7.534330487251281738e-01 2.569813728332519531e-01 5.368750095367431641e-01 7.014245390892028809e-01
7.534330487251281738e-01 2.569813728332519531e-01 5.368750095367431641e-01 7.014245390892028809e-01
7.534330487251281738e-01 2.569813728332519531e-01 5.368750095367431641e-01 7.014245390892028809e-01
7.534330487251281738e-01 2.569813728332519531e-01 5.368750095367431641e-01 7.014245390892028809e-01
7.534330487251281738e-01 2.569813728332519531e-01 5.368750095367431641e-01 7.014245390892028809e-01
7.534330487251281738e-01 2.569813728332519531e-01 5.368750095367431641e-01 7.014245390892028809e-01
7.534330487251281738e-01 2.569813728332519531e-01 5.368750095367431641e-01 7.014245390892028809e-01
7.534330487251281738e-01 2.569813728332519531e-01 5.368750095367431641e-01 7.014245390892028809e-01
7.534330487251281738e-01 2.569813728332519531e-01 5.368750095367431641e-01 7.014245390892028809e-01
7.534330487251281738e-01 2.569813728332519531e-01 5.368750095367431641e-01 7.014245390892028809e-01
7.534330487251281738e-01 2.569813728332519531e-01 5.368750095367431641e-01 7.014245390892028809e-01
7.534330487251281738e-01 2.569813728332519531e-01 5.368750095367431641e-01 7.014245390892028809e-01
7.534330487251281738e-01 2.569813728332519531e-01 5.368750095367431641e-01 7.014245390892028809e-01
7.534330487251281738e-01 2.569813728332519531e-01 5.368750095367431641e-01 7.014245390892028809e-01
7.534330487251281738e-01 2.569813728332519531e-01 5.368750095367431641e-01 7.014245390892028809e-01
7.534330487251281738e-01 2.569813728332519531e-01 5.368750095367431641e-01 7.014245390892028809e-01
7.534330487251281738e-01 2.569813728332519531e-01 5.368750095367431641e-01 7.014245390892028809e-01
7.534330487251281738e-01 2.569813728332519531e-01 5.368750095367431641e-01 7.014245390892028809e-01
7.534330487251281738e-01 2.569813728332519531e-01 5.368750095367431641e-01 7.014245390892028809e-01
7.534330487251281738e-01 2.569813728332519531e-01 5.368750095367431641e-01 7.014245390892028809e-01
7.534330487251281738e-01 2.569813728332519531e-01 5.368750095367431641e-01 7.014245390892028809e-01
7.534330487251281738e-01 2.569813728332519531e-01 5.368750095367431641e-01 7.014245390892028809e-01
7.534330487251281738e-01 2.569813728332519531e-01 5.368750095367431641e-01 7.014245390892028809e-01
7.534330487251281738e-01 2.569813728332519531e-01 5.368750095367431641e-01 7.014245390892028809e-01
7.534330487251281738e-01 2.569813728332519531e-01 5.368750095367431641e-01 7.014245390892028809e-01
7.534330487251281738e-01 2.569813728332519531e-01 5.368750095367431641e-01 7.014245390892028809e-01
7.534330487251281738e-01 2.569813728332519531e-01 5.368750095367431641e-01 7.014245390892028809e-01
7.534330487251281738e-01 2.569813728332519531e-01 5.368750095367431641e-01 7.014245390892028809e-01
7.534330487251281738e-01 2.569813728332519531e-01 5.368750095367431641e-01 7.014245390892028809e-01
7.534330487251281738e-01 2.569813728332519531e-01 5.368750095367431641e-01 7.014245390892028809e-01
7.534330487251281738e-01 2.569813728332519531e-01 5.368750095367431641e-01 7.014245390892028809e-01
7.534330487251281738e-01 2.569813728332519531e-01 5.368750095367431641e-01 7.014245390892028809e-01
7.534330487251281738e-01 2.569813728332519531e-01 5.368750095367431641e-01 7.014245390892028809e-01
7.534330487251281738e-01 2.569813728332519531e-01 5.368750095367431641e-01 7.014245390892028809e-01
7.534330487251281738e-01 2.569813728332519531e-01 5.368750095367431641e-01 7.014245390892028809e-01
8.935335278511047363e-01 4.076804518699645996e-01 6.036913394927978516e-02 3.656567335128784180e-01
8.935335278511047363e-01 4.076804518699645996e-01 6.036913394927978516e-02 3.656567335128784180e-01
8.935335278511047363e-01 4.076804518699645996e-01 6.036913394927978516e-02 3.656567335128784180e-01
8.935335278511047363e-01 4.076804518699645996e-01 6.036913394927978516e-02 3.656567335128784180e-01
8.935335278511047363e-01 4.076804518699645996e-01 6.036913394927978516e-02 3.656567335128784180e-01
8.935335278511047363e-01 4.076804518699645996e-01 6.036913394927978516e-02 3.656567335128784180e-01
8.935335278511047363e-01 4.076804518699645996e-01 6.036913394927978516e-02 3.656567335128784180e-01
8.935335278511047363e-01 4.076804518699645996e-01 6.036913394927978516e-02 3.656567335128784180e-01
8.935335278511047363e-01 4.076804518699645996e-01 6.036913394927978516e-02 3.656567335128784180e-01
8.935335278511047363e-01 4.076804518699645996e-01 6.036913394927978516e-02 3.656567335128784180e-01
8.935335278511047363e-01 4.076804518699645996e-01 6.036913394927978516e-02 3.656567335128784180e-01
8.935335278511047363e-01 4.076804518699645996e-01 6.036913394927978516e-02 3.656567335128784180e-01
8.935335278511047363e-01 4.076804518699645996e-01 6.036913394927978516e-02 3.656567335128784180e-01
8.935335278511047363e-01 4.076804518699645996e-01 6.036913394927978516e-02 3.656567335128784180e-01
8.935335278511047363e-01 4.076804518699645996e-01 6.036913394927978516e-02 3.656567335128784180e-01
8.935335278511047363e-01 4.076804518699645996e-01 6.036913394927978516e-02 3.656567335128784180e-01
8.935335278511047363e-01 4.076804518699645996e-01 6.036913394927978516e-02 3.656567335128784180e-01
8.935335278511047363e-01 4.076804518699645996e-01 6.036913394927978516e-02 3.656567335128784180e-01
8.935335278511047363e-01 4.076804518699645996e-01 6.036913394927978516e-02 3.656567335128784180e-01
8.935335278511047363e-01 4.076804518699645996e-01 6.036913394927978516e-02 3.656567335128784180e-01
8.935335278511047363e-01 4.076804518699645996e-01 6.036913394927978516e-02 3.656567335128784180e-01
8.935335278511047363e-01 4.076804518699645996e-01 6.036913394927978516e-02 3.656567335128784180e-01
8.935335278511047363e-01 4.076804518699645996e-01 6.036913394927978516e-02 3.656567335128784180e-01
8.935335278511047363e-01 4.076804518699645996e-01 6.036913394927978516e-02 3.656567335128784180e-01
8.935335278511047363e-01 4.076804518699645996e-01 6.036913394927978516e-02 3.656567335128784180e-01
8.935335278511047363e-01 4.076804518699645996e-01 6.036913394927978516e-02 3.656567335128784180e-01
8.935335278511047363e-01 4.076804518699645996e-01 6.036913394927978516e-02 3.656567335128784180e-01
8.935335278511047363e-01 4.076804518699645996e-01 6.036913394927978516e-02 3.656567335128784180e-01
8.935335278511047363e-01 4.076804518699645996e-01 6.036913394927978516e-02 3.656567335128784180e-01
8.935335278511047363e-01 4.076804518699645996e-01 6.036913394927978516e-02 3.656567335128784180e-01
9.311961531639099121e-01 2.798888683319091797e-01 6.198920011520385742e-01 2.438201904296875000e-01
9.311961531639099121e-01 2.798888683319091797e-01 6.198920011520385742e-01 2.438201904296875000e-01
9.311961531639099121e-01 2.798888683319091797e-01 6.198920011520385742e-01 2.438201904296875000e-01
9.311961531639099121e-01 2.798888683319091797e-01 6.198920011520385742e-01 2.438201904296875000e-01
9.311961531639099121e-01 2.798888683319091797e-01 6.198920011520385742e-01 2.438201904296875000e-01
9.311961531639099121e-01 2.798888683319091797e-01 6.198920011520385742e-01 2.438201904296875000e-01
9.311961531639099121e-01 2.798888683319091797e-01 6.198920011520385742e-01 2.438201904296875000e-01
9.311961531639099121e-01 2.798888683319091797e-01 6.198920011520385742e-01 2.438201904296875000e-01
9.311961531639099121e-01 2.798888683319091797e-01 6.198920011520385742e-01 2.438201904296875000e-01
9.646781682968139648e-01 4.783856272697448730e-01 6.343269348144531250e-02 6.091165542602539062e-02
9.646781682968139648e-01 4.783856272697448730e-01 6.343269348144531250e-02 6.091165542602539062e-02
9.646781682968139648e-01 4.783856272697448730e-01 6.343269348144531250e-02 6.091165542602539062e-02
9.646781682968139648e-01 4.783856272697448730e-01 6.343269348144531250e-02 6.091165542602539062e-02
9.646781682968139648e-01 4.783856272697448730e-01 6.343269348144531250e-02 6.091165542602539062e-02
9.646781682968139648e-01 4.783856272697448730e-01 6.343269348144531250e-02 6.091165542602539062e-02
9.646781682968139648e-01 4.783856272697448730e-01 6.343269348144531250e-02 6.091165542602539062e-02
9.646781682968139648e-01 4.783856272697448730e-01 6.343269348144531250e-02 6.091165542602539062e-02
9.646781682968139648e-01 4.783856272697448730e-01 6.343269348144531250e-02 6.091165542602539062e-02
9.646781682968139648e-01 4.783856272697448730e-01 6.343269348144531250e-02 6.091165542602539062e-02
