1.468299031257629395e-01 2.009427547454833984e-01 7.932231426239013672e-01 9.197006821632385254e-01 2.484858036041259766e-01 4.649716615676879883e-01
3.774271607398986816e-01 8.905532956123352051e-01 3.520988225936889648e-01 9.816942811012268066e-01 4.144651889801025391e-01 4.521902203559875488e-01
1.119649410247802734e-02 8.693099021911621094e-02 7.189199328422546387e-01 8.991847038269042969e-01 7.475460171699523926e-01 2.571461796760559082e-01
2.902164459228515625e-01 5.546762943267822266e-01 6.433160901069641113e-01 9.080290794372558594e-01 7.339046597480773926e-01 2.298982143402099609e-01
8.150950074195861816e-01 5.044490098953247070e-02 4.978009462356567383e-01 1.555693745613098145e-01 5.408614873886108398e-02 5.086708664894104004e-01
8.427094817161560059e-01 1.860617995262145996e-01 3.058414459228515625e-01 4.468457698822021484e-01 8.394238948822021484e-01 1.654054522514343262e-01
1.329441070556640625e-01 2.976991534233093262e-01 3.551440834999084473e-01 5.366288423538208008e-01 8.931001424789428711e-01 6.661768555641174316e-01
5.792426466941833496e-01 1.335192322731018066e-01 4.649944901466369629e-01 2.994686365127563477e-02 3.410550355911254883e-01 7.772112488746643066e-01
6.162517666816711426e-01 1.729342341423034668e-01 3.788166046142578125e-01 5.053346157073974609e-01 7.998817563056945801e-01 6.606492400169372559e-01
2.136625647544860840e-01 1.126593947410583496e-01 4.134612083435058594e-01 3.893413543701171875e-01 2.330541610717773438e-04 4.826659560203552246e-01
3.922506570816040039e-01 1.875471472740173340e-01 5.875955224037170410e-01 2.773618698120117188e-01 9.687146544456481934e-01 5.904226899147033691e-01
6.473837494850158691e-01 6.941035985946655273e-01 1.870955228805541992e-01 9.183361530303955078e-01 7.167792916297912598e-01 5.753619074821472168e-01
2.235544919967651367e-01 9.413617849349975586e-02 8.193596601486206055e-01 8.895587325096130371e-01 8.502289652824401855e-01 5.242938399314880371e-01
7.496305704116821289e-01 3.204957842826843262e-01 8.654969930648803711e-02 1.879739761352539062e-02 3.112912178039550781e-02 5.932731032371520996e-01
2.976845502853393555e-01 8.178088665008544922e-01 9.637774825096130371e-01 6.369386315345764160e-01 5.691653490066528320e-01 9.221104979515075684e-01
5.385084152221679688e-01 2.520508766174316406e-01 9.022521376609802246e-01 5.306496620178222656e-01 7.901223301887512207e-01 5.445539355278015137e-01
4.752752780914306641e-01 5.042469501495361328e-02 9.847307205200195312e-01 7.797248959541320801e-01 7.568959593772888184e-01 5.143392086029052734e-02
4.980552196502685547e-01 6.447139382362365723e-01 9.454593062400817871e-01 8.319378495216369629e-01 1.483934521675109863e-01 9.407889246940612793e-01
6.165494322776794434e-01 4.672583937644958496e-01 6.380094289779663086e-01 2.532680630683898926e-01 6.904608011245727539e-02 6.756961345672607422e-03
3.763129711151123047e-01 1.917463541030883789e-02 6.691515445709228516e-03 8.763945698738098145e-01 1.892045140266418457e-01 7.987971305847167969e-01
2.060372829437255859e-01 7.936309576034545898e-01 1.556569337844848633e-02 5.278867483139038086e-01 4.440581202507019043e-01 5.262911915779113770e-01
5.538288354873657227e-01 2.886903285980224609e-02 2.098737359046936035e-01 2.957814335823059082e-01 9.512489438056945801e-01 8.227762579917907715e-01
1.969378590583801270e-01 3.566600084304809570e-01 4.191839098930358887e-01 2.351136207580566406e-01 8.011555075645446777e-01 5.109453201293945312e-01
6.139983534812927246e-01 6.643329858779907227e-01 9.312371015548706055e-01 8.475183844566345215e-01 1.316493749618530273e-01 2.856093645095825195e-01
2.181836366653442383e-01 6.754768490791320801e-01 7.573765516281127930e-01 7.020384073257446289e-02 7.278776168823242188e-01 2.242763042449951172e-01
1.108413338661193848e-01 7.887401580810546875e-01 9.308384060859680176e-01 6.500689387321472168e-01 9.915032386779785156e-01 1.507028341293334961e-01
7.400060892105102539e-01 9.976661205291748047e-02 7.027179002761840820e-02 9.637320637702941895e-01 1.071370244026184082e-01 5.888590216636657715e-01
8.072056174278259277e-01 2.917873859405517578e-02 4.956603050231933594e-02 6.064956188201904297e-01 1.717162728309631348e-01 3.753883242607116699e-01
9.084804654121398926e-01 9.815305471420288086e-02 8.723195195198059082e-01 7.060422301292419434e-01 2.059442996978759766e-01 7.103679180145263672e-01
2.841715216636657715e-01 7.828950881958007812e-03 3.361523151397705078e-01 7.564613819122314453e-01 9.299690127372741699e-01 5.679386854171752930e-02
3.142297267913818359e-03 3.143435716629028320e-02 3.591563105583190918e-01 3.622521162033081055e-01 7.428325414657592773e-01 2.245153784751892090e-01
2.333498001098632812e-02 9.519527554512023926e-01 3.731895089149475098e-01 5.989436507225036621e-01 4.818221330642700195e-01 1.351401805877685547e-01
9.782799482345581055e-01 9.479360580444335938e-01 4.734390377998352051e-01 8.169713020324707031e-01 8.442350625991821289e-01 2.657727599143981934e-01
4.494723677635192871e-01 1.861201524734497070e-01 9.217619895935058594e-03 1.901422142982482910e-01 4.650391936302185059e-01 3.237373232841491699e-01
8.992047905921936035e-01 7.836385965347290039e-01 5.414918661117553711e-01 1.290807723999023438e-01 5.946932435035705566e-01 1.901826262474060059e-01
9.005534648895263672e-01 7.913106679916381836e-01 8.546988964080810547e-01 7.539554238319396973e-01 9.888265728950500488e-01 2.681046724319458008e-01
8.006470203399658203e-01 9.657474160194396973e-01 8.115168809890747070e-01 8.227910399436950684e-01 1.546680927276611328e-02 6.485164165496826172e-01
7.872529029846191406e-01 2.846447825431823730e-01 8.364359140396118164e-01 6.604140996932983398e-01 1.551569700241088867e-01 4.388397336006164551e-01
5.577301979064941406e-01 3.755139112472534180e-01 6.877793669700622559e-01 1.631003022193908691e-01 3.192451000213623047e-01 3.160593509674072266e-01
9.902002215385437012e-01 9.074466824531555176e-01 7.801693677902221680e-02 6.043446660041809082e-01 9.272062182426452637e-01 5.712782144546508789e-01
3.898166418075561523e-01 4.597121477127075195e-02 2.424104809761047363e-01 2.532275915145874023e-01 6.742806434631347656e-01 8.907857537269592285e-01
8.866581916809082031e-01 5.521257519721984863e-01 8.490800261497497559e-01 3.678311705589294434e-01 3.491344451904296875e-01 6.025152802467346191e-01
8.479535579681396484e-03 1.714516878128051758e-01 3.240215778350830078e-01 9.304527044296264648e-01 8.575071096420288086e-01 6.797367334365844727e-02
7.159161567687988281e-02 3.396624922752380371e-01 5.206828713417053223e-01 4.553210139274597168e-01 7.065125703811645508e-01 7.319052815437316895e-01
8.147099018096923828e-01 4.878565073013305664e-01 5.188002586364746094e-01 1.905720829963684082e-01 6.227318644523620605e-01 1.217758059501647949e-01
6.991434097290039062e-01 5.284335017204284668e-01 5.523787736892700195e-01 9.047322869300842285e-01 2.239739894866943359e-02 1.447896957397460938e-01
4.541689753532409668e-01 5.006595253944396973e-01 5.221575498580932617e-01 1.430299282073974609e-01 9.793616533279418945e-01 2.841735482215881348e-01
5.298915505409240723e-01 3.758445978164672852e-01 9.548512101173400879e-01 1.929622888565063477e-01 3.933416604995727539e-01 5.801848769187927246e-01
9.209544658660888672e-01 7.885924577713012695e-01 3.593145012855529785e-01 5.102086067199707031e-02 6.653498411178588867e-01 2.290439009666442871e-01
8.581409454345703125e-01 5.861362814903259277e-01 7.479590773582458496e-01 6.320958733558654785e-01 1.191942095756530762e-01 8.624852299690246582e-01
3.274446725845336914e-02 7.775784730911254883e-01 6.325761675834655762e-01 5.125787854194641113e-01 5.039716958999633789e-01 7.945322990417480469e-02
2.937323451042175293e-01 7.338141798973083496e-01 1.956151127815246582e-01 2.803736329078674316e-01 8.635006546974182129e-01 5.801846981048583984e-01
5.947924256324768066e-01 3.420430421829223633e-01 1.113495230674743652e-01 4.623380899429321289e-01 2.117981314659118652e-01 8.890168666839599609e-01
6.541842222213745117e-01 6.045805215835571289e-01 1.329280734062194824e-01 9.772011041641235352e-01 6.783706545829772949e-01 6.973553299903869629e-01
9.689027070999145508e-02 3.473858237266540527e-01 4.792611598968505859e-01 3.816573619842529297e-01 4.117670655250549316e-01 2.414089441299438477e-01
1.531797051429748535e-01 5.201290845870971680e-01 5.048482418060302734e-01 7.102236747741699219e-01 3.663089871406555176e-01 6.639213562011718750e-01
7.361374497413635254e-01 2.623865604400634766e-01 7.767071723937988281e-01 1.233575940132141113e-01 2.364192008972167969e-01 8.469292521476745605e-01
2.358424663543701172e-01 5.253834128379821777e-01 7.188010811805725098e-01 1.797273159027099609e-01 7.255203723907470703e-01 9.096328616142272949e-01
5.593888163566589355e-01 9.062415361404418945e-01 4.884134531021118164e-01 6.088781356811523438e-01 4.392513632774353027e-01 2.715304493904113770e-01
8.572556972503662109e-01 2.969185113906860352e-01 4.820343852043151855e-01 3.207861781120300293e-01 9.231653809547424316e-01 4.296787381172180176e-01
3.138625621795654297e-01 7.446110248565673828e-01 8.676519989967346191e-01 3.725700974464416504e-01 5.444270372390747070e-02 6.345954537391662598e-01
8.103239536285400391e-01 7.750630974769592285e-01 2.886874079704284668e-01 7.581626176834106445e-01 3.273451328277587891e-02 5.813477635383605957e-01
6.951124072074890137e-01 3.643091320991516113e-01 4.292930960655212402e-01 3.059166669845581055e-02 4.241579174995422363e-01 2.578005194664001465e-01
9.591122269630432129e-01 8.654558658599853516e-02 1.508081555366516113e-01 2.175293564796447754e-01 6.270699501037597656e-01 7.078129053115844727e-02
1.802902817726135254e-01 9.455204010009765625e-01 5.146073102951049805e-01 6.551401615142822266e-01 3.906208872795104980e-01 6.498159170150756836e-01
9.307646751403808594e-01 8.451630473136901855e-01 8.614866733551025391e-01 1.634078621864318848e-01 4.696093201637268066e-01 1.045750975608825684e-01
3.254491090774536133e-01 6.588401198387145996e-01 4.375283122062683105e-01 9.264562726020812988e-01 1.133899092674255371e-01 6.802612543106079102e-02
5.785384774208068848e-01 9.053763747215270996e-01 9.324634075164794922e-01 4.163334369659423828e-01 1.709828972816467285e-01 6.050320267677307129e-01
5.362733602523803711e-01 7.619608044624328613e-01 7.585626840591430664e-02 3.329443931579589844e-02 3.419657945632934570e-01 7.752275466918945312e-01
8.825084567070007324e-01 9.397357702255249023e-02 8.363118171691894531e-01 8.740708231925964355e-01 3.068721294403076172e-02 4.732936620712280273e-02
3.705186843872070312e-01 3.405785560607910156e-02 3.457230925559997559e-01 2.117603421211242676e-01 1.601282358169555664e-01 5.953685045242309570e-01
9.338706135749816895e-01 4.592860937118530273e-01 9.246546626091003418e-01 8.291221857070922852e-01 4.268638491630554199e-01 2.810030579566955566e-01
1.700968146324157715e-01 3.131960630416870117e-01 9.379164576530456543e-01 1.950030922889709473e-01 5.979787111282348633e-01 3.525626659393310547e-01
4.206011295318603516e-01 6.608771681785583496e-01 9.488684535026550293e-01 4.169179201126098633e-01 7.252806425094604492e-02 7.132394313812255859e-01
1.425819993019104004e-01 6.624783277511596680e-01 6.886583566665649414e-02 7.088633775711059570e-01 6.457848548889160156e-01 5.224590301513671875e-01
1.712992191314697266e-01 3.925011157989501953e-01 4.927139878273010254e-01 6.410472393035888672e-01 3.474306464195251465e-01 7.744556665420532227e-01
8.493841886520385742e-01 7.813348770141601562e-01 5.785804390907287598e-01 8.833292126655578613e-01 4.429230690002441406e-01 5.675645470619201660e-01
6.324121356010437012e-01 9.005413651466369629e-01 8.206405639648437500e-01 7.881134152412414551e-01 2.884677052497863770e-01 6.758821010589599609e-01
6.187801361083984375e-01 7.247806787490844727e-01 5.562735795974731445e-01 1.088427901268005371e-01 8.648282885551452637e-01 5.169997811317443848e-01
3.277596831321716309e-01 6.622825860977172852e-01 5.475167632102966309e-01 3.244381546974182129e-01 7.017357945442199707e-01 9.308326244354248047e-01
2.162122726440429688e-01 6.352913379669189453e-01 9.012013673782348633e-01 1.897062063217163086e-01 2.270584702491760254e-01 4.200913310050964355e-01
3.027358651161193848e-01 4.570484161376953125e-04 8.302462100982666016e-02 6.636555790901184082e-01 4.363574385643005371e-01 8.112741708755493164e-01
3.650748133659362793e-01 1.491454839706420898e-01 6.321207284927368164e-01 5.872488021850585938e-02 8.950528502464294434e-01 1.499404907226562500e-01
6.351867318153381348e-01 2.036331892013549805e-01 3.446716070175170898e-02 5.161259770393371582e-01 3.809149265289306641e-01 3.140843510627746582e-01
6.023690104484558105e-01 4.956579208374023438e-01 9.804767370223999023e-02 8.982490301132202148e-01 5.581688880920410156e-01 2.073487043380737305e-01
9.254502654075622559e-01 4.694825410842895508e-01 2.196666598320007324e-01 3.353645205497741699e-01 6.879125237464904785e-01 9.045493602752685547e-02
8.474597334861755371e-01 6.351870298385620117e-01 9.496205449104309082e-01 6.773405671119689941e-01 6.238170862197875977e-01 2.903580069541931152e-01
7.130717039108276367e-01 7.848989963531494141e-01 2.273712754249572754e-01 7.639191150665283203e-01 2.081794142723083496e-01 2.224081754684448242e-02
4.517383575439453125e-01 7.920302748680114746e-01 3.792961239814758301e-01 4.386037588119506836e-02 2.924118638038635254e-01 9.873322248458862305e-01
8.497641682624816895e-01 2.965973615646362305e-01 2.246941924095153809e-01 5.064870119094848633e-01 4.694802165031433105e-01 3.638225793838500977e-01
2.002704739570617676e-01 5.712245702743530273e-01 9.386699795722961426e-01 8.923898339271545410e-01 6.276270151138305664e-01 3.944337368011474609e-01
1.828698515892028809e-01 5.806345343589782715e-01 9.983253479003906250e-01 5.720578432083129883e-01 3.344531655311584473e-01 7.127186655998229980e-01
3.802191019058227539e-01 4.776398539543151855e-01 1.654340624809265137e-01 1.549434661865234375e-02 5.361769795417785645e-01 4.342291355133056641e-01
7.775781750679016113e-01 3.145801424980163574e-01 8.364294767379760742e-01 7.772306203842163086e-01 5.164341330528259277e-01 6.227514147758483887e-01
2.498789429664611816e-01 3.309769034385681152e-01 6.447309255599975586e-02 7.380143404006958008e-01 4.854128360748291016e-01 5.895435810089111328e-03
5.686863064765930176e-01 6.397987604141235352e-01 5.803424715995788574e-01 4.305464029312133789e-02 5.270338058471679688e-01 1.108881235122680664e-01
5.204166173934936523e-01 1.760316491127014160e-01 7.587618827819824219e-01 4.558891057968139648e-01 2.020620107650756836e-01 9.954911470413208008e-01
3.074756264686584473e-01 8.714234232902526855e-01 3.700981140136718750e-01 6.832631230354309082e-01 3.893998265266418457e-01 7.334151864051818848e-01
9.831783175468444824e-01 8.498557806015014648e-01 2.456374764442443848e-01 4.515014290809631348e-01 1.119490265846252441e-01 6.817355155944824219e-01
4.535242915153503418e-01 8.305764198303222656e-02 4.457175731658935547e-02 8.142083883285522461e-01 7.171052694320678711e-01 1.582342386245727539e-02
5.283737182617187500e-02 1.805241107940673828e-01 4.405989050865173340e-01 3.950060606002807617e-01 7.662705779075622559e-01 5.014628767967224121e-01
2.310039401054382324e-01 2.927173376083374023e-01 8.408844470977783203e-02 2.644360065460205078e-02 4.694171547889709473e-01 3.260474205017089844e-01
5.920335650444030762e-01 4.500733017921447754e-01 3.534472584724426270e-01 5.478929281234741211e-01 2.085412740707397461e-01 8.385301232337951660e-01
3.336433768272399902e-01 4.865074157714843750e-01 2.139477729797363281e-01 3.206053376197814941e-01 2.364299893379211426e-01 6.426523327827453613e-01
4.992969036102294922e-01 3.923818469047546387e-01 3.886771202087402344e-02 8.713352680206298828e-01 6.720068454742431641e-01 7.456277012825012207e-01
6.170186400413513184e-01 9.982097148895263672e-02 1.635524630546569824e-01 9.022100567817687988e-01 4.500118494033813477e-01 2.566407322883605957e-01
1.619464159011840820e-01 2.709964513778686523e-01 8.871615529060363770e-01 3.498684167861938477e-01 7.533013820648193359e-02 6.993872523307800293e-01
1.296162605285644531e-02 3.161299824714660645e-01 2.035399079322814941e-01 2.001121640205383301e-01 8.635991811752319336e-01 4.847319126129150391e-01
1.829038262367248535e-01 2.329505681991577148e-01 6.890190839767456055e-01 8.142768144607543945e-01 5.599933862686157227e-02 8.570535778999328613e-01
1.656913757324218750e-01 1.896384954452514648e-01 3.994939923286437988e-01 4.268286824226379395e-01 6.158564686775207520e-01 2.440949678421020508e-01
