8.763139247894287109e-01 4.347187280654907227e-02 6.416969299316406250e-01 3.351371288299560547e-01
8.763139247894287109e-01 4.347187280654907227e-02 6.416969299316406250e-01 3.351371288299560547e-01
8.763139247894287109e-01 4.347187280654907227e-02 6.416969299316406250e-01 3.351371288299560547e-01
8.763139247894287109e-01 4.347187280654907227e-02 6.416969299316406250e-01 3.351371288299560547e-01
8.763139247894287109e-01 4.347187280654907227e-02 6.416969299316406250e-01 3.351371288299560547e-01
8.763139247894287109e-01 4.347187280654907227e-02 6.416969299316406250e-01 3.351371288299560547e-01
8.763139247894287109e-01 4.347187280654907227e-02 6.416969299316406250e-01 3.351371288299560547e-01
8.763139247894287109e-01 4.347187280654907227e-02 6.416969299316406250e-01 3.351371288299560547e-01
8.763139247894287109e-01 4.347187280654907227e-02 6.416969299316406250e-01 3.351371288299560547e-01
8.546016222440515619e-01 1.881966338909085148e-03 7.018294302753601555e-01 3.418484494900571047e-01
8.546016222440515619e-01 1.881966338909085148e-03 7.018294302753601555e-01 3.418484494900571047e-01
8.546016222440515619e-01 1.881966338909085148e-03 7.018294302753601555e-01 3.418484494900571047e-01
8.546016222440515619e-01 1.881966338909085148e-03 7.018294302753601555e-01 3.418484494900571047e-01
7.580460646141744530e-01 0.000000000000000000e+00 6.119178082657649176e-01 3.316367013833891320e-01
7.689044126991861905e-01 0.000000000000000000e+00 6.906424338175741751e-01 2.862032038341610907e-01
7.433600981931814955e-01 2.515168686465490272e-02 7.004938042609217819e-01 3.211202597518659774e-01
7.433600981931814955e-01 2.515168686465490272e-02 7.004938042609217819e-01 3.211202597518659774e-01
6.838210452263614458e-01 8.259318404842914269e-03 7.293331216468011968e-01 3.511210043693697713e-01
6.838210452263614458e-01 8.259318404842914269e-03 7.293331216468011968e-01 3.511210043693697713e-01
7.009208694125208527e-01 5.231423183257954967e-02 7.333579821434483836e-01 3.536806150588618358e-01
7.009208694125208527e-01 5.231423183257954967e-02 7.333579821434483836e-01 3.536806150588618358e-01
7.009208694125208527e-01 5.231423183257954967e-02 7.333579821434483836e-01 3.536806150588618358e-01
7.264554410005773510e-01 4.786062399278333268e-02 7.083041036789832212e-01 3.862743807517177164e-01
7.264554410005773510e-01 4.786062399278333268e-02 7.083041036789832212e-01 3.862743807517177164e-01
7.264554410005773510e-01 4.786062399278333268e-02 7.083041036789832212e-01 3.862743807517177164e-01
7.264554410005773510e-01 4.786062399278333268e-02 7.083041036789832212e-01 3.862743807517177164e-01
7.264554410005773510e-01 4.786062399278333268e-02 7.083041036789832212e-01 3.862743807517177164e-01
7.264554410005773510e-01 4.786062399278333268e-02 7.083041036789832212e-01 3.862743807517177164e-01
7.056923138061128586e-01 4.600144832593124761e-02 6.941453444053172772e-01 3.685232042599653202e-01
7.268447911467791345e-01 3.187999031253468951e-02 7.445780993936556014e-01 3.807398975742048441e-01
7.268447911467791345e-01 3.187999031253468951e-02 7.445780993936556014e-01 3.807398975742048441e-01
7.268447911467791345e-01 3.187999031253468951e-02 7.445780993936556014e-01 3.807398975742048441e-01
7.268447911467791345e-01 3.187999031253468951e-02 7.445780993936556014e-01 3.807398975742048441e-01
7.268447911467791345e-01 3.187999031253468951e-02 7.445780993936556014e-01 3.807398975742048441e-01
7.268447911467791345e-01 3.187999031253468951e-02 7.445780993936556014e-01 3.807398975742048441e-01
7.268447911467791345e-01 3.187999031253468951e-02 7.445780993936556014e-01 3.807398975742048441e-01
7.268447911467791345e-01 3.187999031253468951e-02 7.445780993936556014e-01 3.807398975742048441e-01
7.268447911467791345e-01 3.187999031253468951e-02 7.445780993936556014e-01 3.807398975742048441e-01
7.268447911467791345e-01 3.187999031253468951e-02 7.445780993936556014e-01 3.807398975742048441e-01
7.268447911467791345e-01 3.187999031253468951e-02 7.445780993936556014e-01 3.807398975742048441e-01
7.268447911467791345e-01 3.187999031253468951e-02 7.445780993936556014e-01 3.807398975742048441e-01
7.268447911467791345e-01 3.187999031253468951e-02 7.445780993936556014e-01 3.807398975742048441e-01
7.290337763720520226e-01 4.794636256845052208e-02 7.350938509483576633e-01 3.805977005694018422e-01
7.268447911467791345e-01 3.187999031253468951e-02 7.445780993936556014e-01 3.807398975742048441e-01
7.268447911467791345e-01 3.187999031253468951e-02 7.445780993936556014e-01 3.807398975742048441e-01
7.290337763720520226e-01 4.794636256845052208e-02 7.350938509483576633e-01 3.805977005694018422e-01
7.290337763720520226e-01 4.794636256845052208e-02 7.350938509483576633e-01 3.805977005694018422e-01
7.290337763720520226e-01 4.794636256845052208e-02 7.350938509483576633e-01 3.805977005694018422e-01
7.290337763720520226e-01 4.794636256845052208e-02 7.350938509483576633e-01 3.805977005694018422e-01
7.290337763720520226e-01 4.794636256845052208e-02 7.350938509483576633e-01 3.805977005694018422e-01
