0.000000000000000000e+00 9.259373177282734790e-01 9.301173264716859623e-02 1.000000000000000000e+00 0.000000000000000000e+00 9.375050158532979294e-01
1.433727382333687683e-01 1.000000000000000000e+00 5.386726919049240614e-01 1.000000000000000000e+00 0.000000000000000000e+00 1.000000000000000000e+00
0.000000000000000000e+00 1.000000000000000000e+00 5.436528131169235944e-01 1.000000000000000000e+00 0.000000000000000000e+00 7.912074370170323334e-01
1.000000000000000000e+00 5.740354199991462014e-01 6.523385036670278359e-01 1.000000000000000000e+00 0.000000000000000000e+00 1.000000000000000000e+00
5.347017927058874687e-01 5.785096018872795121e-01 5.653949611991463398e-01 1.000000000000000000e+00 0.000000000000000000e+00 8.396916283940912828e-01
8.710948871294350582e-01 6.010782188650376501e-01 5.254813403620104406e-01 1.000000000000000000e+00 0.000000000000000000e+00 7.811392203571922987e-01
7.470848534932068574e-01 6.101583645454325966e-01 5.621153596274298669e-01 1.000000000000000000e+00 0.000000000000000000e+00 7.824880207175606284e-01
6.101899042329858025e-01 6.142046249800532376e-01 5.715211758615083015e-01 1.000000000000000000e+00 0.000000000000000000e+00 8.444807435072632096e-01
6.231585853647894080e-01 5.942362321653935631e-01 5.213476041109966763e-01 1.000000000000000000e+00 0.000000000000000000e+00 8.044367915704403460e-01
5.763680651380009845e-01 5.819130113233098589e-01 7.191331901284049311e-01 1.000000000000000000e+00 0.000000000000000000e+00 8.255658776774212892e-01
5.744542142732569356e-01 5.757303146169340247e-01 7.525596763893732666e-01 1.000000000000000000e+00 0.000000000000000000e+00 8.335795554984481992e-01
6.036578380746813188e-01 5.837210580937131077e-01 7.417816966982576643e-01 1.000000000000000000e+00 0.000000000000000000e+00 7.745767413628381615e-01
5.993708569733584568e-01 5.856964990777997482e-01 7.395544877237719694e-01 1.000000000000000000e+00 0.000000000000000000e+00 7.796669037201922059e-01
5.982897407856205829e-01 5.853245755329045119e-01 7.383863754992612272e-01 1.000000000000000000e+00 0.000000000000000000e+00 7.801635861777265202e-01
5.957175471722016002e-01 5.963570516541798483e-01 7.421323084278610427e-01 1.000000000000000000e+00 0.000000000000000000e+00 7.812250023545879163e-01
5.964066914981936973e-01 5.908400740859798272e-01 7.412685448397438037e-01 1.000000000000000000e+00 0.000000000000000000e+00 7.805065761403452429e-01
5.985868405575235363e-01 5.817138687274021613e-01 7.370824261566716329e-01 1.000000000000000000e+00 0.000000000000000000e+00 7.815581881862593283e-01
6.021200671435473772e-01 5.809072622364918059e-01 7.366826397353301026e-01 1.000000000000000000e+00 0.000000000000000000e+00 7.819030924034440222e-01
6.011636794182905197e-01 5.821913396006896946e-01 7.374717018639337374e-01 1.000000000000000000e+00 0.000000000000000000e+00 7.826462227165669194e-01
6.166807992443545938e-01 5.853733450082075906e-01 7.363146092046151114e-01 1.000000000000000000e+00 0.000000000000000000e+00 7.805901145234676042e-01
6.216955316389800590e-01 5.830914537254296981e-01 7.350837779679789685e-01 1.000000000000000000e+00 0.000000000000000000e+00 7.788320481479175106e-01
6.208062910162778225e-01 5.806949898241569041e-01 7.293220222398387742e-01 1.000000000000000000e+00 0.000000000000000000e+00 7.741598883140046183e-01
6.255799110808660801e-01 5.724738162162683608e-01 7.376473270912939917e-01 1.000000000000000000e+00 0.000000000000000000e+00 7.712828019721789108e-01
6.109698973556922930e-01 5.652100553427734653e-01 7.470850162256097438e-01 1.000000000000000000e+00 0.000000000000000000e+00 7.808330157031229124e-01
6.115664796432979111e-01 5.934366497597866053e-01 7.284532982552854863e-01 1.000000000000000000e+00 0.000000000000000000e+00 7.747635997657954521e-01
6.114741788374019604e-01 5.920396149780019490e-01 7.284174260348524887e-01 1.000000000000000000e+00 0.000000000000000000e+00 7.758078138319506323e-01
6.114757053719968027e-01 5.916054152477382422e-01 7.282171193069323367e-01 1.000000000000000000e+00 0.000000000000000000e+00 7.755515926097947821e-01
6.121435340139261827e-01 5.917053860447488711e-01 7.286220039014673633e-01 1.000000000000000000e+00 0.000000000000000000e+00 7.758007570020870602e-01
6.122281004903168400e-01 5.887262794546266331e-01 7.224871743087338816e-01 1.000000000000000000e+00 0.000000000000000000e+00 7.771349754031592338e-01
6.127677460527920505e-01 5.882678142287642853e-01 7.238100723668769998e-01 1.000000000000000000e+00 0.000000000000000000e+00 7.805775663448220048e-01
6.098804142738697420e-01 5.915149033109878829e-01 7.276671497958907553e-01 1.000000000000000000e+00 0.000000000000000000e+00 7.825666960191361987e-01
6.160230869592466796e-01 5.933450957182265784e-01 7.286909801273141474e-01 1.000000000000000000e+00 0.000000000000000000e+00 7.837603401944965853e-01
6.190389603194000889e-01 5.934196468940347025e-01 7.294478762725457033e-01 1.000000000000000000e+00 0.000000000000000000e+00 7.834689565079377971e-01
6.193207693460521801e-01 5.929234896878314842e-01 7.295926748721387467e-01 1.000000000000000000e+00 0.000000000000000000e+00 7.832669191881296289e-01
6.210977009922434844e-01 5.928693809027572037e-01 7.280042257033239039e-01 1.000000000000000000e+00 0.000000000000000000e+00 7.817506850541812158e-01
6.158853746795329709e-01 5.958350159409151470e-01 7.362895265038397197e-01 1.000000000000000000e+00 0.000000000000000000e+00 7.819994694826247761e-01
6.159672426461013650e-01 5.931535450838760770e-01 7.352456634797279733e-01 1.000000000000000000e+00 0.000000000000000000e+00 7.815252180251420766e-01
6.160979722484707377e-01 5.941285383902492612e-01 7.371841117347149863e-01 1.000000000000000000e+00 0.000000000000000000e+00 7.816903263531933543e-01
6.141277019277703308e-01 5.935008023190707638e-01 7.365783130182314009e-01 1.000000000000000000e+00 0.000000000000000000e+00 7.823705583616812342e-01
6.111926075418181448e-01 5.916356587390310118e-01 7.358763804395144215e-01 1.000000000000000000e+00 0.000000000000000000e+00 7.824295178893494462e-01
6.176773941879609708e-01 5.862430513843134294e-01 7.355906778749656816e-01 1.000000000000000000e+00 0.000000000000000000e+00 7.753249720457584537e-01
6.165721868645747117e-01 5.848540499809233850e-01 7.341107906450521359e-01 1.000000000000000000e+00 0.000000000000000000e+00 7.746788975553482448e-01
6.078254825622083635e-01 5.850732349467017146e-01 7.322487099443631964e-01 1.000000000000000000e+00 0.000000000000000000e+00 7.781857955932670601e-01
6.180811095144721490e-01 5.846049645528046401e-01 7.314157643087041416e-01 1.000000000000000000e+00 0.000000000000000000e+00 7.808234805535191336e-01
6.181021793954109000e-01 5.845320307523077519e-01 7.314226945985514705e-01 1.000000000000000000e+00 0.000000000000000000e+00 7.807852007986401111e-01
6.199190940710505027e-01 5.808956813709458267e-01 7.263632703641978994e-01 1.000000000000000000e+00 0.000000000000000000e+00 7.803518784277819753e-01
6.200565908916292335e-01 5.805404378897563999e-01 7.262283792641389679e-01 1.000000000000000000e+00 0.000000000000000000e+00 7.802687312122905672e-01
6.132077415061256698e-01 5.825067089931369457e-01 7.123965684845861013e-01 1.000000000000000000e+00 1.765500907728024052e-02 7.791438266682982894e-01
6.144588661961557507e-01 5.823183816113802758e-01 7.129083438737797707e-01 1.000000000000000000e+00 1.554420083623923345e-02 7.783949136283399017e-01
6.138466083436475706e-01 5.813013209304973561e-01 7.160044114703288942e-01 1.000000000000000000e+00 1.277294802495115497e-02 7.797396384421105830e-01
6.149816069920406303e-01 5.804122390981527602e-01 7.154734965674205416e-01 1.000000000000000000e+00 1.003779627783560509e-02 7.782991624215389592e-01
5.947657986027500288e-01 5.712217136444397436e-01 7.040005571746659196e-01 1.000000000000000000e+00 4.399579704994065893e-02 7.919323871155744543e-01
5.804036659571734091e-01 5.630412357050106342e-01 6.957575686247328139e-01 1.000000000000000000e+00 5.898437148893236753e-02 7.965278510657719524e-01
5.715942406982249535e-01 5.661154952660724105e-01 6.958005514027827410e-01 1.000000000000000000e+00 6.319515420040629217e-02 7.985077433752049147e-01
5.733896286848990664e-01 5.643041039184111263e-01 6.973693233567637151e-01 1.000000000000000000e+00 6.202580728486592476e-02 7.984906269681484314e-01
5.767070618051209907e-01 5.598682861305058767e-01 6.946452794986422985e-01 1.000000000000000000e+00 4.038672080594900293e-02 8.029697440101347672e-01
5.804129226836389766e-01 5.558492906871181916e-01 6.944716312306213890e-01 1.000000000000000000e+00 3.241755278596988865e-02 8.029996965935325415e-01
5.816386026021963529e-01 5.549850581097898194e-01 6.939886912256920670e-01 1.000000000000000000e+00 2.967695370528233498e-02 8.023180112137008324e-01
5.822694534808635636e-01 5.528743336012232890e-01 6.936569499377497339e-01 1.000000000000000000e+00 3.251858724289870967e-02 8.012951657190243715e-01
5.789918714196394811e-01 5.590740399224326529e-01 6.927397430895513297e-01 1.000000000000000000e+00 3.731443414012901305e-02 8.017345509422031391e-01
5.864215939525357912e-01 5.580663293343866016e-01 6.995114031606824989e-01 1.000000000000000000e+00 4.728249525698265815e-02 8.002162850118778037e-01
5.883519538633057433e-01 5.573297323861665653e-01 6.996908058528417129e-01 1.000000000000000000e+00 4.617432646325221601e-02 8.003410230721044183e-01
5.890440335728579502e-01 5.567499679409461111e-01 6.984847962992591919e-01 1.000000000000000000e+00 4.570768121698212672e-02 8.003091950426242107e-01
5.857143029661037170e-01 5.588732601195204319e-01 6.987515059668655271e-01 1.000000000000000000e+00 5.111984337192181788e-02 8.020168909905814880e-01
5.856811455171815339e-01 5.582502904468755744e-01 6.979064436140437477e-01 1.000000000000000000e+00 5.076975579319724374e-02 8.018987005806219592e-01
5.843854995348741754e-01 5.590627433890927866e-01 6.980718880371367119e-01 1.000000000000000000e+00 4.799836390751576615e-02 8.039009720787848590e-01
5.600388602264021465e-01 5.678875396186306990e-01 6.917420311649498110e-01 1.000000000000000000e+00 6.303247141992329716e-02 8.087575262428864376e-01
5.555494762576317358e-01 5.727552165439253606e-01 6.924952396214079098e-01 1.000000000000000000e+00 6.313560862571573895e-02 8.063049914304392107e-01
5.540408523273792074e-01 5.722870697806989870e-01 6.918932364267146307e-01 1.000000000000000000e+00 6.441777049822100532e-02 8.069741296238895911e-01
5.483468677719386397e-01 5.713188172742332815e-01 6.916880184856281089e-01 1.000000000000000000e+00 6.665075715760908348e-02 8.070217982145734270e-01
5.496894311906787012e-01 5.708803862192017853e-01 6.930259978314318170e-01 1.000000000000000000e+00 6.895474252057644249e-02 8.079522806387146039e-01
5.560607342947323506e-01 5.699240318808598271e-01 6.955728404714274227e-01 1.000000000000000000e+00 6.354362643202382532e-02 8.049691611409817149e-01
5.570753001743358190e-01 5.700931743906088034e-01 6.957963818308875448e-01 1.000000000000000000e+00 6.227948103719283673e-02 8.040222496911333394e-01
5.583880445243861734e-01 5.695515879941851489e-01 6.962266861883631419e-01 1.000000000000000000e+00 6.114087668165293921e-02 8.039179634787272377e-01
5.590527683161778949e-01 5.674340618371847000e-01 6.963279420481127691e-01 1.000000000000000000e+00 6.179892652439312323e-02 8.038258811531964199e-01
5.623677167026924772e-01 5.673168540163927576e-01 6.967769566504122825e-01 1.000000000000000000e+00 5.845679717601671294e-02 8.033654163321033437e-01
5.707702676271544373e-01 5.734049974615241796e-01 6.980240828036192724e-01 1.000000000000000000e+00 5.052424551979391165e-02 7.998476258701414654e-01
5.692778328876482163e-01 5.762104272496368917e-01 6.971176362315082420e-01 1.000000000000000000e+00 4.668972189629598535e-02 7.972632440396895115e-01
5.741515570621404940e-01 5.766741339343224304e-01 6.980747833070141128e-01 1.000000000000000000e+00 4.344734302189751790e-02 7.953738154069653898e-01
5.743681669911698817e-01 5.768087672502597574e-01 6.984045089318497990e-01 1.000000000000000000e+00 4.420295127342123431e-02 7.948444697507867085e-01
5.535891434800678246e-01 5.776520092825782049e-01 6.937733820002830454e-01 1.000000000000000000e+00 6.151236281098861058e-02 7.993836704448684660e-01
5.477997571285737610e-01 5.764209343158522847e-01 6.940170743076220505e-01 1.000000000000000000e+00 6.257187644409964444e-02 8.048028158485566186e-01
5.459309291507118411e-01 5.849996047690472212e-01 6.932438124474405994e-01 1.000000000000000000e+00 5.203118128271366771e-02 7.976961087726995858e-01
5.326145894300617911e-01 5.856447831615360089e-01 6.919813564663582772e-01 1.000000000000000000e+00 6.079089449406305246e-02 8.003825898397991523e-01
5.184183560390178691e-01 5.857247146972347496e-01 6.899124453950473690e-01 1.000000000000000000e+00 7.675507256656849409e-02 8.035173175800076617e-01
5.088658841433251201e-01 5.843394802958864487e-01 6.894827410755931529e-01 1.000000000000000000e+00 8.803224951617052985e-02 8.061125949487302211e-01
5.075618335780350820e-01 5.838130385085835705e-01 6.893867244418486750e-01 1.000000000000000000e+00 9.022947715327220286e-02 8.067945795877677906e-01
5.089626576366392818e-01 5.836394114223296681e-01 6.897479392295503553e-01 1.000000000000000000e+00 8.957701966944307814e-02 8.069169588719835584e-01
5.100992004583162487e-01 5.839111233676532731e-01 6.894743565403079755e-01 1.000000000000000000e+00 8.834742007733080438e-02 8.063820525669528338e-01
5.061056275573386776e-01 5.819112032399322842e-01 6.867237899298037629e-01 1.000000000000000000e+00 9.294754430828300329e-02 8.136912019799111828e-01
5.372019774064337172e-01 5.849991807209049544e-01 6.920158539877281356e-01 1.000000000000000000e+00 6.028143872073402076e-02 8.031379032082861524e-01
5.238130215549466895e-01 5.954233214131017249e-01 6.919548412063017961e-01 1.000000000000000000e+00 6.204936677073224355e-02 8.041163019893394770e-01
4.725039083385740302e-01 5.915221812990645311e-01 6.799162615332782211e-01 1.000000000000000000e+00 1.134243690566953816e-01 8.285509793743391915e-01
4.786670159491951959e-01 5.917214376649156948e-01 6.810779323998302770e-01 1.000000000000000000e+00 1.075602318466363366e-01 8.264628123004476024e-01
4.875261459994060242e-01 5.909424966004601654e-01 6.835538593711739663e-01 1.000000000000000000e+00 1.014863704955976387e-01 8.225157239685426669e-01
4.894465823826419926e-01 5.895339801946634095e-01 6.843888144393233119e-01 1.000000000000000000e+00 1.013241231521480740e-01 8.218937299294283294e-01
4.848041532861730452e-01 5.875928497784983495e-01 6.844443837852088874e-01 1.000000000000000000e+00 1.077706527613535858e-01 8.240258064954620876e-01
4.453472612574878031e-01 5.876107184825664076e-01 6.821363278790975038e-01 1.000000000000000000e+00 1.377636947707060744e-01 8.356445324564177879e-01
4.447337911480832018e-01 5.877837898020011886e-01 6.825400829914646250e-01 1.000000000000000000e+00 1.381098010944418475e-01 8.356393717276142663e-01
4.446479668819071640e-01 5.868520927292609768e-01 6.828299942939880518e-01 1.000000000000000000e+00 1.412050554928127866e-01 8.370906502830179896e-01
