7.504270076751708984e-01 8.046312928199768066e-01 6.104875802993774414e-01 2.304390668869018555e-01
4.467803239822387695e-01 3.116322159767150879e-01 2.243350744247436523e-01 8.984243869781494141e-01
3.595918416976928711e-01 1.559243798255920410e-01 4.502017498016357422e-01 6.268454194068908691e-01
6.625719666481018066e-01 4.462825059890747070e-01 5.639791488647460938e-02 1.668662428855895996e-01
2.962569594383239746e-01 6.764674186706542969e-01 1.364273428916931152e-01 2.143064141273498535e-01
1.471342444419860840e-01 4.792243838310241699e-01 3.292003273963928223e-01 4.387930631637573242e-01
3.980461359024047852e-01 4.350945949554443359e-01 2.983493804931640625e-01 1.698543429374694824e-01
4.364987015724182129e-01 6.847178339958190918e-01 2.224579453468322754e-01 1.760416626930236816e-01
8.947283029556274414e-01 2.891628146171569824e-01 2.967667579650878906e-01 6.514942049980163574e-01
6.981956362724304199e-01 9.902404546737670898e-01 5.787973999977111816e-01 5.577009320259094238e-01
0.000000000000000000e+00 1.000000000000000000e+00 1.000000000000000000e+00 0.000000000000000000e+00
9.752242825925350189e-03 0.000000000000000000e+00 8.600490540266036987e-02 1.159461867064237595e-02
1.293610129505395889e-02 2.263330109417438507e-02 3.567639039829373360e-03 9.353774189949035645e-01
8.313732743263244629e-01 7.414097189903259277e-01 9.665617942810058594e-01 0.000000000000000000e+00
0.000000000000000000e+00 9.579074382781982422e-01 6.960819009691476822e-03 2.355872839689254761e-02
1.429303586483001709e-01 2.938214316964149475e-02 1.703807562589645386e-01 0.000000000000000000e+00
2.007254958152770996e-01 4.705117642879486084e-02 8.110303431749343872e-02 2.080131471157073975e-01
5.511093139648437500e-02 2.742893993854522705e-01 0.000000000000000000e+00 0.000000000000000000e+00
1.042510271072387695e-01 1.549071669578552246e-01 0.000000000000000000e+00 0.000000000000000000e+00
0.000000000000000000e+00 3.140603899955749512e-01 1.896407571621239185e-03 8.193800225853919983e-03
1.287627071142196655e-01 1.609934568405151367e-01 6.864511221647262573e-02 2.256633192300796509e-01
5.930526256561279297e-01 5.017130449414253235e-02 1.000000000000000000e+00 0.000000000000000000e+00
1.000000000000000000e+00 3.197245299816131592e-01 9.039722681045532227e-01 4.145693182945251465e-01
0.000000000000000000e+00 3.474963903427124023e-01 0.000000000000000000e+00 2.303668260574340820e-01
8.739769458770751953e-02 2.223927229642868042e-01 4.164502397179603577e-02 6.031246185302734375e-01
9.472874402999877930e-01 3.944959938526153564e-01 1.000000000000000000e+00 1.000000000000000000e+00
0.000000000000000000e+00 1.000000000000000000e+00 1.008230820298194885e-02 1.000000000000000000e+00
7.629422098398208618e-02 2.584512829780578613e-01 3.767378628253936768e-02 4.560201764106750488e-01
1.709163188934326172e-01 7.899516820907592773e-02 9.576417803764343262e-01 9.646334052085876465e-01
2.440505772829055786e-01 7.708965539932250977e-01 1.000000000000000000e+00 1.000000000000000000e+00
8.944821357727050781e-01 6.906309723854064941e-02 3.467691242694854736e-01 9.254449605941772461e-01
8.321188688278198242e-01 7.668805122375488281e-01 1.582406908273696899e-01 9.370051026344299316e-01
1.000000000000000000e+00 8.531466722488403320e-01 2.103917449712753296e-01 6.754709035158157349e-02
9.399893283843994141e-01 5.103347897529602051e-01 3.278424218297004700e-02 9.690648317337036133e-02
8.858423233032226562e-01 9.827392697334289551e-01 5.897156596183776855e-01 2.370129525661468506e-02
9.831557869911193848e-01 4.778313636779785156e-01 5.593454837799072266e-01 1.490827649831771851e-02
9.414858222007751465e-01 9.168761372566223145e-01 1.163428351283073425e-01 3.402743041515350342e-01
9.909744858741760254e-01 9.373356103897094727e-01 9.730983376502990723e-01 8.786861300468444824e-01
1.314292894676327705e-03 3.916083872318267822e-01 0.000000000000000000e+00 1.827731132507324219e-01
0.000000000000000000e+00 4.140042662620544434e-01 0.000000000000000000e+00 2.431941628456115723e-01
0.000000000000000000e+00 2.925573289394378662e-01 0.000000000000000000e+00 1.829122006893157959e-01
3.183622956275939941e-01 8.768250942230224609e-01 1.403984874486923218e-01 2.172908782958984375e-01
2.384642604738473892e-03 4.697732627391815186e-01 1.148016424849629402e-03 2.280709147453308105e-01
9.885546565055847168e-01 8.057953119277954102e-01 3.289719521999359131e-01 9.498248994350433350e-02
0.000000000000000000e+00 5.889827013015747070e-01 1.081178989261388779e-02 3.181234300136566162e-01
9.573976397514343262e-01 6.318144202232360840e-01 6.343278884887695312e-01 2.338784337043762207e-01
9.880666136741638184e-01 9.396608471870422363e-01 8.433332294225692749e-02 2.819214388728141785e-02
0.000000000000000000e+00 4.049599170684814453e-01 9.332912304671481252e-05 1.331640481948852539e-01
9.151061177253723145e-01 3.636594116687774658e-01 1.179003994911909103e-02 1.032543331384658813e-01
8.330681920051574707e-01 2.275635022670030594e-03 0.000000000000000000e+00 1.138418316841125488e-01
7.342029213905334473e-01 4.638871550559997559e-01 4.038551151752471924e-01 9.799632430076599121e-02
6.092991232872009277e-01 6.444640755653381348e-01 9.576179385185241699e-01 4.334548115730285645e-01
1.477831276133656502e-03 3.992262482643127441e-01 1.220112433657050133e-03 1.603152453899383545e-01
2.700586616992950439e-01 1.454549133777618408e-01 7.357010245323181152e-02 6.696818470954895020e-01
3.113206624984741211e-01 9.525042772293090820e-01 9.461460113525390625e-01 1.344088837504386902e-02
1.643587797880172729e-01 9.320118278264999390e-02 7.553285360336303711e-01 5.007944628596305847e-02
6.131176352500915527e-01 7.186053395271301270e-01 8.430965989828109741e-02 1.928596496582031250e-01
2.089152038097381592e-01 3.759278059005737305e-01 9.803644418716430664e-01 9.839034080505371094e-01
6.773471832275390625e-01 3.835091590881347656e-01 9.929559826850891113e-01 9.984856247901916504e-01
3.290236741304397583e-02 6.944304108619689941e-01 2.110913209617137909e-02 7.225656509399414062e-02
9.105026125907897949e-01 9.338263273239135742e-01 9.236547946929931641e-01 3.168054819107055664e-01
7.059800028800964355e-01 2.569136321544647217e-01 1.000000000000000000e+00 0.000000000000000000e+00
5.420143008232116699e-01 2.094593048095703125e-01 3.938164710998535156e-01 6.080076098442077637e-02
7.112255692481994629e-01 8.623582124710083008e-01 2.433686256408691406e-01 1.215334758162498474e-01
9.276332259178161621e-01 9.978750944137573242e-01 1.174272596836090088e-01 9.712426066398620605e-01
0.000000000000000000e+00 8.880446553230285645e-01 9.903333187103271484e-01 5.371817853301763535e-03
0.000000000000000000e+00 3.871256113052368164e-01 0.000000000000000000e+00 1.985936611890792847e-01
2.506239116191864014e-01 9.086355566978454590e-01 1.000000000000000000e+00 1.000000000000000000e+00
1.000000000000000000e+00 5.593222379684448242e-01 1.000000000000000000e+00 9.700539112091064453e-01
1.978366523981094360e-01 1.969024986028671265e-01 9.668780565261840820e-01 9.730419516563415527e-01
1.301689743995666504e-01 3.814169764518737793e-02 3.408889770507812500e-01 9.824169278144836426e-01
7.014926057308912277e-03 9.250114560127258301e-01 9.683704935014247894e-03 9.892107844352722168e-01
0.000000000000000000e+00 6.671281456947326660e-01 9.595636129379272461e-01 1.621993072330951691e-02
1.766604930162429810e-01 7.810037732124328613e-01 5.042899399995803833e-03 3.598742652684450150e-03
1.493502706289291382e-01 4.759514927864074707e-01 1.553143262863159180e-01 5.135551691055297852e-01
5.749901533126831055e-01 2.581142485141754150e-01 4.414806514978408813e-02 1.592344492673873901e-01
0.000000000000000000e+00 3.647435307502746582e-01 0.000000000000000000e+00 1.807567179203033447e-01
3.364382684230804443e-02 5.771854519844055176e-01 2.448027767241001129e-02 9.451836347579956055e-01
2.415899932384490967e-02 1.668015420436859131e-01 1.571952737867832184e-02 9.324844479560852051e-01
7.062737643718719482e-02 2.812185585498809814e-01 8.512744307518005371e-01 3.938150778412818909e-02
9.749652743339538574e-01 0.000000000000000000e+00 1.000000000000000000e+00 1.000000000000000000e+00
0.000000000000000000e+00 3.912009894847869873e-01 0.000000000000000000e+00 1.778473556041717529e-01
1.272865454666316509e-03 3.942908048629760742e-01 0.000000000000000000e+00 1.286209672689437866e-01
1.840390712022781372e-01 9.246145486831665039e-01 1.703160554170608521e-01 2.309847027063369751e-01
2.381009981036186218e-02 4.503476321697235107e-01 0.000000000000000000e+00 1.996775567531585693e-01
1.566427797079086304e-01 3.650417551398277283e-02 6.946685910224914551e-01 9.742179512977600098e-01
5.429558157920837402e-01 8.160952329635620117e-01 3.430083990097045898e-01 1.649553477764129639e-01
3.379057347774505615e-01 1.000000000000000000e+00 7.415999770164489746e-01 4.871372506022453308e-02
9.225837588310241699e-01 3.554669618606567383e-01 9.142109751701354980e-01 9.993949532508850098e-01
8.895038962364196777e-01 4.760801196098327637e-01 6.185801625251770020e-01 9.693477749824523926e-01
1.636843755841255188e-02 7.047230601310729980e-01 9.073336720466613770e-01 2.196781709790229797e-02
9.869424626231193542e-03 9.778266549110412598e-01 1.505990177392959595e-01 1.000000000000000000e+00
6.063449382781982422e-02 9.534249305725097656e-01 4.816260635852813721e-01 1.000000000000000000e+00
0.000000000000000000e+00 3.538717329502105713e-01 5.768384784460067749e-03 2.223553806543350220e-01
1.520311385393142700e-01 1.838348805904388428e-01 6.044973731040954590e-01 5.758038535714149475e-02
4.597884416580200195e-02 5.390713214874267578e-01 7.971155047416687012e-01 3.809382766485214233e-02
9.149863123893737793e-01 1.000000000000000000e+00 3.823205530643463135e-01 5.488677695393562317e-02
1.747977435588836670e-01 2.036217302083969116e-01 6.457495093345642090e-01 9.912815093994140625e-01
2.977242171764373779e-01 5.025218129158020020e-01 1.528923660516738892e-01 2.105517685413360596e-01
1.098631620407104492e-01 7.304909229278564453e-01 7.132211923599243164e-01 4.633454605937004089e-02
0.000000000000000000e+00 3.606027960777282715e-01 1.133567187935113907e-03 2.435435503721237183e-01
7.029339205473661423e-03 3.911328017711639404e-01 1.189977154135704041e-01 1.391868293285369873e-01
3.758812695741653442e-02 4.307596087455749512e-01 3.353449329733848572e-02 0.000000000000000000e+00
1.021733358502388000e-01 5.264435335993766785e-02 6.104398146271705627e-02 2.081553041934967041e-01
3.642988204956054688e-01 9.541819989681243896e-02 3.351357579231262207e-01 5.061125010251998901e-02
2.484655678272247314e-01 0.000000000000000000e+00 6.941067576408386230e-01 4.939711093902587891e-02
1.126955896615982056e-01 3.467575311660766602e-01 5.301271080970764160e-01 6.336345523595809937e-02
0.000000000000000000e+00 3.497592210769653320e-01 0.000000000000000000e+00 1.882239729166030884e-01
2.508793771266937256e-02 7.062826752662658691e-01 3.776503726840019226e-02 3.666347861289978027e-01
1.596644371747970581e-01 6.652442216873168945e-01 2.274223268032073975e-01 5.141695141792297363e-01
