-1.501253927101661612e+00
-2.961874436776298913e-01
-3.744272768995011158e-01
-2.424151799522913930e-01
-2.360731433280920111e-01
-2.444100606362253347e-01
-3.744272768995011158e-01
-3.744272768995011158e-01
-3.744272768995011158e-01
-4.039458740878344445e-01
-4.429770314292722500e-01
-4.290979378536812217e-01
-4.437801690646771546e-01
-2.307723220828848287e+00
-2.464598449030323657e+00
-1.350559596203521506e+00
-1.307706218099323969e+00
-1.243874575413573158e+00
-1.076704761148597145e+00
-1.107845770962770038e+00
-1.097262332877109614e+00
-1.115149500244093206e+00
-1.192386364603060134e+00
-1.268111368769878400e+00
-1.346495811279530885e+00
-1.480275809444398627e+00
-1.503874913780745448e+00
-9.203632819559687261e-01
-9.323955042259897130e-01
-9.509629805683872394e-01
-9.516779974815118281e-01
-9.517559066530592027e-01
-1.489135757346973232e+00
-1.314030341755339837e+00
-1.321702823862314080e+00
-1.272619953912807134e+00
-1.352175408623901953e+00
-1.296145004357564634e+00
-1.211788927309319641e+00
-1.238081176990960319e+00
-1.349104838024989039e+00
-1.434363547018780549e+00
-1.621359378783192362e+00
-1.629329521695449534e+00
-1.630090057893915256e+00
-1.642257937985119653e+00
-1.646396892271406065e+00
-1.634921931705701770e+00
-1.643613728309738287e+00
-1.642541737290820869e+00
