1.000000000000000000e+00 2.806480892829760765e-01 7.799651834978091891e-01 0.000000000000000000e+00
1.000000000000000000e+00 3.502386583916760610e-01 7.609723502170228082e-01 0.000000000000000000e+00
1.000000000000000000e+00 2.524313375087081091e-01 1.000000000000000000e+00 0.000000000000000000e+00
1.000000000000000000e+00 1.927479836017851889e-01 7.469267656071455486e-01 0.000000000000000000e+00
1.000000000000000000e+00 1.933401752982073785e-01 7.441721680608246459e-01 0.000000000000000000e+00
1.000000000000000000e+00 2.108968326121238857e-01 7.494609455671288334e-01 0.000000000000000000e+00
1.000000000000000000e+00 2.508813795442456640e-01 7.348717861110277694e-01 0.000000000000000000e+00
1.000000000000000000e+00 8.909185250760663921e-01 1.000000000000000000e+00 0.000000000000000000e+00
1.000000000000000000e+00 0.000000000000000000e+00 6.612760366323562344e-01 0.000000000000000000e+00
1.000000000000000000e+00 0.000000000000000000e+00 6.603109839660149527e-01 0.000000000000000000e+00
1.000000000000000000e+00 0.000000000000000000e+00 6.767658494731849661e-01 0.000000000000000000e+00
1.000000000000000000e+00 0.000000000000000000e+00 6.736898366821771900e-01 0.000000000000000000e+00
1.000000000000000000e+00 0.000000000000000000e+00 6.149971983500369666e-01 1.786356493494892575e-02
1.000000000000000000e+00 0.000000000000000000e+00 6.160350420970599483e-01 1.323941886355134781e-02
1.000000000000000000e+00 0.000000000000000000e+00 6.045861245541078732e-01 4.534533101683498740e-02
1.000000000000000000e+00 0.000000000000000000e+00 6.026664126013442369e-01 5.204533394222392306e-02
1.000000000000000000e+00 0.000000000000000000e+00 6.099568040911141908e-01 3.341695702574039306e-02
9.246830514142910795e-01 0.000000000000000000e+00 6.259538668075773638e-01 0.000000000000000000e+00
9.127308072474883405e-01 0.000000000000000000e+00 6.266380603462385901e-01 0.000000000000000000e+00
1.000000000000000000e+00 0.000000000000000000e+00 3.792692480468503463e-02 0.000000000000000000e+00
1.000000000000000000e+00 1.000000000000000000e+00 2.271306487391764606e-01 0.000000000000000000e+00
1.000000000000000000e+00 1.000000000000000000e+00 7.764839194211881068e-01 0.000000000000000000e+00
1.000000000000000000e+00 1.000000000000000000e+00 1.000000000000000000e+00 0.000000000000000000e+00
1.000000000000000000e+00 1.000000000000000000e+00 8.218806409793059098e-01 0.000000000000000000e+00
1.000000000000000000e+00 1.000000000000000000e+00 8.302284723223499752e-01 0.000000000000000000e+00
1.000000000000000000e+00 1.000000000000000000e+00 7.931303890247503041e-01 0.000000000000000000e+00
1.000000000000000000e+00 1.000000000000000000e+00 8.406354577953243368e-01 0.000000000000000000e+00
1.000000000000000000e+00 1.000000000000000000e+00 8.455550140250078783e-01 0.000000000000000000e+00
1.000000000000000000e+00 1.000000000000000000e+00 8.381163054117755085e-01 0.000000000000000000e+00
1.000000000000000000e+00 1.000000000000000000e+00 8.583439093649901652e-01 0.000000000000000000e+00
1.000000000000000000e+00 1.000000000000000000e+00 8.596696287992443564e-01 0.000000000000000000e+00
1.000000000000000000e+00 1.000000000000000000e+00 8.597565710791634785e-01 0.000000000000000000e+00
1.000000000000000000e+00 1.000000000000000000e+00 8.740839822564404615e-01 0.000000000000000000e+00
1.000000000000000000e+00 1.000000000000000000e+00 8.704989930343703941e-01 0.000000000000000000e+00
1.000000000000000000e+00 1.000000000000000000e+00 8.647178836551590031e-01 0.000000000000000000e+00
1.000000000000000000e+00 1.000000000000000000e+00 8.645454222602755312e-01 0.000000000000000000e+00
1.000000000000000000e+00 1.000000000000000000e+00 8.520265573563775563e-01 0.000000000000000000e+00
1.000000000000000000e+00 1.000000000000000000e+00 8.512285470641707263e-01 0.000000000000000000e+00
1.000000000000000000e+00 1.000000000000000000e+00 8.539308877000196807e-01 0.000000000000000000e+00
1.000000000000000000e+00 1.000000000000000000e+00 8.536351912901324335e-01 0.000000000000000000e+00
1.000000000000000000e+00 1.000000000000000000e+00 8.574082355291138269e-01 0.000000000000000000e+00
1.000000000000000000e+00 1.000000000000000000e+00 8.698262813204390431e-01 0.000000000000000000e+00
1.000000000000000000e+00 1.000000000000000000e+00 8.896083414050311999e-01 0.000000000000000000e+00
1.000000000000000000e+00 1.000000000000000000e+00 1.000000000000000000e+00 0.000000000000000000e+00
1.000000000000000000e+00 1.000000000000000000e+00 1.000000000000000000e+00 0.000000000000000000e+00
1.000000000000000000e+00 1.000000000000000000e+00 9.272365209690062171e-01 0.000000000000000000e+00
1.000000000000000000e+00 1.000000000000000000e+00 9.730970083933879744e-01 0.000000000000000000e+00
1.000000000000000000e+00 1.000000000000000000e+00 9.367297384199817500e-01 0.000000000000000000e+00
1.000000000000000000e+00 1.000000000000000000e+00 9.355160586165547354e-01 0.000000000000000000e+00
1.000000000000000000e+00 1.000000000000000000e+00 9.279839617898097970e-01 0.000000000000000000e+00
1.000000000000000000e+00 1.000000000000000000e+00 1.000000000000000000e+00 0.000000000000000000e+00
1.000000000000000000e+00 1.000000000000000000e+00 1.000000000000000000e+00 0.000000000000000000e+00
1.000000000000000000e+00 1.000000000000000000e+00 9.493064364662615606e-01 0.000000000000000000e+00
1.000000000000000000e+00 1.000000000000000000e+00 9.562491758176858703e-01 0.000000000000000000e+00
1.000000000000000000e+00 1.000000000000000000e+00 1.000000000000000000e+00 0.000000000000000000e+00
1.000000000000000000e+00 1.000000000000000000e+00 1.000000000000000000e+00 0.000000000000000000e+00
1.000000000000000000e+00 1.000000000000000000e+00 9.439106939286553422e-01 0.000000000000000000e+00
1.000000000000000000e+00 1.000000000000000000e+00 1.000000000000000000e+00 0.000000000000000000e+00
1.000000000000000000e+00 1.000000000000000000e+00 9.083425037037045069e-01 0.000000000000000000e+00
1.000000000000000000e+00 1.000000000000000000e+00 9.065673305527200965e-01 0.000000000000000000e+00
1.000000000000000000e+00 1.000000000000000000e+00 9.047351779003813821e-01 0.000000000000000000e+00
1.000000000000000000e+00 1.000000000000000000e+00 9.033042248206542002e-01 0.000000000000000000e+00
1.000000000000000000e+00 1.000000000000000000e+00 8.993571745149299135e-01 0.000000000000000000e+00
1.000000000000000000e+00 1.000000000000000000e+00 8.976711386167517404e-01 0.000000000000000000e+00
1.000000000000000000e+00 1.000000000000000000e+00 8.975875841336174998e-01 0.000000000000000000e+00
1.000000000000000000e+00 1.000000000000000000e+00 8.934920972190477650e-01 0.000000000000000000e+00
1.000000000000000000e+00 1.000000000000000000e+00 8.946243884488066511e-01 0.000000000000000000e+00
1.000000000000000000e+00 1.000000000000000000e+00 8.942295794814633103e-01 0.000000000000000000e+00
1.000000000000000000e+00 1.000000000000000000e+00 8.950209724026155778e-01 0.000000000000000000e+00
1.000000000000000000e+00 1.000000000000000000e+00 8.924848404866473350e-01 0.000000000000000000e+00
1.000000000000000000e+00 1.000000000000000000e+00 8.929558263424171027e-01 0.000000000000000000e+00
1.000000000000000000e+00 1.000000000000000000e+00 8.927791727127208921e-01 0.000000000000000000e+00
1.000000000000000000e+00 1.000000000000000000e+00 8.926190261079351984e-01 0.000000000000000000e+00
1.000000000000000000e+00 1.000000000000000000e+00 8.920380495973907475e-01 0.000000000000000000e+00
1.000000000000000000e+00 1.000000000000000000e+00 8.901284010034115068e-01 0.000000000000000000e+00
1.000000000000000000e+00 1.000000000000000000e+00 8.903349189161285926e-01 0.000000000000000000e+00
1.000000000000000000e+00 1.000000000000000000e+00 8.924357714846118395e-01 0.000000000000000000e+00
1.000000000000000000e+00 1.000000000000000000e+00 8.929918021701115372e-01 0.000000000000000000e+00
1.000000000000000000e+00 1.000000000000000000e+00 8.931814675991747166e-01 0.000000000000000000e+00
1.000000000000000000e+00 1.000000000000000000e+00 8.895149929347372364e-01 0.000000000000000000e+00
1.000000000000000000e+00 1.000000000000000000e+00 8.893636892732378341e-01 0.000000000000000000e+00
1.000000000000000000e+00 1.000000000000000000e+00 8.921497681708834282e-01 0.000000000000000000e+00
1.000000000000000000e+00 1.000000000000000000e+00 8.868182853914736707e-01 0.000000000000000000e+00
1.000000000000000000e+00 1.000000000000000000e+00 8.867654576816613732e-01 0.000000000000000000e+00
1.000000000000000000e+00 1.000000000000000000e+00 8.863945806947080008e-01 0.000000000000000000e+00
1.000000000000000000e+00 1.000000000000000000e+00 8.898420898196914841e-01 0.000000000000000000e+00
1.000000000000000000e+00 1.000000000000000000e+00 8.799141562219383594e-01 0.000000000000000000e+00
1.000000000000000000e+00 1.000000000000000000e+00 8.807671565332992891e-01 0.000000000000000000e+00
1.000000000000000000e+00 1.000000000000000000e+00 8.788508203986938883e-01 0.000000000000000000e+00
1.000000000000000000e+00 1.000000000000000000e+00 8.858753577693400105e-01 0.000000000000000000e+00
1.000000000000000000e+00 1.000000000000000000e+00 8.873407317091429602e-01 0.000000000000000000e+00
1.000000000000000000e+00 1.000000000000000000e+00 8.878318897404504639e-01 0.000000000000000000e+00
1.000000000000000000e+00 1.000000000000000000e+00 8.870410580588014016e-01 0.000000000000000000e+00
1.000000000000000000e+00 1.000000000000000000e+00 8.876002773928948208e-01 0.000000000000000000e+00
1.000000000000000000e+00 1.000000000000000000e+00 8.872083413949907182e-01 0.000000000000000000e+00
1.000000000000000000e+00 1.000000000000000000e+00 8.874708135055735525e-01 0.000000000000000000e+00
1.000000000000000000e+00 1.000000000000000000e+00 8.882215760476525057e-01 0.000000000000000000e+00
1.000000000000000000e+00 1.000000000000000000e+00 8.870099831558120318e-01 0.000000000000000000e+00
1.000000000000000000e+00 1.000000000000000000e+00 8.862393027948478608e-01 0.000000000000000000e+00
1.000000000000000000e+00 1.000000000000000000e+00 8.864340436055674344e-01 0.000000000000000000e+00
