5.772466659545898438e-01 7.343829870223999023e-01 7.300732135772705078e-01 8.775359988212585449e-01 5.767604112625122070e-01 5.903292894363403320e-01
1.570134162902832031e-01 2.049208879470825195e-01 6.217841506004333496e-01 3.128891587257385254e-01 2.934365272521972656e-01 4.572939872741699219e-01
5.847806334495544434e-01 2.207741141319274902e-01 1.383328437805175781e-02 9.966039657592773438e-01 4.469444751739501953e-01 4.736980199813842773e-01
7.332710027694702148e-01 6.505603194236755371e-01 5.293743610382080078e-01 9.841448068618774414e-02 7.981925606727600098e-01 8.943669199943542480e-01
6.100712418556213379e-01 3.933656215667724609e-02 2.006968259811401367e-01 8.938852548599243164e-01 9.339217543601989746e-01 6.216893792152404785e-01
1.622108817100524902e-01 5.147151350975036621e-01 9.822226762771606445e-01 6.547111272811889648e-02 6.295095086097717285e-01 1.164849400520324707e-01
2.231544256210327148e-01 6.489021182060241699e-01 5.024374127388000488e-01 8.317211866378784180e-01 6.045550107955932617e-01 2.299926280975341797e-01
2.745294570922851562e-01 2.425999045372009277e-01 5.675138831138610840e-01 3.295947909355163574e-01 9.379767179489135742e-01 4.228768348693847656e-01
6.239485740661621094e-01 7.078808546066284180e-01 9.054245948791503906e-01 5.492640137672424316e-01 4.621751308441162109e-01 2.034195661544799805e-01
1.085744500160217285e-01 6.028073430061340332e-01 8.503284454345703125e-01 5.043149590492248535e-01 4.727029800415039062e-02 8.787735104560852051e-01
1.836580336093902588e-01 1.644740551710128784e-01 1.930404081940650940e-02 0.000000000000000000e+00 9.983310699462890625e-01 3.145428597927093506e-01
7.940202355384826660e-01 3.413922786712646484e-01 8.899433165788650513e-02 2.568436972796916962e-02 7.101935148239135742e-01 2.218109965324401855e-01
8.885453939437866211e-01 9.817677736282348633e-01 0.000000000000000000e+00 0.000000000000000000e+00 6.190471649169921875e-01 9.815260022878646851e-02
7.339700460433959961e-01 6.956814527511596680e-01 7.862371206283569336e-02 2.598269470036029816e-02 9.830925464630126953e-01 0.000000000000000000e+00
3.135856240987777710e-02 2.193403989076614380e-01 3.778322041034698486e-02 9.296097792685031891e-03 6.979166269302368164e-01 2.593673020601272583e-02
9.629123210906982422e-01 5.044795945286750793e-02 3.177426382899284363e-02 6.843273993581533432e-03 6.068112254142761230e-01 3.479423001408576965e-02
9.580494165420532227e-01 3.759264647960662842e-01 7.482713088393211365e-03 8.113472722470760345e-03 6.891703605651855469e-01 1.000000000000000000e+00
7.253931760787963867e-01 5.388184189796447754e-01 2.299143373966217041e-02 4.802232608199119568e-02 2.223838418722152710e-01 2.301763594150543213e-01
7.937943935394287109e-01 2.621482908725738525e-01 1.562586724758148193e-01 0.000000000000000000e+00 9.787654876708984375e-01 9.084267169237136841e-02
4.998224973678588867e-01 4.923742413520812988e-01 1.319802273064851761e-02 1.958202198147773743e-02 5.868462920188903809e-01 8.640471100807189941e-01
1.604107208549976349e-02 8.893913030624389648e-01 2.680691517889499664e-02 4.067457020282745361e-01 9.286237955093383789e-01 9.422747492790222168e-01
7.423310875892639160e-01 3.677855432033538818e-01 1.930705644190311432e-02 3.420549035072326660e-01 6.184074878692626953e-01 1.960314959287643433e-01
9.031072258949279785e-01 3.687078058719635010e-01 3.398865088820457458e-02 4.444426000118255615e-01 5.302659869194030762e-01 3.208841681480407715e-01
5.371726751327514648e-01 3.999493420124053955e-01 0.000000000000000000e+00 1.936794221401214600e-01 7.275027036666870117e-01 0.000000000000000000e+00
6.784496307373046875e-01 5.807216838002204895e-02 1.887475023977458477e-03 1.377261579036712646e-01 5.852031111717224121e-01 8.891694545745849609e-01
7.383407354354858398e-01 4.893218874931335449e-01 0.000000000000000000e+00 2.096360921859741211e-01 6.891516447067260742e-01 7.878187894821166992e-01
9.932811260223388672e-01 4.772597849369049072e-01 0.000000000000000000e+00 2.321131974458694458e-01 7.901539206504821777e-01 4.564917087554931641e-01
1.233938559889793396e-01 9.492981433868408203e-01 4.760130643844604492e-01 1.943845860660076141e-02 9.507299661636352539e-01 4.225029647350311279e-01
4.982148110866546631e-01 6.451603025197982788e-02 7.288140244781970978e-03 3.055994808673858643e-01 3.215717971324920654e-01 1.188421994447708130e-01
2.860210239887237549e-01 1.423091143369674683e-01 2.186599969863891602e-01 1.941457241773605347e-01 6.718688011169433594e-01 7.668470740318298340e-01
5.060347914695739746e-01 6.851211190223693848e-01 3.572518005967140198e-02 6.730016469955444336e-01 9.419724941253662109e-01 2.715682387351989746e-01
8.582679033279418945e-01 8.500097393989562988e-01 8.180230110883712769e-02 1.240027621388435364e-01 9.325006604194641113e-01 9.551436901092529297e-01
7.516668736934661865e-02 4.673061072826385498e-01 3.799185901880264282e-02 7.040169239044189453e-01 7.154803276062011719e-01 2.455356530845165253e-02
8.769114613533020020e-01 3.961700797080993652e-01 8.754986524581909180e-02 3.849546015262603760e-01 4.501557946205139160e-01 1.048523262143135071e-01
3.465121388435363770e-01 3.107562959194183350e-01 0.000000000000000000e+00 2.714997529983520508e-01 5.422353148460388184e-01 4.192502796649932861e-01
6.085686087608337402e-01 0.000000000000000000e+00 9.935042820870876312e-03 2.745345234870910645e-01 6.503318548202514648e-01 3.272714018821716309e-01
7.751317620277404785e-01 5.994454622268676758e-01 1.436443179845809937e-01 3.235493004322052002e-01 3.121536076068878174e-01 8.819044828414916992e-01
7.876527905464172363e-01 6.385517120361328125e-01 1.235816404223442078e-01 4.911007359623908997e-02 1.502021104097366333e-01 1.676522344350814819e-01
1.000000000000000000e+00 6.147549152374267578e-01 4.797720536589622498e-02 2.807310223579406738e-01 6.810449957847595215e-01 6.931555271148681641e-01
3.948125839233398438e-01 2.577297985553741455e-01 1.287464499473571777e-01 1.160828322172164917e-01 8.597536683082580566e-01 1.000000000000000000e+00
5.415961146354675293e-01 4.005691409111022949e-01 0.000000000000000000e+00 2.137431800365447998e-01 7.807865142822265625e-01 2.935827970504760742e-01
1.556398272514343262e-01 2.896452546119689941e-01 8.244589567184448242e-01 2.967927157878875732e-01 1.000000000000000000e+00 4.476887881755828857e-01
0.000000000000000000e+00 3.817971944808959961e-01 0.000000000000000000e+00 3.552884161472320557e-01 3.616884648799896240e-01 4.908013045787811279e-01
9.449767470359802246e-01 6.577484011650085449e-01 1.993297338485717773e-01 0.000000000000000000e+00 6.256256103515625000e-01 4.435299038887023926e-01
3.460488915443420410e-01 7.413620948791503906e-01 1.000000000000000000e+00 7.011748552322387695e-01 5.073610544204711914e-01 2.190767079591751099e-01
1.000000000000000000e+00 4.300448894500732422e-01 1.294759809970855713e-01 4.404875338077545166e-01 6.554582118988037109e-01 2.342151254415512085e-01
5.406770706176757812e-01 7.604949176311492920e-02 0.000000000000000000e+00 1.996267735958099365e-01 5.535870790481567383e-01 9.903861880302429199e-01
8.679036498069763184e-01 7.441031932830810547e-02 3.659258410334587097e-02 8.408569097518920898e-01 8.994999527931213379e-01 4.460880532860755920e-02
4.223646223545074463e-01 7.919780015945434570e-01 3.593477234244346619e-02 6.080586910247802734e-01 9.065928459167480469e-01 3.543028235435485840e-01
6.055449843406677246e-01 1.892849616706371307e-02 2.327601611614227295e-01 9.578941464424133301e-01 9.411329030990600586e-01 8.124509453773498535e-01
8.569328188896179199e-01 1.904952824115753174e-01 1.503706425428390503e-01 8.221008181571960449e-01 6.839663982391357422e-01 1.111374646425247192e-01
9.759985208511352539e-01 2.485884726047515869e-02 2.185556106269359589e-02 9.670602679252624512e-01 9.751958847045898438e-01 3.131352365016937256e-02
8.408389091491699219e-01 1.000000000000000000e+00 1.564365178346633911e-01 8.131608366966247559e-02 6.090090870857238770e-01 8.007823228836059570e-01
6.782550811767578125e-01 2.620538882911205292e-02 2.626371011137962341e-02 9.441360831260681152e-01 9.446467757225036621e-01 2.215026505291461945e-02
4.285580813884735107e-01 3.315133452415466309e-01 1.813367158174514771e-01 9.272434711456298828e-01 3.785419464111328125e-01 4.704220294952392578e-01
9.872005581855773926e-01 2.835641503334045410e-01 3.019076772034168243e-03 7.382029891014099121e-01 8.880066871643066406e-01 2.715534344315528870e-02
8.824487924575805664e-01 5.220493674278259277e-01 1.061403229832649231e-01 4.456702768802642822e-01 3.734296262264251709e-01 7.865891456604003906e-01
8.024040460586547852e-01 2.359049469232559204e-01 2.335273623466491699e-01 7.198586463928222656e-01 2.907507717609405518e-01 9.457491338253021240e-02
8.950081467628479004e-01 2.588531374931335449e-02 5.795569624751806259e-03 7.596938014030456543e-01 1.000000000000000000e+00 3.378589404746890068e-03
8.880807757377624512e-01 1.556997895240783691e-01 0.000000000000000000e+00 7.507605552673339844e-01 1.000000000000000000e+00 3.317741677165031433e-03
1.708679497241973877e-01 7.484205365180969238e-01 4.304464757442474365e-01 4.553755372762680054e-02 9.279932379722595215e-01 4.185984134674072266e-01
5.199487209320068359e-01 9.623674303293228149e-02 2.111273258924484253e-01 7.329388856887817383e-01 8.728178739547729492e-01 8.556080460548400879e-01
8.992196321487426758e-01 8.179276585578918457e-01 2.052496187388896942e-02 1.831282228231430054e-01 6.050581932067871094e-01 1.047539860010147095e-01
8.283523321151733398e-01 3.218483626842498779e-01 5.144839361310005188e-02 7.936444282531738281e-01 9.693212509155273438e-01 7.683593034744262695e-02
3.147938847541809082e-02 7.430099844932556152e-01 5.362715125083923340e-01 7.687109112739562988e-01 4.433525502681732178e-01 3.976225256919860840e-01
2.913019359111785889e-01 2.022371888160705566e-01 5.088136717677116394e-02 5.603868514299392700e-02 9.745551943778991699e-01 6.869814991950988770e-01
8.087735772132873535e-01 1.091224998235702515e-01 0.000000000000000000e+00 6.870733499526977539e-01 1.000000000000000000e+00 0.000000000000000000e+00
8.193957209587097168e-01 6.632041931152343750e-01 4.770830273628234863e-02 5.453092455863952637e-01 6.541240811347961426e-01 1.199818477034568787e-01
6.308150887489318848e-01 2.432517707347869873e-01 1.918161986395716667e-03 4.565003812313079834e-01 9.555517435073852539e-01 2.455602400004863739e-02
8.696721792221069336e-01 1.000000000000000000e+00 7.798660546541213989e-02 5.109091401100158691e-01 6.551032066345214844e-01 1.006147339940071106e-01
8.270378708839416504e-01 1.764338463544845581e-01 4.231200367212295532e-02 1.000000000000000000e+00 9.257730245590209961e-01 5.217394977807998657e-02
4.637151658535003662e-01 4.907631576061248779e-01 2.051472067832946777e-01 9.624286293983459473e-01 7.767010331153869629e-01 1.604889482259750366e-01
0.000000000000000000e+00 9.749767780303955078e-01 9.106496721506118774e-02 7.370932102203369141e-01 6.971766352653503418e-01 2.340879887342453003e-01
8.247174024581909180e-01 3.940282762050628662e-02 2.301467210054397583e-02 7.737144082784652710e-02 5.058266222476959229e-02 4.186849296092987061e-01
4.757231473922729492e-01 9.322153329849243164e-01 8.880826085805892944e-02 2.026139050722122192e-01 9.000224471092224121e-01 1.000000000000000000e+00
1.000000000000000000e+00 7.498075366020202637e-01 8.228080272674560547e-01 8.186634778976440430e-01 5.589880943298339844e-01 6.480649113655090332e-01
5.826184153556823730e-01 1.000000000000000000e+00 7.961850613355636597e-02 5.379619002342224121e-01 6.253241896629333496e-01 1.196193248033523560e-01
6.228306889533996582e-01 0.000000000000000000e+00 4.966260194778442383e-01 2.089314907789230347e-01 7.416692376136779785e-01 1.000000000000000000e+00
5.305904150009155273e-01 1.000000000000000000e+00 7.760131359100341797e-01 8.737208247184753418e-01 5.664364695549011230e-01 6.213846802711486816e-01
7.855454683303833008e-01 1.822963207960128784e-01 5.392962321639060974e-02 0.000000000000000000e+00 3.894810676574707031e-01 1.143762692809104919e-01
6.411221623420715332e-02 6.511324048042297363e-01 4.277585539966821671e-03 3.596440553665161133e-01 3.507992923259735107e-01 4.208759367465972900e-01
3.649713844060897827e-02 0.000000000000000000e+00 1.993142440915107727e-02 2.836443781852722168e-01 4.508285522460937500e-01 5.962370038032531738e-01
3.139862418174743652e-01 2.985877692699432373e-01 1.000000000000000000e+00 2.877032756805419922e-01 1.000000000000000000e+00 4.934701919555664062e-01
6.687706708908081055e-01 2.293738275766372681e-01 5.161750316619873047e-01 1.747018396854400635e-01 7.636165618896484375e-01 9.740177989006042480e-01
7.768300175666809082e-01 3.845871686935424805e-01 4.622019082307815552e-02 8.214982151985168457e-01 8.306081295013427734e-01 8.670952916145324707e-02
5.904923677444458008e-01 4.973186850547790527e-01 6.521573662757873535e-01 8.238406181335449219e-01 6.064642667770385742e-01 5.355582237243652344e-01
2.164012193679809570e-01 1.000000000000000000e+00 1.000000000000000000e+00 7.425315380096435547e-01 5.049466490745544434e-01 1.888739317655563354e-01
8.382093310356140137e-01 2.383084446191787720e-01 1.000000000000000000e+00 2.717621624469757080e-01 9.391505718231201172e-01 7.134989500045776367e-01
2.912786602973937988e-01 5.957689285278320312e-01 7.995095849037170410e-01 5.001626014709472656e-01 6.865897774696350098e-02 8.851000666618347168e-01
8.458933830261230469e-01 8.854272365570068359e-01 3.988823592662811279e-01 2.607746422290802002e-01 1.848575323820114136e-01 1.556442230939865112e-01
8.107708096504211426e-01 7.479951977729797363e-01 7.396356016397476196e-02 1.000000000000000000e+00 8.893592357635498047e-01 5.914530158042907715e-02
0.000000000000000000e+00 1.000000000000000000e+00 3.123806044459342957e-02 3.862217068672180176e-01 3.404779732227325439e-01 4.082051217555999756e-01
4.583180844783782959e-01 1.000000000000000000e+00 7.226108759641647339e-02 1.547354161739349365e-01 1.735181510448455811e-01 4.403541386127471924e-01
9.805745482444763184e-01 0.000000000000000000e+00 0.000000000000000000e+00 7.609397768974304199e-01 8.446632027626037598e-01 7.790174335241317749e-03
8.779006004333496094e-01 1.000290270894765854e-02 1.323290541768074036e-02 7.644454240798950195e-01 6.191512942314147949e-01 4.023628681898117065e-02
9.931880831718444824e-01 0.000000000000000000e+00 0.000000000000000000e+00 7.787959575653076172e-01 1.000000000000000000e+00 0.000000000000000000e+00
8.289194107055664062e-01 1.179369762539863586e-01 5.264438390731811523e-01 1.000000000000000000e+00 5.690982937812805176e-01 2.547388970851898193e-01
4.174038469791412354e-01 2.087334096431732178e-01 8.627670258283615112e-02 1.000000000000000000e+00 8.754377365112304688e-01 4.315112531185150146e-02
0.000000000000000000e+00 0.000000000000000000e+00 5.389195084571838379e-01 2.625722885131835938e-01 3.133013546466827393e-01 3.963843286037445068e-01
1.000000000000000000e+00 0.000000000000000000e+00 0.000000000000000000e+00 6.977475285530090332e-01 1.000000000000000000e+00 0.000000000000000000e+00
1.912343949079513550e-01 5.562787652015686035e-01 9.818856716156005859e-01 2.471462488174438477e-01 5.962608456611633301e-01 1.386304348707199097e-01
8.624008297920227051e-01 1.000000000000000000e+00 9.949872642755508423e-02 8.642902970314025879e-01 7.669057846069335938e-01 7.875099778175354004e-02
5.393326282501220703e-01 3.015677630901336670e-01 2.133280634880065918e-01 7.115142941474914551e-01 8.557629585266113281e-01 1.000000000000000000e+00
3.406716287136077881e-01 9.118896126747131348e-01 1.000000000000000000e+00 1.000000000000000000e+00 4.874718487262725830e-01 2.646398544311523438e-01
6.203860640525817871e-01 7.683275341987609863e-01 1.807619929313659668e-01 9.965963363647460938e-01 9.299793839454650879e-01 9.999833703041076660e-01
5.899438261985778809e-01 1.000000000000000000e+00 6.879475116729736328e-01 5.577980875968933105e-01 6.371011734008789062e-01 7.218250632286071777e-01
9.108715057373046875e-01 4.827247858047485352e-01 8.202037960290908813e-02 8.890073299407958984e-01 5.848522186279296875e-01 2.841475009918212891e-01
4.642477035522460938e-01 2.262910604476928711e-01 2.035365439951419830e-02 7.368026971817016602e-01 4.721585214138031006e-01 4.715995192527770996e-01
8.204594850540161133e-01 2.490440607070922852e-01 9.664973616600036621e-01 4.117795228958129883e-01 8.988366723060607910e-01 6.921739578247070312e-01
8.082597851753234863e-01 2.301012873649597168e-01 8.888171911239624023e-01 8.056150078773498535e-01 7.856345176696777344e-01 5.959778428077697754e-01
