6.086254119873046875e-01 4.625391960144042969e-01 1.373197436332702637e-01 7.762787938117980957e-01
4.621033072471618652e-01 8.949407339096069336e-01 4.814845323562622070e-01 9.312120676040649414e-01
7.828068733215332031e-02 8.076119422912597656e-02 3.436738252639770508e-02 2.920745611190795898e-01
9.046844840049743652e-01 3.739387392997741699e-01 5.889840126037597656e-01 1.625027060508728027e-01
2.079103589057922363e-01 6.753191351890563965e-01 9.837768077850341797e-01 5.763145089149475098e-01
7.194042801856994629e-01 7.814187407493591309e-01 7.613625526428222656e-01 6.809663772583007812e-01
5.437545776367187500e-01 7.343741059303283691e-01 5.316835641860961914e-02 7.285545468330383301e-01
2.550871968269348145e-01 2.005861997604370117e-01 5.646355748176574707e-01 1.280327439308166504e-01
1.667915582656860352e-01 2.047960758209228516e-01 9.025408625602722168e-01 3.166428208351135254e-01
1.214165687561035156e-01 8.923220634460449219e-02 2.713935375213623047e-01 3.298862576484680176e-01
5.965565831501797867e-01 9.803035791177664438e-01 9.873774416724926395e-01 1.000000000000000000e+00
4.940590173966257770e-01 1.000000000000000000e+00 1.855802405783237574e-01 7.388990219161931106e-02
0.000000000000000000e+00 1.000000000000000000e+00 5.604458000326016931e-01 4.013078541817960421e-01
0.000000000000000000e+00 5.473473627852107892e-01 4.273127532822089125e-01 1.000000000000000000e+00
8.190332261196233699e-01 6.693657523477599680e-01 6.248091323659075158e-01 9.906732633530530574e-01
1.000000000000000000e+00 2.785115136233663052e-02 2.539320708901838808e-01 3.697899603569636540e-01
4.180959853535858861e-01 9.716949624831620891e-02 6.588252089959505398e-01 9.279392897289223674e-01
1.832466237961149491e-01 9.135793730963619186e-02 4.653887043114752209e-01 7.256966860137109565e-01
6.227624208946385131e-01 2.405226877684019382e-01 5.253145715966258678e-01 7.128841548859620181e-01
5.904730075841129605e-02 7.340594025275153367e-01 2.214601776093191865e-01 8.706463226460400273e-01
8.189494187870975939e-01 1.469040560442426147e-01 9.754425532665844667e-01 8.188245983185602483e-01
9.746033247204254346e-01 8.830331177345522864e-01 4.671665875729755224e-01 6.603586309642316410e-01
1.915866733897166052e-01 7.769874342958703606e-01 7.702555221499423066e-01 9.240262736949146349e-01
5.172188555095418305e-01 4.082700424655881788e-01 5.127431922884010396e-01 7.273483537269513910e-01
5.852543357472745900e-01 3.079776832709185119e-01 4.514954682497107630e-01 6.054732874077685123e-01
4.527837527552628916e-01 2.830224297152570956e-01 4.306087319854863815e-01 6.836767595759781768e-01
6.852877863765189925e-01 4.736487143705784275e-01 5.186911139548933125e-01 6.348059527933151980e-01
4.978551144508710502e-01 1.863684374206868721e-01 1.802795672561633700e-01 1.752190931015670250e-01
5.671081294205909673e-01 3.238840676457371281e-01 5.708928987877782690e-01 6.509218700527251711e-01
3.292410151615585839e-02 3.583438799702081123e-01 9.548066560091768018e-01 9.818052673627850613e-01
6.073539683421266266e-01 3.901017131787135050e-01 4.776113715351177347e-01 6.894467645631084940e-01
9.579150854027190798e-01 1.324237583823278663e-01 9.830433831401337308e-01 6.738119799198233340e-01
5.702901221165259660e-01 4.990735735550992647e-02 9.768234752945321731e-01 8.542047641513831335e-01
5.893781337715500168e-01 6.130704603668748476e-01 4.479806557804503764e-01 6.564219210827855200e-01
5.943031406407631723e-01 4.075124138772896476e-01 9.827856311735179151e-01 9.360086023361261498e-01
6.261476864964657940e-01 4.522951866191670112e-01 5.205503050287375588e-01 7.528099944870824123e-01
6.566632409761489209e-01 3.225936164458061139e-02 9.942388160629738181e-01 9.636301594309794050e-01
6.656641934017597517e-01 2.292403932838063263e-01 1.000000000000000000e+00 7.914165367745777946e-01
5.107038919045998604e-01 2.491504783472078821e-01 5.948581951610374396e-01 5.604197258520384750e-01
8.600440936316789964e-01 8.368717867893303852e-01 1.114877217719950214e-01 6.314330683901085983e-01
3.569445850839396694e-01 4.570547651696553193e-01 5.269028452684511032e-01 7.146986774417610766e-01
6.072579910277501325e-01 3.976852499373402239e-01 4.664273777630389972e-01 7.457864650707591858e-01
5.613034440126976055e-01 7.778080536316109850e-01 3.131949129542615506e-01 3.883725666672943611e-01
5.396828430904330176e-01 6.435376837283222073e-01 5.081255332720830964e-01 9.328306047263679179e-01
6.725464370407419068e-01 1.562852190391036122e-01 9.760938404143100211e-01 7.228185513185237943e-01
1.743609206997000782e-01 8.032439825574572145e-01 9.553657295416577433e-02 1.043087796448564503e-01
5.640783804620245201e-01 7.639511954976385688e-01 4.614581466290881284e-01 6.862105318167250889e-01
6.159781199738126878e-01 2.508194040469317043e-01 9.981260404409922904e-01 9.434755082473356147e-01
5.020745272123484648e-01 1.477745307637571420e-02 3.559591486843506902e-01 4.193595747886931235e-01
6.984198013889566514e-01 5.234194261548348603e-02 5.503142540122720749e-01 5.563920183104172079e-02
2.462042208015488287e-01 1.402646651285671120e-01 3.830219890344138123e-01 4.016285897696025287e-01
6.689915505106295290e-01 0.000000000000000000e+00 5.717248908631241688e-01 7.378880691598891373e-01
4.083838888688263308e-02 9.515299927809274250e-01 9.419783745942339470e-01 8.519952315373944263e-01
4.823005972261744656e-01 2.247931321314301234e-01 4.677036481588409123e-01 8.416688315802766107e-01
3.053262267580902356e-01 1.972041011971353286e-01 5.628604214050236809e-01 2.293321022328717040e-01
5.570984459264467503e-01 3.021224206121934097e-01 9.946250827635179093e-01 8.954959585091228913e-01
7.560161399341436272e-01 3.641515327282774384e-01 9.929332439320444070e-01 9.926202369141422510e-01
7.115065830165716587e-01 4.023420095521081929e-01 1.000000000000000000e+00 9.554775799885540932e-01
8.178338470045383168e-01 4.787841395380016962e-01 9.686121872784879683e-01 9.759173697192139452e-01
1.000000000000000000e+00 9.570263338541800113e-01 4.598005669675077622e-01 6.691028401149954341e-01
7.320354972987823672e-01 2.935709814870623990e-01 9.968900138048192305e-01 9.128362268567135063e-01
7.585376470201379284e-01 2.640023508321354684e-01 9.987509049432482522e-01 7.058412678318948252e-01
4.396514555771487837e-02 1.000000000000000000e+00 9.428828198643586234e-01 8.422079123274228696e-01
9.284195090348105195e-01 7.473883821975779718e-01 9.705419688393263078e-01 8.103714896831542003e-01
6.894618076383269845e-01 1.350736750084959199e-02 5.492962852471576785e-01 0.000000000000000000e+00
1.776217616151206380e-01 7.991708631876446312e-01 9.823167099517506884e-01 5.940390735732954397e-01
1.986321218251957677e-01 4.681522964776485551e-01 4.725035059887777167e-01 9.375812233125050410e-01
8.002216880489618767e-01 5.816089034388996840e-03 3.200168053071893448e-01 2.297743788034149748e-02
7.129527623421403337e-01 1.636769185193701071e-01 5.610740135547929164e-01 8.679669108913711240e-01
7.383643429790264223e-01 2.398815764148614638e-01 5.540179060629596419e-01 2.723327180985705698e-01
1.491254934749820238e-01 9.695262098819844576e-01 9.765500703994837162e-01 6.317724603900709557e-01
6.257999976890955551e-01 0.000000000000000000e+00 8.888168645978877791e-01 4.486255003509662109e-01
8.187925626574825699e-01 1.930647150802106693e-01 5.739689775138531180e-01 1.000000000000000000e+00
2.756300006667244396e-01 1.456027989496902486e-01 8.975546907449777345e-01 3.997616596205586514e-01
5.157015034548657617e-01 1.018186590462420715e-01 9.675047473133363551e-01 7.572287176653068608e-01
2.048935760726749711e-01 1.402071127702514408e-01 8.741383538128690844e-01 2.696731298219535167e-01
4.566060561564655451e-02 1.677372086107093707e-01 8.513516751165254304e-01 4.221307943233465476e-02
8.141630682706536559e-01 4.237111238569069016e-01 5.677084696399662400e-01 7.687396899314108412e-01
3.947843890754390017e-01 3.268261540761677186e-02 4.775756165488397875e-01 6.016504797952815231e-01
8.382597960858115815e-01 2.369071031115123349e-01 9.775872440660772211e-01 4.506727717201838290e-01
8.925378342792882336e-01 7.630774226976425600e-01 2.034558358884151485e-01 1.231658370811379577e-01
5.043941675445662298e-01 1.000000000000000000e+00 4.348599645891290111e-01 6.890757468240330530e-01
6.340006170974334943e-01 4.052054846362546647e-01 8.629254467704390308e-01 8.022319113361636722e-01
6.218013574383524089e-01 8.277630365067213392e-01 9.736275659722067877e-01 1.000000000000000000e+00
1.000000000000000000e+00 4.413343000590863041e-01 5.926028745523290731e-01 6.895405632191298206e-01
3.839024038904962355e-01 9.221689963303699722e-01 1.545347324974017944e-01 9.530469513496029332e-01
6.521172667707412218e-01 4.355335627636250928e-01 7.586760138389473385e-01 8.696227163507841418e-01
1.614602461717925819e-01 1.275458109648569260e-01 7.066538306289535387e-02 8.949272355279921376e-01
8.764928360908650351e-01 1.481635392961113684e-01 9.384467394342212998e-01 3.023535881006654893e-02
7.558798430537762014e-01 4.366669304672339824e-01 1.000000000000000000e+00 8.722269840351759562e-01
7.534497371941833999e-01 5.471620987271793579e-01 9.766994583392909490e-01 6.914150666379657029e-01
6.738100975266303472e-01 1.374300958434178932e-01 1.634644871065816241e-01 9.247944416499885856e-01
0.000000000000000000e+00 4.108842529952000944e-01 5.108906963713710780e-01 7.607134968621530602e-01
4.378151292309280240e-01 9.571926560258953165e-01 9.642467492215787139e-01 8.985380482200965302e-01
7.716575709048494325e-01 4.841894670360918917e-01 9.373035055772632740e-01 4.523575799097654948e-01
5.346328420450826568e-01 7.303761938364520256e-01 1.513000992776627474e-01 7.252300354432701379e-01
1.378185214268519143e-01 4.931167037410755238e-02 3.268006514227058679e-01 8.572731763994164700e-01
7.158523757635916196e-01 8.857947791064098297e-02 4.360428524356873003e-01 5.421957091653762939e-01
9.746092460441543315e-01 8.555617620891531327e-01 9.473587710461436329e-01 8.100657491923538567e-01
5.353429109891763016e-01 7.772234971614699894e-01 3.351860605123343495e-01 7.293391788638815543e-01
6.434167155801989724e-01 7.795762942240224147e-01 6.514619217471300239e-01 6.787929285188745165e-01
5.820389742150191559e-01 2.487053065697109044e-01 9.099560747016885998e-01 9.971955015712339332e-01
7.507467197345457643e-01 5.429318748867482114e-01 7.558403319601283421e-01 7.968780678486142577e-01
9.364812502239323599e-01 3.133166008751446241e-01 7.649815368115604752e-02 2.801837882351541076e-01
5.176356890281709200e-01 4.542491204525022641e-01 8.062378551438117436e-01 7.044783728061078110e-01
8.196536506988770787e-01 1.695779898222279369e-01 3.513521906869032652e-01 5.061819039798007847e-01
7.052126058545784559e-01 2.853272271945507532e-02 9.447842668932641130e-01 8.638584115427785370e-01
9.879610730502247362e-01 6.142292712402708244e-01 9.341626555232170892e-01 8.382222383758105577e-01
3.633193644540311240e-01 2.283460285773407650e-01 4.785552548560786379e-01 9.206156441622170838e-01
1.424177613316950086e-01 3.061108946283300214e-01 9.550076326625802636e-01 9.838146490570607305e-01
