-8.493190608802799746e-01
-1.143512062088679837e+00
-1.381790740526348316e+00
-9.637374764068196153e-01
-8.239324140540259522e-01
-7.927588735299082590e-01
-1.353306864707597645e+00
-1.277732893904742983e+00
-1.416151625788314217e+00
-1.414774282823729301e+00
-1.325205571584489039e+00
-1.394756509678172662e+00
-1.393522662837211046e+00
-1.371605769636949246e+00
-1.256101309380208919e+00
-1.207722616646991431e+00
-1.235799508353855103e+00
-1.342866319058185320e+00
-1.493924241914640128e+00
-1.776242775508110938e+00
-1.883605149761699682e+00
-1.705025871546259619e+00
-1.923986645187208522e+00
-1.186600440575724225e+00
-1.306583152038671258e+00
-1.688815780788232690e+00
-1.535373656455510494e+00
-2.438479597440573965e+00
-2.491555988372611719e+00
-3.281871574033935701e+00
-3.186058912645357566e+00
-3.295850754629775281e+00
-3.186399346618544737e+00
-3.792240472937813411e+00
-4.117452699052821963e+00
-4.186367760750384193e+00
-3.162019596135409394e+00
-3.204491666416358076e+00
-3.624828229534128976e+00
-3.375853251697887636e+00
-3.764165193810381282e+00
-3.938744236015896849e+00
-3.783391521500024002e+00
-6.851845139819400465e+00
-5.956746525416312110e+00
-5.827368168142024629e+00
-5.021866617150063661e+00
-5.134843473094457877e+00
-4.374781069804112299e+00
-4.379579365632990218e+00
