1.279605913289438401e+00
1.225166972863491743e+00
1.250277608163794074e+00
1.043002181214678137e+00
1.014287316727384258e+00
1.279605913289438401e+00
1.279605913289438401e+00
1.242069276595207272e+00
1.206761966184221269e+00
1.218008614777504661e+00
1.211262886712435538e+00
1.279605913289438401e+00
1.279605913289438401e+00
1.212102562150728646e+00
1.209610899298851239e+00
1.247243359735221491e+00
1.251094731894308643e+00
1.276726269841083727e+00
1.271343217172013595e+00
1.153087666949104584e+00
1.207111957332669405e+00
1.209069934439789495e+00
1.217615198036202662e+00
1.226318226569120151e+00
1.241507450176364102e+00
1.244608200107925722e+00
1.247477151423417530e+00
1.218118377292249477e+00
1.218223690243824819e+00
1.216434767800741890e+00
1.218512400705472620e+00
1.218215771060687347e+00
1.218930578005908094e+00
1.220252204965555975e+00
1.220943173421554118e+00
1.221040735662871635e+00
1.221257084657192404e+00
1.303787855234619819e+00
1.300601185912868551e+00
1.274744897786700415e+00
1.217542794633589942e+00
1.216540527648620973e+00
1.231266232990963161e+00
1.232014872198001321e+00
1.232483871288853061e+00
1.225632813212379046e+00
1.226620827952578541e+00
1.228991002651577791e+00
1.229718836186924680e+00
1.230389450166516907e+00
1.230096164464639319e+00
1.234109336531997059e+00
1.234534603947748943e+00
1.234755957402166926e+00
1.233571559252875760e+00
1.234795182948736247e+00
1.235793853289806510e+00
1.235769200024148251e+00
1.232488766756622223e+00
1.234403611038854098e+00
1.232569239375526315e+00
1.226529579944144244e+00
1.226499750916198561e+00
1.226439866816679158e+00
1.226276490603694480e+00
1.226221154511011102e+00
1.226244640929946783e+00
1.226578580067820390e+00
1.226568179214573284e+00
1.226268157387088831e+00
1.226228303928480035e+00
1.226208557141012623e+00
1.226289171735423622e+00
1.226269822550693833e+00
1.226382691603353337e+00
1.227056700924148869e+00
1.227092424226482015e+00
1.226867998308842633e+00
1.227230606575060223e+00
1.227651288916387529e+00
1.227418669460575540e+00
1.227377153069301841e+00
1.226728316889615034e+00
1.226590997457259302e+00
1.226625155585775007e+00
1.226742058364939769e+00
1.226500142962754669e+00
1.226385898219491288e+00
1.226407327798744396e+00
1.226881374558878468e+00
1.226893781625042035e+00
1.226795791085092180e+00
1.226755029497226257e+00
1.226705172689989576e+00
1.226865684897244790e+00
1.226925237797729107e+00
1.227162807575921999e+00
1.227506598557964068e+00
1.230643932129915630e+00
1.230961854899509600e+00
