1.909008604765168038e-01
1.909008604765168038e-01
1.909008604765168038e-01
3.742143793848230482e-01
4.025514769022209838e-01
4.013996524155204471e-01
3.916318804852162438e-01
4.036312205399305575e-01
4.476366655115318061e-01
4.476312019871360182e-01
4.476580075408164161e-01
3.835132068470916145e-01
4.192093223316601946e-01
4.476499347873327816e-01
4.476622772933004368e-01
4.476636885179412495e-01
4.539561269640366437e-01
4.584277981617331799e-01
4.552126354345700232e-01
4.602941766271855806e-01
4.623775000834157156e-01
4.623793587773727398e-01
4.623132743337562411e-01
4.636774381457746119e-01
4.633313431089681744e-01
4.633590240623534640e-01
4.633754372754373407e-01
4.633704265209022677e-01
4.633367782854688199e-01
4.633417384196750199e-01
4.636271791134486397e-01
4.635475010317328670e-01
4.635898358503942052e-01
4.634535439214648167e-01
4.635110619840482338e-01
4.632676408876537644e-01
4.631652324830292655e-01
4.630861957033457488e-01
4.630433827964760551e-01
4.629702147949901203e-01
5.459760147818558673e-01
5.459798422760402392e-01
4.629885467990477732e-01
4.633552371447657303e-01
4.636020643721278645e-01
5.511044619660691035e-01
4.635071263805115582e-01
4.634803721449245462e-01
4.634818129222473826e-01
4.634066384809127914e-01
