9.757944345474243164e-01 6.918835639953613281e-02 7.506934404373168945e-01 2.512764930725097656e-02 5.060763955116271973e-01 1.478533148765563965e-01
1.000000000000000000e+00 1.000000000000000000e+00 1.000000000000000000e+00 0.000000000000000000e+00 0.000000000000000000e+00 0.000000000000000000e+00
1.000000000000000000e+00 1.000000000000000000e+00 1.000000000000000000e+00 0.000000000000000000e+00 0.000000000000000000e+00 0.000000000000000000e+00
1.000000000000000000e+00 1.000000000000000000e+00 1.000000000000000000e+00 4.152544052172988526e-02 0.000000000000000000e+00 0.000000000000000000e+00
1.000000000000000000e+00 1.000000000000000000e+00 1.000000000000000000e+00 4.770279527642275474e-01 0.000000000000000000e+00 0.000000000000000000e+00
1.000000000000000000e+00 1.000000000000000000e+00 1.000000000000000000e+00 4.770279527642275474e-01 0.000000000000000000e+00 0.000000000000000000e+00
1.000000000000000000e+00 1.000000000000000000e+00 1.000000000000000000e+00 4.770279527642275474e-01 0.000000000000000000e+00 0.000000000000000000e+00
1.000000000000000000e+00 1.000000000000000000e+00 1.000000000000000000e+00 4.770279527642275474e-01 0.000000000000000000e+00 0.000000000000000000e+00
1.000000000000000000e+00 1.000000000000000000e+00 1.000000000000000000e+00 4.770279527642275474e-01 0.000000000000000000e+00 0.000000000000000000e+00
1.000000000000000000e+00 1.000000000000000000e+00 1.000000000000000000e+00 4.770279527642275474e-01 0.000000000000000000e+00 0.000000000000000000e+00
1.000000000000000000e+00 1.000000000000000000e+00 1.000000000000000000e+00 4.075649234226597639e-01 0.000000000000000000e+00 0.000000000000000000e+00
1.000000000000000000e+00 1.000000000000000000e+00 1.000000000000000000e+00 4.075649234226597639e-01 0.000000000000000000e+00 0.000000000000000000e+00
1.000000000000000000e+00 1.000000000000000000e+00 1.000000000000000000e+00 4.075649234226597639e-01 0.000000000000000000e+00 0.000000000000000000e+00
1.000000000000000000e+00 1.000000000000000000e+00 1.000000000000000000e+00 4.075649234226597639e-01 0.000000000000000000e+00 0.000000000000000000e+00
1.000000000000000000e+00 1.000000000000000000e+00 1.000000000000000000e+00 4.075649234226597639e-01 0.000000000000000000e+00 0.000000000000000000e+00
1.000000000000000000e+00 1.000000000000000000e+00 1.000000000000000000e+00 4.075649234226597639e-01 0.000000000000000000e+00 0.000000000000000000e+00
8.685474127195569327e-01 1.000000000000000000e+00 1.000000000000000000e+00 3.864554782898158014e-01 0.000000000000000000e+00 0.000000000000000000e+00
8.685474127195569327e-01 1.000000000000000000e+00 1.000000000000000000e+00 3.864554782898158014e-01 0.000000000000000000e+00 0.000000000000000000e+00
8.685474127195569327e-01 1.000000000000000000e+00 1.000000000000000000e+00 3.864554782898158014e-01 0.000000000000000000e+00 0.000000000000000000e+00
8.685474127195569327e-01 1.000000000000000000e+00 1.000000000000000000e+00 3.864554782898158014e-01 0.000000000000000000e+00 0.000000000000000000e+00
8.685474127195569327e-01 1.000000000000000000e+00 1.000000000000000000e+00 3.864554782898158014e-01 0.000000000000000000e+00 0.000000000000000000e+00
8.685474127195569327e-01 1.000000000000000000e+00 1.000000000000000000e+00 3.864554782898158014e-01 0.000000000000000000e+00 0.000000000000000000e+00
8.685474127195569327e-01 1.000000000000000000e+00 1.000000000000000000e+00 3.864554782898158014e-01 0.000000000000000000e+00 0.000000000000000000e+00
8.802508938414029815e-01 9.131118345207324127e-01 1.000000000000000000e+00 3.857272587608004399e-01 0.000000000000000000e+00 0.000000000000000000e+00
8.802508938414029815e-01 9.131118345207324127e-01 1.000000000000000000e+00 3.857272587608004399e-01 0.000000000000000000e+00 0.000000000000000000e+00
8.802508938414029815e-01 9.131118345207324127e-01 1.000000000000000000e+00 3.857272587608004399e-01 0.000000000000000000e+00 0.000000000000000000e+00
8.802508938414029815e-01 9.131118345207324127e-01 1.000000000000000000e+00 3.857272587608004399e-01 0.000000000000000000e+00 0.000000000000000000e+00
8.802508938414029815e-01 9.131118345207324127e-01 1.000000000000000000e+00 3.857272587608004399e-01 0.000000000000000000e+00 0.000000000000000000e+00
8.802508938414029815e-01 9.131118345207324127e-01 1.000000000000000000e+00 3.857272587608004399e-01 0.000000000000000000e+00 0.000000000000000000e+00
8.802508938414029815e-01 9.131118345207324127e-01 1.000000000000000000e+00 3.857272587608004399e-01 0.000000000000000000e+00 0.000000000000000000e+00
8.802508938414029815e-01 9.131118345207324127e-01 1.000000000000000000e+00 3.857272587608004399e-01 0.000000000000000000e+00 0.000000000000000000e+00
8.802508938414029815e-01 9.131118345207324127e-01 1.000000000000000000e+00 3.857272587608004399e-01 0.000000000000000000e+00 0.000000000000000000e+00
8.802508938414029815e-01 9.131118345207324127e-01 1.000000000000000000e+00 3.857272587608004399e-01 0.000000000000000000e+00 0.000000000000000000e+00
8.802508938414029815e-01 9.131118345207324127e-01 1.000000000000000000e+00 3.857272587608004399e-01 0.000000000000000000e+00 0.000000000000000000e+00
6.392425615330667998e-01 0.000000000000000000e+00 1.000000000000000000e+00 0.000000000000000000e+00 0.000000000000000000e+00 9.679099670346744677e-01
6.392425615330667998e-01 0.000000000000000000e+00 1.000000000000000000e+00 0.000000000000000000e+00 0.000000000000000000e+00 9.679099670346744677e-01
6.392425615330667998e-01 0.000000000000000000e+00 1.000000000000000000e+00 0.000000000000000000e+00 0.000000000000000000e+00 9.679099670346744677e-01
6.392425615330667998e-01 0.000000000000000000e+00 1.000000000000000000e+00 0.000000000000000000e+00 0.000000000000000000e+00 9.679099670346744677e-01
6.392425615330667998e-01 0.000000000000000000e+00 1.000000000000000000e+00 0.000000000000000000e+00 0.000000000000000000e+00 9.679099670346744677e-01
6.392425615330667998e-01 0.000000000000000000e+00 1.000000000000000000e+00 0.000000000000000000e+00 0.000000000000000000e+00 9.679099670346744677e-01
5.813927367790313605e-01 0.000000000000000000e+00 1.000000000000000000e+00 0.000000000000000000e+00 0.000000000000000000e+00 1.000000000000000000e+00
5.951953754095151705e-01 0.000000000000000000e+00 1.000000000000000000e+00 0.000000000000000000e+00 0.000000000000000000e+00 1.000000000000000000e+00
5.951953754095151705e-01 0.000000000000000000e+00 1.000000000000000000e+00 0.000000000000000000e+00 0.000000000000000000e+00 1.000000000000000000e+00
5.951953754095151705e-01 0.000000000000000000e+00 1.000000000000000000e+00 0.000000000000000000e+00 0.000000000000000000e+00 1.000000000000000000e+00
5.892158504689174459e-01 0.000000000000000000e+00 1.000000000000000000e+00 0.000000000000000000e+00 5.842618920324789411e-02 1.000000000000000000e+00
5.892158504689174459e-01 0.000000000000000000e+00 1.000000000000000000e+00 0.000000000000000000e+00 5.842618920324789411e-02 1.000000000000000000e+00
5.892158504689174459e-01 0.000000000000000000e+00 1.000000000000000000e+00 0.000000000000000000e+00 5.842618920324789411e-02 1.000000000000000000e+00
5.892158504689174459e-01 0.000000000000000000e+00 1.000000000000000000e+00 0.000000000000000000e+00 5.842618920324789411e-02 1.000000000000000000e+00
5.892158504689174459e-01 0.000000000000000000e+00 1.000000000000000000e+00 0.000000000000000000e+00 5.842618920324789411e-02 1.000000000000000000e+00
5.892158504689174459e-01 0.000000000000000000e+00 1.000000000000000000e+00 0.000000000000000000e+00 5.842618920324789411e-02 1.000000000000000000e+00
