8.901294506477327451e-01
8.901294506477327451e-01
8.901294506477327451e-01
8.901294506477327451e-01
8.901294506477327451e-01
8.901294506477327451e-01
8.901294506477327451e-01
8.901294506477327451e-01
8.901294506477327451e-01
8.901294506477327451e-01
8.901294506477327451e-01
8.901294506477327451e-01
8.901294506477327451e-01
8.901294506477327451e-01
8.901294506477327451e-01
8.901294506477327451e-01
8.901294506477327451e-01
8.901294506477327451e-01
8.901294506477327451e-01
8.901294506477327451e-01
8.901294506477327451e-01
8.901294506477327451e-01
8.901294506477327451e-01
8.901294506477327451e-01
8.901294506477327451e-01
8.901294506477327451e-01
8.901294506477327451e-01
8.901294506477327451e-01
8.901294506477327451e-01
8.901294506477327451e-01
8.901294506477327451e-01
8.901294506477327451e-01
8.901294506477327451e-01
8.901294506477327451e-01
8.901294506477327451e-01
8.901294506477327451e-01
8.901294506477327451e-01
8.901294506477327451e-01
8.901294506477327451e-01
8.901294506477327451e-01
8.901294506477327451e-01
8.901294506477327451e-01
8.901294506477327451e-01
8.901294506477327451e-01
8.901294506477327451e-01
8.901294506477327451e-01
8.901294506477327451e-01
8.901294506477327451e-01
8.901294506477327451e-01
8.901294506477327451e-01
8.901294506477327451e-01
8.901294506477327451e-01
8.901294506477327451e-01
8.901294506477327451e-01
8.901294506477327451e-01
8.901294506477327451e-01
8.901294506477327451e-01
8.901294506477327451e-01
8.901294506477327451e-01
8.901294506477327451e-01
8.901294506477327451e-01
8.901294506477327451e-01
8.901294506477327451e-01
8.901294506477327451e-01
8.901294506477327451e-01
8.901294506477327451e-01
8.901294506477327451e-01
9.120382534698895372e-01
9.120382534698895372e-01
9.120382534698895372e-01
9.120382534698895372e-01
9.120382534698895372e-01
9.120382534698895372e-01
9.120382534698895372e-01
9.120382534698895372e-01
9.120382534698895372e-01
9.120382534698895372e-01
9.120382534698895372e-01
9.120382534698895372e-01
9.120382534698895372e-01
9.120382534698895372e-01
9.120382534698895372e-01
9.120382534698895372e-01
9.120382534698895372e-01
9.120382534698895372e-01
9.120382534698895372e-01
9.120382534698895372e-01
9.120382534698895372e-01
9.120382534698895372e-01
9.120382534698895372e-01
9.120382534698895372e-01
9.120382534698895372e-01
9.120382534698895372e-01
9.120382534698895372e-01
9.120382534698895372e-01
9.120382534698895372e-01
9.120382534698895372e-01
9.120382534698895372e-01
9.120382534698895372e-01
9.120382534698895372e-01
