7.207435369491577148e-01 3.386056423187255859e-01 4.184637069702148438e-01 9.419989585876464844e-01
9.073776006698608398e-02 8.878427147865295410e-01 9.898883700370788574e-01 5.459649562835693359e-01
4.658157825469970703e-01 4.297893643379211426e-01 2.637079954147338867e-01 5.117928385734558105e-01
7.783470153808593750e-01 8.662836551666259766e-01 4.044672250747680664e-01 8.610527515411376953e-01
4.090760350227355957e-01 5.965766906738281250e-01 5.853045582771301270e-01 9.844745993614196777e-01
2.366405725479125977e-01 6.424385309219360352e-02 3.737400174140930176e-01 7.259836196899414062e-01
3.500608801841735840e-01 4.303572773933410645e-01 3.367379307746887207e-01 4.734188318252563477e-01
8.800626397132873535e-01 6.980278491973876953e-01 8.823376893997192383e-01 4.225507974624633789e-01
3.879591226577758789e-01 7.561914324760437012e-01 9.350523352622985840e-01 9.701896309852600098e-01
3.795539140701293945e-01 6.221737861633300781e-01 6.751126646995544434e-01 5.975170135498046875e-01
0.000000000000000000e+00 9.949269890785217285e-01 1.000000000000000000e+00 8.110644221305847168e-01
0.000000000000000000e+00 1.000000000000000000e+00 9.928387999534606934e-01 8.123074173927307129e-01
0.000000000000000000e+00 1.000000000000000000e+00 9.423721432685852051e-01 6.893179416656494141e-01
1.413799673318862915e-01 9.548413157463073730e-01 5.056226849555969238e-01 2.229324728250503540e-01
1.229351013898849487e-01 1.000000000000000000e+00 3.787555098533630371e-01 7.058829069137573242e-01
1.000000000000000000e+00 9.110989570617675781e-01 1.555298417806625366e-01 0.000000000000000000e+00
1.000000000000000000e+00 1.000000000000000000e+00 0.000000000000000000e+00 5.966825410723686218e-03
1.000000000000000000e+00 8.776692748069763184e-01 1.533005386590957642e-01 4.185249507427215576e-01
8.971896767616271973e-01 9.993978142738342285e-01 0.000000000000000000e+00 0.000000000000000000e+00
7.243469357490539551e-01 9.969018101692199707e-01 2.914221258834004402e-03 3.576147602871060371e-03
4.143105447292327881e-01 9.773102998733520508e-01 8.381348103284835815e-02 4.280488938093185425e-02
1.267683692276477814e-03 8.958407640457153320e-01 1.505444496870040894e-01 1.528010964393615723e-01
8.266801834106445312e-01 9.993382096290588379e-01 1.449911040253937244e-03 0.000000000000000000e+00
8.316156268119812012e-01 9.998769760131835938e-01 9.856387041509151459e-04 2.521740098018199205e-04
3.431712090969085693e-01 9.685108065605163574e-01 3.137690126895904541e-01 6.644879281520843506e-02
5.441106557846069336e-01 7.736853361129760742e-01 8.352819681167602539e-01 9.703781604766845703e-01
9.157251119613647461e-01 8.724514245986938477e-01 2.116368710994720459e-01 5.984954237937927246e-01
6.996409893035888672e-01 9.670004844665527344e-01 7.128308415412902832e-01 1.800478249788284302e-01
2.731249667704105377e-02 9.574509859085083008e-01 8.830785155296325684e-01 1.956197619438171387e-02
1.000000000000000000e+00 5.371720194816589355e-01 2.218219637870788574e-01 0.000000000000000000e+00
8.035538792610168457e-01 1.000000000000000000e+00 1.564198434352874756e-01 4.763345234096050262e-03
1.710645854473114014e-01 9.377660155296325684e-01 1.297633200883865356e-01 9.514366835355758667e-02
0.000000000000000000e+00 2.475350163877010345e-02 5.495099425315856934e-01 5.226597189903259277e-02
7.345705032348632812e-01 3.291246891021728516e-01 4.111770987510681152e-01 0.000000000000000000e+00
8.542753458023071289e-01 8.807299733161926270e-01 8.794369697570800781e-01 9.820677042007446289e-01
3.012734353542327881e-01 7.190978527069091797e-02 5.194354653358459473e-01 1.497825700789690018e-02
5.883081257343292236e-02 9.576722383499145508e-01 8.787783384323120117e-01 1.552285905927419662e-02
3.441152572631835938e-01 9.857010841369628906e-01 3.680866956710815430e-01 7.724680900573730469e-01
8.434330821037292480e-01 9.955452680587768555e-01 0.000000000000000000e+00 7.835970609448850155e-04
6.289788335561752319e-02 2.707509137690067291e-02 4.008799791336059570e-01 7.296056747436523438e-01
8.142944574356079102e-01 7.933514714241027832e-01 4.101733118295669556e-02 3.839112352579832077e-03
1.000000000000000000e+00 2.933518886566162109e-01 3.428718745708465576e-01 9.823755621910095215e-01
5.536541342735290527e-01 9.726416468620300293e-01 2.534877657890319824e-01 2.868344821035861969e-02
9.073279500007629395e-01 8.524308204650878906e-01 2.005831748247146606e-01 5.636806488037109375e-01
4.756634831428527832e-01 9.756916761398315430e-01 7.101891040802001953e-01 1.411625146865844727e-01
1.411688774824142456e-01 9.785818457603454590e-01 0.000000000000000000e+00 7.418806552886962891e-01
3.213550150394439697e-01 9.635233283042907715e-01 1.000000000000000000e+00 1.198756508529186249e-04
1.000000000000000000e+00 3.385324478149414062e-01 1.134755760431289673e-01 1.000000000000000000e+00
9.486479163169860840e-01 4.759668707847595215e-01 3.825292289257049561e-01 7.098815869539976120e-03
1.000000000000000000e+00 8.960838913917541504e-01 7.966770529747009277e-01 2.631188035011291504e-01
6.574005484580993652e-01 0.000000000000000000e+00 5.813789963722229004e-01 6.502844691276550293e-01
3.249285817146301270e-01 0.000000000000000000e+00 1.000000000000000000e+00 0.000000000000000000e+00
7.380738854408264160e-01 9.291762113571166992e-01 1.000000000000000000e+00 0.000000000000000000e+00
1.435539722442626953e-01 9.535090923309326172e-01 5.023536086082458496e-01 2.189023494720458984e-01
5.339854359626770020e-01 9.729109406471252441e-01 2.415988296270370483e-01 3.077074326574802399e-02
1.000000000000000000e+00 8.481326699256896973e-01 3.974236249923706055e-01 8.744103312492370605e-01
0.000000000000000000e+00 5.336043238639831543e-01 6.462559103965759277e-01 1.000000000000000000e+00
6.092198491096496582e-01 3.773359656333923340e-01 4.470817148685455322e-01 9.442029595375061035e-01
2.238478884100914001e-02 8.976506590843200684e-01 1.260134577751159668e-01 1.404252648353576660e-01
0.000000000000000000e+00 9.979104399681091309e-01 9.919116497039794922e-01 8.030219078063964844e-01
2.282472401857376099e-01 7.940101623535156250e-01 9.957558512687683105e-01 9.403042793273925781e-01
9.934728145599365234e-01 0.000000000000000000e+00 1.000000000000000000e+00 0.000000000000000000e+00
0.000000000000000000e+00 9.999837279319763184e-01 3.803714513778686523e-01 6.809644103050231934e-01
6.875959634780883789e-01 6.562231183052062988e-01 8.661693930625915527e-01 4.809992909431457520e-01
6.019888520240783691e-01 9.132335186004638672e-01 3.729161918163299561e-01 8.343374133110046387e-01
5.398982167243957520e-01 9.376784563064575195e-01 9.051132798194885254e-01 4.661309649236500263e-04
2.043944299221038818e-01 9.914581179618835449e-01 0.000000000000000000e+00 7.681681513786315918e-01
7.916198968887329102e-01 3.025194704532623291e-01 0.000000000000000000e+00 9.329471588134765625e-01
3.352699875831604004e-01 1.584888249635696411e-01 0.000000000000000000e+00 7.963352799415588379e-01
5.608975887298583984e-01 7.105976939201354980e-01 2.771539613604545593e-02 2.718818560242652893e-02
2.003247439861297607e-01 0.000000000000000000e+00 1.000000000000000000e+00 5.083268042653799057e-03
8.791614174842834473e-01 3.870127201080322266e-01 5.759575963020324707e-01 1.290791667997837067e-02
3.243584036827087402e-01 1.133686676621437073e-01 7.524376362562179565e-02 7.878813743591308594e-01
2.875469326972961426e-01 5.779139399528503418e-01 1.037207320332527161e-01 6.205315515398979187e-02
3.057177662849426270e-01 9.935430288314819336e-01 8.539577722549438477e-01 1.785954385995864868e-01
4.239685535430908203e-01 7.432909309864044189e-02 3.739878237247467041e-01 7.315386533737182617e-01
5.447427555918693542e-02 1.000000000000000000e+00 6.063743829727172852e-01 5.826371908187866211e-01
6.725097075104713440e-03 9.475811123847961426e-01 4.555686414241790771e-01 2.180864214897155762e-01
8.065397739410400391e-01 1.262536738067865372e-02 1.000000000000000000e+00 0.000000000000000000e+00
7.609613537788391113e-01 5.641120672225952148e-01 1.219513416290283203e-01 2.587733790278434753e-02
5.278792381286621094e-01 9.644478559494018555e-01 5.391935110092163086e-01 1.116187274456024170e-01
9.930923581123352051e-01 9.755948781967163086e-01 0.000000000000000000e+00 1.000000000000000000e+00
0.000000000000000000e+00 0.000000000000000000e+00 7.294272184371948242e-01 8.426766395568847656e-01
1.858263909816741943e-01 1.107054278254508972e-01 2.130183950066566467e-02 7.774727940559387207e-01
6.517809033393859863e-01 1.017705649137496948e-01 2.224754542112350464e-01 8.178419470787048340e-01
4.428777098655700684e-02 7.834643870592117310e-02 4.587487876415252686e-01 5.442265793681144714e-02
9.735360741615295410e-01 8.908845782279968262e-01 3.171421587467193604e-01 2.505174651741981506e-02
1.000000000000000000e+00 8.740208148956298828e-01 7.200487256050109863e-01 9.563739299774169922e-01
2.347028404474258423e-01 0.000000000000000000e+00 9.021877050399780273e-01 8.257155306637287140e-03
1.513992846012115479e-01 3.799460455775260925e-02 8.041839003562927246e-01 8.694540262222290039e-01
8.172964453697204590e-01 0.000000000000000000e+00 8.119929432868957520e-01 5.709642767906188965e-01
9.164724349975585938e-01 9.535849094390869141e-01 8.486888557672500610e-02 9.744438529014587402e-01
6.540616974234580994e-03 9.572219848632812500e-01 7.739441394805908203e-01 4.509373381733894348e-02
5.917558073997497559e-01 8.428200483322143555e-01 1.000000000000000000e+00 9.798389673233032227e-01
8.214787840843200684e-01 1.000000000000000000e+00 0.000000000000000000e+00 2.006771246669813991e-04
3.120913505554199219e-01 9.629140496253967285e-01 5.245332121849060059e-01 1.094310209155082703e-01
0.000000000000000000e+00 7.254598736763000488e-01 9.366371631622314453e-01 9.723044037818908691e-01
1.000000000000000000e+00 9.534248709678649902e-01 1.654677242040634155e-01 3.795579541474580765e-03
7.549729943275451660e-01 3.479714095592498779e-01 7.848396897315979004e-02 9.712510108947753906e-01
8.837670683860778809e-01 8.545805215835571289e-01 5.086910128593444824e-01 5.195017158985137939e-02
2.575369179248809814e-01 6.171344965696334839e-02 8.406041860580444336e-01 8.778556585311889648e-01
8.125926852226257324e-01 3.664601966738700867e-02 1.000000000000000000e+00 6.061123609542846680e-01
1.544540822505950928e-01 5.132412910461425781e-02 5.172656178474426270e-01 3.722468391060829163e-02
9.071084856986999512e-02 9.623305797576904297e-01 6.101655364036560059e-01 8.992747962474822998e-02
2.466819584369659424e-01 9.618924260139465332e-01 4.881945550441741943e-01 1.283443719148635864e-01
5.530384182929992676e-01 1.886893995106220245e-02 9.440359473228454590e-01 0.000000000000000000e+00
1.323431432247161865e-01 5.557555556297302246e-01 1.517602205276489258e-01 8.496151864528656006e-02
6.562528610229492188e-01 9.026704430580139160e-01 7.263425588607788086e-01 2.773119136691093445e-02
1.000000000000000000e+00 9.282091259956359863e-01 1.000000000000000000e+00 9.914326071739196777e-01
2.779102325439453125e-01 9.627120494842529297e-01 5.011553168296813965e-01 1.268627345561981201e-01
