1.000000000000000000e+00 3.137807355213114158e-01 0.000000000000000000e+00 0.000000000000000000e+00 1.000000000000000000e+00 5.331979213777876536e-01
1.000000000000000000e+00 0.000000000000000000e+00 0.000000000000000000e+00 0.000000000000000000e+00 1.000000000000000000e+00 5.909972214218076614e-01
1.000000000000000000e+00 7.563814100569981047e-01 0.000000000000000000e+00 0.000000000000000000e+00 6.852439813981279215e-01 1.000000000000000000e+00
9.027165530670175908e-01 8.313598589735980982e-01 0.000000000000000000e+00 0.000000000000000000e+00 9.776514626696697352e-01 8.983618243727782282e-01
5.747681694564750199e-01 6.541168826869327990e-01 0.000000000000000000e+00 0.000000000000000000e+00 8.740451917464956422e-01 9.489419215031448251e-01
6.392788893641900838e-01 1.000000000000000000e+00 0.000000000000000000e+00 0.000000000000000000e+00 1.000000000000000000e+00 2.481887776863440920e-01
6.184099753611436157e-01 7.984489764048240401e-01 0.000000000000000000e+00 0.000000000000000000e+00 1.000000000000000000e+00 0.000000000000000000e+00
9.375502359990428580e-01 5.641736341803424981e-01 0.000000000000000000e+00 0.000000000000000000e+00 1.000000000000000000e+00 1.000000000000000000e+00
5.970628401017294973e-01 1.000000000000000000e+00 0.000000000000000000e+00 0.000000000000000000e+00 1.000000000000000000e+00 6.556030095147766801e-01
5.919278277927173537e-01 1.000000000000000000e+00 0.000000000000000000e+00 0.000000000000000000e+00 1.000000000000000000e+00 6.982429963892999858e-01
1.000000000000000000e+00 1.000000000000000000e+00 7.777631395942504744e-01 0.000000000000000000e+00 1.000000000000000000e+00 6.695574562056907375e-01
1.000000000000000000e+00 1.000000000000000000e+00 8.400116720749030153e-01 0.000000000000000000e+00 1.000000000000000000e+00 6.930105591652813146e-01
9.946544928727549806e-01 1.000000000000000000e+00 7.393575957028052370e-01 0.000000000000000000e+00 1.000000000000000000e+00 7.625239713250254736e-01
1.000000000000000000e+00 1.000000000000000000e+00 7.932814572364530470e-01 0.000000000000000000e+00 1.000000000000000000e+00 7.256738487320750775e-01
1.000000000000000000e+00 1.000000000000000000e+00 7.817880946856871072e-01 0.000000000000000000e+00 1.000000000000000000e+00 7.327154495083947339e-01
1.000000000000000000e+00 1.000000000000000000e+00 7.601893411301600123e-01 0.000000000000000000e+00 1.000000000000000000e+00 7.431067206254627910e-01
1.000000000000000000e+00 1.000000000000000000e+00 7.561513337794727452e-01 0.000000000000000000e+00 9.221143628064333297e-01 7.347870221494595677e-01
1.000000000000000000e+00 1.000000000000000000e+00 7.564733491226703910e-01 0.000000000000000000e+00 9.225395420375140931e-01 7.392512276625645695e-01
1.000000000000000000e+00 1.000000000000000000e+00 7.461652850175954921e-01 0.000000000000000000e+00 9.219981903981220306e-01 7.397828277095745975e-01
1.000000000000000000e+00 1.000000000000000000e+00 7.459745806571013160e-01 0.000000000000000000e+00 9.218656803110173437e-01 7.403451886001023441e-01
1.000000000000000000e+00 1.000000000000000000e+00 7.432519635489098775e-01 0.000000000000000000e+00 9.206839555029383559e-01 7.387239818324548013e-01
1.000000000000000000e+00 1.000000000000000000e+00 6.797941193089949152e-01 0.000000000000000000e+00 8.940290872352474327e-01 7.089954462949856762e-01
1.000000000000000000e+00 1.000000000000000000e+00 6.803042053843799675e-01 0.000000000000000000e+00 8.936294564024896969e-01 7.077490429739620170e-01
1.000000000000000000e+00 1.000000000000000000e+00 6.788669326715578434e-01 0.000000000000000000e+00 8.938540746094386646e-01 7.065866293205933513e-01
1.000000000000000000e+00 1.000000000000000000e+00 6.923699547579742486e-01 0.000000000000000000e+00 8.963566594009508837e-01 7.256274499327375338e-01
1.000000000000000000e+00 1.000000000000000000e+00 6.898139551078211751e-01 0.000000000000000000e+00 8.913348829271595664e-01 7.221103081087147935e-01
1.000000000000000000e+00 1.000000000000000000e+00 6.605189266238109536e-01 0.000000000000000000e+00 8.877673307791066337e-01 7.099663942148660700e-01
1.000000000000000000e+00 1.000000000000000000e+00 6.568679062911637612e-01 0.000000000000000000e+00 8.872329967874174050e-01 7.079016991380620016e-01
1.000000000000000000e+00 1.000000000000000000e+00 7.068153384812694284e-01 0.000000000000000000e+00 9.135347334350084614e-01 7.367561058095164483e-01
1.000000000000000000e+00 1.000000000000000000e+00 7.049153663706135831e-01 0.000000000000000000e+00 9.127778943979634185e-01 7.363809670015056819e-01
1.000000000000000000e+00 1.000000000000000000e+00 7.057075663998237935e-01 0.000000000000000000e+00 8.984762993218053939e-01 7.318732555490541358e-01
1.000000000000000000e+00 1.000000000000000000e+00 7.086044690808201985e-01 0.000000000000000000e+00 9.018185259108432161e-01 7.309489440660412729e-01
1.000000000000000000e+00 1.000000000000000000e+00 7.086735483568549210e-01 0.000000000000000000e+00 9.009173259362529551e-01 7.294130247962544722e-01
1.000000000000000000e+00 1.000000000000000000e+00 7.132837034068314486e-01 0.000000000000000000e+00 9.252581519464738724e-01 7.275957113522771857e-01
1.000000000000000000e+00 1.000000000000000000e+00 7.124650415312283602e-01 0.000000000000000000e+00 9.277955150894783287e-01 7.274851707091777309e-01
1.000000000000000000e+00 1.000000000000000000e+00 7.147194722892210583e-01 0.000000000000000000e+00 9.246931481791186291e-01 7.293461082992871436e-01
1.000000000000000000e+00 1.000000000000000000e+00 7.151522011934002832e-01 0.000000000000000000e+00 9.232634885903829858e-01 7.289237997128961144e-01
1.000000000000000000e+00 1.000000000000000000e+00 7.151667738341692671e-01 0.000000000000000000e+00 9.235328877246712365e-01 7.286143648334609813e-01
1.000000000000000000e+00 1.000000000000000000e+00 7.080835981438781124e-01 0.000000000000000000e+00 9.538687722050778195e-01 7.457838470461403135e-01
1.000000000000000000e+00 1.000000000000000000e+00 7.084253828878513959e-01 0.000000000000000000e+00 9.548939228005897117e-01 7.475299942836793887e-01
1.000000000000000000e+00 1.000000000000000000e+00 7.080825464759475940e-01 0.000000000000000000e+00 9.564191170628226768e-01 7.472920180392332856e-01
1.000000000000000000e+00 9.927149626732636456e-01 7.072252138578842828e-01 0.000000000000000000e+00 9.657625165163490344e-01 7.455875219256613562e-01
1.000000000000000000e+00 9.803110410507425154e-01 7.082510636945920091e-01 0.000000000000000000e+00 9.693217127564374147e-01 7.460758589197316049e-01
1.000000000000000000e+00 9.942245214492487770e-01 7.067502749129194184e-01 0.000000000000000000e+00 9.673274498042203629e-01 7.454571968020992090e-01
1.000000000000000000e+00 1.000000000000000000e+00 7.053768312388397632e-01 0.000000000000000000e+00 9.666943224473716345e-01 7.435859673258981006e-01
1.000000000000000000e+00 1.000000000000000000e+00 7.050086689608966450e-01 0.000000000000000000e+00 9.648172286683491805e-01 7.432206849548915750e-01
1.000000000000000000e+00 1.000000000000000000e+00 7.053940787083775588e-01 0.000000000000000000e+00 9.646961132009413964e-01 7.435870741459167377e-01
1.000000000000000000e+00 1.000000000000000000e+00 7.046160091481584731e-01 0.000000000000000000e+00 9.591213118849486463e-01 7.433703057684251103e-01
1.000000000000000000e+00 1.000000000000000000e+00 7.048274595597159298e-01 0.000000000000000000e+00 9.590880573962804467e-01 7.431403869517847482e-01
1.000000000000000000e+00 1.000000000000000000e+00 7.075726427222370774e-01 0.000000000000000000e+00 9.449414492042038649e-01 7.423110302476683131e-01
1.000000000000000000e+00 1.000000000000000000e+00 7.075208203711225163e-01 0.000000000000000000e+00 9.442979609167351240e-01 7.421732292814643417e-01
1.000000000000000000e+00 1.000000000000000000e+00 7.072131262588935430e-01 0.000000000000000000e+00 9.504638554697429909e-01 7.402548979308445354e-01
1.000000000000000000e+00 9.745984159501056565e-01 7.045719425372617417e-01 0.000000000000000000e+00 9.822248522133720794e-01 7.436488469521147504e-01
1.000000000000000000e+00 9.790950052229133727e-01 7.052573586044913467e-01 0.000000000000000000e+00 9.807296844957793525e-01 7.426167949960659209e-01
1.000000000000000000e+00 9.758385531062715446e-01 7.046093194216546118e-01 0.000000000000000000e+00 9.838532786636314809e-01 7.424334005230768252e-01
1.000000000000000000e+00 9.835207075329858162e-01 7.044765134328112577e-01 0.000000000000000000e+00 9.780766426124166690e-01 7.418515668352907433e-01
1.000000000000000000e+00 9.780272484352711126e-01 7.038705760714448756e-01 0.000000000000000000e+00 9.667046837462560660e-01 7.436383846485619120e-01
1.000000000000000000e+00 9.751850270836268653e-01 7.036514308276767826e-01 0.000000000000000000e+00 9.686673833789855026e-01 7.437046284578794353e-01
1.000000000000000000e+00 9.872205779217151367e-01 7.037984098310963166e-01 0.000000000000000000e+00 9.680779659421722139e-01 7.439682449937445874e-01
1.000000000000000000e+00 9.834175394311506224e-01 7.039826699529969645e-01 0.000000000000000000e+00 9.649516969373093112e-01 7.446914865887688251e-01
1.000000000000000000e+00 1.000000000000000000e+00 7.143444415528026337e-01 0.000000000000000000e+00 9.521376342556119310e-01 7.496755422441020444e-01
1.000000000000000000e+00 1.000000000000000000e+00 7.145126028012985797e-01 0.000000000000000000e+00 9.524505647879845105e-01 7.496297487611273125e-01
1.000000000000000000e+00 1.000000000000000000e+00 7.142492485016691539e-01 0.000000000000000000e+00 9.606651029291972677e-01 7.491829302225128107e-01
1.000000000000000000e+00 1.000000000000000000e+00 7.151489243678891272e-01 0.000000000000000000e+00 9.580537892759386498e-01 7.487994647921134561e-01
1.000000000000000000e+00 9.944372861459952473e-01 7.173763338410569235e-01 0.000000000000000000e+00 9.598288383185443751e-01 7.489655686472311835e-01
1.000000000000000000e+00 9.929446815680820215e-01 7.177864410366120440e-01 0.000000000000000000e+00 9.575792810303831448e-01 7.487127246220576238e-01
1.000000000000000000e+00 1.000000000000000000e+00 7.138724995674875506e-01 0.000000000000000000e+00 9.250473438379865909e-01 7.534524190958059586e-01
1.000000000000000000e+00 1.000000000000000000e+00 7.154342244760864000e-01 0.000000000000000000e+00 9.197695045165650285e-01 7.530061983282629878e-01
1.000000000000000000e+00 1.000000000000000000e+00 7.146333615918548654e-01 0.000000000000000000e+00 9.194762379343455194e-01 7.533981497006450034e-01
1.000000000000000000e+00 1.000000000000000000e+00 7.141515590761144949e-01 0.000000000000000000e+00 9.200878410300525889e-01 7.534115083881621766e-01
1.000000000000000000e+00 1.000000000000000000e+00 7.133349877743061507e-01 0.000000000000000000e+00 9.196702991835917773e-01 7.525662556139273152e-01
1.000000000000000000e+00 1.000000000000000000e+00 7.121845440334233501e-01 0.000000000000000000e+00 9.147556462794186327e-01 7.548208673814555958e-01
1.000000000000000000e+00 1.000000000000000000e+00 7.100326666928773456e-01 0.000000000000000000e+00 9.160289391189844199e-01 7.530684545097287019e-01
1.000000000000000000e+00 1.000000000000000000e+00 7.099775421163283529e-01 0.000000000000000000e+00 9.202276897138276235e-01 7.519926009017384727e-01
1.000000000000000000e+00 1.000000000000000000e+00 7.092437563314356597e-01 0.000000000000000000e+00 9.193593721414097253e-01 7.509435814041692803e-01
1.000000000000000000e+00 1.000000000000000000e+00 7.104258830008467474e-01 0.000000000000000000e+00 9.187671511206775277e-01 7.506511965704593115e-01
1.000000000000000000e+00 1.000000000000000000e+00 7.102837644791598626e-01 0.000000000000000000e+00 9.184961028115461446e-01 7.504680622496419096e-01
1.000000000000000000e+00 1.000000000000000000e+00 7.103546961055915432e-01 0.000000000000000000e+00 9.176426735814994240e-01 7.524667781049206861e-01
1.000000000000000000e+00 1.000000000000000000e+00 7.103546650390830663e-01 0.000000000000000000e+00 9.177937557313292638e-01 7.525559814278940385e-01
1.000000000000000000e+00 1.000000000000000000e+00 7.089825413580946867e-01 0.000000000000000000e+00 9.187679384399416449e-01 7.541344497453433826e-01
1.000000000000000000e+00 1.000000000000000000e+00 7.087287822278075522e-01 0.000000000000000000e+00 9.215503910285343103e-01 7.540416670549350275e-01
1.000000000000000000e+00 1.000000000000000000e+00 7.080655844860633819e-01 0.000000000000000000e+00 9.208473959838565648e-01 7.531691442723607022e-01
1.000000000000000000e+00 1.000000000000000000e+00 7.089342945057169887e-01 0.000000000000000000e+00 9.156726833289718925e-01 7.523580827968260332e-01
1.000000000000000000e+00 1.000000000000000000e+00 7.092465486111136919e-01 0.000000000000000000e+00 9.150428177473242108e-01 7.517424854721221905e-01
1.000000000000000000e+00 1.000000000000000000e+00 7.083256083099687128e-01 0.000000000000000000e+00 9.129349641038013718e-01 7.529135250763274723e-01
1.000000000000000000e+00 1.000000000000000000e+00 7.085151726342668876e-01 0.000000000000000000e+00 9.129893877628491028e-01 7.528146749935831217e-01
1.000000000000000000e+00 1.000000000000000000e+00 7.088027066008196764e-01 0.000000000000000000e+00 9.130520447044834231e-01 7.513865557707735121e-01
1.000000000000000000e+00 1.000000000000000000e+00 7.089425298000228137e-01 0.000000000000000000e+00 9.128742722563022438e-01 7.516431282478256426e-01
1.000000000000000000e+00 1.000000000000000000e+00 7.091951157355244062e-01 0.000000000000000000e+00 9.132407227521239790e-01 7.516989447660852308e-01
1.000000000000000000e+00 1.000000000000000000e+00 7.090506633713240525e-01 0.000000000000000000e+00 9.132733307837996861e-01 7.517063561184965659e-01
1.000000000000000000e+00 1.000000000000000000e+00 7.089670389197795242e-01 0.000000000000000000e+00 9.136247515776780848e-01 7.516819758333332935e-01
1.000000000000000000e+00 1.000000000000000000e+00 7.085775422629700948e-01 0.000000000000000000e+00 9.138200668053563236e-01 7.519900294430877929e-01
1.000000000000000000e+00 1.000000000000000000e+00 7.094058246913145238e-01 0.000000000000000000e+00 9.012328052894995611e-01 7.608590720994343748e-01
1.000000000000000000e+00 1.000000000000000000e+00 7.094168371180575861e-01 0.000000000000000000e+00 9.001643715347975583e-01 7.612501373168631957e-01
1.000000000000000000e+00 1.000000000000000000e+00 7.089425350631280986e-01 0.000000000000000000e+00 8.973866699508683542e-01 7.636633537362852442e-01
1.000000000000000000e+00 1.000000000000000000e+00 7.088629282145291199e-01 0.000000000000000000e+00 8.974980819232928342e-01 7.635592598422731303e-01
1.000000000000000000e+00 1.000000000000000000e+00 7.088678054010797425e-01 0.000000000000000000e+00 8.973745893779665472e-01 7.632951331931613348e-01
1.000000000000000000e+00 1.000000000000000000e+00 7.087403070281116380e-01 0.000000000000000000e+00 8.961319861131841202e-01 7.648801607608489705e-01
1.000000000000000000e+00 1.000000000000000000e+00 7.091809487805249557e-01 0.000000000000000000e+00 8.965980997112905637e-01 7.654689426259746465e-01
1.000000000000000000e+00 1.000000000000000000e+00 7.095356383351648644e-01 0.000000000000000000e+00 8.964601988100985297e-01 7.661525053793127871e-01
