2.854418158531188965e-01 2.285879254341125488e-01 2.375399470329284668e-01 1.616162061691284180e-01 6.702414751052856445e-01 3.416300415992736816e-01
4.793092012405395508e-01 2.513063549995422363e-01 4.604386687278747559e-01 4.360544681549072266e-01 6.368453502655029297e-01 1.286195516586303711e-01
5.505697727203369141e-01 9.840468764305114746e-01 4.530173540115356445e-02 4.932935833930969238e-01 9.255500435829162598e-01 8.465648293495178223e-01
5.451238751411437988e-01 2.102578878402709961e-01 5.882403850555419922e-01 7.881103157997131348e-01 4.021709561347961426e-01 2.526125311851501465e-01
1.623347401618957520e-01 7.911617159843444824e-01 3.311221003532409668e-01 1.392704248428344727e-02 7.343760728836059570e-01 8.423744440078735352e-01
1.036288738250732422e-01 4.765972495079040527e-01 8.356136083602905273e-01 2.647423744201660156e-01 3.258743286132812500e-01 8.058527112007141113e-01
5.863319635391235352e-01 3.128553032875061035e-01 3.240278363227844238e-01 6.220448017120361328e-02 7.609572410583496094e-01 4.861290454864501953e-01
7.988532781600952148e-01 2.875725030899047852e-01 3.070235252380371094e-02 1.611096858978271484e-01 9.217209815979003906e-01 5.777280330657958984e-01
5.629085898399353027e-01 8.993678092956542969e-01 7.446885108947753906e-03 9.790046811103820801e-01 2.733781933784484863e-01 5.857914090156555176e-01
8.605385422706604004e-01 3.147149085998535156e-01 1.558642387390136719e-01 4.611199498176574707e-01 1.199385523796081543e-01 6.105029582977294922e-01
5.457145888788762500e-01 2.385590072027429787e-01 9.020533282477327663e-01 3.369281836332181923e-01 7.779421157180447244e-01 9.315580223391151105e-01
6.605850059480798953e-01 0.000000000000000000e+00 1.000000000000000000e+00 8.613364439555667440e-01 4.155630350660088346e-01 9.874121395542602153e-01
3.235496971514889575e-01 2.910809707775627482e-03 9.978144301233002889e-01 9.725109665287730021e-01 5.765134280882373563e-01 9.959315651873027475e-01
0.000000000000000000e+00 0.000000000000000000e+00 1.450751171148045582e-01 9.806209037644887383e-01 5.475167185462508357e-01 9.916733896298781659e-01
1.257782770411579598e-01 5.187089359608123423e-03 9.842939531699979039e-01 9.418799204045185114e-01 8.032491615306116550e-01 8.566397009189874456e-01
1.000000000000000000e+00 5.299073082121342759e-01 1.000000000000000000e+00 9.991399375588594367e-01 1.000000000000000000e+00 9.948408011270205575e-01
1.345895501542735684e-01 1.749355266947498835e-02 9.884425387116714257e-01 9.530209691493406465e-01 0.000000000000000000e+00 9.975510047779833078e-01
1.744940787836874729e-01 3.402348888451277309e-02 9.727477172738309141e-01 9.408333556996899549e-01 7.698640427687927223e-01 8.314152963076882896e-01
8.253752625732434234e-02 5.744460014664300000e-03 1.000000000000000000e+00 9.730202988206936299e-01 4.996560117603838225e-01 9.879453469438636004e-01
0.000000000000000000e+00 1.219596929055642535e-02 9.952656328871842817e-01 9.634067597067664801e-01 5.780578020447701970e-01 9.922819782687289925e-01
1.425985030617689109e-01 9.498458282868750546e-02 7.412940120483195727e-01 9.958000849232694074e-02 1.018004970789348207e-01 1.507124838456907756e-01
3.344298837741887520e-01 3.070597021339146158e-03 9.993874349105568156e-01 1.000000000000000000e+00 5.341401478513083667e-01 1.000000000000000000e+00
1.000000000000000000e+00 1.464138357193489060e-01 9.955357943722226155e-01 1.000000000000000000e+00 9.036015109617125951e-01 9.777778093736472220e-01
9.431181334939352512e-01 6.219351400717273298e-02 9.673633603756998101e-01 6.546304997924813629e-02 4.098215126680511688e-01 9.764480852364730845e-01
6.779929972346060429e-01 5.916605346756673711e-01 8.731503711790958855e-01 9.063887124002493190e-01 7.970951698595787338e-01 1.174303563805420975e-01
7.996715907555899117e-01 5.275169935932145782e-01 9.481184267801480159e-01 3.283515184746952364e-01 8.935998073604568548e-01 9.616807077799616188e-01
9.597047030248628818e-01 1.720350790405263813e-02 9.772267387643371883e-01 3.503898418707628720e-02 2.349634645854373205e-01 9.858600920963130898e-01
9.626043406538861147e-01 3.395174655510100892e-01 9.912263036227905166e-01 7.208354280650215717e-02 5.044871139828914774e-01 9.879386594828106771e-01
9.422093106031470544e-01 0.000000000000000000e+00 8.447287133865212239e-01 4.990669689088070987e-02 7.431730406909436981e-01 9.845848023203264132e-01
8.908393898888344875e-01 7.775851541346021079e-02 9.165888293729688163e-01 9.449569212572842547e-01 9.924262227946864523e-02 3.801638666531046568e-02
7.958984821488949146e-01 4.870319289495448345e-01 9.426370893589628430e-01 1.170454362059958169e-02 7.969378287717941989e-01 9.743814043348459908e-01
9.836156228078184460e-01 2.797259304211551778e-01 1.799155465224970829e-01 7.331711671844581835e-02 5.906678010225605568e-01 9.847516646762992654e-01
9.648731316822523052e-01 4.645472233974423659e-01 6.161002664605785828e-01 4.106962391166865678e-02 3.804370768659662283e-01 9.692182981722626822e-01
6.097597635121019266e-01 8.851001562260253364e-01 8.372140980606841421e-01 3.422560862559839157e-01 1.675740324957638860e-01 7.587142964368250864e-01
9.715224130511312950e-01 1.000000000000000000e+00 9.715971694973689621e-01 7.752406464229895100e-01 5.743761949014919432e-01 1.694078503863891139e-01
6.723197212612104234e-01 9.914713931723071472e-01 9.611958012957554365e-01 9.226861093852432028e-01 5.644589362867170612e-01 9.038162844742952950e-01
1.505130311223281392e-01 9.107073728257476519e-01 9.378206967849187503e-01 9.438091979187878122e-01 9.588953381413195531e-01 5.821677054861368328e-02
9.891503422730148209e-02 1.363819323643626624e-01 9.210524630387852962e-01 9.343166870781240974e-01 7.158498444408935013e-01 8.440103880116734958e-01
9.175501790385874878e-01 9.534220594697592199e-01 9.523614844041666805e-01 5.003448204050136433e-02 3.741993437503839115e-02 2.976479127823641879e-01
8.805056065600633808e-01 9.454793152630863728e-01 9.626962557527221076e-01 9.050142027105513576e-02 2.145595177376635465e-01 9.338451720720100102e-01
8.946615830293953575e-01 9.410169292424707121e-01 9.397315268295943769e-01 6.544189789235660415e-02 5.490259953550391536e-02 2.093478614293332041e-01
1.000000000000000000e+00 9.920521669979958101e-01 9.953389828491928659e-01 1.423375327932143719e-01 0.000000000000000000e+00 5.166853851350556859e-01
1.444569654132256964e-01 8.852434872456839410e-02 5.935939418772111231e-02 3.570056840910791618e-02 4.912319567375661444e-01 8.782455704374588779e-01
8.920739799352557231e-01 9.873288128815564946e-01 9.480813908814824664e-01 5.549819314731925246e-01 8.935652852784221889e-02 9.944404296130566756e-01
9.615993084518845713e-01 9.744694482925857493e-01 9.893798065143483145e-01 1.803560193842551340e-01 2.838535257531241141e-02 9.662138051265045657e-01
9.933953259122390023e-01 9.984726624834668884e-01 9.957479780915278189e-01 2.976806773367921544e-01 4.273190662964531424e-04 9.996497935011764424e-01
5.115235459434106513e-01 8.676489244078670060e-01 7.927647336216713247e-01 3.709714644711288867e-01 2.312511425109032293e-01 7.601240797449738684e-01
9.423274962749683681e-01 9.921869075016399586e-01 9.817546461988504447e-01 3.454167640738498579e-01 0.000000000000000000e+00 6.288463461970869028e-01
1.518773130616654921e-01 8.021074356773910674e-02 9.408252260000842249e-01 2.246271488810563585e-02 8.199430854484396347e-01 9.512603764783625349e-02
8.786571096282403959e-01 9.763774497029090726e-01 9.538749460805331370e-01 1.020190469269708217e-01 1.720667080641426760e-01 7.472822766959068552e-01
9.014310896213029167e-01 8.677249054610312040e-01 9.749976489011195069e-01 1.366752204647646851e-01 7.801763371488515952e-01 2.947256980831615761e-02
9.219494593281342132e-01 6.459208675066994143e-01 9.077220864300148406e-01 3.192711962750238719e-01 1.167944163487572851e-01 9.433298710744968396e-01
6.573555939594231123e-01 9.319621568527320932e-01 9.858701696764140543e-01 2.476176201076647487e-01 1.618260041966770590e-01 6.426817580917626449e-01
7.687568968304728800e-01 7.985814086470446327e-01 6.294799825980378072e-02 9.522237450067118358e-02 2.846917308461388019e-01 1.882369351138500069e-01
1.713698885685285556e-01 7.463776934308398170e-01 5.508279188343395000e-02 1.186416437354381043e-01 9.752455356335942849e-02 8.349075232280167569e-01
8.699596421518391853e-01 9.140835269768332605e-01 9.200006392804026545e-01 3.321518337722896563e-02 3.800149489620344156e-02 3.760140798208978785e-02
7.302916858380871235e-01 1.000000000000000000e+00 3.372578431035307828e-02 1.982484892170608970e-01 9.088207136911388151e-01 9.275172771719295550e-01
8.296881497530753657e-01 8.977127457739784155e-01 8.979490651759529651e-01 5.118301223063778660e-02 1.042439793534310349e-01 0.000000000000000000e+00
8.922793868828540198e-01 8.982621852484374836e-01 9.698859976643096070e-01 1.360287941607623841e-01 6.509455935794341563e-01 1.204286339097087183e-01
1.692308985603933058e-01 8.037997021161319422e-01 6.112904148476647759e-01 3.454379748847049569e-01 4.748066993051751616e-01 7.637326586426183006e-01
