6.140260004883609790e-01
3.295588187077554965e-01
6.585914468248174058e-01
7.002404676074023282e-01
1.318795565065891573e+00
9.417676391246266876e-01
1.489638406736671694e+00
5.029374141849264346e-01
1.605567486381121345e+00
5.398216990568138751e-01
1.444849157440840859e+00
1.918494201635888796e+00
1.335306905527088084e+00
9.840255518880378638e-01
1.786459300655002469e+00
1.958104284142030416e+00
1.924829690308138996e+00
1.008665052779249116e+00
5.738208729507636718e-01
1.713597200664265463e+00
1.909046351688863830e+00
1.499077952292321436e+00
1.088166785255923141e+00
1.935464927524753076e+00
1.335103121240710511e+00
1.087003981988630352e+00
1.888591378923473396e+00
1.137498396616525520e+00
1.975719125123553077e+00
1.012691565439012731e+00
1.966955822506542662e+00
6.268238888396873154e-01
1.122303537310550769e+00
1.697903201368893944e+00
1.133798881395339464e+00
1.964371866544157186e+00
8.699866367981234916e-02
1.143956602814713897e+00
1.665218586584911176e+00
1.619878074171733573e+00
3.887557492425751104e-01
1.059949038920463105e+00
1.847838686461501734e+00
1.538630843448247631e+00
4.040619851459185674e-01
1.127342207285731757e+00
1.965558745220798098e+00
1.964900634003349689e+00
1.970343186161468196e+00
9.089789341432510383e-01
9.536662493054224310e-01
5.630428993912135471e-01
1.971446204190487439e+00
1.968223454370292780e+00
1.967722103856144988e+00
1.974439726917712745e+00
1.952896812574122620e+00
1.968077030208577938e+00
1.974673449030993400e+00
1.964942984986832286e+00
1.968302085157144443e+00
1.972100037651468574e+00
1.971407922691188030e+00
1.922530011556778717e+00
8.095244861608383857e-01
1.243554731230395838e+00
1.962307338961766234e+00
1.951163232308911644e+00
1.946860151247819415e+00
1.865551348448586388e+00
1.969900606736003423e+00
1.657602659181535376e+00
1.965687016891787708e+00
1.958818143190367511e+00
1.083442804875539345e+00
1.691044015664258104e+00
1.966058384071578402e+00
5.652716689585516319e-01
1.966058933068811410e+00
1.846634167784581226e+00
1.744211748566999454e+00
1.365943322589554088e+00
1.935942674859662205e+00
7.991235973411144888e-01
1.950223526615578518e+00
1.928824861953565950e+00
8.739412373701880288e-01
1.975258967205126392e+00
4.763202715042198776e-02
1.929815829559842655e+00
1.279306099047529122e-01
1.881958770818035198e+00
1.936565044331518770e+00
6.288962687236724358e-01
1.926412289949469336e+00
1.174377391911023194e+00
1.834306783587940304e+00
1.124336434769397819e+00
9.661609990174709894e-01
1.975359554796514372e+00
1.943149256065329844e+00
1.949033069917359251e+00
8.531745905017226184e-01
1.958885505205592903e+00
1.932281797290307468e+00
1.954594621368348051e+00
1.946707643958118128e+00
1.935460497464848384e+00
1.975628349155840846e+00
1.971889303580955266e+00
