-3.633393184394343445e-01
-2.477024840779215031e-01
-1.337663993559708997e-01
-4.855385689522370152e-01
-7.902958095859586862e-01
-7.137411046199182429e-01
-2.152624021914295027e-01
-7.510243109235825720e-01
-7.230782997106465215e-01
-3.687032070153837271e-01
2.333946559559674228e-02
-1.868800812493116581e-01
-7.077570981424038399e-01
-9.513785089449102728e-01
-2.378725818066924069e-01
-3.772201851503871328e-01
-4.425403173096071896e-01
-5.048798015047984977e-01
-5.748922332382321310e-01
-8.379010199330666486e-01
-2.393328908123183996e-01
-6.798259028824146233e-01
-9.119479327284383263e-01
-1.386227485572822493e+00
-8.277278298164290060e-01
-8.843305489206391146e-01
-4.776467912143929073e-01
-7.635300034566987470e-01
-2.294694245577879599e-01
-7.330037681165255670e-01
-7.042731775174316811e-01
-9.163443113832324682e-01
-6.614183868971996727e-01
-5.971577854205128988e-01
-8.406983568282986319e-01
-3.563695566190741015e-01
-2.901890563796465372e-01
-8.627524156010041301e-01
-1.469603051481926936e-01
-5.821558157577941817e-01
-4.259820881100411238e-01
-2.648192635082661228e-01
-8.931631759492559830e-01
-2.032403833715007435e-01
-3.273175719794378935e-01
-1.642459943890370866e-01
-5.812660819717830885e-01
-5.527221156701472848e-01
-6.304453224036857817e-01
-4.301260265561789309e-01
-2.121213175579211851e-01
-4.884287153227461209e-01
-1.212957383387785359e+00
-7.358442433210110600e-01
-5.088183418417110415e-01
-5.534337135746936198e-01
-5.867987641119489783e-01
-8.524722793907278939e-01
-5.645710408329848162e-01
-6.787231706376822826e-01
-7.063746408319251380e-01
-8.514286265418851141e-01
-1.219103404827621029e+00
-7.109703515141981844e-01
-4.263567920603112960e-01
-7.011433074353878858e-01
-9.452315033658318377e-01
-5.443291825340388357e-01
-3.108840253223068006e-01
-1.071302594679447884e+00
-6.276110341623252209e-01
-5.499735718322045219e-01
-5.449328645279242211e-01
-4.623999911913448946e-01
-1.548146775917509377e-01
-7.205242750340986602e-01
-8.762448271904466068e-01
-1.171070654575365300e+00
-6.179305984432952314e-01
-8.415190814031751065e-01
-7.965730917778592879e-01
-7.773809375063798210e-01
-6.991536773741008348e-01
-3.933198819406003022e-01
-5.352020491805368207e-01
-1.163230918059773078e+00
-1.038773397529219933e+00
-6.948519528577243864e-01
-9.853813847598174025e-01
-2.831445417242974827e-01
-4.660008409833575893e-01
-1.097500784987641254e+00
-3.406750062260669454e-01
-4.018776546832274477e-01
-5.432297340035643352e-01
-8.044471276455713582e-01
-5.013335143790388360e-01
-6.928012299007810793e-01
-9.566251486505229495e-01
-7.680395626469761483e-01
-6.876375067834097354e-01
-9.281508429756542000e-01
-6.975321892127235301e-01
-1.765794822040230860e-01
-5.699465428666874445e-01
-7.758236398580633519e-01
-1.120955939062083129e+00
-2.374863593512606119e-01
-4.646906765487115454e-01
-5.017206554206273816e-01
