5.898290157179462145e-01
1.103869208146074810e+00
4.390789089771396925e-01
5.481113559309104266e-01
3.038450641165215127e-01
3.302390861526803834e-01
1.082415142787076789e-01
2.716278665359841415e-01
2.097905093387004150e-01
9.232096220057185720e-02
3.501663190544549442e-01
8.438318408396010550e-01
6.290409453301635256e-01
3.784930218546883607e-01
7.618488254902523460e-01
3.706259103994622439e-01
8.813436091709575537e-02
7.746412168422137645e-01
2.832462623529493073e-01
-9.371075724416197406e-02
2.028372057233364667e-01
1.515244551850322141e-01
3.785876909316742145e-01
1.885898671135945448e-01
7.164218703396255661e-01
2.991209233156930658e-01
1.878129527629532336e-01
2.391055381638722277e-02
2.388333799501876908e-01
1.369693080824793130e-01
9.020292993120095082e-02
1.539441321505573279e-02
7.469951601695876131e-02
1.613076884384746223e-01
6.181040359192933042e-01
1.325040224569545844e-01
2.245429952176024035e-01
1.454953264024514692e-01
4.282313274146150595e-01
8.865449563068289462e-01
1.819751476908989529e-01
5.177101294130825870e-01
1.339454457265141785e-01
9.062673661250987278e-01
6.825865121667457069e-01
6.600463852320379576e-01
-7.788117618269352338e-02
3.071541283276435497e-01
4.605235739950314100e-01
1.269282965729619794e-01
4.233007178223533451e-01
2.685885310433573925e-01
2.105428888409805466e-01
8.052647825800374193e-01
3.014473935968169371e-01
6.227421081257783486e-01
-2.181432228630139636e-03
7.918739390880075169e-01
2.228392173520107877e-02
4.408779218999594463e-01
5.936249844066108228e-01
8.864191818033012593e-02
1.396974960609442262e-01
4.480049471288365392e-01
5.842068193629412765e-01
5.796216967193141834e-01
5.025916881382630486e-01
2.828560554605770161e-01
-1.037343886834143913e-02
3.883765393586010584e-01
7.319132256396984615e-02
1.979800812793529596e-01
-2.189275004859486673e-02
3.395125339641044127e-01
1.621560250658954927e-01
1.150710109917340018e-01
7.896227130909659886e-01
5.161012781229563640e-01
1.572105133099192531e-01
1.392721571240601364e+00
-3.611594209401156053e-02
8.290824908876046617e-01
-2.745018770020300480e-01
3.127247192429499778e-01
2.869238024738216541e-01
1.377801543861073563e-01
3.996475986297055027e-01
-7.790609288753369555e-02
1.029586217862419772e+00
4.444012602775017085e-01
3.995918775227522146e-01
5.917164857090642105e-01
1.911507132601144021e-01
1.193587280879223333e-01
4.361124765693710215e-01
6.629121601941738717e-01
2.969629234274155927e-01
8.461130702648078650e-02
2.445436038208674279e-01
8.755834222160482905e-02
1.802917166953732220e-01
-1.983718948131329984e-02
6.104422598812281331e-01
1.744373381796206213e-02
5.476914287928398295e-01
2.574392354811722572e-01
5.143914604988132355e-01
1.235615222434089500e+00
4.094727836390378295e-01
1.469481818956008823e-01
