9.360339045524597168e-01 6.816500425338745117e-01 2.187690734863281250e-01 1.587879061698913574e-01 2.223228812217712402e-01 7.178283333778381348e-01
3.801858425140380859e-01 6.922874450683593750e-01 2.721061706542968750e-01 7.182399034500122070e-01 3.741185069084167480e-01 6.746862530708312988e-01
5.995511412620544434e-01 5.053586363792419434e-01 9.929572939872741699e-01 6.064502000808715820e-01 4.615876078605651855e-01 6.346939802169799805e-01
8.867223858833312988e-01 1.735693812370300293e-01 3.293953537940979004e-01 1.451942324638366699e-01 3.450757265090942383e-01 9.789418578147888184e-01
8.034327030181884766e-01 7.829276919364929199e-01 5.638697743415832520e-01 6.192576885223388672e-01 3.338360190391540527e-01 1.665931940078735352e-02
3.097104430198669434e-01 6.022441387176513672e-02 7.821500301361083984e-02 8.439490199089050293e-01 7.636129260063171387e-01 8.870061635971069336e-01
9.090963602066040039e-01 1.726754307746887207e-01 4.515254497528076172e-01 4.146746993064880371e-01 1.549928188323974609e-01 2.079975605010986328e-01
4.922338724136352539e-01 2.408287525177001953e-01 1.614218950271606445e-02 5.906996726989746094e-01 7.800624966621398926e-01 6.073278784751892090e-01
3.670559525489807129e-01 2.690458297729492188e-01 6.327211856842041016e-02 3.964551687240600586e-01 7.927912473678588867e-02 4.834067821502685547e-01
9.651168584823608398e-01 1.753200888633728027e-01 2.795690894126892090e-01 8.451783657073974609e-02 6.984967589378356934e-01 8.693021535873413086e-02
3.624910712242126465e-01 9.031751751899719238e-01 6.299992650747299194e-02 9.289384484291076660e-01 3.787358701229095459e-01 1.158194169402122498e-01
0.000000000000000000e+00 8.904021978378295898e-01 1.935155838727951050e-01 4.791690409183502197e-01 3.306854963302612305e-01 9.434688836336135864e-02
1.000000000000000000e+00 9.936981201171875000e-01 2.208215650171041489e-03 9.832690358161926270e-01 0.000000000000000000e+00 2.435448169708251953e-01
9.964935183525085449e-01 3.805015385150909424e-01 6.021598353981971741e-03 9.805237650871276855e-01 6.600330471992492676e-01 0.000000000000000000e+00
9.840676784515380859e-01 2.558584883809089661e-02 1.962352171540260315e-02 9.790874123573303223e-01 6.096667051315307617e-02 8.774898946285247803e-03
9.804336428642272949e-01 0.000000000000000000e+00 3.662301972508430481e-02 9.406542181968688965e-01 8.923630714416503906e-01 1.790950633585453033e-02
9.851958155632019043e-01 4.849237799644470215e-01 1.416949788108468056e-03 8.056660294532775879e-01 0.000000000000000000e+00 0.000000000000000000e+00
9.991276264190673828e-01 1.000000000000000000e+00 1.115476805716753006e-02 7.902634143829345703e-01 3.376064896583557129e-01 2.939096689224243164e-01
5.818050503730773926e-01 8.165428042411804199e-01 5.054951831698417664e-02 1.000000000000000000e+00 1.000000000000000000e+00 2.465100139379501343e-01
1.000000000000000000e+00 4.796690046787261963e-01 0.000000000000000000e+00 7.309979200363159180e-01 3.060091137886047363e-01 0.000000000000000000e+00
1.000000000000000000e+00 3.439899981021881104e-01 3.159674233756959438e-04 8.631870746612548828e-01 2.868807911872863770e-01 1.152831246145069599e-03
9.999027848243713379e-01 4.219175279140472412e-01 2.449256135150790215e-03 6.692093014717102051e-01 4.046273827552795410e-01 0.000000000000000000e+00
1.000000000000000000e+00 4.049502313137054443e-01 0.000000000000000000e+00 5.716945528984069824e-01 2.317198812961578369e-01 0.000000000000000000e+00
8.612138032913208008e-01 2.691608667373657227e-01 7.386870682239532471e-02 4.455874860286712646e-02 0.000000000000000000e+00 1.029558852314949036e-01
9.923233985900878906e-01 6.311256289482116699e-01 1.004445366561412811e-03 7.127961516380310059e-01 3.586569130420684814e-01 0.000000000000000000e+00
1.000000000000000000e+00 6.801420450210571289e-01 1.690530800260603428e-03 6.641436815261840820e-01 2.979119420051574707e-01 5.773683078587055206e-03
9.718332290649414062e-01 1.000000000000000000e+00 9.151007235050201416e-02 4.607281386852264404e-01 0.000000000000000000e+00 4.042747616767883301e-01
9.775075316429138184e-01 8.123125433921813965e-01 1.124178757891058922e-03 7.295489311218261719e-01 5.628933906555175781e-01 4.976009428501129150e-01
6.869102716445922852e-01 5.456865429878234863e-01 1.333406753838062286e-02 6.136072278022766113e-01 3.651722669601440430e-01 1.111571304500102997e-02
0.000000000000000000e+00 9.912357330322265625e-01 9.910348802804946899e-02 1.000000000000000000e+00 1.000000000000000000e+00 2.696407735347747803e-01
2.385843396186828613e-01 7.672519087791442871e-01 1.386843472719192505e-01 5.251150727272033691e-01 3.579280078411102295e-01 5.167109519243240356e-02
7.564945816993713379e-01 4.513763189315795898e-01 0.000000000000000000e+00 5.640484094619750977e-01 3.169969916343688965e-01 3.496115386951714754e-04
0.000000000000000000e+00 9.694285392761230469e-01 6.779980659484863281e-02 9.917057156562805176e-01 4.037977457046508789e-01 1.190494894981384277e-01
7.745591402053833008e-01 6.399189233779907227e-01 0.000000000000000000e+00 4.472680985927581787e-01 5.627710223197937012e-01 1.419491041451692581e-02
7.363385558128356934e-01 8.578788042068481445e-01 3.383853705599904060e-03 1.903624832630157471e-01 6.260193586349487305e-01 3.699137596413493156e-03
3.145795166492462158e-01 5.498797893524169922e-01 9.008668363094329834e-03 2.856189012527465820e-02 7.305368185043334961e-01 2.964930795133113861e-02
4.775443077087402344e-01 9.112369418144226074e-01 4.153186455368995667e-03 1.182777434587478638e-01 8.626141548156738281e-01 1.178827509284019470e-02
3.001087605953216553e-01 9.865692853927612305e-01 1.955523900687694550e-02 0.000000000000000000e+00 8.789464831352233887e-01 5.156038701534271240e-02
5.222612023353576660e-01 3.290402889251708984e-01 7.091492414474487305e-02 7.253323197364807129e-01 2.466118633747100830e-01 4.658577218651771545e-02
1.574303805828094482e-01 4.775722324848175049e-01 5.349236726760864258e-02 8.729155175387859344e-03 8.633129000663757324e-01 5.237765237689018250e-02
9.694057703018188477e-01 0.000000000000000000e+00 3.999907076358795166e-01 1.259311288595199585e-01 5.799919366836547852e-01 1.649308353662490845e-01
7.483106851577758789e-01 0.000000000000000000e+00 9.260315895080566406e-01 4.519217610359191895e-01 3.363419473171234131e-01 6.014709472656250000e-01
1.000000000000000000e+00 3.122546374797821045e-01 6.011848449707031250e-01 7.713245749473571777e-01 2.453894019126892090e-01 1.800489872694015503e-01
6.713648438453674316e-01 6.400423645973205566e-01 0.000000000000000000e+00 3.658845424652099609e-01 7.005481719970703125e-01 5.092774517834186554e-04
5.143822431564331055e-01 7.791191339492797852e-01 5.732094869017601013e-02 8.955937623977661133e-01 2.860251814126968384e-02 7.086291164159774780e-02
6.471524834632873535e-01 6.979073286056518555e-01 1.484086387790739536e-03 4.350085854530334473e-01 7.123830914497375488e-01 0.000000000000000000e+00
7.959195375442504883e-01 8.749370574951171875e-01 2.326853200793266296e-02 0.000000000000000000e+00 3.657045066356658936e-01 2.065958082675933838e-02
8.658801913261413574e-01 5.068530440330505371e-01 9.125620722770690918e-01 6.205559149384498596e-02 7.587897032499313354e-02 5.632837861776351929e-02
8.512138724327087402e-01 7.764339447021484375e-01 4.501670897006988525e-01 8.831824064254760742e-01 5.666525959968566895e-01 4.760838299989700317e-02
1.455997377634048462e-01 8.810253143310546875e-01 5.683842301368713379e-01 3.500526845455169678e-01 1.431709229946136475e-01 9.421244263648986816e-02
1.456487327814102173e-01 2.771457433700561523e-01 4.992485418915748596e-02 0.000000000000000000e+00 8.318600058555603027e-01 4.098819568753242493e-02
7.935420274734497070e-01 9.920582175254821777e-01 1.413218863308429718e-02 2.898724563419818878e-02 1.000000000000000000e+00 6.384876091033220291e-03
6.607955098152160645e-01 5.981441140174865723e-01 0.000000000000000000e+00 4.381466507911682129e-01 6.830114126205444336e-01 0.000000000000000000e+00
4.990842659026384354e-03 7.610222101211547852e-01 1.176353991031646729e-01 0.000000000000000000e+00 0.000000000000000000e+00 7.093269377946853638e-02
4.208250939846038818e-01 4.123826920986175537e-01 1.756672002375125885e-02 6.164539456367492676e-01 7.903333902359008789e-01 1.908724568784236908e-02
7.700640559196472168e-01 1.000000000000000000e+00 5.325769186019897461e-01 6.639184355735778809e-01 4.710461497306823730e-01 0.000000000000000000e+00
7.146119475364685059e-01 1.000000000000000000e+00 6.213139891624450684e-01 8.970425724983215332e-01 5.977284908294677734e-01 2.568760216236114502e-01
8.454182744026184082e-02 4.232151433825492859e-02 2.660503089427947998e-01 3.628477454185485840e-01 8.469302654266357422e-01 1.230568513274192810e-01
8.166750669479370117e-01 7.018269300460815430e-01 0.000000000000000000e+00 4.812889397144317627e-01 6.803064942359924316e-01 0.000000000000000000e+00
5.561353564262390137e-01 5.711616277694702148e-01 8.023421764373779297e-01 6.324619650840759277e-01 4.642767608165740967e-01 6.221563816070556641e-01
3.570003807544708252e-01 4.824685454368591309e-01 6.432769298553466797e-01 4.280906915664672852e-01 2.169224619865417480e-01 1.342804580926895142e-01
1.360548436641693115e-01 0.000000000000000000e+00 6.814964860677719116e-02 3.931124880909919739e-02 8.334796428680419922e-01 4.009966924786567688e-02
4.828034639358520508e-01 8.736708760261535645e-01 0.000000000000000000e+00 5.805970430374145508e-01 6.147297620773315430e-01 2.058897912502288818e-02
7.054202556610107422e-01 2.200494706630706787e-02 4.832297563552856445e-02 1.758869737386703491e-01 1.574342697858810425e-01 7.982210069894790649e-02
6.208051368594169617e-02 6.571248639374971390e-03 2.341770678758621216e-01 2.992071807384490967e-01 1.000000000000000000e+00 1.140248775482177734e-01
1.307605057954788208e-01 9.446204900741577148e-01 8.142662644386291504e-01 3.230114877223968506e-01 9.003020077943801880e-02 1.023410409688949585e-01
7.060901522636413574e-01 1.000000000000000000e+00 9.181070327758789062e-01 8.686191439628601074e-01 5.817444920539855957e-01 3.436677753925323486e-01
3.181690275669097900e-01 9.240660667419433594e-01 5.722627416253089905e-02 4.873687773942947388e-02 1.753617972135543823e-01 4.911488294601440430e-02
0.000000000000000000e+00 3.617341220378875732e-01 5.651185289025306702e-02 6.877679228782653809e-01 8.096138238906860352e-01 1.861818693578243256e-02
0.000000000000000000e+00 1.283173710107803345e-01 8.490772545337677002e-02 4.484671652317047119e-01 0.000000000000000000e+00 4.847588539123535156e-01
0.000000000000000000e+00 1.590937077999114990e-01 8.588252216577529907e-02 5.125226974487304688e-01 3.763851225376129150e-01 5.411956906318664551e-01
3.247641623020172119e-01 0.000000000000000000e+00 2.651502490043640137e-01 2.682386934757232666e-01 9.668343067169189453e-01 1.087817624211311340e-01
7.527069449424743652e-01 6.022052839398384094e-02 3.879670053720474243e-02 8.377979397773742676e-01 8.539564609527587891e-01 3.527361899614334106e-02
7.096434235572814941e-01 6.034745573997497559e-01 4.823116585612297058e-03 3.423236906528472900e-01 7.497718930244445801e-01 0.000000000000000000e+00
7.306518554687500000e-01 7.308245301246643066e-01 4.106285516172647476e-03 3.615288138389587402e-01 6.152542829513549805e-01 1.088523888029158115e-03
0.000000000000000000e+00 1.581132560968399048e-01 7.006063312292098999e-02 5.721217393875122070e-01 7.220148444175720215e-01 5.891816616058349609e-01
7.758585810661315918e-01 7.713183760643005371e-01 2.249201526865363121e-03 3.193879127502441406e-01 6.321586370468139648e-01 2.074884017929434776e-03
1.751191169023513794e-01 9.900382757186889648e-01 8.263821154832839966e-02 4.313300848007202148e-01 2.079009264707565308e-01 5.749221891164779663e-02
0.000000000000000000e+00 0.000000000000000000e+00 1.077872067689895630e-01 1.000000000000000000e+00 7.873458862304687500e-01 7.218829542398452759e-02
3.937808871269226074e-01 0.000000000000000000e+00 7.429472357034683228e-02 1.979906857013702393e-01 0.000000000000000000e+00 9.888231009244918823e-02
1.507333517074584961e-01 3.125934600830078125e-01 6.541311740875244141e-02 8.641039133071899414e-01 7.433515191078186035e-01 5.945666134357452393e-02
2.810896337032318115e-01 0.000000000000000000e+00 7.238858193159103394e-02 1.363730579614639282e-01 2.593075633049011230e-01 7.160426676273345947e-02
2.488481849431991577e-01 0.000000000000000000e+00 5.845645815134048462e-02 8.454424738883972168e-01 1.000000000000000000e+00 8.868318796157836914e-01
2.529125809669494629e-01 0.000000000000000000e+00 7.584544271230697632e-02 9.029319882392883301e-01 7.801837921142578125e-01 5.756402760744094849e-02
0.000000000000000000e+00 1.471600681543350220e-01 5.086226761341094971e-02 0.000000000000000000e+00 9.953993558883666992e-01 5.476081967353820801e-01
7.462643980979919434e-01 1.114330664277076721e-01 3.243149518966674805e-01 1.819905489683151245e-01 6.956311464309692383e-01 1.082968115806579590e-01
0.000000000000000000e+00 0.000000000000000000e+00 1.258687824010848999e-01 1.000000000000000000e+00 4.169410467147827148e-01 1.010871008038520813e-01
7.390064597129821777e-01 1.000000000000000000e+00 1.000000000000000000e+00 9.137303829193115234e-01 1.000000000000000000e+00 3.154458701610565186e-01
6.306650042533874512e-01 5.414796471595764160e-01 1.982656568288803101e-01 6.531438231468200684e-02 9.193124175071716309e-01 3.866206854581832886e-02
9.718938916921615601e-02 8.219489455223083496e-01 9.177897870540618896e-02 1.000000000000000000e+00 9.192345738410949707e-01 2.388623505830764771e-01
0.000000000000000000e+00 1.000000000000000000e+00 1.066717281937599182e-01 5.163456127047538757e-02 0.000000000000000000e+00 7.857390493154525757e-02
1.940501481294631958e-01 1.000000000000000000e+00 7.673094421625137329e-02 9.677155017852783203e-01 9.769748449325561523e-01 2.355157732963562012e-01
7.821937203407287598e-01 6.812521815299987793e-01 0.000000000000000000e+00 4.811189472675323486e-01 7.161852121353149414e-01 0.000000000000000000e+00
6.028232574462890625e-01 6.643533110618591309e-01 1.171397045254707336e-03 4.576636254787445068e-01 5.605404376983642578e-01 0.000000000000000000e+00
0.000000000000000000e+00 5.717056989669799805e-01 1.011240109801292419e-01 1.000000000000000000e+00 2.663025856018066406e-01 1.087113246321678162e-01
2.043041288852691650e-01 3.120316267013549805e-01 9.617708623409271240e-02 6.098876520991325378e-02 2.902945689857006073e-02 7.254190742969512939e-02
6.693074703216552734e-01 6.826263666152954102e-01 8.372180745936930180e-04 3.993617296218872070e-01 6.324969530105590820e-01 0.000000000000000000e+00
1.000000000000000000e+00 0.000000000000000000e+00 1.361682452261447906e-02 9.983171224594116211e-01 4.186792373657226562e-01 1.000000000000000000e+00
1.859988868236541748e-01 7.718713879585266113e-01 7.542387247085571289e-01 3.534772992134094238e-01 1.248100697994232178e-01 1.142036318778991699e-01
8.188596367835998535e-01 9.782391786575317383e-01 2.941893786191940308e-02 7.968938350677490234e-01 3.322031795978546143e-01 3.004046678543090820e-01
1.217678114771842957e-01 3.705616593360900879e-01 5.020130053162574768e-02 2.318490147590637207e-01 8.134050965309143066e-01 2.833955921232700348e-02
1.000000000000000000e+00 8.811762332916259766e-01 5.885937809944152832e-01 5.852892994880676270e-01 3.665567636489868164e-01 0.000000000000000000e+00
1.000000000000000000e+00 5.095770359039306641e-01 1.035797130316495895e-02 6.350863575935363770e-01 1.000000000000000000e+00 4.645368456840515137e-02
1.211828514933586121e-01 1.000000000000000000e+00 9.018554091453552246e-01 7.873314023017883301e-01 1.838117241859436035e-01 1.460647433996200562e-01
1.004876196384429932e-01 9.722519516944885254e-01 9.113296866416931152e-01 1.000000000000000000e+00 2.190462499856948853e-01 1.619538664817810059e-01
5.178971290588378906e-01 2.903582453727722168e-01 7.381794042885303497e-03 1.434083729982376099e-01 1.000000000000000000e+00 2.536190114915370941e-02
7.631980776786804199e-01 0.000000000000000000e+00 3.642603382468223572e-02 8.165135383605957031e-01 2.021380662918090820e-01 3.535096719861030579e-02
7.176474332809448242e-01 1.000000000000000000e+00 1.485427170991897583e-01 4.462860226631164551e-01 3.811045885086059570e-01 5.369176864624023438e-01
2.984609305858612061e-01 3.241944611072540283e-01 6.069571524858474731e-02 7.593759298324584961e-01 1.000000000000000000e+00 6.396530866622924805e-01
3.679191768169403076e-01 6.193244457244873047e-01 8.145194500684738159e-02 2.318415343761444092e-01 0.000000000000000000e+00 3.601931780576705933e-02
