2.509605884552001953e-01 4.273635149002075195e-01 6.101644039154052734e-01 2.082411646842956543e-01
1.115739345550537109e-01 9.605214595794677734e-01 5.031353235244750977e-02 5.968099832534790039e-01
3.291694521903991699e-01 8.525507450103759766e-01 3.948408365249633789e-02 4.308475852012634277e-01
4.877750277519226074e-01 6.172242760658264160e-01 1.070690155029296875e-01 4.035702347755432129e-01
7.534330487251281738e-01 2.569813728332519531e-01 5.368750095367431641e-01 7.014245390892028809e-01
9.816000461578369141e-01 9.169834852218627930e-02 8.429497480392456055e-01 8.811035752296447754e-01
3.296644091606140137e-01 6.225371360778808594e-02 5.423910617828369141e-01 5.303668379783630371e-01
6.160748600959777832e-01 5.629321336746215820e-01 2.329438328742980957e-01 6.309801340103149414e-02
4.182426333427429199e-01 3.162586092948913574e-01 8.740851879119873047e-01 9.075233936309814453e-01
4.305280447006225586e-01 5.123654007911682129e-01 5.185580253601074219e-02 2.709897160530090332e-01
7.609447962042850122e-01 0.000000000000000000e+00 1.790194218992995911e-01 1.000000000000000000e+00
6.931637370587422353e-01 0.000000000000000000e+00 3.723355068979559701e-01 1.000000000000000000e+00
1.000000000000000000e+00 0.000000000000000000e+00 0.000000000000000000e+00 1.000000000000000000e+00
7.842505827578512001e-01 0.000000000000000000e+00 2.939646932384354372e-01 1.000000000000000000e+00
1.000000000000000000e+00 1.000000000000000000e+00 0.000000000000000000e+00 1.000000000000000000e+00
1.000000000000000000e+00 0.000000000000000000e+00 0.000000000000000000e+00 6.969173693657823576e-02
6.621533449149420436e-01 0.000000000000000000e+00 1.000000000000000000e+00 0.000000000000000000e+00
7.673764447505820874e-01 1.000000000000000000e+00 7.925394198751871677e-01 1.000000000000000000e+00
7.313696703338755656e-01 1.035668671400302998e-01 2.416873608308104660e-01 1.000000000000000000e+00
1.000000000000000000e+00 3.126540259435676150e-01 0.000000000000000000e+00 7.613943538706079428e-01
1.000000000000000000e+00 9.624263128357881669e-01 0.000000000000000000e+00 0.000000000000000000e+00
6.654431518372935228e-01 0.000000000000000000e+00 2.763242531384139666e-01 1.000000000000000000e+00
1.000000000000000000e+00 7.412204862046662956e-01 4.744263261474314097e-01 0.000000000000000000e+00
6.249680017865509862e-01 0.000000000000000000e+00 2.812111148602726707e-01 1.000000000000000000e+00
0.000000000000000000e+00 0.000000000000000000e+00 0.000000000000000000e+00 1.000000000000000000e+00
1.000000000000000000e+00 1.000000000000000000e+00 7.966673747371356695e-01 0.000000000000000000e+00
1.000000000000000000e+00 5.991083514851716085e-01 3.115895248007124474e-01 3.527889470763519442e-01
1.000000000000000000e+00 4.886890246527302306e-01 3.516811533417219526e-01 3.263444219133237456e-01
1.000000000000000000e+00 7.217470024107515147e-01 3.419461008022052773e-01 3.412539971856947130e-01
0.000000000000000000e+00 0.000000000000000000e+00 6.303230918543675232e-01 1.000000000000000000e+00
1.000000000000000000e+00 6.638702473838427043e-01 3.401535938084803701e-01 3.812084071255850137e-01
1.000000000000000000e+00 6.951999703854464530e-01 2.993377813464479509e-01 3.480868543166760753e-01
1.000000000000000000e+00 1.000000000000000000e+00 1.691093642333492686e-01 3.655895283467872625e-01
1.000000000000000000e+00 7.432953026855024792e-01 1.758741348556257245e-01 3.974434977638324762e-01
1.000000000000000000e+00 7.365159185282579291e-01 2.192271354502589031e-01 3.984061915687457933e-01
1.000000000000000000e+00 8.934247974126414971e-02 1.644584044081406904e-01 6.192274751645547859e-01
1.000000000000000000e+00 4.961428849366264493e-01 1.881638655642021429e-01 1.000000000000000000e+00
1.000000000000000000e+00 4.430534392762295881e-01 0.000000000000000000e+00 0.000000000000000000e+00
0.000000000000000000e+00 1.000000000000000000e+00 1.000000000000000000e+00 0.000000000000000000e+00
0.000000000000000000e+00 1.000000000000000000e+00 1.000000000000000000e+00 5.282448407147681824e-01
1.000000000000000000e+00 4.390216836274518641e-01 1.000000000000000000e+00 0.000000000000000000e+00
0.000000000000000000e+00 1.000000000000000000e+00 6.558245667021960212e-01 0.000000000000000000e+00
1.000000000000000000e+00 3.031238104299808778e-01 3.869278635225481544e-01 0.000000000000000000e+00
0.000000000000000000e+00 2.991500279137370155e-01 4.141634297512140073e-01 1.000000000000000000e+00
1.000000000000000000e+00 1.000000000000000000e+00 3.663199954927067736e-01 1.362708526892007221e-01
1.915220569808434858e-01 0.000000000000000000e+00 1.000000000000000000e+00 1.000000000000000000e+00
1.000000000000000000e+00 0.000000000000000000e+00 6.182474308127231533e-01 0.000000000000000000e+00
3.939277020403293417e-01 1.000000000000000000e+00 1.000000000000000000e+00 0.000000000000000000e+00
1.000000000000000000e+00 7.304849560811983444e-01 2.280835022775171139e-01 4.279144477242559086e-01
1.000000000000000000e+00 7.321433267671816347e-01 2.124575327474248487e-01 3.521752737046529025e-01
1.000000000000000000e+00 3.721630267037395190e-01 4.890054456460559695e-01 1.000000000000000000e+00
2.481321711093187332e-02 5.603853613138198853e-03 7.472353242337703705e-02 2.063426859676837921e-01
1.236707847565412521e-01 9.644937086850404739e-01 6.542686847969889641e-01 9.986615562811493874e-01
4.071007696911692619e-01 4.366209199652075768e-01 9.177565202116966248e-02 9.974061753600835800e-01
5.856587282816225759e-01 0.000000000000000000e+00 0.000000000000000000e+00 1.000000000000000000e+00
1.000000000000000000e+00 7.519465838014688375e-01 2.180440026206167670e-01 3.314099548749276924e-01
7.387850581007718853e-01 2.532199105407335615e-01 0.000000000000000000e+00 1.000000000000000000e+00
1.000000000000000000e+00 6.477119320581742334e-01 0.000000000000000000e+00 2.947109547617025593e-01
0.000000000000000000e+00 6.635250910051644357e-01 1.000000000000000000e+00 0.000000000000000000e+00
1.000000000000000000e+00 0.000000000000000000e+00 5.277703893041848504e-01 5.037722631327028466e-01
