6.779863716601857160e-01 0.000000000000000000e+00 4.245074803631359028e-01 1.000000000000000000e+00
7.094675684398027427e-01 0.000000000000000000e+00 3.288703038889337349e-01 1.000000000000000000e+00
7.325710321885339216e-01 0.000000000000000000e+00 2.913893538239784031e-01 1.000000000000000000e+00
7.715134114645043617e-01 0.000000000000000000e+00 2.949142194806297912e-01 1.000000000000000000e+00
7.059996128403543958e-01 0.000000000000000000e+00 2.766369485986334142e-01 1.000000000000000000e+00
7.037871850008597940e-01 0.000000000000000000e+00 2.748467113852510746e-01 1.000000000000000000e+00
7.069822222104320542e-01 0.000000000000000000e+00 2.799542484303242373e-01 1.000000000000000000e+00
6.845157093179961016e-01 0.000000000000000000e+00 2.779456954101950927e-01 1.000000000000000000e+00
7.582439462103326422e-01 1.395930655303781187e-01 2.081798922981481226e-01 1.000000000000000000e+00
6.850418633685967373e-01 0.000000000000000000e+00 2.835057356288805952e-01 1.000000000000000000e+00
6.847705934990967469e-01 0.000000000000000000e+00 2.834806984115035289e-01 1.000000000000000000e+00
6.820441927693402517e-01 0.000000000000000000e+00 2.810814789901217026e-01 1.000000000000000000e+00
6.437474783286163404e-01 0.000000000000000000e+00 2.749558635862416889e-01 1.000000000000000000e+00
6.382600056952455470e-01 0.000000000000000000e+00 2.795354972823288486e-01 1.000000000000000000e+00
6.061560284234553952e-01 0.000000000000000000e+00 2.908668396738416928e-01 1.000000000000000000e+00
6.034377680241936881e-01 0.000000000000000000e+00 2.944272348574637488e-01 1.000000000000000000e+00
6.067913698984673809e-01 0.000000000000000000e+00 2.891880767623660753e-01 1.000000000000000000e+00
1.000000000000000000e+00 5.561773412908040948e-01 3.399418149389487609e-01 3.272982175443515107e-01
1.000000000000000000e+00 6.850696042330353119e-01 3.266662081756473435e-01 3.498161515953683853e-01
1.000000000000000000e+00 6.801649293459954837e-01 3.226891670143774427e-01 3.505560924167396286e-01
1.000000000000000000e+00 6.731091123015637834e-01 3.305186063434489285e-01 3.622187608367336553e-01
1.000000000000000000e+00 6.861118859465722419e-01 3.188098952149803211e-01 3.423979677106437913e-01
1.000000000000000000e+00 9.869710111782755702e-01 1.756714081106859060e-01 3.641011674112163976e-01
1.000000000000000000e+00 7.505506832039385845e-01 1.457876437792506308e-01 4.063422544734789921e-01
1.000000000000000000e+00 7.344234579119672812e-01 2.096572780244594369e-01 3.841129001280391142e-01
1.000000000000000000e+00 7.388391634345926606e-01 2.223093676303156130e-01 4.019181659065908518e-01
1.000000000000000000e+00 7.377017775185775728e-01 2.227636098610633886e-01 4.060218582220661010e-01
1.000000000000000000e+00 7.345590545394097282e-01 2.228297762052402486e-01 4.097029489267742242e-01
1.000000000000000000e+00 7.348877580735554416e-01 2.249774651979615514e-01 4.122295365638156683e-01
1.000000000000000000e+00 7.350090081746630810e-01 2.248805395314714961e-01 4.022422674517707741e-01
1.000000000000000000e+00 7.350266146673574141e-01 2.253694209307810226e-01 4.032689713716775537e-01
1.000000000000000000e+00 7.338635997262833444e-01 2.254301776179432060e-01 4.073845176663173362e-01
1.000000000000000000e+00 7.332137122271086271e-01 2.250742457242607131e-01 4.103207332446604516e-01
1.000000000000000000e+00 7.330130776765901857e-01 2.249849714013016089e-01 4.102859166096838872e-01
1.000000000000000000e+00 7.324834038935956748e-01 2.249718448766905576e-01 4.099276371997546131e-01
1.000000000000000000e+00 7.338364338785942076e-01 2.245871339171838788e-01 4.108921625566337998e-01
1.000000000000000000e+00 7.345016747405569424e-01 2.245436538204751420e-01 4.030904648280638769e-01
1.000000000000000000e+00 7.295014695807910954e-01 2.220628222907664595e-01 3.977019376208775769e-01
1.000000000000000000e+00 7.278298899718461668e-01 2.210854840317044989e-01 3.986192311311215208e-01
1.000000000000000000e+00 7.266008156600280987e-01 2.143512503665448710e-01 3.769973443263555102e-01
1.000000000000000000e+00 7.302577198329834873e-01 2.140184846069256297e-01 3.640865030382460787e-01
1.000000000000000000e+00 7.281868903355482869e-01 2.136507888117853693e-01 3.658686272085768243e-01
1.000000000000000000e+00 7.303106604786573364e-01 2.146296222317279900e-01 3.659018013069630371e-01
1.000000000000000000e+00 7.294543577491219288e-01 2.141833557583752157e-01 3.661041630475767028e-01
1.000000000000000000e+00 7.345558530727888114e-01 2.151032527902276559e-01 3.618612710449963243e-01
1.000000000000000000e+00 7.341575082022084864e-01 2.153830604802957627e-01 3.611844172344815806e-01
1.000000000000000000e+00 7.371601621453073294e-01 2.161477536452464654e-01 3.565867146235756624e-01
1.000000000000000000e+00 7.391144570760078691e-01 2.169173461830165295e-01 3.548618757971448434e-01
1.000000000000000000e+00 7.431486909042603894e-01 2.201213432341609100e-01 3.532390704478993171e-01
1.000000000000000000e+00 7.391857860460735452e-01 2.183853327017024337e-01 3.518368191821825697e-01
1.000000000000000000e+00 7.398073867937738912e-01 2.186049436812223523e-01 3.523463940982213827e-01
1.000000000000000000e+00 7.382289251469493774e-01 2.178235215366181865e-01 3.504686005964424700e-01
1.000000000000000000e+00 7.395475753423218501e-01 2.183047276710122220e-01 3.501714701865006329e-01
1.000000000000000000e+00 7.404190711169793548e-01 2.185957605547554083e-01 3.510130429554166875e-01
1.000000000000000000e+00 7.409542538801019429e-01 2.188748048657850886e-01 3.510595150439334566e-01
1.000000000000000000e+00 7.407968697704551131e-01 2.188017530077883965e-01 3.510604229817648192e-01
1.000000000000000000e+00 7.441027936690716160e-01 2.201126926836037001e-01 3.512744977152959525e-01
1.000000000000000000e+00 7.440008268301304684e-01 2.200768557333777076e-01 3.512126891030940556e-01
1.000000000000000000e+00 7.424052709877905221e-01 2.196872728300908739e-01 3.510294192750557651e-01
1.000000000000000000e+00 7.424185876103172044e-01 2.196536789054656102e-01 3.509785274861326188e-01
1.000000000000000000e+00 7.412327868697794475e-01 2.181048440907539521e-01 3.513198101694756104e-01
1.000000000000000000e+00 7.411887395389115119e-01 2.178765582941657730e-01 3.512681108636264149e-01
1.000000000000000000e+00 7.413085697478378755e-01 2.178886010821848573e-01 3.512416977188078104e-01
1.000000000000000000e+00 7.417660786497520808e-01 2.181563151014840052e-01 3.516131292667590835e-01
1.000000000000000000e+00 7.419229904590162183e-01 2.181845684638180349e-01 3.514617868274568235e-01
1.000000000000000000e+00 7.393319397175988072e-01 2.147119034303650864e-01 3.498416970582021168e-01
1.000000000000000000e+00 7.394217431090506221e-01 2.147059421407561119e-01 3.497738065233886307e-01
1.000000000000000000e+00 7.394591709220581510e-01 2.146106906010910309e-01 3.498014887221206903e-01
1.000000000000000000e+00 7.356287182232392752e-01 2.142141817096612777e-01 3.500546963273023504e-01
1.000000000000000000e+00 7.354391676043289250e-01 2.139165939028609686e-01 3.509863818201063856e-01
1.000000000000000000e+00 7.428031057862738429e-01 2.144811839391591035e-01 3.489781685719592352e-01
1.000000000000000000e+00 7.413677771511932857e-01 2.150651098789581883e-01 3.483155791114070365e-01
1.000000000000000000e+00 7.416366811077914623e-01 2.151706208519874042e-01 3.478350011948771470e-01
1.000000000000000000e+00 7.408294783242899140e-01 2.149861503916768446e-01 3.493605269101093258e-01
1.000000000000000000e+00 7.403494497908046368e-01 2.146965695040642663e-01 3.495482399333126877e-01
1.000000000000000000e+00 7.403739935581039600e-01 2.139800929095931337e-01 3.492794521230997984e-01
1.000000000000000000e+00 7.406919917943108889e-01 2.139224745289476926e-01 3.488274235674961310e-01
1.000000000000000000e+00 7.410941292762279753e-01 2.140579617518093281e-01 3.485280330445265640e-01
1.000000000000000000e+00 7.411609023727885326e-01 2.140796093940480205e-01 3.479056166827060870e-01
1.000000000000000000e+00 7.412208183310275977e-01 2.142421029893425977e-01 3.485828400307262598e-01
1.000000000000000000e+00 7.396645990398457160e-01 2.134293005019210210e-01 3.513538092304214211e-01
1.000000000000000000e+00 7.410493532045021592e-01 2.143705653872573780e-01 3.502375206460404122e-01
1.000000000000000000e+00 7.407634560892473186e-01 2.142998588399335769e-01 3.513813049607984462e-01
1.000000000000000000e+00 7.408115225000546644e-01 2.148802786538564769e-01 3.556767962335051769e-01
1.000000000000000000e+00 7.410082379854794343e-01 2.148364391842873256e-01 3.552883524431713069e-01
1.000000000000000000e+00 7.424865471991471955e-01 2.151977752543329236e-01 3.542196743359333766e-01
1.000000000000000000e+00 7.425659093295615687e-01 2.149914845812685438e-01 3.545756689736365153e-01
1.000000000000000000e+00 7.424284137306220721e-01 2.149204706885292082e-01 3.557210997372265981e-01
1.000000000000000000e+00 7.426018843591744023e-01 2.149599031974448460e-01 3.551224062420146321e-01
1.000000000000000000e+00 7.426405640778421802e-01 2.147218164531245199e-01 3.546591917047816067e-01
1.000000000000000000e+00 7.418700371275210870e-01 2.146498196508205836e-01 3.545430908513795831e-01
1.000000000000000000e+00 7.419497762458906465e-01 2.147849436117194588e-01 3.544833426800595433e-01
1.000000000000000000e+00 7.421007392688750981e-01 2.149554803216596477e-01 3.544516933936514569e-01
1.000000000000000000e+00 7.389536443246845776e-01 2.176516117286898810e-01 3.586741593420645913e-01
1.000000000000000000e+00 7.384802308317622854e-01 2.174600619814821278e-01 3.590701949973295060e-01
1.000000000000000000e+00 7.384894567559407985e-01 2.174668219052424134e-01 3.591547024308544556e-01
1.000000000000000000e+00 7.385487175141185467e-01 2.175491906821223065e-01 3.590041770528193399e-01
1.000000000000000000e+00 7.384563819047963440e-01 2.175225872275268202e-01 3.589657232602906922e-01
1.000000000000000000e+00 7.380693779711368085e-01 2.171972731010335389e-01 3.592803629716976865e-01
1.000000000000000000e+00 7.404978915748468005e-01 2.186034740745852190e-01 3.591169573803948967e-01
