-3.538863408688447953e-01
-4.387591007389434195e-01
-2.508323703255540549e-01
5.335859334936558784e-02
5.221542554880465037e-01
9.794583285114133453e-02
9.069157045534345651e-02
1.409410745020810429e-01
1.664349221905763732e-01
-4.019307494042025086e-02
7.180894959271563183e-01
7.200669228297077451e-01
6.459650442857235442e-01
7.024771980235459123e-01
8.712823503515940149e-02
2.331291746581717339e-01
-2.725115700308566313e-01
-4.271986549302346781e-01
7.057308885035418200e-01
6.373906668697719713e-01
4.719279950424679071e-01
7.369170256846164779e-01
6.238126088578840323e-01
7.414931790047899485e-01
3.187604811039218555e-01
3.828244948929674374e-01
7.761575757529145525e-01
7.438769047321610595e-01
7.799366994761324223e-01
4.828620519780398856e-01
7.787580419294629630e-01
7.928718320850816070e-01
6.908145346592292624e-01
8.015227655122608708e-01
8.057840434197564017e-01
5.252678221363334954e-01
6.241243388691825045e-01
6.508635387031808106e-01
5.274739272808419699e-01
-1.483193869466334358e-02
1.317762299885116006e-01
2.849966054556382078e-01
6.555631394092976683e-01
2.078990651987291383e-01
6.893646066988955434e-01
1.219085349152506104e-01
4.825615508079827976e-01
1.017406090704529448e-01
8.019309183868181812e-01
8.064501933872398887e-01
5.450275948637630652e-01
-1.728364517005344658e-01
-4.589113906228721729e-01
4.741782086019922793e-01
7.559145764478757412e-01
8.059760269438398517e-01
7.683651356882621464e-01
6.935417308801626879e-01
3.410583929417790872e-01
5.840384905134017313e-01
7.564746122493068992e-01
1.107824693804533439e-01
7.290202171162182276e-01
4.089518661584026771e-01
-2.063017114859263534e-01
4.127118926167555601e-01
6.287548296950947746e-01
6.633718963836000571e-01
-5.305153116508583011e-01
6.074337553620855479e-01
7.304886046631661189e-01
1.003330787790320255e-01
-3.060715344678893723e-02
6.524048818731471577e-01
6.887727042785404263e-01
3.215169938108894954e-01
4.217921341525107115e-01
6.603599544044708169e-02
4.023078808968016951e-01
4.015908748591435207e-01
6.140939002700708249e-01
2.234485290281423842e-02
5.584599217742344246e-01
4.635663136649693095e-01
1.054296378004039580e-01
3.635223555364555104e-01
-2.232318855206178593e-02
-1.186423042759668506e-01
3.052245696722175050e-01
1.366209514043902340e-01
3.145761280268514759e-01
-1.218676593809874809e-01
7.882377423298564389e-01
-6.525658496578817802e-01
7.807496968930840442e-01
-4.990499869179072095e-02
-3.484665944315541997e-01
9.766597853556716752e-03
2.614711131272529077e-01
6.428539160762392068e-01
4.978431120753565309e-03
-4.345599806272378851e-01
7.898452537483511282e-01
-3.503757748739827482e-01
4.018473037511903767e-01
3.737679518235583753e-01
-9.417402271705618833e-02
6.836643891954076180e-01
6.120333678000053901e-01
8.006228194728891578e-01
