-1.067612349169469566e+00
-1.698326942431592768e+00
-1.598069149747576523e+00
-1.236118100833789590e+00
-1.614942429461106110e+00
-1.391982546659834341e+00
-1.614942429461106110e+00
-1.533622121400794125e+00
-1.336514911395966232e+00
-1.595295206150556311e+00
-1.816357917831130875e+00
-1.852057925848774378e+00
-1.831902009266801912e+00
-1.643303735605881721e+00
-1.504464986757969358e+00
-1.482265278715421353e+00
-1.790869914264053842e+00
-1.831574834105938798e+00
-1.836818789602803426e+00
-1.836732906660365039e+00
-1.918793579657829484e+00
-2.161614228839724205e+00
-2.018430923832081003e+00
-1.678477483097742251e+00
-1.944018876136716756e+00
-3.728259131777096780e+00
-2.651201096075812558e+00
-2.601901286072164865e+00
-2.300889278340176425e+00
-2.411137940339154628e+00
-2.673536003646685533e+00
-2.260689812092203876e+00
-2.339327498590218379e+00
-2.355952073850416273e+00
-3.241638917895199867e+00
-2.982605612557569508e+00
-2.003522067114141159e+00
-1.660353301998721998e+00
-1.453664997913127532e+00
-1.437327033710918966e+00
-1.426016673540777990e+00
-1.389449867438558694e+00
-1.478541071146778130e+00
-1.702617308729566625e+00
-1.697683442550591559e+00
-1.437479191378102650e+00
-1.399235002905394154e+00
-1.591970926035052081e+00
-1.467217339986326419e+00
-1.537227822009551215e+00
