4.896455822988466933e-01
4.896455822988466933e-01
6.996529847866855834e-01
6.996529847866855834e-01
6.996529847866855834e-01
6.996529847866855834e-01
6.996529847866855834e-01
6.996529847866855834e-01
7.855244755777910370e-01
7.855244755777910370e-01
1.135456255235587353e+00
1.135456255235587353e+00
1.135456255235587353e+00
1.135456255235587353e+00
1.179691265226819885e+00
1.179691265226819885e+00
1.179691265226819885e+00
1.179691265226819885e+00
1.179691265226819885e+00
1.179691265226819885e+00
1.179691265226819885e+00
1.272471144385634911e+00
1.272471144385634911e+00
1.272471144385634911e+00
1.272471144385634911e+00
1.272471144385634911e+00
1.272471144385634911e+00
1.272471144385634911e+00
1.272471144385634911e+00
1.273740898982353542e+00
1.273740898982353542e+00
1.273740898982353542e+00
1.273740898982353542e+00
1.273740898982353542e+00
1.280225750051706912e+00
1.280225750051706912e+00
1.280225750051706912e+00
1.280225750051706912e+00
1.280225750051706912e+00
1.280225750051706912e+00
1.280225750051706912e+00
1.280225750051706912e+00
1.280225750051706912e+00
1.280225750051706912e+00
1.280225750051706912e+00
1.280225750051706912e+00
1.280225750051706912e+00
1.280225750051706912e+00
1.280225750051706912e+00
1.280225750051706912e+00
