8.652829350669626329e-01 1.000000000000000000e+00 3.877088171260523186e-01 6.152659859304853152e-01 1.000000000000000000e+00 4.238874205186998201e-01
5.018549042936151228e-01 1.000000000000000000e+00 6.382736835859946778e-01 2.365156771353881249e-01 1.000000000000000000e+00 0.000000000000000000e+00
7.407867065732108847e-01 9.599413304751942544e-01 9.502511245087443825e-01 5.543322352227482430e-02 1.000000000000000000e+00 0.000000000000000000e+00
9.818288085815931598e-01 9.466573646709234291e-01 8.544280049227808149e-01 3.722900138630506200e-02 1.000000000000000000e+00 0.000000000000000000e+00
9.523726908585041784e-01 7.112545840496995453e-01 8.843853822708819257e-01 9.239759823609045020e-02 1.000000000000000000e+00 0.000000000000000000e+00
8.817136339268847323e-01 1.000000000000000000e+00 9.725642325699392909e-01 1.018543903458132976e-01 1.000000000000000000e+00 0.000000000000000000e+00
1.000000000000000000e+00 0.000000000000000000e+00 1.000000000000000000e+00 0.000000000000000000e+00 1.000000000000000000e+00 0.000000000000000000e+00
1.000000000000000000e+00 0.000000000000000000e+00 1.000000000000000000e+00 0.000000000000000000e+00 1.000000000000000000e+00 0.000000000000000000e+00
1.000000000000000000e+00 2.897614691938417697e-01 1.000000000000000000e+00 0.000000000000000000e+00 1.000000000000000000e+00 0.000000000000000000e+00
1.000000000000000000e+00 3.592686142114034364e-01 1.000000000000000000e+00 0.000000000000000000e+00 1.000000000000000000e+00 0.000000000000000000e+00
1.000000000000000000e+00 3.500824256381347421e-01 1.000000000000000000e+00 0.000000000000000000e+00 1.000000000000000000e+00 0.000000000000000000e+00
1.000000000000000000e+00 4.966764898856724231e-01 9.855584532546621812e-01 0.000000000000000000e+00 1.000000000000000000e+00 0.000000000000000000e+00
1.000000000000000000e+00 4.233838254834847992e-01 1.000000000000000000e+00 0.000000000000000000e+00 1.000000000000000000e+00 0.000000000000000000e+00
1.000000000000000000e+00 3.763359139467659098e-01 1.000000000000000000e+00 0.000000000000000000e+00 1.000000000000000000e+00 0.000000000000000000e+00
1.000000000000000000e+00 3.980885401664014944e-01 1.000000000000000000e+00 0.000000000000000000e+00 1.000000000000000000e+00 0.000000000000000000e+00
1.000000000000000000e+00 5.469745744270372301e-01 9.327458404865467401e-01 0.000000000000000000e+00 1.000000000000000000e+00 0.000000000000000000e+00
1.000000000000000000e+00 5.648683427020150249e-01 8.752387299581413371e-01 8.106957392837753351e-03 1.000000000000000000e+00 0.000000000000000000e+00
1.000000000000000000e+00 5.719667933473872035e-01 8.758186368498200869e-01 0.000000000000000000e+00 1.000000000000000000e+00 0.000000000000000000e+00
1.000000000000000000e+00 5.493777965657253848e-01 9.273062224589773139e-01 0.000000000000000000e+00 1.000000000000000000e+00 0.000000000000000000e+00
1.000000000000000000e+00 5.611255958164117486e-01 1.000000000000000000e+00 0.000000000000000000e+00 1.000000000000000000e+00 0.000000000000000000e+00
1.000000000000000000e+00 0.000000000000000000e+00 0.000000000000000000e+00 1.000000000000000000e+00 0.000000000000000000e+00 1.549651881211596416e-01
1.000000000000000000e+00 0.000000000000000000e+00 0.000000000000000000e+00 1.000000000000000000e+00 0.000000000000000000e+00 1.565159440941651103e-01
1.000000000000000000e+00 0.000000000000000000e+00 0.000000000000000000e+00 1.000000000000000000e+00 0.000000000000000000e+00 2.503491001988332187e-01
1.000000000000000000e+00 0.000000000000000000e+00 0.000000000000000000e+00 1.000000000000000000e+00 0.000000000000000000e+00 2.504602095731606193e-01
1.000000000000000000e+00 0.000000000000000000e+00 0.000000000000000000e+00 1.000000000000000000e+00 0.000000000000000000e+00 2.527337835673543753e-01
1.000000000000000000e+00 0.000000000000000000e+00 0.000000000000000000e+00 1.000000000000000000e+00 0.000000000000000000e+00 2.524301548509704785e-01
1.000000000000000000e+00 0.000000000000000000e+00 0.000000000000000000e+00 1.000000000000000000e+00 0.000000000000000000e+00 2.493256840784841277e-01
1.000000000000000000e+00 0.000000000000000000e+00 0.000000000000000000e+00 1.000000000000000000e+00 0.000000000000000000e+00 2.518409295785787871e-01
1.000000000000000000e+00 0.000000000000000000e+00 0.000000000000000000e+00 1.000000000000000000e+00 0.000000000000000000e+00 2.492223942672728565e-01
1.000000000000000000e+00 0.000000000000000000e+00 0.000000000000000000e+00 1.000000000000000000e+00 0.000000000000000000e+00 2.488721909347736128e-01
1.000000000000000000e+00 0.000000000000000000e+00 0.000000000000000000e+00 1.000000000000000000e+00 0.000000000000000000e+00 2.442130156321765944e-01
1.000000000000000000e+00 0.000000000000000000e+00 1.106466329671413479e-01 1.000000000000000000e+00 0.000000000000000000e+00 2.384052507023972090e-01
1.000000000000000000e+00 0.000000000000000000e+00 1.446999927638153993e-01 1.000000000000000000e+00 0.000000000000000000e+00 2.331741039220276701e-01
1.000000000000000000e+00 0.000000000000000000e+00 1.390387785275624677e-01 1.000000000000000000e+00 0.000000000000000000e+00 2.333828389959040073e-01
1.000000000000000000e+00 0.000000000000000000e+00 1.393617859427988270e-01 1.000000000000000000e+00 0.000000000000000000e+00 2.324092988404034277e-01
1.000000000000000000e+00 0.000000000000000000e+00 1.414741691695648451e-01 1.000000000000000000e+00 0.000000000000000000e+00 2.307636501062585999e-01
1.000000000000000000e+00 0.000000000000000000e+00 1.432567920790557836e-01 1.000000000000000000e+00 0.000000000000000000e+00 2.231307967912838641e-01
1.000000000000000000e+00 0.000000000000000000e+00 1.374343833138395865e-01 1.000000000000000000e+00 0.000000000000000000e+00 2.237387558277929844e-01
1.000000000000000000e+00 0.000000000000000000e+00 1.382954737763125996e-01 1.000000000000000000e+00 0.000000000000000000e+00 2.230251773587023090e-01
1.000000000000000000e+00 0.000000000000000000e+00 1.387076622825265948e-01 1.000000000000000000e+00 0.000000000000000000e+00 2.219009405706087179e-01
1.000000000000000000e+00 0.000000000000000000e+00 1.345682277867119858e-01 1.000000000000000000e+00 0.000000000000000000e+00 2.362691810555656580e-01
1.000000000000000000e+00 0.000000000000000000e+00 1.372331019210465686e-01 1.000000000000000000e+00 0.000000000000000000e+00 2.359708725794738837e-01
1.000000000000000000e+00 0.000000000000000000e+00 1.374057744097371414e-01 1.000000000000000000e+00 0.000000000000000000e+00 2.099724058889430034e-01
1.000000000000000000e+00 0.000000000000000000e+00 1.380003427342184341e-01 1.000000000000000000e+00 0.000000000000000000e+00 2.090222960006921371e-01
1.000000000000000000e+00 0.000000000000000000e+00 1.380849478610998715e-01 1.000000000000000000e+00 0.000000000000000000e+00 2.087555118339411431e-01
1.000000000000000000e+00 0.000000000000000000e+00 1.380611643905621522e-01 1.000000000000000000e+00 0.000000000000000000e+00 2.090192910346704847e-01
1.000000000000000000e+00 0.000000000000000000e+00 1.384927333471513977e-01 1.000000000000000000e+00 0.000000000000000000e+00 2.089366542277380778e-01
1.000000000000000000e+00 0.000000000000000000e+00 1.407089772891629009e-01 1.000000000000000000e+00 0.000000000000000000e+00 2.094854510354844657e-01
1.000000000000000000e+00 0.000000000000000000e+00 1.426236452179427405e-01 1.000000000000000000e+00 0.000000000000000000e+00 2.109414272479798735e-01
1.000000000000000000e+00 0.000000000000000000e+00 1.409017043710179828e-01 1.000000000000000000e+00 0.000000000000000000e+00 2.106869095373902767e-01
1.000000000000000000e+00 0.000000000000000000e+00 1.422686657741572547e-01 1.000000000000000000e+00 0.000000000000000000e+00 2.090575128760831514e-01
1.000000000000000000e+00 0.000000000000000000e+00 1.397273809818118939e-01 1.000000000000000000e+00 0.000000000000000000e+00 2.117281554128962184e-01
1.000000000000000000e+00 0.000000000000000000e+00 1.400617012472815948e-01 1.000000000000000000e+00 0.000000000000000000e+00 2.111963061053473423e-01
1.000000000000000000e+00 0.000000000000000000e+00 1.395580921250884343e-01 1.000000000000000000e+00 0.000000000000000000e+00 2.112786774389276145e-01
1.000000000000000000e+00 0.000000000000000000e+00 1.345658274986300529e-01 1.000000000000000000e+00 0.000000000000000000e+00 2.178700923607422291e-01
1.000000000000000000e+00 0.000000000000000000e+00 1.337345231437193083e-01 1.000000000000000000e+00 0.000000000000000000e+00 2.173348322885802764e-01
1.000000000000000000e+00 0.000000000000000000e+00 1.339069338318963631e-01 1.000000000000000000e+00 0.000000000000000000e+00 2.171037701649083107e-01
1.000000000000000000e+00 0.000000000000000000e+00 1.383012281171858981e-01 1.000000000000000000e+00 0.000000000000000000e+00 2.071367909868576662e-01
1.000000000000000000e+00 0.000000000000000000e+00 1.385851776592989526e-01 1.000000000000000000e+00 0.000000000000000000e+00 2.064252052989751229e-01
1.000000000000000000e+00 0.000000000000000000e+00 1.391423261813517220e-01 1.000000000000000000e+00 0.000000000000000000e+00 2.053897013864315335e-01
1.000000000000000000e+00 0.000000000000000000e+00 1.351092890347027897e-01 1.000000000000000000e+00 0.000000000000000000e+00 2.076062541819445328e-01
1.000000000000000000e+00 0.000000000000000000e+00 1.366798440099437906e-01 1.000000000000000000e+00 0.000000000000000000e+00 2.013805664428915398e-01
1.000000000000000000e+00 0.000000000000000000e+00 1.340328439146285522e-01 1.000000000000000000e+00 0.000000000000000000e+00 2.061262608961408060e-01
1.000000000000000000e+00 0.000000000000000000e+00 1.348523509782286744e-01 1.000000000000000000e+00 0.000000000000000000e+00 2.067309568013240839e-01
1.000000000000000000e+00 0.000000000000000000e+00 1.314143628511152684e-01 1.000000000000000000e+00 0.000000000000000000e+00 2.113511272803470786e-01
1.000000000000000000e+00 0.000000000000000000e+00 1.341158357496961273e-01 1.000000000000000000e+00 0.000000000000000000e+00 2.079031962894368757e-01
1.000000000000000000e+00 0.000000000000000000e+00 1.360440652317592425e-01 1.000000000000000000e+00 0.000000000000000000e+00 2.126751898925321183e-01
1.000000000000000000e+00 0.000000000000000000e+00 1.350925292526579113e-01 1.000000000000000000e+00 0.000000000000000000e+00 2.107994271222503602e-01
1.000000000000000000e+00 0.000000000000000000e+00 1.360009719380425863e-01 1.000000000000000000e+00 0.000000000000000000e+00 2.087914587444841541e-01
1.000000000000000000e+00 0.000000000000000000e+00 1.353691509112901481e-01 1.000000000000000000e+00 0.000000000000000000e+00 2.152851799225012353e-01
1.000000000000000000e+00 0.000000000000000000e+00 1.352741899091627065e-01 1.000000000000000000e+00 0.000000000000000000e+00 2.171192029772658072e-01
1.000000000000000000e+00 0.000000000000000000e+00 1.316381349440585435e-01 1.000000000000000000e+00 0.000000000000000000e+00 2.214493271813766095e-01
1.000000000000000000e+00 0.000000000000000000e+00 1.307456403099802877e-01 1.000000000000000000e+00 0.000000000000000000e+00 1.753238772643662957e-01
1.000000000000000000e+00 0.000000000000000000e+00 1.307873422592450985e-01 1.000000000000000000e+00 0.000000000000000000e+00 1.758723164045045972e-01
1.000000000000000000e+00 0.000000000000000000e+00 1.240633364925375209e-01 1.000000000000000000e+00 0.000000000000000000e+00 1.826816159726465938e-01
1.000000000000000000e+00 0.000000000000000000e+00 1.245087948545298973e-01 1.000000000000000000e+00 0.000000000000000000e+00 1.820480319873299391e-01
1.000000000000000000e+00 0.000000000000000000e+00 1.238630515124489601e-01 1.000000000000000000e+00 0.000000000000000000e+00 1.862994917136212847e-01
1.000000000000000000e+00 0.000000000000000000e+00 1.178096787697873599e-01 1.000000000000000000e+00 0.000000000000000000e+00 1.950194377564460069e-01
1.000000000000000000e+00 0.000000000000000000e+00 1.184890349846015600e-01 1.000000000000000000e+00 0.000000000000000000e+00 1.912809433916853319e-01
1.000000000000000000e+00 0.000000000000000000e+00 1.182330793072521313e-01 1.000000000000000000e+00 0.000000000000000000e+00 1.920020376680973972e-01
1.000000000000000000e+00 0.000000000000000000e+00 1.191039386111790721e-01 1.000000000000000000e+00 0.000000000000000000e+00 1.903850347883250527e-01
1.000000000000000000e+00 0.000000000000000000e+00 1.198076888469684076e-01 1.000000000000000000e+00 0.000000000000000000e+00 1.889146109443558819e-01
1.000000000000000000e+00 0.000000000000000000e+00 1.186302495851851296e-01 1.000000000000000000e+00 0.000000000000000000e+00 1.907267354882221377e-01
1.000000000000000000e+00 0.000000000000000000e+00 1.182441423631497013e-01 1.000000000000000000e+00 0.000000000000000000e+00 1.910265123454898684e-01
1.000000000000000000e+00 0.000000000000000000e+00 1.181204685028581641e-01 1.000000000000000000e+00 0.000000000000000000e+00 1.910760158842330636e-01
1.000000000000000000e+00 0.000000000000000000e+00 1.470898344358255727e-01 1.000000000000000000e+00 0.000000000000000000e+00 1.546724181773694862e-01
1.000000000000000000e+00 0.000000000000000000e+00 1.506425734291065022e-01 1.000000000000000000e+00 0.000000000000000000e+00 1.524909236811627378e-01
1.000000000000000000e+00 0.000000000000000000e+00 1.514888022728469452e-01 1.000000000000000000e+00 0.000000000000000000e+00 1.514875602873380633e-01
1.000000000000000000e+00 0.000000000000000000e+00 1.523199291237511133e-01 1.000000000000000000e+00 0.000000000000000000e+00 1.504679774867990205e-01
1.000000000000000000e+00 0.000000000000000000e+00 1.585257666370004925e-01 1.000000000000000000e+00 0.000000000000000000e+00 1.438003234376054595e-01
1.000000000000000000e+00 0.000000000000000000e+00 1.573536091836278406e-01 1.000000000000000000e+00 0.000000000000000000e+00 1.443379807632011180e-01
1.000000000000000000e+00 0.000000000000000000e+00 1.573622663329841687e-01 1.000000000000000000e+00 0.000000000000000000e+00 1.441967518288385930e-01
1.000000000000000000e+00 0.000000000000000000e+00 1.568132548128016446e-01 1.000000000000000000e+00 0.000000000000000000e+00 1.449820333417455309e-01
1.000000000000000000e+00 0.000000000000000000e+00 1.562401907072205887e-01 1.000000000000000000e+00 0.000000000000000000e+00 1.421405433758166081e-01
1.000000000000000000e+00 0.000000000000000000e+00 1.310788795828768671e-01 1.000000000000000000e+00 0.000000000000000000e+00 1.685252596719769014e-01
1.000000000000000000e+00 0.000000000000000000e+00 1.308292801237959380e-01 1.000000000000000000e+00 0.000000000000000000e+00 1.686697863770313666e-01
1.000000000000000000e+00 0.000000000000000000e+00 1.286329559026173353e-01 1.000000000000000000e+00 0.000000000000000000e+00 1.729784204337316833e-01
1.000000000000000000e+00 0.000000000000000000e+00 1.293972819834891541e-01 1.000000000000000000e+00 0.000000000000000000e+00 1.720720567377324317e-01
1.000000000000000000e+00 0.000000000000000000e+00 1.323848556218890360e-01 1.000000000000000000e+00 0.000000000000000000e+00 1.698070573906948211e-01
1.000000000000000000e+00 0.000000000000000000e+00 1.316156056747503633e-01 1.000000000000000000e+00 0.000000000000000000e+00 1.697030700693230310e-01
