4.702241531346904035e-01
4.702241531346904035e-01
4.702241531346904035e-01
4.702241531346904035e-01
4.702241531346904035e-01
6.147229520629324817e-01
6.147229520629324817e-01
6.208889769699407202e-01
6.208889769699407202e-01
6.208889769699407202e-01
6.208889769699407202e-01
6.334443489714383091e-01
6.334443489714383091e-01
6.334443489714383091e-01
6.334443489714383091e-01
7.310350404953477321e-01
7.310350404953477321e-01
7.310350404953477321e-01
7.310350404953477321e-01
9.340015357982421884e-01
9.340015357982421884e-01
9.340015357982421884e-01
9.340015357982421884e-01
9.340015357982421884e-01
9.340015357982421884e-01
9.517333053432056600e-01
9.517333053432056600e-01
9.517333053432056600e-01
9.517333053432056600e-01
9.517333053432056600e-01
9.517333053432056600e-01
9.517333053432056600e-01
9.517333053432056600e-01
9.517333053432056600e-01
9.517333053432056600e-01
9.517333053432056600e-01
9.519482711539899444e-01
9.519482711539899444e-01
9.519482711539899444e-01
9.519482711539899444e-01
9.519482711539899444e-01
9.519482711539899444e-01
9.519482711539899444e-01
9.519482711539899444e-01
9.519482711539899444e-01
9.519482711539899444e-01
9.519482711539899444e-01
9.519482711539899444e-01
9.519482711539899444e-01
9.519482711539899444e-01
9.519482711539899444e-01
9.519482711539899444e-01
9.519482711539899444e-01
9.519482711539899444e-01
9.519482711539899444e-01
9.519482711539899444e-01
9.519482711539899444e-01
9.519482711539899444e-01
9.519482711539899444e-01
9.519482711539899444e-01
9.519482711539899444e-01
9.519482711539899444e-01
9.519482711539899444e-01
9.519482711539899444e-01
9.519482711539899444e-01
9.519482711539899444e-01
9.519482711539899444e-01
9.519482711539899444e-01
9.519482711539899444e-01
9.519482711539899444e-01
9.519482711539899444e-01
9.540892478180522662e-01
9.540892478180522662e-01
9.540892478180522662e-01
9.540892478180522662e-01
9.540892478180522662e-01
9.540892478180522662e-01
9.540892478180522662e-01
9.540892478180522662e-01
9.540892478180522662e-01
9.540892478180522662e-01
9.540892478180522662e-01
9.540892478180522662e-01
9.540892478180522662e-01
9.540892478180522662e-01
9.540892478180522662e-01
9.540892478180522662e-01
9.540892478180522662e-01
9.540892478180522662e-01
9.540892478180522662e-01
9.540892478180522662e-01
9.540892478180522662e-01
9.540892478180522662e-01
9.540892478180522662e-01
9.540892478180522662e-01
9.540892478180522662e-01
9.540892478180522662e-01
9.540892478180522662e-01
9.540892478180522662e-01
9.540892478180522662e-01
