4.757845401763916016e-02 9.689521193504333496e-01 2.377774119377136230e-01 4.651615023612976074e-01 3.344680070877075195e-01 4.928616285324096680e-01
1.067851763218641281e-02 9.906057715415954590e-01 4.498253390192985535e-02 5.536969006061553955e-02 4.932933300733566284e-02 9.424394369125366211e-01
1.067851763218641281e-02 9.906057715415954590e-01 4.498253390192985535e-02 5.536969006061553955e-02 4.932933300733566284e-02 9.424394369125366211e-01
1.067851763218641281e-02 9.906057715415954590e-01 4.498253390192985535e-02 5.536969006061553955e-02 4.932933300733566284e-02 9.424394369125366211e-01
1.067851763218641281e-02 9.906057715415954590e-01 4.498253390192985535e-02 5.536969006061553955e-02 4.932933300733566284e-02 9.424394369125366211e-01
1.067851763218641281e-02 9.906057715415954590e-01 4.498253390192985535e-02 5.536969006061553955e-02 4.932933300733566284e-02 9.424394369125366211e-01
1.067851763218641281e-02 9.906057715415954590e-01 4.498253390192985535e-02 5.536969006061553955e-02 4.932933300733566284e-02 9.424394369125366211e-01
1.067851763218641281e-02 9.906057715415954590e-01 4.498253390192985535e-02 5.536969006061553955e-02 4.932933300733566284e-02 9.424394369125366211e-01
1.067851763218641281e-02 9.906057715415954590e-01 4.498253390192985535e-02 5.536969006061553955e-02 4.932933300733566284e-02 9.424394369125366211e-01
1.067851763218641281e-02 9.906057715415954590e-01 4.498253390192985535e-02 5.536969006061553955e-02 4.932933300733566284e-02 9.424394369125366211e-01
1.067851763218641281e-02 9.906057715415954590e-01 4.498253390192985535e-02 5.536969006061553955e-02 4.932933300733566284e-02 9.424394369125366211e-01
1.067851763218641281e-02 9.906057715415954590e-01 4.498253390192985535e-02 5.536969006061553955e-02 4.932933300733566284e-02 9.424394369125366211e-01
1.067851763218641281e-02 9.906057715415954590e-01 4.498253390192985535e-02 5.536969006061553955e-02 4.932933300733566284e-02 9.424394369125366211e-01
1.067851763218641281e-02 9.906057715415954590e-01 4.498253390192985535e-02 5.536969006061553955e-02 4.932933300733566284e-02 9.424394369125366211e-01
1.067851763218641281e-02 9.906057715415954590e-01 4.498253390192985535e-02 5.536969006061553955e-02 4.932933300733566284e-02 9.424394369125366211e-01
1.067851763218641281e-02 9.906057715415954590e-01 4.498253390192985535e-02 5.536969006061553955e-02 4.932933300733566284e-02 9.424394369125366211e-01
1.067851763218641281e-02 9.906057715415954590e-01 4.498253390192985535e-02 5.536969006061553955e-02 4.932933300733566284e-02 9.424394369125366211e-01
2.364940010011196136e-02 7.255946099758148193e-02 4.455215632915496826e-01 9.778770208358764648e-01 5.207847431302070618e-02 7.167291045188903809e-01
2.364940010011196136e-02 7.255946099758148193e-02 4.455215632915496826e-01 9.778770208358764648e-01 5.207847431302070618e-02 7.167291045188903809e-01
1.153468620032072067e-02 0.000000000000000000e+00 3.528665900230407715e-01 1.000000000000000000e+00 2.333757933229207993e-03 7.938985228538513184e-01
1.153468620032072067e-02 0.000000000000000000e+00 3.528665900230407715e-01 1.000000000000000000e+00 2.333757933229207993e-03 7.938985228538513184e-01
0.000000000000000000e+00 3.010453423485159874e-03 5.004549622535705566e-01 1.000000000000000000e+00 0.000000000000000000e+00 7.737420797348022461e-01
2.111498825252056122e-02 1.204251684248447418e-02 7.022821903228759766e-01 9.860531687736511230e-01 1.092507271096110344e-03 1.000000000000000000e+00
2.111498825252056122e-02 1.204251684248447418e-02 7.022821903228759766e-01 9.860531687736511230e-01 1.092507271096110344e-03 1.000000000000000000e+00
2.111498825252056122e-02 1.204251684248447418e-02 7.022821903228759766e-01 9.860531687736511230e-01 1.092507271096110344e-03 1.000000000000000000e+00
2.111498825252056122e-02 1.204251684248447418e-02 7.022821903228759766e-01 9.860531687736511230e-01 1.092507271096110344e-03 1.000000000000000000e+00
2.111498825252056122e-02 1.204251684248447418e-02 7.022821903228759766e-01 9.860531687736511230e-01 1.092507271096110344e-03 1.000000000000000000e+00
2.111498825252056122e-02 1.204251684248447418e-02 7.022821903228759766e-01 9.860531687736511230e-01 1.092507271096110344e-03 1.000000000000000000e+00
2.111498825252056122e-02 1.204251684248447418e-02 7.022821903228759766e-01 9.860531687736511230e-01 1.092507271096110344e-03 1.000000000000000000e+00
2.111498825252056122e-02 1.204251684248447418e-02 7.022821903228759766e-01 9.860531687736511230e-01 1.092507271096110344e-03 1.000000000000000000e+00
2.111498825252056122e-02 1.204251684248447418e-02 7.022821903228759766e-01 9.860531687736511230e-01 1.092507271096110344e-03 1.000000000000000000e+00
2.111498825252056122e-02 1.204251684248447418e-02 7.022821903228759766e-01 9.860531687736511230e-01 1.092507271096110344e-03 1.000000000000000000e+00
2.111498825252056122e-02 1.204251684248447418e-02 7.022821903228759766e-01 9.860531687736511230e-01 1.092507271096110344e-03 1.000000000000000000e+00
2.111498825252056122e-02 1.204251684248447418e-02 7.022821903228759766e-01 9.860531687736511230e-01 1.092507271096110344e-03 1.000000000000000000e+00
2.111498825252056122e-02 1.204251684248447418e-02 7.022821903228759766e-01 9.860531687736511230e-01 1.092507271096110344e-03 1.000000000000000000e+00
2.111498825252056122e-02 1.204251684248447418e-02 7.022821903228759766e-01 9.860531687736511230e-01 1.092507271096110344e-03 1.000000000000000000e+00
2.111498825252056122e-02 1.204251684248447418e-02 7.022821903228759766e-01 9.860531687736511230e-01 1.092507271096110344e-03 1.000000000000000000e+00
2.111498825252056122e-02 1.204251684248447418e-02 7.022821903228759766e-01 9.860531687736511230e-01 1.092507271096110344e-03 1.000000000000000000e+00
2.111498825252056122e-02 1.204251684248447418e-02 7.022821903228759766e-01 9.860531687736511230e-01 1.092507271096110344e-03 1.000000000000000000e+00
2.111498825252056122e-02 1.204251684248447418e-02 7.022821903228759766e-01 9.860531687736511230e-01 1.092507271096110344e-03 1.000000000000000000e+00
2.111498825252056122e-02 1.204251684248447418e-02 7.022821903228759766e-01 9.860531687736511230e-01 1.092507271096110344e-03 1.000000000000000000e+00
2.111498825252056122e-02 1.204251684248447418e-02 7.022821903228759766e-01 9.860531687736511230e-01 1.092507271096110344e-03 1.000000000000000000e+00
2.111498825252056122e-02 1.204251684248447418e-02 7.022821903228759766e-01 9.860531687736511230e-01 1.092507271096110344e-03 1.000000000000000000e+00
2.111498825252056122e-02 1.204251684248447418e-02 7.022821903228759766e-01 9.860531687736511230e-01 1.092507271096110344e-03 1.000000000000000000e+00
2.111498825252056122e-02 1.204251684248447418e-02 7.022821903228759766e-01 9.860531687736511230e-01 1.092507271096110344e-03 1.000000000000000000e+00
2.111498825252056122e-02 1.204251684248447418e-02 7.022821903228759766e-01 9.860531687736511230e-01 1.092507271096110344e-03 1.000000000000000000e+00
2.111498825252056122e-02 1.204251684248447418e-02 7.022821903228759766e-01 9.860531687736511230e-01 1.092507271096110344e-03 1.000000000000000000e+00
2.111498825252056122e-02 1.204251684248447418e-02 7.022821903228759766e-01 9.860531687736511230e-01 1.092507271096110344e-03 1.000000000000000000e+00
2.111498825252056122e-02 1.204251684248447418e-02 7.022821903228759766e-01 9.860531687736511230e-01 1.092507271096110344e-03 1.000000000000000000e+00
2.111498825252056122e-02 1.204251684248447418e-02 7.022821903228759766e-01 9.860531687736511230e-01 1.092507271096110344e-03 1.000000000000000000e+00
2.111498825252056122e-02 1.204251684248447418e-02 7.022821903228759766e-01 9.860531687736511230e-01 1.092507271096110344e-03 1.000000000000000000e+00
2.111498825252056122e-02 1.204251684248447418e-02 7.022821903228759766e-01 9.860531687736511230e-01 1.092507271096110344e-03 1.000000000000000000e+00
2.111498825252056122e-02 1.204251684248447418e-02 7.022821903228759766e-01 9.860531687736511230e-01 1.092507271096110344e-03 1.000000000000000000e+00
2.111498825252056122e-02 1.204251684248447418e-02 7.022821903228759766e-01 9.860531687736511230e-01 1.092507271096110344e-03 1.000000000000000000e+00
2.111498825252056122e-02 1.204251684248447418e-02 7.022821903228759766e-01 9.860531687736511230e-01 1.092507271096110344e-03 1.000000000000000000e+00
0.000000000000000000e+00 1.800770754925906658e-03 7.273553013801574707e-01 1.000000000000000000e+00 0.000000000000000000e+00 1.000000000000000000e+00
0.000000000000000000e+00 1.800770754925906658e-03 7.273553013801574707e-01 1.000000000000000000e+00 0.000000000000000000e+00 1.000000000000000000e+00
0.000000000000000000e+00 1.800770754925906658e-03 7.273553013801574707e-01 1.000000000000000000e+00 0.000000000000000000e+00 1.000000000000000000e+00
0.000000000000000000e+00 1.800770754925906658e-03 7.273553013801574707e-01 1.000000000000000000e+00 0.000000000000000000e+00 1.000000000000000000e+00
0.000000000000000000e+00 1.800770754925906658e-03 7.273553013801574707e-01 1.000000000000000000e+00 0.000000000000000000e+00 1.000000000000000000e+00
0.000000000000000000e+00 1.800770754925906658e-03 7.273553013801574707e-01 1.000000000000000000e+00 0.000000000000000000e+00 1.000000000000000000e+00
0.000000000000000000e+00 1.800770754925906658e-03 7.273553013801574707e-01 1.000000000000000000e+00 0.000000000000000000e+00 1.000000000000000000e+00
0.000000000000000000e+00 1.800770754925906658e-03 7.273553013801574707e-01 1.000000000000000000e+00 0.000000000000000000e+00 1.000000000000000000e+00
0.000000000000000000e+00 1.800770754925906658e-03 7.273553013801574707e-01 1.000000000000000000e+00 0.000000000000000000e+00 1.000000000000000000e+00
0.000000000000000000e+00 1.800770754925906658e-03 7.273553013801574707e-01 1.000000000000000000e+00 0.000000000000000000e+00 1.000000000000000000e+00
0.000000000000000000e+00 1.800770754925906658e-03 7.273553013801574707e-01 1.000000000000000000e+00 0.000000000000000000e+00 1.000000000000000000e+00
0.000000000000000000e+00 1.800770754925906658e-03 7.273553013801574707e-01 1.000000000000000000e+00 0.000000000000000000e+00 1.000000000000000000e+00
0.000000000000000000e+00 1.800770754925906658e-03 7.273553013801574707e-01 1.000000000000000000e+00 0.000000000000000000e+00 1.000000000000000000e+00
0.000000000000000000e+00 1.800770754925906658e-03 7.273553013801574707e-01 1.000000000000000000e+00 0.000000000000000000e+00 1.000000000000000000e+00
0.000000000000000000e+00 1.800770754925906658e-03 7.273553013801574707e-01 1.000000000000000000e+00 0.000000000000000000e+00 1.000000000000000000e+00
0.000000000000000000e+00 1.800770754925906658e-03 7.273553013801574707e-01 1.000000000000000000e+00 0.000000000000000000e+00 1.000000000000000000e+00
0.000000000000000000e+00 1.800770754925906658e-03 7.273553013801574707e-01 1.000000000000000000e+00 0.000000000000000000e+00 1.000000000000000000e+00
0.000000000000000000e+00 1.800770754925906658e-03 7.273553013801574707e-01 1.000000000000000000e+00 0.000000000000000000e+00 1.000000000000000000e+00
0.000000000000000000e+00 1.800770754925906658e-03 7.273553013801574707e-01 1.000000000000000000e+00 0.000000000000000000e+00 1.000000000000000000e+00
0.000000000000000000e+00 1.800770754925906658e-03 7.273553013801574707e-01 1.000000000000000000e+00 0.000000000000000000e+00 1.000000000000000000e+00
0.000000000000000000e+00 1.800770754925906658e-03 7.273553013801574707e-01 1.000000000000000000e+00 0.000000000000000000e+00 1.000000000000000000e+00
0.000000000000000000e+00 1.800770754925906658e-03 7.273553013801574707e-01 1.000000000000000000e+00 0.000000000000000000e+00 1.000000000000000000e+00
0.000000000000000000e+00 1.800770754925906658e-03 7.273553013801574707e-01 1.000000000000000000e+00 0.000000000000000000e+00 1.000000000000000000e+00
0.000000000000000000e+00 1.800770754925906658e-03 7.273553013801574707e-01 1.000000000000000000e+00 0.000000000000000000e+00 1.000000000000000000e+00
0.000000000000000000e+00 1.800770754925906658e-03 7.273553013801574707e-01 1.000000000000000000e+00 0.000000000000000000e+00 1.000000000000000000e+00
0.000000000000000000e+00 1.800770754925906658e-03 7.273553013801574707e-01 1.000000000000000000e+00 0.000000000000000000e+00 1.000000000000000000e+00
0.000000000000000000e+00 1.800770754925906658e-03 7.273553013801574707e-01 1.000000000000000000e+00 0.000000000000000000e+00 1.000000000000000000e+00
0.000000000000000000e+00 1.800770754925906658e-03 7.273553013801574707e-01 1.000000000000000000e+00 0.000000000000000000e+00 1.000000000000000000e+00
0.000000000000000000e+00 1.800770754925906658e-03 7.273553013801574707e-01 1.000000000000000000e+00 0.000000000000000000e+00 1.000000000000000000e+00
0.000000000000000000e+00 1.800770754925906658e-03 7.273553013801574707e-01 1.000000000000000000e+00 0.000000000000000000e+00 1.000000000000000000e+00
0.000000000000000000e+00 1.800770754925906658e-03 7.273553013801574707e-01 1.000000000000000000e+00 0.000000000000000000e+00 1.000000000000000000e+00
0.000000000000000000e+00 1.800770754925906658e-03 7.273553013801574707e-01 1.000000000000000000e+00 0.000000000000000000e+00 1.000000000000000000e+00
0.000000000000000000e+00 1.800770754925906658e-03 7.273553013801574707e-01 1.000000000000000000e+00 0.000000000000000000e+00 1.000000000000000000e+00
0.000000000000000000e+00 1.800770754925906658e-03 7.273553013801574707e-01 1.000000000000000000e+00 0.000000000000000000e+00 1.000000000000000000e+00
0.000000000000000000e+00 1.800770754925906658e-03 7.273553013801574707e-01 1.000000000000000000e+00 0.000000000000000000e+00 1.000000000000000000e+00
0.000000000000000000e+00 1.800770754925906658e-03 7.273553013801574707e-01 1.000000000000000000e+00 0.000000000000000000e+00 1.000000000000000000e+00
0.000000000000000000e+00 1.800770754925906658e-03 7.273553013801574707e-01 1.000000000000000000e+00 0.000000000000000000e+00 1.000000000000000000e+00
0.000000000000000000e+00 1.800770754925906658e-03 7.273553013801574707e-01 1.000000000000000000e+00 0.000000000000000000e+00 1.000000000000000000e+00
0.000000000000000000e+00 1.800770754925906658e-03 7.273553013801574707e-01 1.000000000000000000e+00 0.000000000000000000e+00 1.000000000000000000e+00
0.000000000000000000e+00 1.800770754925906658e-03 7.273553013801574707e-01 1.000000000000000000e+00 0.000000000000000000e+00 1.000000000000000000e+00
0.000000000000000000e+00 1.800770754925906658e-03 7.273553013801574707e-01 1.000000000000000000e+00 0.000000000000000000e+00 1.000000000000000000e+00
0.000000000000000000e+00 1.800770754925906658e-03 7.273553013801574707e-01 1.000000000000000000e+00 0.000000000000000000e+00 1.000000000000000000e+00
0.000000000000000000e+00 1.800770754925906658e-03 7.273553013801574707e-01 1.000000000000000000e+00 0.000000000000000000e+00 1.000000000000000000e+00
0.000000000000000000e+00 1.800770754925906658e-03 7.273553013801574707e-01 1.000000000000000000e+00 0.000000000000000000e+00 1.000000000000000000e+00
0.000000000000000000e+00 1.800770754925906658e-03 7.273553013801574707e-01 1.000000000000000000e+00 0.000000000000000000e+00 1.000000000000000000e+00
