7.890504002571105957e-01 3.963788151741027832e-01 6.911852955818176270e-01 2.185724973678588867e-01 1.059231162071228027e-01 4.654154777526855469e-01
8.095605969429016113e-01 8.773989081382751465e-01 6.315167546272277832e-01 7.254236340522766113e-01 5.382212996482849121e-01 2.363019585609436035e-01
5.506994724273681641e-01 8.676809668540954590e-01 8.253409862518310547e-01 9.307921528816223145e-01 1.862429380416870117e-01 2.782285213470458984e-02
2.768689393997192383e-02 7.718505859375000000e-01 4.852032661437988281e-02 2.479533553123474121e-01 1.063975095748901367e-01 9.037796854972839355e-01
3.244138956069946289e-01 9.684629440307617188e-01 7.736357450485229492e-01 4.249532818794250488e-01 6.214922666549682617e-02 4.808349609375000000e-01
7.979319095611572266e-01 2.980945706367492676e-01 1.256056427955627441e-01 6.657648086547851562e-02 8.342766761779785156e-01 5.596650242805480957e-01
3.332375288009643555e-01 3.315639495849609375e-01 6.222313642501831055e-01 4.806650876998901367e-01 8.224134445190429688e-01 7.029314041137695312e-01
9.983062148094177246e-01 6.836187243461608887e-01 3.618724942207336426e-01 9.631905555725097656e-01 7.765558958053588867e-01 6.878485083580017090e-01
4.089694023132324219e-01 8.552814722061157227e-01 2.341921925544738770e-01 7.652217149734497070e-02 1.026034951210021973e-01 6.925522089004516602e-01
9.133037924766540527e-01 4.964056015014648438e-01 3.943175077438354492e-01 4.344896078109741211e-01 2.700763344764709473e-01 9.127847552299499512e-01
9.330594539642333984e-01 8.540851995348930359e-03 1.876253820955753326e-02 1.000000000000000000e+00 9.945717453956604004e-01 7.407625913619995117e-01
4.832345619797706604e-02 3.114840015769004822e-02 4.688646495342254639e-01 9.514089822769165039e-01 9.883282780647277832e-01 6.665498018264770508e-02
1.003227084875106812e-01 5.331404507160186768e-02 4.001527279615402222e-02 4.443393647670745850e-01 9.789379239082336426e-01 9.448032379150390625e-01
8.642517328262329102e-01 9.639256447553634644e-02 6.687914021313190460e-03 3.000666201114654541e-01 9.436107277870178223e-01 1.200005039572715759e-01
6.031358987092971802e-02 2.341070957481861115e-02 3.972213342785835266e-02 7.092576473951339722e-02 9.508085250854492188e-01 3.648962676525115967e-01
7.690432667732238770e-01 8.982849121093750000e-02 9.216859340667724609e-01 8.537756204605102539e-01 9.520230889320373535e-01 9.098419547080993652e-01
5.795360207557678223e-01 6.146029010415077209e-02 3.703500926494598389e-01 4.604115486145019531e-01 7.511782646179199219e-01 4.608708918094635010e-01
4.627529680728912354e-01 1.250662654638290405e-01 6.501931697130203247e-02 2.708228528499603271e-01 2.906496226787567139e-01 0.000000000000000000e+00
1.282893270254135132e-01 7.149987667798995972e-02 5.478226020932197571e-02 1.000000000000000000e+00 9.552739262580871582e-01 8.659254908561706543e-01
7.872341871261596680e-01 3.885008692741394043e-01 8.413752168416976929e-02 1.232219636440277100e-01 7.808305025100708008e-01 4.620690345764160156e-01
9.707607030868530273e-01 5.500259250402450562e-02 2.245605923235416412e-02 2.440879791975021362e-01 8.944378495216369629e-01 9.410015344619750977e-01
2.441423982381820679e-01 3.603167459368705750e-02 6.789193302392959595e-02 8.644905686378479004e-01 1.939544677734375000e-01 1.679121330380439758e-02
7.039992511272430420e-02 9.122903943061828613e-01 1.140787377953529358e-01 9.977478533983230591e-02 8.694986701011657715e-01 9.287790060043334961e-01
1.013626679778099060e-01 3.825748339295387268e-02 9.667446017265319824e-01 5.698667094111442566e-02 9.763370752334594727e-01 9.538606405258178711e-01
6.809975504875183105e-01 9.801565855741500854e-02 9.195079207420349121e-01 1.000000000000000000e+00 9.464170932769775391e-01 9.027402400970458984e-01
3.241444826126098633e-01 1.048133894801139832e-01 8.970460891723632812e-01 1.790584325790405273e-01 9.307457208633422852e-01 8.670566678047180176e-01
2.937136590480804443e-01 1.006633043289184570e-01 1.000000000000000000e+00 1.755022704601287842e-01 9.361701011657714844e-01 8.806818723678588867e-01
6.384101510047912598e-01 4.965010285377502441e-01 6.139734983444213867e-01 5.814892053604125977e-01 7.400405406951904297e-01 5.645663738250732422e-01
8.282088637351989746e-01 6.961888670921325684e-01 6.106743812561035156e-01 6.898816227912902832e-01 4.969251751899719238e-01 2.726609706878662109e-01
1.853431463241577148e-01 9.072957932949066162e-02 0.000000000000000000e+00 1.000000000000000000e+00 9.432509541511535645e-01 8.522197008132934570e-01
4.488649312406778336e-03 1.541209872812032700e-02 9.606245160102844238e-01 7.846893370151519775e-02 9.922840595245361328e-01 6.937366724014282227e-01
3.615794703364372253e-02 6.925516128540039062e-01 4.892774671316146851e-02 3.035327494144439697e-01 1.111426204442977905e-01 7.751047015190124512e-01
4.842752814292907715e-01 3.293920159339904785e-01 2.531748712062835693e-01 3.987985253334045410e-01 2.701404690742492676e-01 0.000000000000000000e+00
1.000000000000000000e+00 1.000000000000000000e+00 5.568326711654663086e-01 8.017141819000244141e-01 4.361219406127929688e-01 1.040783971548080444e-01
7.429676651954650879e-01 2.028018832206726074e-01 1.000000000000000000e+00 2.228366136550903320e-01 1.433569341897964478e-01 0.000000000000000000e+00
1.050045415759086609e-01 3.770425915718078613e-02 9.141749739646911621e-01 1.235270053148269653e-01 9.709154963493347168e-01 6.533026099205017090e-01
4.786228761076927185e-02 2.806521207094192505e-02 3.791352808475494385e-01 1.000000000000000000e+00 9.901289939880371094e-01 0.000000000000000000e+00
4.505110383033752441e-01 7.682641595602035522e-02 7.923206090927124023e-01 2.417803257703781128e-01 8.848843574523925781e-01 3.558537364006042480e-01
7.728266119956970215e-01 1.000000000000000000e+00 0.000000000000000000e+00 1.806818246841430664e-01 6.441187262535095215e-01 3.712562099099159241e-02
2.997804284095764160e-01 3.648804426193237305e-01 7.279732823371887207e-01 2.549385726451873779e-01 8.681367039680480957e-01 1.000000000000000000e+00
6.176006197929382324e-01 5.382714271545410156e-01 7.617406249046325684e-01 7.021246552467346191e-01 7.695433497428894043e-01 6.563973426818847656e-01
8.120606541633605957e-01 9.301275759935379028e-02 2.365972697734832764e-01 2.881168425083160400e-01 9.465727806091308594e-01 9.458584338426589966e-02
1.446527522057294846e-02 5.057323258370161057e-03 8.779528737068176270e-01 8.782309480011463165e-03 9.951186180114746094e-01 1.000000000000000000e+00
2.072252035140991211e-01 9.054064750671386719e-02 7.741552591323852539e-01 0.000000000000000000e+00 9.415129423141479492e-01 8.760653734207153320e-01
7.521320581436157227e-01 7.627660036087036133e-02 2.311612665653228760e-01 4.979757964611053467e-01 9.394347667694091797e-01 0.000000000000000000e+00
1.234751641750335693e-01 4.664614051580429077e-02 1.952668726444244385e-01 1.000000000000000000e+00 9.196479916572570801e-01 3.738623559474945068e-01
4.468439817428588867e-01 7.103514671325683594e-02 1.000000000000000000e+00 2.636267542839050293e-01 8.989664316177368164e-01 2.968297898769378662e-01
8.197477459907531738e-02 7.117611914873123169e-02 8.156658411026000977e-01 6.842705607414245605e-02 7.551869153976440430e-01 9.641621112823486328e-01
0.000000000000000000e+00 0.000000000000000000e+00 8.075950741767883301e-01 3.033179673366248608e-04 1.000000000000000000e+00 1.000000000000000000e+00
0.000000000000000000e+00 1.541330479085445404e-03 1.000000000000000000e+00 0.000000000000000000e+00 1.000000000000000000e+00 1.000000000000000000e+00
2.659456431865692139e-01 1.000000000000000000e+00 5.760440230369567871e-01 1.810053288936614990e-01 4.344167932868003845e-02 9.178657531738281250e-01
2.871541655622422695e-04 4.421689733862876892e-02 7.275208830833435059e-01 5.504360049962997437e-02 9.999817013740539551e-01 9.996092319488525391e-01
4.451312422752380371e-01 5.952036380767822266e-01 6.481607556343078613e-01 4.914833307266235352e-01 7.719979882240295410e-01 1.000000000000000000e+00
8.923224359750747681e-02 1.642683446407318115e-01 8.123351931571960449e-01 1.110038086771965027e-01 5.438128113746643066e-01 9.519615173339843750e-01
4.156938195228576660e-02 9.736931324005126953e-01 3.296269178390502930e-01 5.611295625567436218e-02 9.558664560317993164e-01 4.323933646082878113e-02
1.089494675397872925e-01 9.329333901405334473e-01 8.146229386329650879e-02 7.367731332778930664e-01 9.221752882003784180e-01 2.333326488733291626e-01
1.791146695613861084e-01 9.202700853347778320e-01 9.657739996910095215e-01 9.259465336799621582e-01 9.017257094383239746e-01 1.004305034875869751e-01
6.970896124839782715e-01 8.331428468227386475e-02 5.330845713615417480e-01 3.256940543651580811e-01 9.386844038963317871e-01 3.953864052891731262e-02
5.435529351234436035e-02 7.899193763732910156e-01 1.956088244915008545e-01 2.260689437389373779e-01 1.174964755773544312e-01 9.585167765617370605e-01
1.276039481163024902e-01 7.077225446701049805e-01 9.531759023666381836e-01 0.000000000000000000e+00 1.000000000000000000e+00 3.651347458362579346e-01
0.000000000000000000e+00 0.000000000000000000e+00 7.063271999359130859e-01 0.000000000000000000e+00 1.000000000000000000e+00 1.000000000000000000e+00
2.721423096954822540e-02 4.227204248309135437e-02 4.193680584430694580e-01 1.157543882727622986e-01 9.918355941772460938e-01 9.776867628097534180e-01
7.829327136278152466e-02 2.661664783954620361e-01 6.860861778259277344e-01 1.528809517621994019e-01 4.364049136638641357e-01 9.433117508888244629e-01
2.929842472076416016e-01 1.000000000000000000e+00 1.000000000000000000e+00 2.812131643295288086e-01 5.440241657197475433e-03 8.137285113334655762e-01
0.000000000000000000e+00 1.531451195478439331e-01 8.728026747703552246e-01 0.000000000000000000e+00 1.000000000000000000e+00 1.000000000000000000e+00
9.739956818521022797e-03 6.966470973566174507e-04 7.394849061965942383e-01 8.656945824623107910e-01 1.000000000000000000e+00 2.036950923502445221e-02
7.939346134662628174e-02 2.962580323219299316e-01 6.608539819717407227e-01 4.211224243044853210e-02 9.423667788505554199e-01 9.669435024261474609e-01
3.254589438438415527e-01 9.000468254089355469e-01 5.839879512786865234e-01 4.083591103553771973e-01 7.322603464126586914e-02 4.230187833309173584e-01
3.409109711647033691e-01 7.838709354400634766e-01 3.476220965385437012e-01 3.687514364719390869e-01 8.027937263250350952e-02 3.275643289089202881e-01
9.406009316444396973e-01 7.705598324537277222e-02 1.582003682851791382e-01 2.699183523654937744e-01 8.948118686676025391e-01 9.601598978042602539e-01
4.743801057338714600e-01 6.499740481376647949e-01 1.000000000000000000e+00 6.483103632926940918e-01 7.749031782150268555e-01 1.000000000000000000e+00
8.699969202280044556e-02 7.901113033294677734e-01 2.319938391447067261e-01 1.010448932647705078e-01 8.891383409500122070e-01 9.215179681777954102e-01
3.349583745002746582e-01 3.291580080986022949e-01 5.900685191154479980e-01 4.660894274711608887e-01 8.210684657096862793e-01 7.034299373626708984e-01
2.471017241477966309e-01 1.710072606801986694e-01 1.424859166145324707e-01 5.465952157974243164e-01 8.316803574562072754e-01 7.792517542839050293e-01
4.852651953697204590e-01 3.283213376998901367e-01 2.586961388587951660e-01 3.994777500629425049e-01 2.711127698421478271e-01 0.000000000000000000e+00
8.328316807746887207e-01 1.077842488884925842e-01 6.403991580009460449e-01 8.171085119247436523e-01 9.360755681991577148e-01 8.608071804046630859e-01
1.578957140445709229e-01 7.532432675361633301e-02 3.794988989830017090e-02 1.000000000000000000e+00 9.218608140945434570e-01 6.729729175567626953e-01
1.333744376897811890e-01 7.741308212280273438e-01 8.236457109451293945e-01 2.790879085659980774e-02 9.773287773132324219e-01 2.907423675060272217e-01
5.474815368652343750e-01 9.137540459632873535e-01 1.000000000000000000e+00 9.321720004081726074e-01 1.983740031719207764e-01 8.801075816154479980e-02
7.690103054046630859e-01 2.649905681610107422e-01 8.978992700576782227e-01 2.216816246509552002e-01 1.213779747486114502e-01 1.493755429983139038e-01
1.707898229360580444e-01 9.284470081329345703e-01 2.360883057117462158e-01 7.449603080749511719e-01 8.939869403839111328e-01 2.420993000268936157e-01
1.000000000000000000e+00 5.170276165008544922e-01 0.000000000000000000e+00 4.699621796607971191e-01 2.383091747760772705e-01 1.000000000000000000e+00
5.546948909759521484e-01 5.781784653663635254e-01 1.000000000000000000e+00 7.675377726554870605e-01 7.830205559730529785e-01 7.311164140701293945e-01
1.007010117173194885e-01 4.734375327825546265e-02 3.576906919479370117e-01 8.410788327455520630e-02 9.395241737365722656e-01 4.638859331607818604e-01
2.769475802779197693e-02 9.550900459289550781e-01 4.791607260704040527e-01 8.189050853252410889e-02 9.427387714385986328e-01 7.455600798130035400e-02
5.203547328710556030e-02 1.648372039198875427e-02 7.870668768882751465e-01 5.981831550598144531e-01 9.813247919082641602e-01 3.183788657188415527e-01
1.125415489077568054e-01 2.551500797271728516e-01 1.000000000000000000e+00 1.141109503805637360e-02 9.853081703186035156e-01 6.537409033626317978e-03
0.000000000000000000e+00 0.000000000000000000e+00 9.337896704673767090e-01 0.000000000000000000e+00 1.000000000000000000e+00 1.000000000000000000e+00
1.313919723033905029e-01 8.803929686546325684e-01 4.901659786701202393e-01 2.049477770924568176e-02 9.470176100730895996e-01 3.817655444145202637e-01
1.040573716163635254e-01 3.415773436427116394e-02 3.691832125186920166e-01 0.000000000000000000e+00 9.460884928703308105e-01 2.263990193605422974e-01
5.384083464741706848e-02 6.423754692077636719e-01 2.040565162897109985e-01 2.833398878574371338e-01 1.561592966318130493e-01 8.124242424964904785e-01
3.652800247073173523e-02 8.758585453033447266e-01 2.803620696067810059e-02 6.357681155204772949e-01 9.861413836479187012e-01 0.000000000000000000e+00
5.470684170722961426e-02 1.743714883923530579e-02 0.000000000000000000e+00 0.000000000000000000e+00 9.536642432212829590e-01 2.285884469747543335e-01
1.602530777454376221e-01 8.790497779846191406e-01 9.130277633666992188e-01 6.860833168029785156e-01 9.206289052963256836e-01 1.270102113485336304e-01
8.162619918584823608e-02 1.000000000000000000e+00 1.925193704664707184e-02 2.807225286960601807e-01 8.875429630279541016e-01 6.739927530288696289e-01
4.828684404492378235e-02 0.000000000000000000e+00 6.208122372627258301e-01 1.000000000000000000e+00 9.817157983779907227e-01 1.415876746177673340e-01
1.095546931028366089e-01 9.523637294769287109e-01 1.901784390211105347e-01 2.030590921640396118e-01 9.112457036972045898e-01 5.135833621025085449e-01
8.852744102478027344e-01 5.002823472023010254e-01 5.840915441513061523e-01 4.332478344440460205e-01 2.427543550729751587e-01 8.605223298072814941e-01
8.718110918998718262e-01 4.249509572982788086e-01 9.674190878868103027e-01 5.560148358345031738e-01 2.311009466648101807e-01 7.048514485359191895e-01
7.004293203353881836e-01 7.445701360702514648e-01 2.542670965194702148e-01 2.070411890745162964e-01 5.554620027542114258e-01 2.871687114238739014e-01
4.279828667640686035e-01 6.714746952056884766e-01 0.000000000000000000e+00 0.000000000000000000e+00 8.635847270488739014e-02 4.663017392158508301e-01
7.399704456329345703e-01 2.384428083896636963e-01 9.030552506446838379e-01 2.389435619115829468e-01 1.656741946935653687e-01 0.000000000000000000e+00
1.325691789388656616e-01 7.600044012069702148e-01 7.601382732391357422e-01 0.000000000000000000e+00 9.678319096565246582e-01 4.382937252521514893e-01
3.042793571949005127e-01 7.900551557540893555e-01 0.000000000000000000e+00 1.000000000000000000e+00 1.862566620111465454e-01 0.000000000000000000e+00
1.326875984668731689e-01 8.494748473167419434e-01 1.000000000000000000e+00 5.055588483810424805e-01 9.489194750785827637e-01 4.568259045481681824e-02
5.076853558421134949e-02 6.982035189867019653e-02 8.655623793601989746e-01 9.181558489799499512e-01 9.767414331436157227e-01 7.217826843261718750e-01
5.644978582859039307e-02 8.397576212882995605e-02 1.000000000000000000e+00 9.173893928527832031e-01 9.613033533096313477e-01 6.036707758903503418e-01
4.554124549031257629e-02 1.000000000000000000e+00 2.022575959563255310e-02 2.897868454456329346e-01 4.214868322014808655e-02 9.416231513023376465e-01
1.099419593811035156e-01 3.896262869238853455e-02 3.739425241947174072e-01 1.000000000000000000e+00 9.159445166587829590e-01 4.918009936809539795e-01
0.000000000000000000e+00 0.000000000000000000e+00 8.884724378585815430e-01 0.000000000000000000e+00 1.000000000000000000e+00 1.000000000000000000e+00
