-8.076480993275367837e-01
-7.764349320231930252e-01
-1.070650014220671853e+00
-1.069728731715733350e+00
-9.747785003015216887e-01
-9.594638890010533938e-01
-1.021227122198015147e+00
-9.934122472343223098e-01
-9.887933864435840547e-01
-7.892972263545672273e-01
-7.960040159704191431e-01
-5.246757708702740608e-01
-5.282640406269671907e-01
-5.355873500881269678e-01
-4.039694815503750425e-01
-6.364309625118231839e-01
-4.718572279975329908e-01
-4.777005901409407396e-01
-4.775927359825432039e-01
-4.039694815503750425e-01
-4.039694815503750425e-01
-4.039694815503750425e-01
-1.038916600256692968e+00
-9.855666354871133183e-01
-4.039694815503750425e-01
-4.039694815503750425e-01
-4.039694815503750425e-01
-4.039694815503750425e-01
-4.039694815503750425e-01
-4.039694815503750425e-01
-4.039694815503750425e-01
-4.039694815503750425e-01
-4.039694815503750425e-01
-4.039694815503750425e-01
-4.039694815503750425e-01
-4.039694815503750425e-01
-4.039694815503750425e-01
-4.039694815503750425e-01
-4.039694815503750425e-01
-4.039694815503750425e-01
-4.039694815503750425e-01
-4.039694815503750425e-01
-4.039694815503750425e-01
-2.961110612469018966e-01
-4.039694815503750425e-01
-4.039694815503750425e-01
-2.961110612469018966e-01
-4.039694815503750425e-01
-4.039694815503750425e-01
-4.039694815503750425e-01
-4.039694815503750425e-01
-2.961110612469018966e-01
-4.039694815503750425e-01
-2.961110612469018966e-01
-4.159234968639990426e-01
-4.039694815503750425e-01
-3.792877949325645925e-01
-4.039694815503750425e-01
-2.961110612469018966e-01
-4.039694815503750425e-01
-4.039694815503750425e-01
-3.863315838847838912e-01
-4.039694815503750425e-01
-4.039694815503750425e-01
-2.961110612469018966e-01
-2.961110612469018966e-01
-2.961110612469018966e-01
-2.961110612469018966e-01
-2.961110612469018966e-01
-2.961110612469018966e-01
-2.961110612469018966e-01
-3.292700052570292080e-01
-3.162201232391322892e-01
-3.190615355776479367e-01
-3.192347752847149445e-01
-3.202742272607095320e-01
-3.131698668741416114e-01
-3.122931148976844096e-01
-3.410703287864196298e-01
-3.409043631153615417e-01
-3.383757590277355898e-01
-3.389783761970989184e-01
-3.279529230476957991e-01
-3.304989755551189790e-01
-4.039694815503750425e-01
-3.327522894442078716e-01
-3.339300292290683925e-01
-3.337782017419144154e-01
-3.335413383995248782e-01
-3.311397971957317221e-01
-3.289525978128450268e-01
-3.274190405412831240e-01
-3.284084062657394165e-01
-3.270226497586158354e-01
-3.277197257629137495e-01
-3.277189571501861187e-01
-3.193479254719707727e-01
-3.223281755057180176e-01
-3.187216022260415116e-01
-3.185717468423664434e-01
