5.454816102303789993e-01
-2.462103653790981284e-01
3.290661899051607886e-01
-1.199281060495667184e-01
8.501914408025699199e-01
5.633222935764188311e-01
3.051043387429018816e-01
3.152698541366946161e-01
7.697792610732245855e-01
1.631251866814497076e-01
1.191703243642790344e+00
1.251582117682971340e+00
1.266702721596333792e+00
1.266704753306028053e+00
1.273731667219172081e+00
1.277714066287562122e+00
1.284771454797080992e+00
1.284930587325174844e+00
1.284875568411474323e+00
1.284328624204568392e+00
1.285668771624429940e+00
1.285561078886430231e+00
1.286769212560285203e+00
1.286702449883373456e+00
1.286564389140246067e+00
1.286448101300671443e+00
1.286428701983155953e+00
1.286159944208088879e+00
1.285725986266018417e+00
1.286473296991703430e+00
1.286641822552199388e+00
1.286631785736555678e+00
1.286931924472799249e+00
1.286764326859871632e+00
1.286892063875429759e+00
1.286876469132574696e+00
1.286900729091995377e+00
1.286912647053738201e+00
1.287024344271769483e+00
1.287105832450308185e+00
1.287123533307330536e+00
1.287122437785628293e+00
1.287113364763999401e+00
1.287110648046552619e+00
1.287109986831703079e+00
1.287111125107349707e+00
1.287106342939784653e+00
1.287102442510447808e+00
1.287102943959697932e+00
1.287101452978062888e+00
1.287099027590377753e+00
1.287094931079093563e+00
1.287080222171932409e+00
1.287077802392421200e+00
1.287111220159112612e+00
1.287108208743903415e+00
1.287100881741180647e+00
1.287096541385609694e+00
1.287095827856676866e+00
1.287134456961439355e+00
1.287134589022204789e+00
1.287131106699218375e+00
1.287126743125633688e+00
1.287128702226230548e+00
1.287138003781948870e+00
1.287137928545757370e+00
1.287134442845568438e+00
1.287135031851905698e+00
1.287133633719688586e+00
1.287130977166673684e+00
1.287110279955405945e+00
1.287108366097980738e+00
1.287108312779331243e+00
1.287112712377040280e+00
1.287110764022092235e+00
1.287135301762059258e+00
1.287135323367980533e+00
1.287133964159031363e+00
1.287134635243748937e+00
1.287134978333955626e+00
1.287134127366006853e+00
1.287132500589701634e+00
1.287111887751518857e+00
1.287112115988037209e+00
1.287115363505046961e+00
1.287112638283501642e+00
1.287111768824688918e+00
1.287110990629520169e+00
1.287111996971806116e+00
1.287112688151188733e+00
1.287115322068246748e+00
1.287117487836399787e+00
1.287133379611730133e+00
1.287131343801960925e+00
1.287122847122212477e+00
1.287116479303451300e+00
1.287111461715023886e+00
1.287107224563179608e+00
1.287104391237846368e+00
1.287076518174053552e+00
