9.760443568229675293e-01 8.668939471244812012e-01 4.334461092948913574e-01 8.523777127265930176e-01
1.778882145881652832e-01 9.305131435394287109e-02 8.965741991996765137e-01 5.917754173278808594e-01
5.699736475944519043e-01 2.616909146308898926e-01 2.182769179344177246e-01 9.862793087959289551e-01
3.733751773834228516e-01 2.927701473236083984e-01 4.626124501228332520e-01 5.260484218597412109e-01
8.149096369743347168e-01 9.418680667877197266e-01 2.210415005683898926e-01 8.192155361175537109e-01
1.908114552497863770e-01 9.062824249267578125e-01 1.808080077171325684e-01 5.060635805130004883e-01
1.711966991424560547e-01 3.326053023338317871e-01 1.409591436386108398e-01 3.256525993347167969e-01
8.390337228775024414e-01 4.982843399047851562e-01 9.192645549774169922e-02 7.005413174629211426e-01
7.392960190773010254e-01 2.314984202384948730e-01 3.765298128128051758e-01 3.099916577339172363e-01
5.128329396247863770e-01 4.793983101844787598e-01 3.768216371536254883e-01 8.327339291572570801e-01
6.058869663056983823e-01 1.000000000000000000e+00 1.000000000000000000e+00 0.000000000000000000e+00
4.202108181633883686e-03 0.000000000000000000e+00 9.788236708741454573e-01 0.000000000000000000e+00
9.666362771727011749e-01 8.251015064299357382e-01 3.262669185087555546e-01 0.000000000000000000e+00
9.825059656473709158e-01 1.456492360263212694e-02 9.475856941170514025e-01 1.267564140776795793e-02
0.000000000000000000e+00 0.000000000000000000e+00 4.243693643661813897e-02 9.869122087560365797e-01
0.000000000000000000e+00 9.807046479891227131e-01 4.674098916251246960e-01 3.645961310189841514e-02
9.580588704375582187e-01 9.115913528253710707e-01 9.512836044457098073e-01 8.814433485931379153e-02
2.207123126013015024e-02 1.926672995204628883e-02 1.000000000000000000e+00 9.684220123202538222e-01
2.316787126976052949e-02 1.000000000000000000e+00 1.000000000000000000e+00 3.116082344062582887e-01
1.833939369245304873e-02 9.902061743568233432e-01 1.000000000000000000e+00 7.843370903756967660e-01
8.425672710129137322e-01 3.405929417625430146e-03 9.752368267718045658e-01 2.964104860313108158e-01
1.000000000000000000e+00 9.622394815459878322e-05 9.993968472855285778e-01 2.742075362649950554e-01
9.991379316120118093e-01 0.000000000000000000e+00 1.000000000000000000e+00 3.573212913937141022e-01
3.703040479335539120e-02 1.814170001168886534e-02 9.809686470068310626e-01 4.913647573403678859e-01
9.705273064945348915e-01 4.310979799658323786e-01 9.993665554619770575e-01 4.446201982872423630e-01
9.366382975699153457e-01 8.924753673958455424e-01 9.799652827110806319e-01 6.610321348827328247e-01
3.134788293897144973e-01 4.608759923556291493e-01 9.575098977170052317e-01 3.903299494178041201e-02
9.953886565600774672e-01 2.968331075135775543e-01 9.992180666339333106e-01 4.355048825552744751e-01
1.000000000000000000e+00 2.838093084803980370e-01 9.994691234845507477e-01 3.354625501819715194e-01
1.000000000000000000e+00 3.527375805483353166e-01 9.994192356625415385e-01 2.225136473114661118e-01
9.952893913329915465e-01 2.155783399440518999e-01 9.995306742306597769e-01 3.257394629272136743e-01
5.434075767248737199e-01 7.131797383457753048e-01 1.606305083517786114e-01 1.631354966892767100e-01
9.966578350061938707e-01 3.415608108423555667e-01 1.000000000000000000e+00 3.128754679426207219e-01
1.916519706245437826e-01 3.032386601470696275e-01 9.916322934692152202e-01 3.533004464491898977e-01
9.820629422291468069e-01 2.621532154087967692e-01 1.000000000000000000e+00 2.272403523623944266e-01
4.498897179070547314e-01 7.007376213174597579e-01 9.053268357714798764e-01 3.273031096591830780e-01
9.398810909264740943e-01 4.650011858376615348e-01 1.000000000000000000e+00 5.180000794566435030e-01
9.200180481254393028e-01 5.771098250812206620e-01 5.204018839697799326e-01 2.041860215496231132e-02
5.695617648605375560e-01 1.536336718158610726e-01 9.821829714614686013e-01 7.872079264790672604e-02
5.433526588325874318e-01 4.852540847957668158e-01 9.730635208268899605e-01 2.669053168036480406e-01
3.926750301441070401e-01 7.574046614604728056e-01 8.919495485273480906e-01 3.266418753037985123e-01
9.207878270658720332e-01 1.029819712550878313e-01 1.749828105085261820e-01 1.069125435671040014e-01
7.491251683406626727e-01 2.464783482202481113e-01 9.720786903885159091e-01 5.264239630609005571e-01
5.710637736625134853e-01 4.072061129150706393e-01 9.861134262509801962e-01 2.989689896828165994e-01
8.889593719390270765e-01 1.861816201976692342e-01 9.902544219362542366e-01 1.549650069147825993e-01
2.807036579248056718e-01 6.305092996838898012e-01 7.458519064910338336e-01 1.650087259249123917e-01
5.741911578920887160e-02 5.611987122688201213e-01 9.722818594772811851e-01 3.651053012992072078e-01
6.805117958504355302e-01 3.227365540619007156e-01 6.461545071217574820e-01 3.464773561135369717e-01
9.360795928147045419e-01 8.818128544298968752e-01 2.099773609375710226e-01 3.483919868084575655e-02
8.586388381599482367e-01 5.588955253259668687e-01 8.211616311303421289e-01 6.292466367417575146e-01
8.445630749786066094e-01 5.442588994294097482e-01 4.379642980634656513e-01 6.443348298285470621e-01
9.133230201967467154e-01 5.498493033644645811e-01 5.437379595203966076e-01 2.686288773785774908e-02
2.281163924669702692e-01 6.193243393042877631e-01 3.399022842158541668e-01 6.920576854498040886e-02
6.161956167432722786e-01 6.805339856122338826e-01 9.586469182300426661e-01 8.586061601861172399e-02
9.776945329622660497e-01 2.831363270710093860e-01 8.317078815917969825e-01 2.960197875996237182e-01
8.964355827259817833e-01 3.616514632937619100e-01 9.974824243262683243e-01 1.079850046036698319e-01
1.588058084169546302e-01 1.955267108057371084e-01 4.672685737873805700e-01 1.939589578986271601e-01
9.375558665575784989e-01 2.280610212952872695e-01 9.645080598017987672e-01 5.623376047777347564e-01
6.212177985883092779e-01 7.377326210933167205e-01 9.612670310751086911e-01 6.369126085867446441e-02
8.548342501217844891e-01 5.237342753571918585e-01 6.776075758894910539e-01 6.079263595468890058e-01
