-2.001994994868072641e-01
-2.001994994868072641e-01
-2.001994994868072641e-01
-2.001994994868072641e-01
-2.001994994868072641e-01
-2.001994994868072641e-01
-2.001994994868072641e-01
-1.870114312284882341e-01
-1.870114312284882341e-01
4.414379755617525714e-01
4.414379755617525714e-01
4.414379755617525714e-01
4.414379755617525714e-01
4.414379755617525714e-01
4.414379755617525714e-01
4.414379755617525714e-01
4.414379755617525714e-01
4.414379755617525714e-01
4.414379755617525714e-01
4.414379755617525714e-01
4.414379755617525714e-01
4.414379755617525714e-01
4.414379755617525714e-01
4.414379755617525714e-01
4.414379755617525714e-01
4.414379755617525714e-01
4.414379755617525714e-01
4.414379755617525714e-01
4.414379755617525714e-01
4.414379755617525714e-01
4.414379755617525714e-01
4.414379755617525714e-01
4.414379755617525714e-01
4.414379755617525714e-01
4.414379755617525714e-01
4.414379755617525714e-01
4.414379755617525714e-01
4.414379755617525714e-01
4.414379755617525714e-01
4.414379755617525714e-01
4.414379755617525714e-01
4.414379755617525714e-01
4.414379755617525714e-01
4.414379755617525714e-01
4.414379755617525714e-01
4.414379755617525714e-01
4.414379755617525714e-01
4.414379755617525714e-01
4.414379755617525714e-01
4.414379755617525714e-01
4.414379755617525714e-01
4.414379755617525714e-01
4.414379755617525714e-01
4.414379755617525714e-01
4.414379755617525714e-01
4.414379755617525714e-01
4.414379755617525714e-01
4.414379755617525714e-01
4.414379755617525714e-01
4.414379755617525714e-01
4.414379755617525714e-01
4.414379755617525714e-01
4.414379755617525714e-01
4.414379755617525714e-01
4.414379755617525714e-01
4.414379755617525714e-01
4.414379755617525714e-01
4.414379755617525714e-01
4.414379755617525714e-01
4.414379755617525714e-01
4.414379755617525714e-01
4.414379755617525714e-01
4.414379755617525714e-01
4.414379755617525714e-01
4.414379755617525714e-01
4.414379755617525714e-01
4.414379755617525714e-01
4.414379755617525714e-01
4.414379755617525714e-01
4.414379755617525714e-01
4.414379755617525714e-01
4.414379755617525714e-01
4.414379755617525714e-01
4.414379755617525714e-01
4.414379755617525714e-01
4.414379755617525714e-01
4.414379755617525714e-01
4.414379755617525714e-01
4.414379755617525714e-01
4.414379755617525714e-01
4.414379755617525714e-01
4.414379755617525714e-01
4.414379755617525714e-01
4.414379755617525714e-01
4.414379755617525714e-01
4.414379755617525714e-01
4.414379755617525714e-01
4.414379755617525714e-01
4.414379755617525714e-01
4.414379755617525714e-01
