1.094613707002607406e-01
1.094613707002607406e-01
1.094613707002607406e-01
1.094613707002607406e-01
1.094613707002607406e-01
1.094613707002607406e-01
1.036874228418873001e+00
1.163778677210874246e+00
1.163778677210874246e+00
1.163778677210874246e+00
1.332898744050617923e+00
1.332898744050617923e+00
1.332898744050617923e+00
1.332898744050617923e+00
1.332898744050617923e+00
1.332898744050617923e+00
1.332898744050617923e+00
1.332898744050617923e+00
1.332898744050617923e+00
1.332898744050617923e+00
1.332898744050617923e+00
1.332898744050617923e+00
1.332898744050617923e+00
1.332898744050617923e+00
1.332898744050617923e+00
1.332898744050617923e+00
1.332898744050617923e+00
1.332898744050617923e+00
1.332898744050617923e+00
1.332898744050617923e+00
1.332898744050617923e+00
1.332898744050617923e+00
1.446871419911789802e+00
1.446871419911789802e+00
1.446871419911789802e+00
1.446871419911789802e+00
1.446871419911789802e+00
1.446871419911789802e+00
1.446871419911789802e+00
1.446871419911789802e+00
1.446871419911789802e+00
1.446871419911789802e+00
1.446871419911789802e+00
1.446871419911789802e+00
1.446871419911789802e+00
1.446871419911789802e+00
1.446871419911789802e+00
1.446871419911789802e+00
1.446871419911789802e+00
1.446871419911789802e+00
1.446871419911789802e+00
1.446871419911789802e+00
1.446871419911789802e+00
1.446871419911789802e+00
1.446871419911789802e+00
1.446871419911789802e+00
1.446871419911789802e+00
1.446871419911789802e+00
1.446871419911789802e+00
1.446871419911789802e+00
1.446871419911789802e+00
1.446871419911789802e+00
1.446871419911789802e+00
1.446871419911789802e+00
1.446871419911789802e+00
1.446871419911789802e+00
1.446871419911789802e+00
1.446871419911789802e+00
1.446871419911789802e+00
1.446871419911789802e+00
1.446871419911789802e+00
1.446871419911789802e+00
1.446871419911789802e+00
1.446871419911789802e+00
1.446871419911789802e+00
1.446871419911789802e+00
1.446871419911789802e+00
1.446871419911789802e+00
1.446871419911789802e+00
1.446871419911789802e+00
1.446871419911789802e+00
1.446871419911789802e+00
1.446871419911789802e+00
1.446871419911789802e+00
1.468319633418122994e+00
1.468319633418122994e+00
1.468319633418122994e+00
1.468319633418122994e+00
1.468319633418122994e+00
1.468319633418122994e+00
1.468319633418122994e+00
1.468319633418122994e+00
1.468319633418122994e+00
1.468319633418122994e+00
1.468319633418122994e+00
1.468319633418122994e+00
1.468319633418122994e+00
1.468319633418122994e+00
1.468319633418122994e+00
1.468319633418122994e+00
