1.176555066272376937e+00
1.176555066272376937e+00
1.176555066272376937e+00
1.789362675886270182e+00
1.789362675886270182e+00
1.789362675886270182e+00
1.789362675886270182e+00
1.789362675886270182e+00
1.789362675886270182e+00
1.789362675886270182e+00
1.789362675886270182e+00
1.789362675886270182e+00
1.789362675886270182e+00
1.789362675886270182e+00
1.789362675886270182e+00
1.789362675886270182e+00
1.789362675886270182e+00
1.789362675886270182e+00
1.789362675886270182e+00
1.789362675886270182e+00
1.789362675886270182e+00
1.789362675886270182e+00
1.789362675886270182e+00
1.789362675886270182e+00
1.789362675886270182e+00
1.789362675886270182e+00
1.789362675886270182e+00
1.789362675886270182e+00
1.789362675886270182e+00
1.789362675886270182e+00
1.789362675886270182e+00
1.789362675886270182e+00
1.789362675886270182e+00
1.789362675886270182e+00
1.789362675886270182e+00
1.789362675886270182e+00
1.789362675886270182e+00
1.790198044775700437e+00
1.789362675886270182e+00
1.789362675886270182e+00
1.789362675886270182e+00
1.789362675886270182e+00
1.789362675886270182e+00
1.792933722685662978e+00
1.789880582601527603e+00
1.788747304337348520e+00
1.790070121169327066e+00
1.791988808192473526e+00
1.791860000115270690e+00
1.786825670991111892e+00
1.790470148573192866e+00
1.792718248951188365e+00
1.792634139368839197e+00
1.792367558805836314e+00
1.792219933814502841e+00
1.792411212012225308e+00
1.792486118083912228e+00
1.792375434285228053e+00
1.792242514462798919e+00
1.792613392735525002e+00
1.792561990620839207e+00
1.792531348541746228e+00
1.792550695144748518e+00
1.792403618415283839e+00
1.792363693766087618e+00
1.792443218746839317e+00
1.792567075694420975e+00
1.792791060620703369e+00
1.792842113074232469e+00
1.792823916649227911e+00
1.792830876938689810e+00
1.792818183565225709e+00
1.712951071059011898e+00
1.792818915336800822e+00
1.792792317183395712e+00
1.792749355319844362e+00
1.792779965198631142e+00
1.792779748172740550e+00
1.792760786966587805e+00
1.792755699694812854e+00
1.792752326359743797e+00
1.792760416450241756e+00
1.792753439330332821e+00
1.792749212006512272e+00
1.792616012401198500e+00
1.792585609460814355e+00
1.792582707477808679e+00
1.792531253569259242e+00
1.792462506818385926e+00
1.792614910460790023e+00
1.792693632574412721e+00
1.712877303037960042e+00
1.792813033968907011e+00
1.792807456155224521e+00
1.792813411438296756e+00
1.792831860367678054e+00
1.712924113430391859e+00
1.792911504686402813e+00
1.792903613499813531e+00
1.792915838464552936e+00
