1.012711703214716208e-01
8.306991937543062310e-01
8.306991937543062310e-01
1.012591635433442327e+00
1.012591635433442327e+00
1.012591635433442327e+00
1.012591635433442327e+00
1.031738377292841236e+00
1.031738377292841236e+00
1.031738377292841236e+00
1.031738377292841236e+00
1.031738377292841236e+00
1.031738377292841236e+00
1.031738377292841236e+00
1.031738377292841236e+00
1.031738377292841236e+00
1.031738377292841236e+00
1.031738377292841236e+00
1.031738377292841236e+00
1.031738377292841236e+00
1.031738377292841236e+00
1.031738377292841236e+00
1.031738377292841236e+00
1.031738377292841236e+00
1.031738377292841236e+00
1.031738377292841236e+00
1.031738377292841236e+00
1.031738377292841236e+00
1.031738377292841236e+00
1.031738377292841236e+00
1.031738377292841236e+00
1.031738377292841236e+00
1.060467529644036233e+00
1.060467529644036233e+00
1.060467529644036233e+00
1.060467529644036233e+00
1.074684796445816160e+00
1.074684796445816160e+00
1.074684796445816160e+00
1.074684796445816160e+00
1.074684796445816160e+00
1.074684796445816160e+00
1.074684796445816160e+00
1.074684796445816160e+00
1.074684796445816160e+00
1.074684796445816160e+00
1.074684796445816160e+00
1.074684796445816160e+00
1.074684796445816160e+00
1.074684796445816160e+00
1.074684796445816160e+00
1.074684796445816160e+00
1.074684796445816160e+00
1.075453804331086172e+00
1.075453804331086172e+00
1.075453804331086172e+00
1.075453804331086172e+00
1.075453804331086172e+00
1.075453804331086172e+00
1.075453804331086172e+00
1.075453804331086172e+00
1.075453804331086172e+00
1.075453804331086172e+00
1.075453804331086172e+00
1.075453804331086172e+00
1.075453804331086172e+00
1.075453804331086172e+00
1.075453804331086172e+00
1.075453804331086172e+00
1.075453804331086172e+00
1.075453804331086172e+00
1.075453804331086172e+00
1.075453804331086172e+00
1.075453804331086172e+00
1.075453804331086172e+00
1.075453804331086172e+00
1.075453804331086172e+00
1.075453804331086172e+00
1.075453804331086172e+00
1.075453804331086172e+00
1.075453804331086172e+00
1.075453804331086172e+00
1.075453804331086172e+00
1.075453804331086172e+00
1.075453804331086172e+00
1.075453804331086172e+00
1.075453804331086172e+00
1.075453804331086172e+00
1.075453804331086172e+00
1.075453804331086172e+00
1.075453804331086172e+00
1.075453804331086172e+00
1.075453804331086172e+00
1.075453804331086172e+00
1.075453804331086172e+00
1.075780549325547009e+00
1.075780549325547009e+00
1.075780549325547009e+00
1.075780549325547009e+00
1.075780549325547009e+00
