0.000000000000000000e+00 7.205650172656007380e-01 0.000000000000000000e+00 0.000000000000000000e+00
0.000000000000000000e+00 9.329139142413812591e-01 0.000000000000000000e+00 0.000000000000000000e+00
0.000000000000000000e+00 8.249656126677770152e-01 0.000000000000000000e+00 0.000000000000000000e+00
0.000000000000000000e+00 1.000000000000000000e+00 0.000000000000000000e+00 5.432870853617095541e-01
0.000000000000000000e+00 1.000000000000000000e+00 0.000000000000000000e+00 3.578278950389504054e-01
0.000000000000000000e+00 1.000000000000000000e+00 0.000000000000000000e+00 3.744674617405604478e-01
0.000000000000000000e+00 1.000000000000000000e+00 0.000000000000000000e+00 3.746357991130357390e-01
0.000000000000000000e+00 1.000000000000000000e+00 0.000000000000000000e+00 4.576108177492404505e-01
0.000000000000000000e+00 1.000000000000000000e+00 0.000000000000000000e+00 4.526715607474368630e-01
0.000000000000000000e+00 1.000000000000000000e+00 0.000000000000000000e+00 4.582698762272257587e-01
0.000000000000000000e+00 1.000000000000000000e+00 0.000000000000000000e+00 4.717181439359410255e-01
0.000000000000000000e+00 1.000000000000000000e+00 0.000000000000000000e+00 4.758011314559731919e-01
0.000000000000000000e+00 1.000000000000000000e+00 0.000000000000000000e+00 4.740931278867442922e-01
0.000000000000000000e+00 1.000000000000000000e+00 0.000000000000000000e+00 4.760250504566347352e-01
0.000000000000000000e+00 1.000000000000000000e+00 0.000000000000000000e+00 4.762250267451407781e-01
0.000000000000000000e+00 1.000000000000000000e+00 0.000000000000000000e+00 4.800800155851949191e-01
0.000000000000000000e+00 1.000000000000000000e+00 0.000000000000000000e+00 4.725542657882622066e-01
0.000000000000000000e+00 1.000000000000000000e+00 0.000000000000000000e+00 4.793132798063332589e-01
0.000000000000000000e+00 1.000000000000000000e+00 0.000000000000000000e+00 4.782903215615027515e-01
0.000000000000000000e+00 1.000000000000000000e+00 0.000000000000000000e+00 4.776803895081977447e-01
0.000000000000000000e+00 1.000000000000000000e+00 0.000000000000000000e+00 4.757082698110095542e-01
0.000000000000000000e+00 1.000000000000000000e+00 0.000000000000000000e+00 4.774245492638359289e-01
0.000000000000000000e+00 1.000000000000000000e+00 0.000000000000000000e+00 4.624830059930927773e-01
0.000000000000000000e+00 1.000000000000000000e+00 0.000000000000000000e+00 4.619683182724970139e-01
0.000000000000000000e+00 1.000000000000000000e+00 0.000000000000000000e+00 4.615480993754854100e-01
0.000000000000000000e+00 1.000000000000000000e+00 0.000000000000000000e+00 4.613658514873903993e-01
0.000000000000000000e+00 1.000000000000000000e+00 0.000000000000000000e+00 4.606193186660049177e-01
0.000000000000000000e+00 1.000000000000000000e+00 0.000000000000000000e+00 4.585647009666957152e-01
0.000000000000000000e+00 1.000000000000000000e+00 0.000000000000000000e+00 5.005085293065610896e-01
0.000000000000000000e+00 1.000000000000000000e+00 0.000000000000000000e+00 4.993140990163756898e-01
0.000000000000000000e+00 1.000000000000000000e+00 0.000000000000000000e+00 4.992426408476577371e-01
0.000000000000000000e+00 1.000000000000000000e+00 0.000000000000000000e+00 4.904676189969304767e-01
0.000000000000000000e+00 8.909865334966662331e-01 0.000000000000000000e+00 4.398182360520420664e-01
0.000000000000000000e+00 8.922086286314733217e-01 0.000000000000000000e+00 4.404403961191443728e-01
0.000000000000000000e+00 8.926889561662276762e-01 0.000000000000000000e+00 4.368053147424967864e-01
0.000000000000000000e+00 8.854224697084401852e-01 0.000000000000000000e+00 4.030475908335434121e-01
0.000000000000000000e+00 8.649725492871581656e-01 0.000000000000000000e+00 3.783449001742401063e-01
0.000000000000000000e+00 8.623665344077413586e-01 0.000000000000000000e+00 3.733014442172742919e-01
0.000000000000000000e+00 8.603654120770816149e-01 0.000000000000000000e+00 3.819685571114421752e-01
0.000000000000000000e+00 8.517189487066089137e-01 0.000000000000000000e+00 3.950181051810379707e-01
0.000000000000000000e+00 8.509750684898266249e-01 0.000000000000000000e+00 3.973679571161014557e-01
0.000000000000000000e+00 8.527582855043994714e-01 0.000000000000000000e+00 4.024954668143472802e-01
0.000000000000000000e+00 8.524346978339614189e-01 0.000000000000000000e+00 3.946740361287184307e-01
0.000000000000000000e+00 8.522270170015263657e-01 0.000000000000000000e+00 3.953427293264246689e-01
0.000000000000000000e+00 8.521210789618832715e-01 0.000000000000000000e+00 3.951380688529254614e-01
0.000000000000000000e+00 8.535439175154087010e-01 0.000000000000000000e+00 3.917221800904563955e-01
0.000000000000000000e+00 8.537301134001642478e-01 0.000000000000000000e+00 3.893737729265654979e-01
0.000000000000000000e+00 8.531497502509798325e-01 0.000000000000000000e+00 3.930047146963287497e-01
0.000000000000000000e+00 8.531363631919647306e-01 0.000000000000000000e+00 3.930526493712375724e-01
0.000000000000000000e+00 8.541803143152488786e-01 0.000000000000000000e+00 3.953997172814538996e-01
0.000000000000000000e+00 8.537563989100462880e-01 0.000000000000000000e+00 3.947618597153592646e-01
0.000000000000000000e+00 8.538453146151692152e-01 0.000000000000000000e+00 3.950900134010565390e-01
0.000000000000000000e+00 8.538629223391615009e-01 0.000000000000000000e+00 3.949151097648437303e-01
0.000000000000000000e+00 8.532278747609034486e-01 0.000000000000000000e+00 3.943195101985256246e-01
0.000000000000000000e+00 8.532197920772169875e-01 0.000000000000000000e+00 3.932254075593272780e-01
0.000000000000000000e+00 8.525191288264915013e-01 0.000000000000000000e+00 3.942842936817465560e-01
0.000000000000000000e+00 8.594346296540986696e-01 0.000000000000000000e+00 3.951186794046792072e-01
0.000000000000000000e+00 8.598073092505198467e-01 0.000000000000000000e+00 3.954152667887186334e-01
0.000000000000000000e+00 8.598157799962142800e-01 0.000000000000000000e+00 3.955813090553886302e-01
0.000000000000000000e+00 8.611011263306667107e-01 0.000000000000000000e+00 3.913792603564211769e-01
0.000000000000000000e+00 8.610062978392069022e-01 0.000000000000000000e+00 3.911443216644653886e-01
0.000000000000000000e+00 8.634916968905599344e-01 0.000000000000000000e+00 3.932982550028483182e-01
0.000000000000000000e+00 8.629616494318095299e-01 0.000000000000000000e+00 3.921924233415902128e-01
0.000000000000000000e+00 8.606288315816670309e-01 0.000000000000000000e+00 3.918528588703538706e-01
0.000000000000000000e+00 8.607152489505639492e-01 0.000000000000000000e+00 3.918971917272331407e-01
0.000000000000000000e+00 8.606998770487110928e-01 0.000000000000000000e+00 3.919843986177093398e-01
0.000000000000000000e+00 8.612069605636781811e-01 0.000000000000000000e+00 3.919580198579586949e-01
0.000000000000000000e+00 8.601791111474756946e-01 0.000000000000000000e+00 3.927862712721830185e-01
0.000000000000000000e+00 8.610072417444222248e-01 0.000000000000000000e+00 3.929736462525511564e-01
0.000000000000000000e+00 8.462392538166495504e-01 0.000000000000000000e+00 3.824178084100166575e-01
0.000000000000000000e+00 8.463101130130703531e-01 0.000000000000000000e+00 3.837054718085436966e-01
0.000000000000000000e+00 8.462074648523916220e-01 0.000000000000000000e+00 3.829449892082292806e-01
0.000000000000000000e+00 8.458720666322517845e-01 0.000000000000000000e+00 3.827432203587761705e-01
0.000000000000000000e+00 8.459136478959202732e-01 0.000000000000000000e+00 3.821824665196565385e-01
0.000000000000000000e+00 8.473118188671343587e-01 0.000000000000000000e+00 3.842233360860212166e-01
0.000000000000000000e+00 8.415887444074447998e-01 0.000000000000000000e+00 3.825342497323694912e-01
0.000000000000000000e+00 8.418821313619014868e-01 0.000000000000000000e+00 3.825824132112203291e-01
0.000000000000000000e+00 8.424349526092386187e-01 0.000000000000000000e+00 3.821938655843802324e-01
0.000000000000000000e+00 8.424542771994646406e-01 0.000000000000000000e+00 3.823931170722729700e-01
0.000000000000000000e+00 8.428061644713985556e-01 0.000000000000000000e+00 3.823742191294234316e-01
0.000000000000000000e+00 8.426386352123366175e-01 0.000000000000000000e+00 3.827222297982511012e-01
0.000000000000000000e+00 8.435071672462718384e-01 0.000000000000000000e+00 3.828498653107264005e-01
0.000000000000000000e+00 8.433904118350629142e-01 0.000000000000000000e+00 3.825036189716892743e-01
0.000000000000000000e+00 8.430818316066196472e-01 0.000000000000000000e+00 3.826611695517492806e-01
0.000000000000000000e+00 8.432554606110390649e-01 0.000000000000000000e+00 3.827464043652459846e-01
0.000000000000000000e+00 8.450476501657961936e-01 0.000000000000000000e+00 3.864121807177954837e-01
0.000000000000000000e+00 8.446694170254442913e-01 0.000000000000000000e+00 3.859717601751080918e-01
0.000000000000000000e+00 8.451920775908792205e-01 0.000000000000000000e+00 3.859105341746886242e-01
0.000000000000000000e+00 8.438231420924736659e-01 0.000000000000000000e+00 3.857824719775252431e-01
0.000000000000000000e+00 8.453304562307869530e-01 0.000000000000000000e+00 3.865883680356657082e-01
0.000000000000000000e+00 8.455040138885593359e-01 0.000000000000000000e+00 3.867506188495577479e-01
0.000000000000000000e+00 8.455098938662651831e-01 0.000000000000000000e+00 3.871433654960637627e-01
0.000000000000000000e+00 8.450333822116607996e-01 0.000000000000000000e+00 3.867739819022965042e-01
0.000000000000000000e+00 8.431334515535734431e-01 0.000000000000000000e+00 3.852978807573796960e-01
0.000000000000000000e+00 8.423563039257664364e-01 0.000000000000000000e+00 3.850360115935311800e-01
0.000000000000000000e+00 8.423939080094289267e-01 0.000000000000000000e+00 3.850634561870775463e-01
0.000000000000000000e+00 8.424239282820443764e-01 0.000000000000000000e+00 3.853607875154795304e-01
0.000000000000000000e+00 8.412326133583948318e-01 0.000000000000000000e+00 3.837886261147978040e-01
0.000000000000000000e+00 8.411557159991283061e-01 0.000000000000000000e+00 3.836128468885590670e-01
0.000000000000000000e+00 8.412813384705271069e-01 0.000000000000000000e+00 3.836484785972251177e-01
