-2.341523552250737716e-01
-2.707256224266307854e-02
-2.707256224266307854e-02
-2.707256224266307854e-02
3.268590104700689336e-01
3.268590104700689336e-01
3.268590104700689336e-01
3.268590104700689336e-01
3.268590104700689336e-01
3.268590104700689336e-01
3.606646616687851914e-01
3.606646616687851914e-01
3.606646616687851914e-01
3.606646616687851914e-01
3.606646616687851914e-01
3.606646616687851914e-01
5.001296449182905945e-01
5.001296449182905945e-01
5.437701320574540587e-01
5.885092602178650933e-01
6.243230442852910622e-01
6.243230442852910622e-01
6.544320796766780468e-01
6.544320796766780468e-01
6.544320796766780468e-01
6.544320796766780468e-01
6.544320796766780468e-01
6.544320796766780468e-01
6.544320796766780468e-01
6.544320796766780468e-01
6.544320796766780468e-01
6.544320796766780468e-01
6.544320796766780468e-01
6.544320796766780468e-01
6.544320796766780468e-01
6.544320796766780468e-01
6.544320796766780468e-01
6.544320796766780468e-01
6.544320796766780468e-01
6.544320796766780468e-01
6.544320796766780468e-01
6.544320796766780468e-01
6.544320796766780468e-01
6.544320796766780468e-01
6.753468608527024575e-01
6.753468608527024575e-01
6.753468608527024575e-01
6.753468608527024575e-01
6.753468608527024575e-01
6.829265391672053598e-01
