3.004002418913568825e-02
3.880249591777916451e-02
-3.458149320691272233e-01
-4.091965371938679485e-01
-4.269719878841806704e-01
-3.980650921711260670e-01
-1.621400743417871493e-01
-4.684260203297645475e-01
-3.330605125631866947e-01
-4.868018672846914918e-01
-5.785750470904836851e-01
-9.194998508835028339e-01
-9.339541584518922246e-01
-9.386736795225150143e-01
-9.942027882231382341e-01
-1.132050366905223981e+00
-1.131571978852803140e+00
-1.200270509929038498e+00
-1.201214014949386399e+00
-1.190915455893464481e+00
-1.198993378374192620e+00
-1.199047479434079078e+00
-1.200886997783819465e+00
-8.918220313904522412e-01
-5.769833417786938590e+00
-5.164680862043832477e+00
-5.199240234189370646e+00
-5.254520243808201485e+00
-5.824779926957927678e+00
-5.836534932131901776e+00
-5.909866654872569569e+00
-5.836534932131901776e+00
-5.836534932131901776e+00
-5.836534932131901776e+00
-5.836534932131901776e+00
-5.836534932131901776e+00
-6.220589481619087202e+00
-7.064182636119876513e+00
-6.827155717023777548e+00
-6.349633115637790759e+00
-7.762678637684743421e+00
-7.531369981156295523e+00
-7.228071452534666541e+00
-8.147622750153637128e+00
-7.965079221451233593e+00
-8.453792740109308923e+00
-9.701734813102001809e+00
-7.644561166321251378e+00
-6.371186139930458125e+00
-6.349378070149715114e+00
