-1.512840637463720370e-02
-1.962770366334357780e-02
1.450380794654293481e-01
1.665983881827732271e-01
1.724036573060349631e-01
1.629100829070112277e-01
7.425544847576369401e-02
1.855478034470727788e-01
1.405318280480967463e-01
1.912023278497456680e-01
2.179380688716069936e-01
2.982952492149201773e-01
3.011337979525047226e-01
3.020517712988736725e-01
3.125333189738582207e-01
3.361707699258308368e-01
3.360942439829282535e-01
3.467172491883324104e-01
3.468581249250231036e-01
3.453132199354622678e-01
3.465263474695018941e-01
3.465344392766728787e-01
3.468093126946916183e-01
2.927440106300145950e-01
4.945507961101875960e-01
4.932636150238752792e-01
4.933599221208836427e-01
4.935072163963797331e-01
4.946335568086813739e-01
4.946506794470710844e-01
4.947530696031349762e-01
4.946506794470710844e-01
4.946506794470710844e-01
4.946506794470710844e-01
4.946506794470710844e-01
4.946506794470710844e-01
4.951124807051343613e-01
4.956745001594278222e-01
4.955610210941772120e-01
4.952318840321382476e-01
4.958877618158821776e-01
4.958328498637344928e-01
4.957386328432800138e-01
4.959551782036322187e-01
4.959264235468355264e-01
4.959930463212768870e-01
4.960684103009706525e-01
4.958613076135934272e-01
4.952503679286294203e-01
4.952316629110761204e-01
