2.359241247177124023e-02 4.798606038093566895e-01 3.284802436828613281e-01 4.831407070159912109e-01
1.120893955230712891e-01 3.259195685386657715e-01 4.436106681823730469e-01 3.794098496437072754e-01
5.319632291793823242e-01 9.725499153137207031e-02 5.132207870483398438e-01 1.016290783882141113e-01
5.621853470802307129e-01 3.919949531555175781e-01 9.390717148780822754e-01 4.235172271728515625e-02
9.649628400802612305e-01 4.214876294136047363e-01 9.167571067810058594e-01 9.923105835914611816e-01
3.964508771896362305e-01 4.068570137023925781e-01 4.271699190139770508e-01 5.570344328880310059e-01
9.095543622970581055e-02 2.675057649612426758e-01 4.278198480606079102e-01 8.794667720794677734e-01
2.286911010742187500e-03 1.633982658386230469e-01 2.311717867851257324e-01 1.384754180908203125e-01
4.200233221054077148e-01 2.786779403686523438e-02 3.246860504150390625e-01 2.459880113601684570e-01
9.123964905738830566e-01 6.790339946746826172e-02 1.650616526603698730e-01 7.107905745506286621e-01
4.648150760727045028e-01 9.584448169625000569e-01 7.008296465960189847e-02 2.349296146666474960e-01
1.000000000000000000e+00 1.000000000000000000e+00 7.821179332574540455e-01 0.000000000000000000e+00
0.000000000000000000e+00 1.000000000000000000e+00 7.397297366946735675e-01 0.000000000000000000e+00
8.724731643838099515e-01 5.034757702389052181e-01 7.297988625226264903e-01 3.679982081720076931e-02
1.000000000000000000e+00 1.000000000000000000e+00 6.340694185451044573e-01 5.574987012874086344e-03
9.998506198667276301e-01 9.996455963002225387e-01 7.112830383617406715e-01 0.000000000000000000e+00
9.649837237201890350e-01 1.000000000000000000e+00 1.000000000000000000e+00 4.360050131982970978e-01
9.858373547220743438e-01 9.980402997578343705e-01 4.597599988424094786e-01 3.479969040188773174e-03
9.991369430056904477e-01 7.861908935980040924e-01 5.427477214032173647e-01 2.847213650848699502e-03
9.534172075573772442e-01 9.881179921785907538e-01 1.000000000000000000e+00 1.124826489074313984e-02
8.030556188239006132e-02 1.000000000000000000e+00 2.471252317938760767e-01 0.000000000000000000e+00
2.040298023838217276e-03 1.000000000000000000e+00 3.441793630290768125e-01 2.209235304160143997e-04
2.062649038787383871e-01 9.959263113925306277e-01 1.990967812636619816e-01 1.107837630656780502e-02
3.259187228743169046e-02 9.977038903426187488e-01 3.941347764633755246e-01 0.000000000000000000e+00
1.987420577186466975e-01 9.988854845402501681e-01 3.431111856099385293e-01 2.245647411107656085e-03
7.302357548117818786e-02 9.621036833126078713e-01 9.807737796447602019e-01 2.257342593290614582e-02
4.730252299189354748e-01 1.000000000000000000e+00 4.156335037673829502e-01 0.000000000000000000e+00
1.000000000000000000e+00 1.000000000000000000e+00 3.574626730009821535e-02 9.464892184287934107e-01
4.083017897092994231e-01 9.787832915056238203e-01 7.213265148762707524e-01 1.303602159154526857e-03
3.473372823083760719e-01 1.000000000000000000e+00 5.079710300195514616e-01 1.987442786148732772e-03
4.468996811443905898e-02 4.289959722086303939e-01 1.000000000000000000e+00 9.637003888430948351e-01
7.207345615663608429e-01 9.460414717027252340e-01 4.559565381706508908e-02 5.941921087700440252e-01
8.785981828090075885e-01 1.417746079425974137e-01 9.479745316253187504e-01 1.836684941923855813e-02
0.000000000000000000e+00 1.000000000000000000e+00 9.065256739667587604e-01 9.679633504740019490e-01
0.000000000000000000e+00 1.000000000000000000e+00 8.536676726466655429e-01 9.651098998794863659e-01
1.267952846590630531e-04 1.000000000000000000e+00 8.853095637791978945e-01 1.000000000000000000e+00
2.050732424118734409e-01 1.000000000000000000e+00 7.241211435762755499e-01 1.000000000000000000e+00
1.253728494798923843e-01 1.000000000000000000e+00 6.184370679706484575e-01 6.590717984412360897e-01
1.788732654405104372e-01 1.000000000000000000e+00 4.825329218011360499e-01 3.652211005129205046e-01
1.614000443832810938e-01 9.948258076074465439e-01 9.362067394894745265e-01 9.554268629411233338e-01
6.912222368790435501e-02 9.956303676187876484e-01 1.000000000000000000e+00 9.866875524755348570e-01
2.784079181078137344e-01 9.987625368224003486e-01 8.552904002843980669e-01 9.142452751814602596e-01
4.920819011754765104e-01 1.000000000000000000e+00 6.543191054569637011e-01 6.776811466468209977e-01
6.356623392061431232e-01 9.321359054112173803e-01 5.111569351244319437e-01 4.591106339745325005e-01
2.089106167160348360e-01 9.454535087389502879e-01 1.000000000000000000e+00 9.202014580844369851e-01
3.923629996606151082e-01 8.937637381883519749e-01 9.294159390097324058e-01 8.411346544030827710e-01
5.716859148666547652e-01 8.256172262032116516e-01 6.050468166375488899e-01 6.135918714133651308e-01
9.514268370551822729e-01 8.132090300457714971e-01 7.823013927257042033e-01 3.402592469227835870e-02
9.953747286793709348e-01 0.000000000000000000e+00 8.309303484188673705e-01 0.000000000000000000e+00
6.827840261847104575e-01 6.392865277164967441e-01 9.035017227197466028e-01 8.751226072071474071e-01
4.816003802478189821e-01 7.704917603284989758e-01 8.845560261306850691e-01 6.510213308822050682e-02
1.108627255356685881e-01 9.893797628054126214e-01 1.000000000000000000e+00 4.879088035282502234e-01
3.699034601947350648e-02 3.707282168435155900e-01 9.808428276992806616e-01 9.518703321128509920e-01
5.694648824011127042e-01 9.523009518020791875e-01 1.052238479403773269e-01 3.328968324646858767e-01
3.436291420534404173e-01 9.767303629135297705e-01 8.477675871522353246e-01 2.869999105549438378e-01
1.822505594414919675e-02 4.350963339184737988e-02 7.855298878546893571e-01 8.556429301349208760e-01
2.340254853860269102e-01 9.199777620802037648e-01 9.235307250696664916e-01 8.590050239503307372e-01
2.357518710890777747e-01 9.834847458540743048e-01 8.664624118951980147e-01 5.071158850481910507e-01
2.955932318794843860e-01 9.121233315048941082e-01 4.767022275179944035e-01 7.626380232294313055e-01
7.384943556482903571e-01 9.232730721815930464e-01 9.567427536641424091e-01 6.934050296083902332e-01
8.542652428314475577e-01 3.863635645060765622e-01 7.268957190789471223e-01 3.407319632440274082e-02
4.324275271108427021e-01 2.201034276998901085e-01 3.566418947857296073e-01 3.955800823611932415e-01
5.228001965648955141e-01 9.590927141734847394e-01 2.352691394037061678e-01 2.942677166472688066e-01
6.450886481905819814e-01 9.969128831336009355e-01 2.279521413947594444e-01 3.080942146704674853e-02
1.314214550190437869e-01 3.647710433114216833e-01 4.301114963805515723e-01 7.927350998908236912e-01
4.509813032517617226e-01 8.269300855797924177e-01 7.941265749860958456e-01 7.727677094636349331e-01
7.380839698917421865e-01 4.236719371141980384e-01 6.029832833173448536e-01 6.544752219939568849e-02
8.213667339444181703e-01 4.783699122871147846e-01 8.831300044801410065e-01 4.085986813347566859e-02
4.352630753411841358e-01 6.512933997672393227e-01 6.108214696170386482e-01 6.963019830195178450e-01
2.074146705842756511e-01 3.456869221790883628e-01 6.713416705014334518e-01 8.096013696902095713e-01
1.740958901117586610e-01 8.525184440952777720e-01 3.689524801947562382e-01 5.019831858018870552e-01
7.540287565659598013e-01 6.407273955939967180e-01 5.386224841315513379e-01 8.654038960306155437e-02
7.709890633550197103e-01 8.595142664160958512e-01 4.049696410523151435e-01 8.325462821310786188e-02
1.803072824609484037e-01 7.494876676268302784e-01 3.974829338515805666e-01 6.655855556066705425e-01
2.970546229199250710e-01 5.218863016505609354e-01 7.213303051086596973e-01 8.065071327742638907e-01
7.161741359145606944e-02 5.674571118765206479e-02 6.576111101191698394e-01 8.333180057107042460e-01
6.979923448944085340e-01 8.360212029714291226e-01 3.987914643008597659e-01 4.398183744342247237e-01
7.669127821760627350e-01 9.057280009372398188e-01 2.148368768544096086e-01 4.500437417552676234e-01
8.458405138705066273e-02 3.394891307986109275e-01 3.978720401752368074e-01 9.417622712685950193e-01
5.958813139179308660e-01 1.000000000000000000e+00 9.114389195521374054e-01 1.627037303112677802e-01
2.996778588937932808e-01 8.525749665816296785e-01 3.559856932556090259e-01 7.917789265769519247e-01
5.720398711722927132e-01 7.577974583062470071e-01 4.889816626147605594e-01 2.991943641163093970e-01
1.275233768416219118e-02 8.599406687243151826e-01 9.447140624704847278e-01 8.782807155230156759e-01
6.664034395185949866e-02 6.155848701000249390e-01 5.239270196726504292e-01 7.959702245783827346e-01
6.703763006054442863e-01 8.775093563032652089e-01 2.627608287053573854e-01 2.883769298347168553e-01
1.002249632553181835e-01 9.708762803513718564e-01 9.782328009514666967e-01 2.125918556237523793e-01
3.382047411440326501e-01 1.000000000000000000e+00 8.534435482592858113e-01 1.000000000000000000e+00
4.380754556820102841e-01 9.469007801354308862e-01 3.734138083970265920e-01 4.998901321955488974e-01
5.975781907026517237e-01 5.617376753638257947e-01 3.674862277936210009e-01 4.552587673475993468e-01
7.904364230491202070e-01 9.065923987145154683e-01 1.507097584316022254e-01 0.000000000000000000e+00
8.097374452635055508e-01 9.001345747820889143e-01 5.885962978787218081e-01 5.090153081655991452e-01
7.227231822269668537e-01 1.000000000000000000e+00 7.123773936657912254e-01 9.967146493260025109e-01
1.768771255926665786e-01 6.423458613595036670e-01 3.511126293138385202e-01 8.955213265176114046e-01
5.169974644105015948e-02 9.170113024280298619e-01 0.000000000000000000e+00 1.568851555218718774e-01
8.853518361969084927e-01 8.956316823509921088e-01 7.536999266666341013e-01 5.781079585381644348e-01
1.000000000000000000e+00 9.164934056983125021e-01 6.723051946220658381e-01 2.541582039014577132e-01
9.601569431023828649e-01 3.795642188618141288e-01 9.784225353960571692e-01 8.485094922050738162e-03
9.945566185586006414e-02 9.917693941791503320e-01 7.127754893937671143e-01 2.865128924240522013e-01
2.748920263474504688e-01 6.302952751367887352e-01 9.263799388640511223e-01 9.066615846091617970e-01
8.788060973384895780e-01 2.473181744926337133e-01 1.050816733855547275e-01 9.513976466661677733e-02
2.753764077521013709e-01 9.332685304303235396e-01 4.635460590902845124e-01 1.730236162012343815e-01
1.782711520840877528e-01 4.311783388215750801e-01 8.612820608672830947e-01 8.851659080579457051e-01
5.967626057389022742e-01 8.435100328388989155e-01 1.149322709886790861e-01 3.417743424575750422e-01
8.731641752638493736e-01 8.965073672741625810e-01 3.076041906835585427e-01 5.243661416699847422e-01
8.554961552753443943e-01 8.192558368513443989e-01 3.657719319461396057e-01 7.729272394058444018e-01
1.905453941713512178e-01 9.692959657875537260e-01 3.241430495199505990e-01 2.732981237905081073e-01
6.412893571977079654e-01 9.897401888228383182e-01 6.591430776907167832e-01 3.242213249961112265e-01
3.959088178385737622e-02 9.118884046452516712e-01 7.615610333037232949e-02 9.150111551843554958e-01
2.641049725879462962e-01 9.097826358221573484e-01 2.039272414915614950e-01 1.000000000000000000e+00
6.572869769031655096e-01 4.291357794090259747e-01 2.843294018591638328e-01 3.250488588876670470e-01
