-1.071298865884018792e+00
-1.112130107177470961e+00
-7.476777231671868362e-01
-2.338316837548121141e-01
-6.382555690262815551e-01
-1.150736566746349610e+00
-1.469240773672705114e+00
-1.207068974264818628e+00
-1.530012359946245182e+00
-1.502870739245079967e+00
-4.548372298866679708e-01
1.747882821966738887e-01
-1.288883753378999575e-01
1.557509545625698766e-02
1.598909499987076765e-01
1.627163806767787102e-01
-1.547303297409795553e-01
1.937195662116089623e-01
1.267110345488766110e-01
2.037801293767374511e-01
2.403389089451681837e-01
3.014341072057623583e-01
1.432358734387921273e-01
2.959346227275446717e-01
3.160915248698240587e-01
-2.683998786898618150e-01
3.463673442691208582e-01
-7.914209276623681566e-01
3.921664541901807854e-02
2.812513785364013641e-01
-6.187601100335161641e-01
-8.471976192475854095e-01
1.808135403540105102e-01
4.647809424988247895e-01
4.597742242499042731e-01
4.932177725806053403e-01
4.068294002626504091e-01
2.368090855879551038e-01
1.775990223635258436e-01
4.132384694521548663e-01
4.718035546529942836e-01
3.270838718898086972e-01
9.581633615054059583e-02
-4.568046437340943927e-02
2.638207133712529018e-01
-7.082133372936158522e-04
-1.956934945346106847e-01
8.360296025145974586e-02
6.407201021385354467e-02
-4.471488552027055863e-01
-2.730847915344256638e-01
-7.089717509718204691e-02
-6.894622892698378802e-01
-5.261307951178997300e-01
-1.432420519571055428e-01
-1.090705819006668742e+00
1.461112224283091510e-01
-5.885773075035088259e-02
-2.785006340903417588e-02
-2.190636401566215252e-01
-1.919843803888477557e-02
-1.466159047229196766e+00
-1.799459043623158061e-01
5.842131153731504323e-02
-1.293522503416201230e+00
-1.558738010991781442e-01
-1.854961530389970248e-01
4.516639628111176336e-02
-4.815692276149076689e-01
-9.352358630466399703e-01
-2.356375376211860551e-01
-5.186118366336131547e-02
9.855200437763453336e-02
-4.805197192862423194e-01
-6.357258352317859407e-01
-1.295080496198090625e+00
-2.592216003166408211e-01
-5.532865440779042299e-01
-1.384341589727453803e+00
3.715700236656111627e-02
-3.054371493073179122e-01
-1.870936376722452388e-01
9.764009437476608988e-02
-6.289116183327807530e-01
-2.888872178034781468e-01
-2.611884669553552474e-01
3.518022184508264316e-01
-5.712007411073331820e-02
-7.363458165153636825e-01
-2.077793406440354429e-01
-1.910400598186382526e-01
-1.315964139644378028e-02
-8.017747645804643719e-01
-3.370851253206962328e-01
-3.332224306333663733e-01
-1.306083210313607468e-01
2.943692739666542990e-01
-6.733337993914038921e-02
-3.691423792792584146e-01
-1.121822994505847326e+00
1.043695874034724635e-01
-6.556489138986846266e-01
-6.797824384457202829e-01
-4.621722115073264581e-01
-5.870654050733349338e-01
5.982962889304531406e-02
-2.266127077307573262e-03
-2.646017786887293610e-01
-3.038303280982282417e-01
-9.456882940592196141e-01
