-9.880652213008156437e-01
-8.824429250102645561e-01
-1.259460247023885593e+00
4.443962000753766128e-01
8.901294506477327451e-01
-7.935740839070779540e-01
-1.249426034995762436e+00
-2.848181978868806752e-01
-1.119598473914483083e+00
-1.591832511389164040e-01
-3.454699126995167680e-01
-1.117311947885595957e+00
-1.589334410210160309e-01
7.948764175556172207e-02
-4.601832856173342368e-01
-1.769300787168586742e-01
-1.006333241472414375e-01
-8.423425691899982803e-01
7.811556270810038338e-03
4.454793849108806825e-02
-1.204339013452547347e+00
-1.533628168358600385e+00
-5.003803981066201612e-01
-1.340107412809183884e+00
-1.590303942845448848e+00
-3.121375754312697981e-01
-1.230494983327740766e+00
-1.134885774739583741e+00
-9.955344174327351858e-01
-1.602280078537224206e+00
-9.266110573618544510e-01
-1.232772354938635573e+00
-1.242216609734203780e+00
-3.357819315749958067e-01
-2.901889015561492369e-01
5.582519640692822360e-01
-1.812779502020021583e-01
-9.889064905075704015e-01
-1.150723303353847982e+00
-1.154418184264654590e+00
-3.673092936909245765e-01
1.142050682828285590e-01
-2.544650001993719046e-01
-1.786217655350203826e+00
1.609186239964606191e-01
-1.732821575851195117e+00
-1.177785958298098956e+00
-1.024469302000348137e+00
-1.089427858942714655e+00
-1.362949717671401162e+00
-1.470006145205651649e+00
-1.112727438809655078e+00
-3.671262143548289503e-01
-3.852409697342248363e-01
-4.759836058463475794e-01
-1.276945021572401417e+00
-1.036509544236301705e+00
-6.261431634379088784e-01
-9.157577997864579933e-01
-1.269381274019926176e+00
-1.308004947775442295e+00
2.849296614938131439e-02
-8.521327810206236197e-01
-1.754256622194517945e+00
-1.680508990705739114e+00
-1.204229151480262550e+00
2.491972226717170669e-01
-1.658238780332565998e+00
-5.808653707816977541e-01
-6.634173666639203715e-02
-1.313830521436577747e+00
-9.361950053362539936e-01
-9.412655192575397622e-01
-1.874241713168288914e+00
-4.825255645646998048e-01
-1.005055301871562889e+00
9.120382534698895372e-01
-1.072369250463211188e+00
-5.341143980182858630e-01
-5.601885474128674991e-01
-3.963248778642021186e-01
-2.396642735913632194e-01
-5.538243505470021866e-01
-9.816231519733702449e-01
-3.397751987742730351e-01
-1.124173987275012276e+00
-1.252713389378272479e+00
-8.592359748809564879e-01
-1.112159500522261091e+00
-4.270137521487397669e-01
-1.295868038762014063e+00
-5.275029520682041895e-01
-3.050678748746337710e-01
-1.160152700970374706e+00
-2.298819523109085217e-01
-8.719282087662183489e-01
-6.410910885956006000e-01
-1.637348349697543171e+00
-9.195017135417785648e-01
-4.202232297190569010e-01
-1.563059622710841534e+00
-9.020428742715917714e-02
-1.333972535695122419e+00
-7.524199317142559185e-01
-5.516593609896572326e-02
-1.055159643954324045e+00
-7.740272531921708055e-01
-1.575009577817573891e+00
-7.316695727612720912e-01
-1.059856892989317512e+00
