-2.949587669251278743e-02
1.699078175341901531e-01
-2.048614311760339479e-01
-1.563109739409545562e-01
-2.308863554438396470e-01
-1.159934407180830185e+00
-1.337771216795359042e+00
-1.875583718131084154e-01
-1.990732951964314656e+00
-2.285976939159250598e+00
-1.315124690508956418e+00
-6.332200361758131280e-01
-1.880327844202354104e+00
-2.285976939159250598e+00
-2.285976939159250598e+00
-2.285976939159250598e+00
-2.285976939159250598e+00
-2.285976939159250598e+00
-3.727771132650717356e-01
-2.285976939159250598e+00
-2.285976939159250598e+00
-2.285976939159250598e+00
-2.285976939159250598e+00
-2.265275146362541570e+00
-2.285976939159250598e+00
-2.285976939159250598e+00
-2.285976939159250598e+00
-2.523741456573783459e+00
-2.430944613533677856e+00
-2.417641075722930744e+00
-2.363370341072062786e+00
-5.601120323764194886e+00
-2.676725714255998145e+00
-4.203402757785630328e+00
-3.944810675734248484e+00
-3.943656011696281993e+00
-4.520073439301506291e+00
-8.017283577804246164e+00
-8.061975307642065047e+00
-8.080774738269145274e+00
-8.290645982568431549e+00
-8.522623549094216600e+00
-8.524134515956596658e+00
-8.491681909372150727e+00
-8.470369843615616290e+00
-8.195543489195117104e+00
-8.847327456583757410e+00
-8.656575930853982470e+00
-8.664454079140357479e+00
-8.510725732833289925e+00
