8.398040533065795898e-01 7.184134125709533691e-01 5.237020850181579590e-01 8.200378417968750000e-01 1.751028299331665039e-01 6.955053210258483887e-01
8.398040533065795898e-01 7.184134125709533691e-01 5.237020850181579590e-01 8.200378417968750000e-01 1.751028299331665039e-01 6.955053210258483887e-01
8.398040533065795898e-01 7.184134125709533691e-01 5.237020850181579590e-01 8.200378417968750000e-01 1.751028299331665039e-01 6.955053210258483887e-01
8.398040533065795898e-01 7.184134125709533691e-01 5.237020850181579590e-01 8.200378417968750000e-01 1.751028299331665039e-01 6.955053210258483887e-01
8.398040533065795898e-01 7.184134125709533691e-01 5.237020850181579590e-01 8.200378417968750000e-01 1.751028299331665039e-01 6.955053210258483887e-01
8.398040533065795898e-01 7.184134125709533691e-01 5.237020850181579590e-01 8.200378417968750000e-01 1.751028299331665039e-01 6.955053210258483887e-01
0.000000000000000000e+00 0.000000000000000000e+00 4.541375637054443359e-01 1.000000000000000000e+00 0.000000000000000000e+00 0.000000000000000000e+00
0.000000000000000000e+00 0.000000000000000000e+00 4.541375637054443359e-01 1.000000000000000000e+00 0.000000000000000000e+00 0.000000000000000000e+00
0.000000000000000000e+00 1.000000000000000000e+00 5.372230410575866699e-01 1.000000000000000000e+00 3.571230545639991760e-02 0.000000000000000000e+00
0.000000000000000000e+00 1.000000000000000000e+00 4.857137799263000488e-01 1.000000000000000000e+00 0.000000000000000000e+00 0.000000000000000000e+00
0.000000000000000000e+00 1.000000000000000000e+00 4.857137799263000488e-01 1.000000000000000000e+00 0.000000000000000000e+00 0.000000000000000000e+00
0.000000000000000000e+00 1.000000000000000000e+00 4.857137799263000488e-01 1.000000000000000000e+00 0.000000000000000000e+00 0.000000000000000000e+00
0.000000000000000000e+00 1.000000000000000000e+00 4.857137799263000488e-01 1.000000000000000000e+00 0.000000000000000000e+00 0.000000000000000000e+00
0.000000000000000000e+00 1.000000000000000000e+00 4.857137799263000488e-01 1.000000000000000000e+00 0.000000000000000000e+00 0.000000000000000000e+00
0.000000000000000000e+00 1.000000000000000000e+00 4.857137799263000488e-01 1.000000000000000000e+00 0.000000000000000000e+00 0.000000000000000000e+00
0.000000000000000000e+00 1.000000000000000000e+00 4.857137799263000488e-01 1.000000000000000000e+00 0.000000000000000000e+00 0.000000000000000000e+00
0.000000000000000000e+00 1.000000000000000000e+00 4.857137799263000488e-01 1.000000000000000000e+00 0.000000000000000000e+00 0.000000000000000000e+00
0.000000000000000000e+00 1.000000000000000000e+00 4.857137799263000488e-01 1.000000000000000000e+00 0.000000000000000000e+00 0.000000000000000000e+00
0.000000000000000000e+00 1.000000000000000000e+00 4.857137799263000488e-01 1.000000000000000000e+00 0.000000000000000000e+00 0.000000000000000000e+00
0.000000000000000000e+00 1.000000000000000000e+00 4.857137799263000488e-01 1.000000000000000000e+00 0.000000000000000000e+00 0.000000000000000000e+00
0.000000000000000000e+00 1.000000000000000000e+00 4.857137799263000488e-01 1.000000000000000000e+00 0.000000000000000000e+00 0.000000000000000000e+00
0.000000000000000000e+00 1.000000000000000000e+00 4.857137799263000488e-01 1.000000000000000000e+00 0.000000000000000000e+00 0.000000000000000000e+00
0.000000000000000000e+00 1.000000000000000000e+00 4.857137799263000488e-01 1.000000000000000000e+00 0.000000000000000000e+00 0.000000000000000000e+00
0.000000000000000000e+00 1.000000000000000000e+00 4.857137799263000488e-01 1.000000000000000000e+00 0.000000000000000000e+00 0.000000000000000000e+00
0.000000000000000000e+00 1.000000000000000000e+00 4.857137799263000488e-01 1.000000000000000000e+00 0.000000000000000000e+00 0.000000000000000000e+00
0.000000000000000000e+00 1.000000000000000000e+00 4.857137799263000488e-01 1.000000000000000000e+00 0.000000000000000000e+00 0.000000000000000000e+00
0.000000000000000000e+00 1.000000000000000000e+00 4.857137799263000488e-01 1.000000000000000000e+00 0.000000000000000000e+00 0.000000000000000000e+00
0.000000000000000000e+00 1.000000000000000000e+00 4.857137799263000488e-01 1.000000000000000000e+00 0.000000000000000000e+00 0.000000000000000000e+00
0.000000000000000000e+00 1.000000000000000000e+00 4.857137799263000488e-01 1.000000000000000000e+00 0.000000000000000000e+00 0.000000000000000000e+00
0.000000000000000000e+00 1.000000000000000000e+00 4.857137799263000488e-01 1.000000000000000000e+00 0.000000000000000000e+00 0.000000000000000000e+00
0.000000000000000000e+00 1.000000000000000000e+00 4.857137799263000488e-01 1.000000000000000000e+00 0.000000000000000000e+00 0.000000000000000000e+00
0.000000000000000000e+00 1.000000000000000000e+00 4.857137799263000488e-01 1.000000000000000000e+00 0.000000000000000000e+00 0.000000000000000000e+00
0.000000000000000000e+00 1.000000000000000000e+00 4.857137799263000488e-01 1.000000000000000000e+00 0.000000000000000000e+00 0.000000000000000000e+00
0.000000000000000000e+00 1.000000000000000000e+00 4.857137799263000488e-01 1.000000000000000000e+00 0.000000000000000000e+00 0.000000000000000000e+00
0.000000000000000000e+00 1.000000000000000000e+00 4.857137799263000488e-01 1.000000000000000000e+00 0.000000000000000000e+00 0.000000000000000000e+00
0.000000000000000000e+00 1.000000000000000000e+00 4.857137799263000488e-01 1.000000000000000000e+00 0.000000000000000000e+00 0.000000000000000000e+00
0.000000000000000000e+00 1.000000000000000000e+00 4.857137799263000488e-01 1.000000000000000000e+00 0.000000000000000000e+00 0.000000000000000000e+00
0.000000000000000000e+00 1.000000000000000000e+00 4.857137799263000488e-01 1.000000000000000000e+00 0.000000000000000000e+00 0.000000000000000000e+00
0.000000000000000000e+00 1.000000000000000000e+00 4.857137799263000488e-01 1.000000000000000000e+00 0.000000000000000000e+00 0.000000000000000000e+00
0.000000000000000000e+00 1.000000000000000000e+00 4.857137799263000488e-01 1.000000000000000000e+00 0.000000000000000000e+00 0.000000000000000000e+00
0.000000000000000000e+00 1.000000000000000000e+00 4.857137799263000488e-01 1.000000000000000000e+00 0.000000000000000000e+00 0.000000000000000000e+00
0.000000000000000000e+00 1.000000000000000000e+00 4.857137799263000488e-01 1.000000000000000000e+00 0.000000000000000000e+00 0.000000000000000000e+00
0.000000000000000000e+00 1.000000000000000000e+00 4.857137799263000488e-01 1.000000000000000000e+00 0.000000000000000000e+00 0.000000000000000000e+00
0.000000000000000000e+00 1.000000000000000000e+00 4.857137799263000488e-01 1.000000000000000000e+00 0.000000000000000000e+00 0.000000000000000000e+00
0.000000000000000000e+00 1.000000000000000000e+00 4.857137799263000488e-01 1.000000000000000000e+00 0.000000000000000000e+00 0.000000000000000000e+00
0.000000000000000000e+00 1.000000000000000000e+00 4.857137799263000488e-01 1.000000000000000000e+00 0.000000000000000000e+00 0.000000000000000000e+00
0.000000000000000000e+00 1.000000000000000000e+00 4.857137799263000488e-01 1.000000000000000000e+00 0.000000000000000000e+00 0.000000000000000000e+00
0.000000000000000000e+00 1.000000000000000000e+00 4.857137799263000488e-01 1.000000000000000000e+00 0.000000000000000000e+00 0.000000000000000000e+00
0.000000000000000000e+00 1.000000000000000000e+00 5.372230410575866699e-01 1.000000000000000000e+00 3.571230545639991760e-02 0.000000000000000000e+00
0.000000000000000000e+00 1.000000000000000000e+00 5.372230410575866699e-01 1.000000000000000000e+00 3.571230545639991760e-02 0.000000000000000000e+00
0.000000000000000000e+00 1.000000000000000000e+00 4.857137799263000488e-01 1.000000000000000000e+00 0.000000000000000000e+00 0.000000000000000000e+00
0.000000000000000000e+00 1.000000000000000000e+00 4.857137799263000488e-01 1.000000000000000000e+00 0.000000000000000000e+00 0.000000000000000000e+00
0.000000000000000000e+00 1.000000000000000000e+00 4.857137799263000488e-01 1.000000000000000000e+00 0.000000000000000000e+00 0.000000000000000000e+00
0.000000000000000000e+00 1.000000000000000000e+00 4.857137799263000488e-01 1.000000000000000000e+00 0.000000000000000000e+00 0.000000000000000000e+00
0.000000000000000000e+00 1.000000000000000000e+00 4.857137799263000488e-01 1.000000000000000000e+00 0.000000000000000000e+00 0.000000000000000000e+00
0.000000000000000000e+00 1.000000000000000000e+00 4.857137799263000488e-01 1.000000000000000000e+00 0.000000000000000000e+00 0.000000000000000000e+00
0.000000000000000000e+00 1.000000000000000000e+00 4.857137799263000488e-01 1.000000000000000000e+00 0.000000000000000000e+00 0.000000000000000000e+00
0.000000000000000000e+00 1.000000000000000000e+00 4.857137799263000488e-01 1.000000000000000000e+00 0.000000000000000000e+00 0.000000000000000000e+00
0.000000000000000000e+00 1.000000000000000000e+00 4.857137799263000488e-01 1.000000000000000000e+00 0.000000000000000000e+00 0.000000000000000000e+00
0.000000000000000000e+00 1.000000000000000000e+00 4.857137799263000488e-01 1.000000000000000000e+00 0.000000000000000000e+00 0.000000000000000000e+00
0.000000000000000000e+00 1.000000000000000000e+00 4.857137799263000488e-01 1.000000000000000000e+00 0.000000000000000000e+00 0.000000000000000000e+00
0.000000000000000000e+00 1.000000000000000000e+00 4.857137799263000488e-01 1.000000000000000000e+00 0.000000000000000000e+00 0.000000000000000000e+00
0.000000000000000000e+00 1.000000000000000000e+00 5.372230410575866699e-01 1.000000000000000000e+00 3.571230545639991760e-02 0.000000000000000000e+00
0.000000000000000000e+00 1.000000000000000000e+00 5.372230410575866699e-01 1.000000000000000000e+00 3.571230545639991760e-02 0.000000000000000000e+00
0.000000000000000000e+00 1.000000000000000000e+00 4.857137799263000488e-01 1.000000000000000000e+00 0.000000000000000000e+00 0.000000000000000000e+00
0.000000000000000000e+00 1.000000000000000000e+00 5.372230410575866699e-01 1.000000000000000000e+00 3.571230545639991760e-02 0.000000000000000000e+00
0.000000000000000000e+00 1.000000000000000000e+00 5.372230410575866699e-01 1.000000000000000000e+00 3.571230545639991760e-02 0.000000000000000000e+00
0.000000000000000000e+00 1.000000000000000000e+00 4.857137799263000488e-01 1.000000000000000000e+00 0.000000000000000000e+00 0.000000000000000000e+00
0.000000000000000000e+00 1.000000000000000000e+00 4.857137799263000488e-01 1.000000000000000000e+00 0.000000000000000000e+00 0.000000000000000000e+00
0.000000000000000000e+00 1.000000000000000000e+00 4.857137799263000488e-01 1.000000000000000000e+00 0.000000000000000000e+00 0.000000000000000000e+00
0.000000000000000000e+00 1.000000000000000000e+00 4.857137799263000488e-01 1.000000000000000000e+00 0.000000000000000000e+00 0.000000000000000000e+00
0.000000000000000000e+00 1.000000000000000000e+00 4.857137799263000488e-01 1.000000000000000000e+00 0.000000000000000000e+00 0.000000000000000000e+00
0.000000000000000000e+00 1.000000000000000000e+00 4.857137799263000488e-01 1.000000000000000000e+00 0.000000000000000000e+00 0.000000000000000000e+00
0.000000000000000000e+00 1.000000000000000000e+00 4.857137799263000488e-01 1.000000000000000000e+00 0.000000000000000000e+00 0.000000000000000000e+00
0.000000000000000000e+00 1.000000000000000000e+00 4.857137799263000488e-01 1.000000000000000000e+00 0.000000000000000000e+00 0.000000000000000000e+00
0.000000000000000000e+00 1.000000000000000000e+00 4.857137799263000488e-01 1.000000000000000000e+00 0.000000000000000000e+00 0.000000000000000000e+00
0.000000000000000000e+00 1.000000000000000000e+00 4.857137799263000488e-01 1.000000000000000000e+00 0.000000000000000000e+00 0.000000000000000000e+00
0.000000000000000000e+00 1.000000000000000000e+00 4.857137799263000488e-01 1.000000000000000000e+00 0.000000000000000000e+00 0.000000000000000000e+00
0.000000000000000000e+00 1.000000000000000000e+00 4.857137799263000488e-01 1.000000000000000000e+00 0.000000000000000000e+00 0.000000000000000000e+00
0.000000000000000000e+00 1.000000000000000000e+00 4.857137799263000488e-01 1.000000000000000000e+00 0.000000000000000000e+00 0.000000000000000000e+00
0.000000000000000000e+00 1.000000000000000000e+00 4.857137799263000488e-01 1.000000000000000000e+00 0.000000000000000000e+00 0.000000000000000000e+00
0.000000000000000000e+00 1.000000000000000000e+00 4.857137799263000488e-01 1.000000000000000000e+00 0.000000000000000000e+00 0.000000000000000000e+00
0.000000000000000000e+00 1.000000000000000000e+00 4.857137799263000488e-01 1.000000000000000000e+00 0.000000000000000000e+00 0.000000000000000000e+00
0.000000000000000000e+00 1.000000000000000000e+00 4.857137799263000488e-01 1.000000000000000000e+00 0.000000000000000000e+00 0.000000000000000000e+00
0.000000000000000000e+00 1.000000000000000000e+00 4.857137799263000488e-01 1.000000000000000000e+00 0.000000000000000000e+00 0.000000000000000000e+00
0.000000000000000000e+00 1.000000000000000000e+00 4.857137799263000488e-01 1.000000000000000000e+00 0.000000000000000000e+00 0.000000000000000000e+00
0.000000000000000000e+00 1.000000000000000000e+00 4.857137799263000488e-01 1.000000000000000000e+00 0.000000000000000000e+00 0.000000000000000000e+00
0.000000000000000000e+00 1.000000000000000000e+00 4.857137799263000488e-01 1.000000000000000000e+00 0.000000000000000000e+00 0.000000000000000000e+00
0.000000000000000000e+00 1.000000000000000000e+00 4.857137799263000488e-01 1.000000000000000000e+00 0.000000000000000000e+00 0.000000000000000000e+00
0.000000000000000000e+00 1.000000000000000000e+00 4.857137799263000488e-01 1.000000000000000000e+00 0.000000000000000000e+00 0.000000000000000000e+00
0.000000000000000000e+00 1.000000000000000000e+00 4.857137799263000488e-01 1.000000000000000000e+00 0.000000000000000000e+00 0.000000000000000000e+00
0.000000000000000000e+00 1.000000000000000000e+00 5.372230410575866699e-01 1.000000000000000000e+00 3.571230545639991760e-02 0.000000000000000000e+00
0.000000000000000000e+00 1.000000000000000000e+00 5.372230410575866699e-01 1.000000000000000000e+00 3.571230545639991760e-02 0.000000000000000000e+00
0.000000000000000000e+00 1.000000000000000000e+00 5.372230410575866699e-01 1.000000000000000000e+00 3.571230545639991760e-02 0.000000000000000000e+00
0.000000000000000000e+00 1.000000000000000000e+00 5.372230410575866699e-01 1.000000000000000000e+00 3.571230545639991760e-02 0.000000000000000000e+00
0.000000000000000000e+00 1.000000000000000000e+00 5.372230410575866699e-01 1.000000000000000000e+00 3.571230545639991760e-02 0.000000000000000000e+00
0.000000000000000000e+00 1.000000000000000000e+00 5.372230410575866699e-01 1.000000000000000000e+00 3.571230545639991760e-02 0.000000000000000000e+00
0.000000000000000000e+00 1.000000000000000000e+00 5.372230410575866699e-01 1.000000000000000000e+00 3.571230545639991760e-02 0.000000000000000000e+00
0.000000000000000000e+00 1.000000000000000000e+00 5.372230410575866699e-01 1.000000000000000000e+00 3.571230545639991760e-02 0.000000000000000000e+00
0.000000000000000000e+00 1.000000000000000000e+00 5.372230410575866699e-01 1.000000000000000000e+00 3.571230545639991760e-02 0.000000000000000000e+00
