8.398040533065795898e-01 7.184134125709533691e-01 5.237020850181579590e-01 8.200378417968750000e-01 1.751028299331665039e-01 6.955053210258483887e-01
8.398040533065795898e-01 7.184134125709533691e-01 5.237020850181579590e-01 8.200378417968750000e-01 1.751028299331665039e-01 6.955053210258483887e-01
8.398040533065795898e-01 7.184134125709533691e-01 5.237020850181579590e-01 8.200378417968750000e-01 1.751028299331665039e-01 6.955053210258483887e-01
8.398040533065795898e-01 7.184134125709533691e-01 5.237020850181579590e-01 8.200378417968750000e-01 1.751028299331665039e-01 6.955053210258483887e-01
8.398040533065795898e-01 7.184134125709533691e-01 5.237020850181579590e-01 8.200378417968750000e-01 1.751028299331665039e-01 6.955053210258483887e-01
8.398040533065795898e-01 7.184134125709533691e-01 5.237020850181579590e-01 8.200378417968750000e-01 1.751028299331665039e-01 6.955053210258483887e-01
0.000000000000000000e+00 1.000000000000000000e+00 0.000000000000000000e+00 0.000000000000000000e+00 4.564029209055077696e-01 0.000000000000000000e+00
0.000000000000000000e+00 1.000000000000000000e+00 0.000000000000000000e+00 0.000000000000000000e+00 4.564029209055077696e-01 0.000000000000000000e+00
0.000000000000000000e+00 1.000000000000000000e+00 0.000000000000000000e+00 0.000000000000000000e+00 4.564029209055077696e-01 0.000000000000000000e+00
0.000000000000000000e+00 1.000000000000000000e+00 0.000000000000000000e+00 0.000000000000000000e+00 4.564029209055077696e-01 0.000000000000000000e+00
0.000000000000000000e+00 1.000000000000000000e+00 0.000000000000000000e+00 0.000000000000000000e+00 4.564029209055077696e-01 0.000000000000000000e+00
0.000000000000000000e+00 1.000000000000000000e+00 0.000000000000000000e+00 0.000000000000000000e+00 4.564029209055077696e-01 0.000000000000000000e+00
0.000000000000000000e+00 1.000000000000000000e+00 0.000000000000000000e+00 0.000000000000000000e+00 4.564029209055077696e-01 0.000000000000000000e+00
0.000000000000000000e+00 1.000000000000000000e+00 0.000000000000000000e+00 0.000000000000000000e+00 1.000000000000000000e+00 0.000000000000000000e+00
0.000000000000000000e+00 1.000000000000000000e+00 0.000000000000000000e+00 0.000000000000000000e+00 1.000000000000000000e+00 0.000000000000000000e+00
1.110223024625156540e-16 1.000000000000000000e+00 0.000000000000000000e+00 0.000000000000000000e+00 1.000000000000000000e+00 0.000000000000000000e+00
1.110223024625156540e-16 1.000000000000000000e+00 0.000000000000000000e+00 0.000000000000000000e+00 1.000000000000000000e+00 0.000000000000000000e+00
1.110223024625156540e-16 1.000000000000000000e+00 0.000000000000000000e+00 0.000000000000000000e+00 1.000000000000000000e+00 0.000000000000000000e+00
1.110223024625156540e-16 1.000000000000000000e+00 0.000000000000000000e+00 0.000000000000000000e+00 1.000000000000000000e+00 0.000000000000000000e+00
1.110223024625156540e-16 1.000000000000000000e+00 0.000000000000000000e+00 0.000000000000000000e+00 1.000000000000000000e+00 0.000000000000000000e+00
1.110223024625156540e-16 1.000000000000000000e+00 0.000000000000000000e+00 0.000000000000000000e+00 1.000000000000000000e+00 0.000000000000000000e+00
1.110223024625156540e-16 1.000000000000000000e+00 0.000000000000000000e+00 0.000000000000000000e+00 1.000000000000000000e+00 0.000000000000000000e+00
1.110223024625156540e-16 1.000000000000000000e+00 0.000000000000000000e+00 0.000000000000000000e+00 1.000000000000000000e+00 0.000000000000000000e+00
1.110223024625156540e-16 1.000000000000000000e+00 0.000000000000000000e+00 0.000000000000000000e+00 1.000000000000000000e+00 0.000000000000000000e+00
1.110223024625156540e-16 1.000000000000000000e+00 0.000000000000000000e+00 0.000000000000000000e+00 1.000000000000000000e+00 0.000000000000000000e+00
1.110223024625156540e-16 1.000000000000000000e+00 0.000000000000000000e+00 0.000000000000000000e+00 1.000000000000000000e+00 0.000000000000000000e+00
1.110223024625156540e-16 1.000000000000000000e+00 0.000000000000000000e+00 0.000000000000000000e+00 1.000000000000000000e+00 0.000000000000000000e+00
0.000000000000000000e+00 1.000000000000000000e+00 4.121964831477467617e-01 1.000000000000000000e+00 5.035324888688971212e-01 0.000000000000000000e+00
0.000000000000000000e+00 1.000000000000000000e+00 4.121964831477467617e-01 1.000000000000000000e+00 5.035324888688971212e-01 0.000000000000000000e+00
0.000000000000000000e+00 1.000000000000000000e+00 4.121964831477467617e-01 1.000000000000000000e+00 5.035324888688971212e-01 0.000000000000000000e+00
0.000000000000000000e+00 1.000000000000000000e+00 4.121964831477467617e-01 1.000000000000000000e+00 5.035324888688971212e-01 0.000000000000000000e+00
0.000000000000000000e+00 1.000000000000000000e+00 4.121964831477467617e-01 1.000000000000000000e+00 5.035324888688971212e-01 0.000000000000000000e+00
0.000000000000000000e+00 1.000000000000000000e+00 4.121964831477467617e-01 1.000000000000000000e+00 5.035324888688971212e-01 0.000000000000000000e+00
0.000000000000000000e+00 1.000000000000000000e+00 4.121964831477467617e-01 1.000000000000000000e+00 5.035324888688971212e-01 0.000000000000000000e+00
0.000000000000000000e+00 1.000000000000000000e+00 3.189599571104453357e-01 1.000000000000000000e+00 1.189706631036715340e-01 0.000000000000000000e+00
0.000000000000000000e+00 1.000000000000000000e+00 3.189599571104453357e-01 1.000000000000000000e+00 1.189706631036715340e-01 0.000000000000000000e+00
0.000000000000000000e+00 1.000000000000000000e+00 3.189599571104453357e-01 1.000000000000000000e+00 1.189706631036715340e-01 0.000000000000000000e+00
0.000000000000000000e+00 1.000000000000000000e+00 3.804347244243140302e-01 1.000000000000000000e+00 1.014096506967043509e-01 0.000000000000000000e+00
0.000000000000000000e+00 1.000000000000000000e+00 5.071780129753313826e-01 1.000000000000000000e+00 5.896021091279691692e-03 0.000000000000000000e+00
0.000000000000000000e+00 1.000000000000000000e+00 5.071780129753313826e-01 1.000000000000000000e+00 5.896021091279691692e-03 0.000000000000000000e+00
0.000000000000000000e+00 1.000000000000000000e+00 5.071780129753313826e-01 1.000000000000000000e+00 5.896021091279691692e-03 0.000000000000000000e+00
0.000000000000000000e+00 1.000000000000000000e+00 4.920748069897080690e-01 1.000000000000000000e+00 0.000000000000000000e+00 0.000000000000000000e+00
0.000000000000000000e+00 1.000000000000000000e+00 4.920748069897080690e-01 1.000000000000000000e+00 0.000000000000000000e+00 0.000000000000000000e+00
0.000000000000000000e+00 1.000000000000000000e+00 4.920748069897080690e-01 1.000000000000000000e+00 0.000000000000000000e+00 0.000000000000000000e+00
0.000000000000000000e+00 1.000000000000000000e+00 4.920748069897080690e-01 1.000000000000000000e+00 0.000000000000000000e+00 0.000000000000000000e+00
0.000000000000000000e+00 1.000000000000000000e+00 4.920748069897080690e-01 1.000000000000000000e+00 0.000000000000000000e+00 0.000000000000000000e+00
0.000000000000000000e+00 1.000000000000000000e+00 4.920748069897080690e-01 1.000000000000000000e+00 0.000000000000000000e+00 0.000000000000000000e+00
0.000000000000000000e+00 1.000000000000000000e+00 4.920748069897080690e-01 1.000000000000000000e+00 0.000000000000000000e+00 0.000000000000000000e+00
0.000000000000000000e+00 1.000000000000000000e+00 4.920748069897080690e-01 1.000000000000000000e+00 0.000000000000000000e+00 0.000000000000000000e+00
0.000000000000000000e+00 1.000000000000000000e+00 4.920748069897080690e-01 1.000000000000000000e+00 0.000000000000000000e+00 0.000000000000000000e+00
