3.946662776742773104e-01
1.580966268799437469e-01
3.463155282720516981e-01
9.677891454726700315e-02
3.562902114270647957e-01
1.230545201312411852e-01
4.455816021128750082e-01
3.285608021264255774e-01
1.202697284619106965e-01
3.787061621121807775e-01
3.642113502400835118e-02
-2.313245925022819061e-01
2.500040737758228993e-01
2.786207110453078339e-01
2.486432260340585843e-01
8.849703246213045382e-01
-4.731572299375420565e-01
2.454006943070226321e-01
-1.278882490794214788e-01
2.924127445838708428e-01
1.984016540280334751e-01
-1.162375547662078956e-01
1.125642682933472249e+00
1.125642682933472249e+00
1.125642682933472694e+00
-6.375510773158761246e-01
4.046712729863964353e-01
-1.355583106217873313e-01
8.732865806594555802e-02
9.361645285456026144e-01
8.479063456541523491e-01
5.158507705906679730e-01
9.155807045441480829e-01
1.090624988328885214e+00
1.025711632396836048e+00
1.008631568376868071e+00
1.170716506233115073e+00
1.134654682758765576e+00
2.515468878993594171e-01
9.423123949478957526e-03
9.653641336760665492e-01
-3.876012599859791075e-01
1.165343752797466381e+00
1.234310771582903810e+00
7.312681322815519636e-01
1.229096294939997058e+00
1.244739293662679991e+00
1.252649729917505894e+00
1.252215936486948733e+00
1.231257962017474838e+00
1.253039657289142683e+00
1.233368682045259179e+00
6.310712025088635047e-01
3.562774676451502254e-01
1.101367381257399414e+00
1.251129429723333741e+00
3.091730405857077146e-01
7.200821943621751320e-01
6.339243156639757792e-01
1.252062124269151866e+00
