8.545356755354345246e-01
8.545356755354345246e-01
8.545356755354345246e-01
8.545356755354345246e-01
8.545356755354345246e-01
8.545356755354345246e-01
8.545356755354345246e-01
8.545356755354345246e-01
8.545356755354345246e-01
8.545356755354345246e-01
8.545356755354345246e-01
8.545356755354345246e-01
8.545356755354345246e-01
1.007525661646609283e+00
1.007525661646609283e+00
1.007525661646609283e+00
1.007525661646609283e+00
1.007525661646609283e+00
1.307390366760394773e+00
1.307390366760394773e+00
1.307390366760394773e+00
1.307390366760394773e+00
1.307390366760394773e+00
1.307390366760394773e+00
1.307390366760394773e+00
1.307390366760394773e+00
1.307390366760394773e+00
1.307390366760394773e+00
1.307390366760394773e+00
1.307390366760394773e+00
1.307390366760394773e+00
1.307390366760394773e+00
1.307390366760394773e+00
1.307390366760394773e+00
1.307390366760394773e+00
1.307390366760394773e+00
1.307390366760394773e+00
1.307390366760394773e+00
1.307390366760394773e+00
1.307390366760394773e+00
1.307390366760394773e+00
1.307390366760394773e+00
1.307390366760394773e+00
1.307390366760394773e+00
1.307390366760394773e+00
1.307390366760394773e+00
1.307390366760394773e+00
1.307390366760394773e+00
1.307390366760394773e+00
1.307390366760394773e+00
1.307390366760394773e+00
1.307390366760394773e+00
1.307390366760394773e+00
1.307390366760394773e+00
1.307390366760394773e+00
1.307390366760394773e+00
1.307390366760394773e+00
1.307390366760394773e+00
1.307390366760394773e+00
1.307390366760394773e+00
1.307390366760394773e+00
1.307390366760394773e+00
1.307390366760394773e+00
1.307390366760394773e+00
1.307390366760394773e+00
1.307390366760394773e+00
1.307390366760394773e+00
1.307390366760394773e+00
1.307390366760394773e+00
1.307390366760394773e+00
1.307390366760394773e+00
1.307390366760394773e+00
1.307390366760394773e+00
1.307390366760394773e+00
1.307390366760394773e+00
1.307390366760394773e+00
1.307390366760394773e+00
1.307390366760394773e+00
1.307390366760394773e+00
1.307390366760394773e+00
1.307390366760394773e+00
1.307390366760394773e+00
1.307390366760394773e+00
1.307390366760394773e+00
1.307390366760394773e+00
1.307390366760394773e+00
1.307390366760394773e+00
1.307390366760394773e+00
1.307390366760394773e+00
1.307390366760394773e+00
1.307390366760394773e+00
1.307390366760394773e+00
1.307390366760394773e+00
1.307390366760394773e+00
1.307390366760394773e+00
1.307390366760394773e+00
1.307390366760394773e+00
1.307390366760394773e+00
1.307390366760394773e+00
1.307390366760394773e+00
