7.376691394527826739e-01
7.680823153658226099e-01
7.680823153658226099e-01
7.680823153658226099e-01
7.680823153658226099e-01
4.240809946653697482e-01
7.149089341268650699e-01
7.340143635973969127e-01
6.913787482842741472e-01
6.644202651081481115e-01
6.582759049195942014e-01
7.177638221736392099e-01
6.887295225985331504e-01
7.074809607574485959e-01
6.929623570918750364e-01
7.007540852964719846e-01
7.517832016406833517e-01
7.608915278345400601e-01
7.624682392324289015e-01
7.499920062218116135e-01
7.506117775214815602e-01
7.564557310311754712e-01
7.567392115793244445e-01
7.560211934052444294e-01
7.548594136548285594e-01
7.564487659865415381e-01
7.569465725220432262e-01
7.560907246064836329e-01
7.587154208279098810e-01
7.627568353440815629e-01
7.628277038097611706e-01
7.631881238755957586e-01
7.599397881484021289e-01
7.614068833345307707e-01
7.668485307117484107e-01
7.690468416428952736e-01
7.622749848783556548e-01
7.708345743500909508e-01
7.623340585148118409e-01
7.656947914104301756e-01
7.638710154191871160e-01
7.677844941217890629e-01
7.698077579700268736e-01
7.708360303636726529e-01
7.708077035254456977e-01
7.708900751369098803e-01
7.708838015285500722e-01
7.680823153658226099e-01
7.708045570930927015e-01
8.889278994589362437e-01
7.709009663363319831e-01
8.985151382335361259e-01
8.986062333712921957e-01
8.985637244221559294e-01
8.923902372191754306e-01
8.918774384964202051e-01
8.951223336912340622e-01
8.982623224751079549e-01
8.986875696155083304e-01
8.987081049260813304e-01
8.986948945307601244e-01
8.988128982559879798e-01
8.994970085107023561e-01
9.008349494974118299e-01
8.999878737005492235e-01
8.989048461258576372e-01
8.980465192185045353e-01
8.978392566707549260e-01
8.976066649030722822e-01
8.974397764472759054e-01
8.971750846442616556e-01
9.008714113407276791e-01
9.107725966242893323e-01
9.114692700639288603e-01
9.123148074381612904e-01
9.119113026725020887e-01
7.708985804982232404e-01
9.120599158404592011e-01
9.120925412526574849e-01
9.123531974287583113e-01
9.122323886588913355e-01
9.124738027908403382e-01
9.126967053723155088e-01
9.127486267981367307e-01
9.127638480583519787e-01
9.127934806353441566e-01
9.128354175345203547e-01
9.125653126271173754e-01
9.125518097479308199e-01
9.129099116297076932e-01
9.133346527973591478e-01
9.133388388492481580e-01
9.133366784787343429e-01
9.133481016801648922e-01
9.133812285568430056e-01
9.133785837480987713e-01
9.133771989909458267e-01
9.133655744824145106e-01
9.131772585743405113e-01
9.131370953699209370e-01
