2.433691620826721191e-01 1.933720111846923828e-01 1.828665733337402344e-01 9.032438993453979492e-01 3.781644701957702637e-01 3.533406853675842285e-01
2.433691620826721191e-01 1.933720111846923828e-01 1.828665733337402344e-01 9.032438993453979492e-01 3.781644701957702637e-01 3.533406853675842285e-01
2.433691620826721191e-01 1.933720111846923828e-01 1.828665733337402344e-01 9.032438993453979492e-01 3.781644701957702637e-01 3.533406853675842285e-01
5.232137808635641679e-02 9.713094748120835176e-01 9.560500441940266159e-01 9.646377484776001987e-01 9.821296613146039967e-01 1.692025989693545299e-02
4.621622406520145381e-03 9.986485627647281316e-01 9.977180608077117485e-01 8.325383300357309668e-01 9.981122492277960667e-01 1.052993793537314099e-03
4.621622406520145381e-03 9.986485627647281316e-01 9.977180608077117485e-01 8.325383300357309668e-01 9.981122492277960667e-01 1.052993793537314099e-03
4.621622406520145381e-03 9.986485627647281316e-01 9.977180608077117485e-01 8.325383300357309668e-01 9.981122492277960667e-01 1.052993793537314099e-03
4.621622406520145381e-03 9.986485627647281316e-01 9.977180608077117485e-01 8.325383300357309668e-01 9.981122492277960667e-01 1.052993793537314099e-03
4.621622406520145381e-03 9.986485627647281316e-01 9.977180608077117485e-01 8.325383300357309668e-01 9.981122492277960667e-01 1.052993793537314099e-03
4.621622406520145381e-03 9.986485627647281316e-01 9.977180608077117485e-01 8.325383300357309668e-01 9.981122492277960667e-01 1.052993793537314099e-03
4.621622406520145381e-03 9.986485627647281316e-01 9.977180608077117485e-01 8.325383300357309668e-01 9.981122492277960667e-01 1.052993793537314099e-03
4.621622406520145381e-03 9.986485627647281316e-01 9.977180608077117485e-01 8.325383300357309668e-01 9.981122492277960667e-01 1.052993793537314099e-03
4.621622406520145381e-03 9.986485627647281316e-01 9.977180608077117485e-01 8.325383300357309668e-01 9.981122492277960667e-01 1.052993793537314099e-03
4.621622406520145381e-03 9.986485627647281316e-01 9.977180608077117485e-01 8.325383300357309668e-01 9.981122492277960667e-01 1.052993793537314099e-03
4.621622406520145381e-03 9.986485627647281316e-01 9.977180608077117485e-01 8.325383300357309668e-01 9.981122492277960667e-01 1.052993793537314099e-03
4.621622406520145381e-03 9.986485627647281316e-01 9.977180608077117485e-01 8.325383300357309668e-01 9.981122492277960667e-01 1.052993793537314099e-03
4.621622406520145381e-03 9.986485627647281316e-01 9.977180608077117485e-01 8.325383300357309668e-01 9.981122492277960667e-01 1.052993793537314099e-03
4.621622406520145381e-03 9.986485627647281316e-01 9.977180608077117485e-01 8.325383300357309668e-01 9.981122492277960667e-01 1.052993793537314099e-03
4.621622406520145381e-03 9.986485627647281316e-01 9.977180608077117485e-01 8.325383300357309668e-01 9.981122492277960667e-01 1.052993793537314099e-03
4.621622406520145381e-03 9.986485627647281316e-01 9.977180608077117485e-01 8.325383300357309668e-01 9.981122492277960667e-01 1.052993793537314099e-03
4.621622406520145381e-03 9.986485627647281316e-01 9.977180608077117485e-01 8.325383300357309668e-01 9.981122492277960667e-01 1.052993793537314099e-03
4.621622406520145381e-03 9.986485627647281316e-01 9.977180608077117485e-01 8.325383300357309668e-01 9.981122492277960667e-01 1.052993793537314099e-03
4.621622406520145381e-03 9.986485627647281316e-01 9.977180608077117485e-01 8.325383300357309668e-01 9.981122492277960667e-01 1.052993793537314099e-03
4.621622406520145381e-03 9.986485627647281316e-01 9.977180608077117485e-01 8.325383300357309668e-01 9.981122492277960667e-01 1.052993793537314099e-03
4.621622406520145381e-03 9.986485627647281316e-01 9.977180608077117485e-01 8.325383300357309668e-01 9.981122492277960667e-01 1.052993793537314099e-03
4.621622406520145381e-03 9.986485627647281316e-01 9.977180608077117485e-01 8.325383300357309668e-01 9.981122492277960667e-01 1.052993793537314099e-03
4.621622406520145381e-03 9.986485627647281316e-01 9.977180608077117485e-01 8.325383300357309668e-01 9.981122492277960667e-01 1.052993793537314099e-03
4.621622406520145381e-03 9.986485627647281316e-01 9.977180608077117485e-01 8.325383300357309668e-01 9.981122492277960667e-01 1.052993793537314099e-03
4.621622406520145381e-03 9.986485627647281316e-01 9.977180608077117485e-01 8.325383300357309668e-01 9.981122492277960667e-01 1.052993793537314099e-03
4.621622406520145381e-03 9.986485627647281316e-01 9.977180608077117485e-01 8.325383300357309668e-01 9.981122492277960667e-01 1.052993793537314099e-03
4.621622406520145381e-03 9.986485627647281316e-01 9.977180608077117485e-01 8.325383300357309668e-01 9.981122492277960667e-01 1.052993793537314099e-03
4.621622406520145381e-03 9.986485627647281316e-01 9.977180608077117485e-01 8.325383300357309668e-01 9.981122492277960667e-01 1.052993793537314099e-03
4.621622406520145381e-03 9.986485627647281316e-01 9.977180608077117485e-01 8.325383300357309668e-01 9.981122492277960667e-01 1.052993793537314099e-03
4.621622406520145381e-03 9.986485627647281316e-01 9.977180608077117485e-01 8.325383300357309668e-01 9.981122492277960667e-01 1.052993793537314099e-03
4.621622406520145381e-03 9.986485627647281316e-01 9.977180608077117485e-01 8.325383300357309668e-01 9.981122492277960667e-01 1.052993793537314099e-03
4.621622406520145381e-03 9.986485627647281316e-01 9.977180608077117485e-01 8.325383300357309668e-01 9.981122492277960667e-01 1.052993793537314099e-03
4.621622406520145381e-03 9.986485627647281316e-01 9.977180608077117485e-01 8.325383300357309668e-01 9.981122492277960667e-01 1.052993793537314099e-03
4.621622406520145381e-03 9.986485627647281316e-01 9.977180608077117485e-01 8.325383300357309668e-01 9.981122492277960667e-01 1.052993793537314099e-03
4.621622406520145381e-03 9.986485627647281316e-01 9.977180608077117485e-01 8.325383300357309668e-01 9.981122492277960667e-01 1.052993793537314099e-03
4.621622406520145381e-03 9.986485627647281316e-01 9.977180608077117485e-01 8.325383300357309668e-01 9.981122492277960667e-01 1.052993793537314099e-03
1.491449418773705717e-02 1.140249226253098151e-02 9.590264393900429507e-01 8.700229224692327401e-01 1.651836954991972028e-01 9.584688789677245913e-01
1.491449418773705717e-02 1.140249226253098151e-02 9.590264393900429507e-01 8.700229224692327401e-01 1.651836954991972028e-01 9.584688789677245913e-01
1.491449418773705717e-02 1.140249226253098151e-02 9.590264393900429507e-01 8.700229224692327401e-01 1.651836954991972028e-01 9.584688789677245913e-01
1.491449418773705717e-02 1.140249226253098151e-02 9.590264393900429507e-01 8.700229224692327401e-01 1.651836954991972028e-01 9.584688789677245913e-01
1.491449418773705717e-02 1.140249226253098151e-02 9.590264393900429507e-01 8.700229224692327401e-01 1.651836954991972028e-01 9.584688789677245913e-01
1.491449418773705717e-02 1.140249226253098151e-02 9.590264393900429507e-01 8.700229224692327401e-01 1.651836954991972028e-01 9.584688789677245913e-01
1.491449418773705717e-02 1.140249226253098151e-02 9.590264393900429507e-01 8.700229224692327401e-01 1.651836954991972028e-01 9.584688789677245913e-01
1.491449418773705717e-02 1.140249226253098151e-02 9.590264393900429507e-01 8.700229224692327401e-01 1.651836954991972028e-01 9.584688789677245913e-01
1.491449418773705717e-02 1.140249226253098151e-02 9.590264393900429507e-01 8.700229224692327401e-01 1.651836954991972028e-01 9.584688789677245913e-01
1.491449418773705717e-02 1.140249226253098151e-02 9.590264393900429507e-01 8.700229224692327401e-01 1.651836954991972028e-01 9.584688789677245913e-01
