-7.612194776338170321e-01
-5.744570484962523427e-01
-8.250236340828978054e-01
-1.300171260946590079e+00
-5.116835058400810432e-01
-7.482707998474136257e-01
-5.540435530818326182e-01
-7.980616778017342039e-01
-6.014061515518385193e-01
-1.123371297168368033e+00
-5.190598837642151908e-01
-6.108039819055665065e-01
6.989868817032651727e-01
7.284217927672292925e-01
-1.088156900589331677e+00
-2.623071261027917853e-03
6.095811537160582549e-01
-2.865362656160309607e-01
5.140233481123716031e-01
-8.386132124286886647e-02
3.482486306377453600e-01
6.226587073816272078e-01
-2.800631896600135756e-02
-3.658753385941700964e-01
5.305080436902569474e-01
-4.181676013401960379e-01
-8.046202486728496472e-01
-1.095783072765039057e+00
-9.089732607060905245e-01
4.645848824460650506e-01
-4.249413585808449190e-01
6.073128596982552141e-01
3.941522268335859169e-01
-1.270309600813345430e+00
-3.809747205799606240e-01
3.798607801390428418e-01
-9.046157617331973544e-01
-7.178283693089512196e-01
1.855108947769859018e-01
-5.093174058068604682e-01
-2.311606999121453287e-01
-4.045264272541838069e-01
-6.999043665587398877e-01
-8.364301917077539006e-01
-6.010751967040970367e-01
1.194974954872757150e-01
6.611868585535273235e-01
1.147829649774082805e-01
4.620477151530102966e-01
7.529770497013208441e-01
7.010336718757662622e-01
7.143640271428515209e-01
3.350321785687947473e-01
3.892965484166368562e-01
2.900631365102913639e-01
-7.369513323816868633e-01
1.030061452969957547e-01
-1.044927815485947820e+00
-1.943136656304001592e-02
5.682581906128750804e-01
