-1.838365193867099068e+00
-1.615064749803218236e+00
-1.796562529899043525e+00
-2.218000657036809820e+00
-1.339170154463992013e+00
-1.409641675984137921e+00
-6.675410791674127875e-01
-7.111963809972767780e-01
-1.848204311516894682e+00
-1.767628203117510344e+00
-1.817262051292253711e+00
-4.894764129043982948e+00
-3.061957272692342080e+00
-2.572834882618511454e+00
-4.894764129043982948e+00
-4.894764129043982948e+00
-4.894764129043982948e+00
-4.894764129043982948e+00
-7.438570854792515341e+00
-9.662691500662269561e+00
-9.816828276808550413e+00
-8.497660479491102592e+00
-1.185279368685285561e+01
-1.262414908616575993e+01
-1.081768642981687378e+01
-1.131218309459296378e+01
-1.041426233043212690e+01
-1.041744159690986571e+01
-1.029502887412232326e+01
-1.036882467816395881e+01
-9.795281131082258952e+00
-9.767088487420162224e+00
-9.654094296754374582e+00
-9.773214220695278343e+00
-3.731949222389777443e+00
-3.756934908955912533e+00
-1.014332499902269369e+01
-9.880408280302601653e+00
-9.949777921533863534e+00
-9.885734076204135690e+00
-9.898232875622559490e+00
-3.792778669522486990e+00
-9.866477125859150377e+00
-9.971564213554819034e+00
-3.776481606942398095e+00
-3.786903738876659986e+00
-3.764181057681910580e+00
-9.877048404530615500e+00
-9.978546124502557291e+00
-1.069322782962359497e+01
-3.735566088771197890e+00
-3.740844537076727150e+00
-3.742442863946292331e+00
-1.052958128260338988e+01
-3.781126651213273071e+00
-3.781260797586052824e+00
-3.782011553357623956e+00
-3.786359172618965374e+00
-1.128754178503523597e+01
-3.779602644109837595e+00
-3.775979155213370131e+00
-3.775732368359194790e+00
-1.069814727024530931e+01
-1.058957067779731176e+01
-1.121450060236066371e+01
-3.775545324949914239e+00
-3.773507278418783084e+00
-3.769684460197549658e+00
-3.772199235167215114e+00
-3.774129240208730973e+00
-3.777966969638120176e+00
-3.778561635241684868e+00
-1.147821494056511327e+01
-3.778221218477798349e+00
-3.777887513189219337e+00
-3.776670004361082800e+00
-1.123140947166458581e+01
-1.122970585095753648e+01
-3.776103550842450307e+00
-1.135438229210143213e+01
-3.786205998650879589e+00
-3.786110827182151972e+00
-1.134792636832348656e+01
-1.133907918048490338e+01
-1.127434400950890137e+01
-1.163689373495346580e+01
-1.233293196042282780e+01
-1.108976709297492036e+01
-1.112979808469753706e+01
-3.790957581252196729e+00
-1.199761407080310605e+01
-1.193768262084951992e+01
-1.166984273660322025e+01
-3.791874483788087780e+00
-3.791773178430579705e+00
-1.200721211696104795e+01
-3.791276788040502943e+00
-1.316631000842460786e+01
-1.324381568445475921e+01
-3.792078183483388987e+00
