-1.309159607758893507e-01
-1.039997197660919026e+00
-1.063528854743962970e+00
-7.716422590835900763e-01
-9.826594978702207772e-01
-1.406493368151652934e+00
-8.390121680851727604e-01
-5.559782130948429657e-01
3.020343433254932264e-02
-3.893828165968591937e-01
-1.132048288356324456e-01
2.285938277476856906e-01
1.384610474689263737e-01
-2.632507589651005842e-01
-4.430218346712245792e-01
-6.506344699391348740e-01
-1.052822193018050578e+00
5.303923668187811025e-01
5.336046582871519783e-01
6.633087711990276469e-01
8.000880503853871062e-01
7.199528751901638213e-01
6.544157624293260866e-01
7.711810711347603098e-01
3.035982714277408734e-01
-6.255946678997562627e-01
-1.202097859664043922e+00
7.993877115633490904e-01
6.224950893476819402e-01
-9.974307525339118352e-02
-9.323790757246801508e-01
5.229913767923816126e-01
-1.672295510956971487e-01
1.872971620516955538e-01
-1.063505777855696249e-01
-2.722568963511903251e-01
1.544564857355210652e-01
2.918575758282385690e-01
-6.079840086223615714e-01
3.728254596692455736e-01
-7.942336316077069913e-01
-8.443097672315132488e-03
-8.103889923513587501e-01
5.983853018882411279e-01
-1.081803957070470279e+00
2.683426460445485079e-02
-5.139877610934255880e-01
-4.409315213518642529e-01
-7.096593147498904131e-01
-4.515271683410093662e-01
7.861581792508712807e-01
2.004500435672727510e-01
4.255572069169197974e-02
-5.998601163253582946e-01
-5.221125309511418511e-01
6.006741339594900975e-01
6.374799266736757009e-01
4.851932563960373868e-01
-9.653804315783243162e-02
5.562218416716062652e-01
5.592060061822413664e-01
4.484413607091374265e-01
4.102362797181997589e-01
-2.361111762980814266e-01
1.290848740083506141e-01
-4.765379403639686262e-01
-4.959239215515741650e-01
5.635482462534215919e-01
3.182149468505412471e-01
-1.545424587375412717e-01
-6.192055871537528455e-01
-3.635895007662023337e-01
-6.324224706854058020e-01
4.594866897007595097e-01
-7.123546917776938381e-01
-9.993750428119241302e-01
-3.781576337648131503e-01
-6.219146423932885304e-01
-8.598384768383563470e-01
-7.569852855649974455e-01
-8.322036048758330029e-01
-6.634443764049612335e-01
-7.516305665563209892e-01
-2.190689508388332651e-01
-2.415363012910037854e-03
-1.040731713448093565e+00
-9.740724246857229707e-01
3.327136119482954069e-02
-1.257827080323030700e-01
1.433658555667758350e-01
-4.219115817266196888e-01
-5.937643696765995127e-01
-3.845886546602633738e-01
-1.072055430163247891e+00
3.145409583570958345e-01
-7.479722443530268938e-01
2.719944517323726330e-01
2.616179496826410156e-01
-6.410735764153384642e-01
-3.780414171909060594e-01
-9.138879857104598159e-01
-1.052691943543185626e+00
-2.681485831535668773e-01
4.992407771190348481e-02
-4.482938041388547790e-01
-1.252590157740984811e+00
-1.030568442581690225e-01
-4.086817683123927791e-01
-5.446681065819468648e-01
-9.730017199140164053e-01
