1.203652024269104004e-01 2.937078475952148438e-01 5.823516845703125000e-01 9.809800386428833008e-01
7.834224700927734375e-01 2.932015061378479004e-01 7.049463391304016113e-01 9.249306917190551758e-01
8.644979000091552734e-01 9.298552870750427246e-01 3.362956643104553223e-01 2.804247736930847168e-01
6.731110215187072754e-01 6.687558293342590332e-01 9.129226803779602051e-01 3.410658240318298340e-01
9.284875988960266113e-01 8.030855655670166016e-01 6.017996072769165039e-01 4.488523006439208984e-01
9.425282478332519531e-02 8.416245579719543457e-01 1.212656497955322266e-02 4.465219974517822266e-01
5.685882568359375000e-01 1.483482718467712402e-01 5.260866284370422363e-01 4.522025585174560547e-03
2.162749767303466797e-01 7.186847329139709473e-01 7.039529085159301758e-02 8.111478686332702637e-01
4.909088015556335449e-01 6.461545825004577637e-01 9.335355162620544434e-01 1.585703492164611816e-01
1.393253207206726074e-01 3.323906660079956055e-02 4.853408932685852051e-01 4.738165736198425293e-01
5.797734856605529785e-01 0.000000000000000000e+00 0.000000000000000000e+00 1.000000000000000000e+00
6.304367184638977051e-01 8.944737911224365234e-01 1.000000000000000000e+00 1.000000000000000000e+00
6.376245617866516113e-01 4.151071012020111084e-01 0.000000000000000000e+00 7.354841828346252441e-01
7.521527409553527832e-01 3.443387746810913086e-01 0.000000000000000000e+00 7.057715058326721191e-01
6.037689447402954102e-01 4.749090075492858887e-01 0.000000000000000000e+00 9.425882697105407715e-01
5.424634814262390137e-01 3.244899809360504150e-01 2.766685783863067627e-01 6.276412010192871094e-01
5.581387877464294434e-01 2.880400419235229492e-01 4.483039379119873047e-01 6.342187523841857910e-01
5.342332720756530762e-01 4.135509431362152100e-01 3.947760462760925293e-01 6.044157147407531738e-01
6.059369444847106934e-01 0.000000000000000000e+00 3.936256468296051025e-01 6.527407765388488770e-01
4.654671847820281982e-01 2.880598008632659912e-01 8.137862086296081543e-01 6.008158922195434570e-01
1.000000000000000000e+00 0.000000000000000000e+00 0.000000000000000000e+00 1.000000000000000000e+00
8.583498001098632812e-01 0.000000000000000000e+00 0.000000000000000000e+00 6.223189234733581543e-01
8.652217984199523926e-01 1.000000000000000000e+00 0.000000000000000000e+00 1.000000000000000000e+00
1.000000000000000000e+00 9.141121059656143188e-02 1.000000000000000000e+00 0.000000000000000000e+00
5.580475926399230957e-01 2.913304269313812256e-01 0.000000000000000000e+00 5.244489312171936035e-01
5.157936215400695801e-01 1.000000000000000000e+00 0.000000000000000000e+00 8.172461986541748047e-01
2.982555627822875977e-01 1.000000000000000000e+00 1.000000000000000000e+00 0.000000000000000000e+00
0.000000000000000000e+00 0.000000000000000000e+00 1.000000000000000000e+00 0.000000000000000000e+00
7.921342849731445312e-01 0.000000000000000000e+00 1.000000000000000000e+00 0.000000000000000000e+00
1.000000000000000000e+00 1.000000000000000000e+00 2.775557561562891351e-17 0.000000000000000000e+00
5.337916016578674316e-01 2.800682187080383301e-01 3.227172493934631348e-01 7.246379852294921875e-01
6.395230293273925781e-01 2.824710905551910400e-01 3.698200285434722900e-01 6.875836253166198730e-01
1.000000000000000000e+00 1.762305349111557007e-01 6.217480897903442383e-01 5.065548419952392578e-01
1.000000000000000000e+00 5.202668309211730957e-01 1.000000000000000000e+00 0.000000000000000000e+00
1.000000000000000000e+00 4.971643388271331787e-01 7.882484197616577148e-01 0.000000000000000000e+00
1.000000000000000000e+00 1.000000000000000000e+00 1.000000000000000000e+00 0.000000000000000000e+00
5.768012404441833496e-01 3.149442970752716064e-01 3.559834957122802734e-01 7.334406375885009766e-01
0.000000000000000000e+00 1.298182904720306396e-01 0.000000000000000000e+00 7.888360023498535156e-01
3.865576088428497314e-01 1.000000000000000000e+00 2.800401449203491211e-01 0.000000000000000000e+00
5.595248937606811523e-01 2.667267322540283203e-01 3.433231115341186523e-01 7.163122296333312988e-01
0.000000000000000000e+00 1.000000000000000000e+00 1.000000000000000000e+00 1.000000000000000000e+00
5.867989659309387207e-01 2.996766269207000732e-01 3.532272875308990479e-01 7.216713428497314453e-01
5.496909022331237793e-01 2.709439098834991455e-01 3.421092331409454346e-01 7.062408328056335449e-01
5.490371584892272949e-01 2.759692966938018799e-01 3.496181666851043701e-01 7.145404815673828125e-01
6.107624769210815430e-01 2.758202254772186279e-01 3.401905000209808350e-01 6.802505850791931152e-01
6.036720871925354004e-01 2.761502861976623535e-01 3.414744138717651367e-01 6.852161884307861328e-01
6.021292805671691895e-01 2.744952738285064697e-01 3.408311009407043457e-01 6.839914321899414062e-01
1.000000000000000000e+00 0.000000000000000000e+00 0.000000000000000000e+00 0.000000000000000000e+00
8.694800734519958496e-01 4.001667201519012451e-01 1.000000000000000000e+00 0.000000000000000000e+00
1.000000000000000000e+00 5.840857028961181641e-01 6.003465652465820312e-01 1.000000000000000000e+00
5.201355218887329102e-01 1.670534163713455200e-01 2.913038730621337891e-01 9.170946478843688965e-01
6.021209955215454102e-01 3.212364912033081055e-01 3.564752936363220215e-01 7.066666483879089355e-01
6.028785705566406250e-01 3.163596987724304199e-01 3.544622361660003662e-01 7.029788494110107422e-01
1.439428888261318207e-02 2.820946872234344482e-01 2.700655460357666016e-01 2.623307146131992340e-02
5.704720020294189453e-01 2.668672502040863037e-01 3.219023048877716064e-01 6.739423871040344238e-01
1.000000000000000000e+00 4.499764442443847656e-01 1.000000000000000000e+00 1.373118907213211060e-01
1.278461515903472900e-02 9.798161983489990234e-01 4.794344902038574219e-01 5.656273961067199707e-01
9.589443206787109375e-01 6.876875758171081543e-01 9.336143136024475098e-01 8.584667444229125977e-01
9.527857899665832520e-01 3.456561639904975891e-02 5.099419355392456055e-01 2.831858992576599121e-01
5.795050263404846191e-01 2.704093456268310547e-01 3.282313346862792969e-01 6.680889725685119629e-01
5.581905245780944824e-01 5.729762911796569824e-01 3.794652521610260010e-01 8.177206516265869141e-01
4.594197869300842285e-01 2.323197945952415466e-02 3.059436008334159851e-02 3.762672543525695801e-01
2.639805972576141357e-01 4.119578003883361816e-02 8.165656328201293945e-01 9.582104682922363281e-01
8.400114774703979492e-01 9.204914569854736328e-01 6.784670352935791016e-01 2.114933356642723083e-02
6.426129341125488281e-01 2.567981481552124023e-01 4.917047917842864990e-01 4.895804524421691895e-01
5.287935733795166016e-01 3.772159516811370850e-01 3.311473131179809570e-01 7.428104877471923828e-01
5.085040330886840820e-01 1.749547272920608521e-01 1.830893903970718384e-01 6.541022658348083496e-01
9.416142106056213379e-01 4.380769729614257812e-01 3.885645866394042969e-01 4.143848121166229248e-01
6.191700696945190430e-01 6.316852569580078125e-01 1.727195233106613159e-01 3.828512877225875854e-02
6.972824931144714355e-01 2.293800562620162964e-01 2.925728857517242432e-01 6.840821504592895508e-01
6.107348203659057617e-01 2.999655604362487793e-01 3.387359678745269775e-01 6.713942885398864746e-01
9.971978068351745605e-01 9.549623131752014160e-01 9.144033305346965790e-03 4.726943671703338623e-01
9.933111667633056641e-01 9.993355870246887207e-01 7.026330828666687012e-01 8.375586867332458496e-01
5.724521875381469727e-01 3.144858777523040771e-01 4.044025540351867676e-01 6.245129704475402832e-01
6.076453328132629395e-01 2.978283464908599854e-01 3.368111252784729004e-01 6.705269217491149902e-01
6.006543636322021484e-01 2.929393351078033447e-01 3.420083224773406982e-01 6.731041073799133301e-01
4.984904825687408447e-01 2.898834943771362305e-01 3.244107365608215332e-01 6.326552033424377441e-01
6.192554235458374023e-01 3.049620985984802246e-01 3.427106738090515137e-01 6.781404614448547363e-01
5.525851845741271973e-01 2.427528947591781616e-01 3.320758938789367676e-01 6.102668046951293945e-01
6.099588274955749512e-01 2.451618015766143799e-01 3.281160295009613037e-01 5.629957318305969238e-01
7.115799784660339355e-01 3.341022133827209473e-01 4.571155309677124023e-01 7.159817814826965332e-01
7.981535196304321289e-01 7.223123908042907715e-01 9.915687441825866699e-01 5.247310176491737366e-02
4.998492300510406494e-01 3.233248293399810791e-01 2.724959552288055420e-01 6.538088321685791016e-01
5.296176075935363770e-01 3.214739561080932617e-01 2.926514148712158203e-01 7.151405811309814453e-01
9.515882134437561035e-01 1.379094570875167847e-01 9.967399239540100098e-01 9.242483973503112793e-01
8.916998505592346191e-01 9.678459763526916504e-01 9.980033040046691895e-01 4.666474163532257080e-01
1.717344857752323151e-03 5.612652897834777832e-01 9.884738922119140625e-01 3.711816370487213135e-01
6.655494570732116699e-01 3.576831519603729248e-01 2.855673730373382568e-01 6.493090987205505371e-01
1.809768825769424438e-01 9.862174391746520996e-01 2.168887704610824585e-01 9.931531548500061035e-01
5.874156355857849121e-01 9.915089011192321777e-01 4.937646687030792236e-01 3.798242807388305664e-01
1.714527755975723267e-01 1.718661785125732422e-01 6.595596075057983398e-01 1.945202946662902832e-01
6.385570764541625977e-01 2.856068611145019531e-01 3.300758302211761475e-01 6.292837858200073242e-01
2.975850999355316162e-01 3.847151398658752441e-01 9.835846424102783203e-01 9.355915784835815430e-01
5.145177245140075684e-01 2.251250445842742920e-01 3.695581555366516113e-01 7.322701811790466309e-01
8.330361247062683105e-01 4.143436625599861145e-02 9.530256390571594238e-01 3.338532149791717529e-01
5.506780743598937988e-01 9.668421745300292969e-01 5.108897686004638672e-01 2.485532313585281372e-01
5.687069296836853027e-01 3.171697854995727539e-01 2.651061713695526123e-01 7.321318387985229492e-01
3.946611583232879639e-01 4.094999134540557861e-01 7.972096204757690430e-01 1.825819313526153564e-01
6.409140229225158691e-01 3.274083435535430908e-01 3.066627383232116699e-01 6.508258581161499023e-01
5.778327584266662598e-01 2.689808607101440430e-01 3.285178542137145996e-01 7.633084058761596680e-01
5.912315845489501953e-01 2.622162699699401855e-01 3.290083110332489014e-01 7.418962717056274414e-01
6.297197937965393066e-01 2.174430191516876221e-01 3.228822648525238037e-01 6.609638929367065430e-01
5.563638210296630859e-01 2.356267571449279785e-01 3.018540143966674805e-01 7.143837809562683105e-01
9.839178919792175293e-01 4.893204867839813232e-01 2.496616542339324951e-01 5.496381521224975586e-01
7.285812497138977051e-01 2.582643926143646240e-01 8.090241551399230957e-01 1.112175583839416504e-01
6.120808720588684082e-01 3.117567896842956543e-01 4.032852053642272949e-01 6.980954408645629883e-01
6.575948596000671387e-01 3.217429816722869873e-01 3.202497661113739014e-01 6.918801069259643555e-01
6.070423126220703125e-01 3.175158500671386719e-01 3.560956418514251709e-01 7.361842393875122070e-01
5.541657805442810059e-01 2.867271900177001953e-01 3.432664275169372559e-01 6.250134706497192383e-01
6.271938085556030273e-01 3.018204271793365479e-01 2.570774555206298828e-01 7.117742896080017090e-01
