2.479424458448191704e-01
7.087318752863447369e-01
2.351116362751273225e-01
4.764788073071964947e-01
3.048786550585277366e-01
1.819499911420557892e-01
2.426652026416371566e-01
4.770801642124430364e-01
3.827131484986656118e-01
2.767063612717219900e-01
5.132070577996309391e-01
-1.315738517458486800e-02
8.680849910761048172e-01
7.628470389435507704e-01
6.006733801297010622e-01
1.230053287046968924e+00
1.238164389227621287e+00
1.167992681490953144e+00
9.122532756296767298e-01
5.536907974286814360e-01
1.436897321787709014e-01
5.224163133043675522e-01
-2.401678848128050436e-01
8.180405440756747248e-01
7.697009839825194044e-01
1.904191486425586000e-01
1.037234879238840835e-02
-9.154716911743028263e-01
5.185718504485603564e-01
-7.566139555983891762e-02
1.270264380920621106e+00
1.270023160226465553e+00
6.269005764970374539e-01
1.159139650515864206e+00
8.928525735696440924e-01
7.469610008245752830e-01
1.266650759498503698e+00
7.252312876430144772e-02
-2.674329059845049206e-01
1.273716580170159984e+00
-9.467039526776368508e-01
1.273941315570130017e+00
1.276845580325167262e+00
1.273638969491692752e+00
1.284009886073671503e+00
1.284508984541194332e+00
1.284778460852463056e+00
-3.992768221605277335e-01
1.024221720748753839e+00
5.674237302572504582e-01
9.403832222888206527e-01
1.273737747396957332e+00
1.276315554095599714e+00
-7.649590687024244717e-01
1.283618346174343117e+00
1.024675664916826046e+00
-5.019969577300644747e-01
3.228525719596591070e-01
5.978843159613395075e-01
1.285002436610586996e+00
9.232543125273870999e-01
3.894308719218797510e-01
-2.267924215006424937e-01
4.288858209852308701e-01
1.122039877168053756e+00
1.234675952470131843e+00
1.133128900572683673e+00
7.829771080303875586e-01
1.869836581663755215e-01
1.221472038573513608e+00
1.283525502886142533e+00
1.311536951255876104e-01
-5.701218169071242681e-02
1.259074772031898437e+00
1.284297385308127648e+00
1.286000636813112274e+00
1.233812241456480052e+00
1.280440423223931479e+00
1.243986581529674007e+00
1.211917710774580215e+00
1.157317550717339882e+00
8.816982864357699734e-01
1.227163231698258805e+00
1.266569555288612037e+00
4.515172045133475365e-02
-2.198790198871619639e-02
-6.599472943274072856e-01
1.213813945868141175e+00
-2.652793864350486697e-01
1.049566926725856164e-01
2.843634775444270346e-02
1.268299523642689497e+00
-1.431236772536357282e-01
1.218729240540496583e+00
3.870036217502366704e-01
1.048646082227030485e-01
1.258028553274917583e+00
2.912748156238025299e-01
1.255564206276706951e+00
1.246682271457392188e+00
1.259734112217800739e+00
1.261942175797280186e+00
1.263973416236379599e+00
6.235082958617192972e-01
6.834758489671901582e-01
1.261655804419345550e+00
1.252687867348383666e+00
1.259239729883013137e+00
1.263576289883692194e+00
1.247083283677214771e+00
