-2.540655647584855181e-01
3.113033029715539524e-01
-5.776844095810138580e-01
-1.425364003381972555e-01
-3.325401927094443488e-01
1.408412434999051221e-01
2.432329670014474754e-01
4.696747160684999756e-02
6.845006059464520121e-02
1.168036314230510575e-01
-2.724113156802048796e-01
-5.306029459815031490e-02
3.684127212574528354e-01
7.123342268907104646e-01
-5.448386607797410797e-01
7.747444492940644967e-01
7.441127663825153338e-01
-2.964112576005873967e-01
1.522099049486365097e-01
4.947244337032752348e-01
-2.387577478210027859e-01
-2.913442895432916124e-01
-3.831705530664346049e-01
-1.872614628786080093e-01
-1.526098171964718753e-01
8.201117493054388419e-02
7.035128301565076736e-01
-5.041688787320666165e-01
7.243472137771409525e-01
-2.146170867963045070e-01
-6.441441638810234682e-01
1.103571080795811232e+00
1.110343132062932003e-01
-1.162674206585750936e-01
9.514996951858145646e-02
3.128023531808562518e-01
-1.085616840772772873e-01
-4.363778897001254209e-01
6.537301662050849504e-01
9.267829242540199797e-01
2.306370807512685417e-01
-7.405794324940776496e-01
-3.701493681694352222e-01
4.795318751905902621e-01
7.591813432571543618e-01
5.580764611660924412e-01
3.980880466063927425e-01
1.364625120412841230e-01
-6.253902511705036193e-01
7.892268772846581237e-01
-8.219622992459219013e-02
3.342654054134005515e-01
6.417540192001960353e-01
-1.153896964505762845e-02
1.873192826039430381e-01
1.576904395429130634e-01
-4.430031607161417639e-01
3.934690961560580735e-01
-7.696451502315624360e-01
1.246927379954083648e-01
-9.923131971162324483e-02
1.567275956904128353e-01
-1.742857844381544563e-01
-2.030372602892294154e-03
-1.656135430155132315e-01
6.761120930554604946e-01
6.467074558466128220e-01
-7.920236647805733998e-02
7.549491804195640476e-02
7.531119694726646774e-01
4.838956731059421701e-01
-4.780873156402017932e-01
-1.497641334253597689e-01
3.804160959101532402e-01
6.695678602639845156e-01
1.970391394537618357e-01
1.250947240279525197e-01
-3.784837485638852805e-01
-2.491267431127530685e-01
-6.771516043887506608e-01
-5.108887127057122335e-01
-5.560382981521253543e-01
4.354349843683813504e-02
4.111537629924806314e-01
4.505872836360058642e-01
5.167664821413673337e-01
2.761276096038889349e-02
6.053668003356695859e-01
-2.353139322878017303e-02
3.936566467202921027e-01
9.557555869772949020e-02
-6.504831953154516233e-01
2.086686641528647801e-01
5.176309610876792533e-01
-4.759377545972531265e-01
5.429411553066896268e-01
6.523386001839304171e-02
2.817827189299337842e-02
7.405675833334636193e-01
4.870617498502843867e-01
2.190509770142636814e-01
9.719110588694179764e-02
-5.509916283743766519e-01
3.900018663550375297e-01
7.927566035424915558e-02
-6.015646482899441594e-01
2.286832145482298184e-02
2.953716964988624127e-01
-2.931621099711236855e-01
7.817082807731645655e-02
