8.065831595517441999e-02
-8.663529055311953719e-01
-3.871634855936254005e-02
-1.449473449013031767e-01
6.066731032225398668e-01
5.942295367604910616e-01
8.539526558441375981e-01
3.860003584871816718e-01
2.273086803521353616e-01
-5.451771819993621315e-02
7.528526118232117259e-01
8.451566966435896111e-01
9.636944121965199672e-01
9.939329297381860329e-01
7.227311550694316411e-01
4.466739030398700350e-01
4.865081545619250741e-02
7.391570176407464832e-01
9.233200531170272785e-02
8.983981463860785110e-02
8.613415178025577434e-01
9.760909651514698693e-01
9.195699945400743758e-01
1.198015622081843645e+00
9.746159402198688593e-01
1.053344848337847139e+00
9.255079353993315161e-01
1.086088403371150424e+00
1.907025481927703686e-02
8.814697104027373609e-01
8.644019255366228727e-01
1.246560844978890081e+00
8.171749497983049615e-01
1.227528536473973864e+00
1.203748598040062845e+00
9.694595912667930415e-01
8.527684251903629997e-01
1.201956164146358086e+00
1.141017932318883599e+00
1.202044522075435662e+00
1.097227826616466784e+00
1.086968317154003882e+00
1.115475556584091477e+00
8.197395089380766775e-01
1.099521966854955402e+00
1.112367235499131191e+00
9.210736416943361426e-01
1.429155816188141914e+00
1.369803670582083521e+00
1.446604003603567223e+00
1.079269069534701142e+00
1.253743849971599378e+00
-1.649940336926100648e-01
9.478104788858540131e-01
8.284657302947133761e-01
8.471835627640711408e-01
1.459291770637372698e+00
8.546219110796087204e-01
1.244090626407648781e+00
8.553138373628866864e-01
