0.000000000000000000e+00 0.000000000000000000e+00 7.711693180208070153e-01 0.000000000000000000e+00
0.000000000000000000e+00 0.000000000000000000e+00 7.774553643674644299e-01 0.000000000000000000e+00
0.000000000000000000e+00 1.515635277109621537e-01 1.000000000000000000e+00 4.006984263810399634e-03
0.000000000000000000e+00 1.703964887046478804e-01 1.000000000000000000e+00 1.573956442750493456e-01
0.000000000000000000e+00 2.673760326192752834e-01 1.000000000000000000e+00 2.353677297504669710e-02
0.000000000000000000e+00 2.596880464652559506e-01 1.000000000000000000e+00 4.411628512366395222e-02
0.000000000000000000e+00 2.307618394895089020e-01 1.000000000000000000e+00 5.554901035253768937e-02
0.000000000000000000e+00 2.501336020013343320e-01 1.000000000000000000e+00 6.995109585777893602e-02
0.000000000000000000e+00 2.457551898819524960e-01 1.000000000000000000e+00 6.631086426644355880e-02
0.000000000000000000e+00 2.495785065789660195e-01 1.000000000000000000e+00 6.813727333351918269e-02
0.000000000000000000e+00 2.451536416115686623e-01 1.000000000000000000e+00 6.566329100175262445e-02
0.000000000000000000e+00 2.432690822243097906e-01 1.000000000000000000e+00 6.466460062147388888e-02
0.000000000000000000e+00 2.337560904121986638e-01 1.000000000000000000e+00 5.853247724337112129e-02
0.000000000000000000e+00 4.137958903424848733e-01 1.000000000000000000e+00 2.009077802620516107e-01
0.000000000000000000e+00 4.968954454316787950e-01 1.000000000000000000e+00 3.129032616713754988e-01
0.000000000000000000e+00 4.578994457488673175e-01 1.000000000000000000e+00 2.387415600365000445e-01
0.000000000000000000e+00 4.452960272900794991e-01 1.000000000000000000e+00 2.430761300933459712e-01
0.000000000000000000e+00 4.722397606243111112e-01 1.000000000000000000e+00 2.240682234279278151e-01
0.000000000000000000e+00 4.723323317949363886e-01 1.000000000000000000e+00 2.237121914737909001e-01
0.000000000000000000e+00 4.775277479241027967e-01 1.000000000000000000e+00 2.218630719713304833e-01
0.000000000000000000e+00 4.924053678424039071e-01 1.000000000000000000e+00 2.230687003533705637e-01
0.000000000000000000e+00 4.845736647215121429e-01 1.000000000000000000e+00 2.280374419449458234e-01
0.000000000000000000e+00 4.821307911001900814e-01 1.000000000000000000e+00 2.301296870973558173e-01
0.000000000000000000e+00 4.836376658909474768e-01 1.000000000000000000e+00 2.309972000964706507e-01
0.000000000000000000e+00 4.837629047537174709e-01 1.000000000000000000e+00 2.311073645980292468e-01
0.000000000000000000e+00 4.774369015055235366e-01 1.000000000000000000e+00 2.264227817743723614e-01
0.000000000000000000e+00 4.818724366011341576e-01 1.000000000000000000e+00 2.285243888499549070e-01
0.000000000000000000e+00 4.814778833910363098e-01 1.000000000000000000e+00 2.277264823860767062e-01
0.000000000000000000e+00 4.809920402470641010e-01 1.000000000000000000e+00 2.264865240800776058e-01
0.000000000000000000e+00 4.803419385841678491e-01 1.000000000000000000e+00 2.273663108759413909e-01
0.000000000000000000e+00 4.778095130363985699e-01 1.000000000000000000e+00 2.261766005693680581e-01
0.000000000000000000e+00 4.782260231818173390e-01 1.000000000000000000e+00 2.268374205806571453e-01
0.000000000000000000e+00 4.778860026092218161e-01 1.000000000000000000e+00 2.275521748708488889e-01
0.000000000000000000e+00 4.790143654028882203e-01 1.000000000000000000e+00 2.453178867808416819e-01
0.000000000000000000e+00 4.570512971315629502e-01 1.000000000000000000e+00 2.390962258573300636e-01
0.000000000000000000e+00 4.570548394301501283e-01 1.000000000000000000e+00 2.391086376236611633e-01
0.000000000000000000e+00 4.568676152210890962e-01 1.000000000000000000e+00 2.388827183836900458e-01
0.000000000000000000e+00 4.567982405097330556e-01 1.000000000000000000e+00 2.399538221742073263e-01
0.000000000000000000e+00 4.569409931739677466e-01 1.000000000000000000e+00 2.419359992738145115e-01
0.000000000000000000e+00 4.570697444919332719e-01 1.000000000000000000e+00 2.428989641697824331e-01
0.000000000000000000e+00 4.570990418054070026e-01 1.000000000000000000e+00 2.452688120260403948e-01
0.000000000000000000e+00 4.561903176049181274e-01 1.000000000000000000e+00 2.442116316769287476e-01
0.000000000000000000e+00 4.569720766743903262e-01 1.000000000000000000e+00 2.470831516976865760e-01
0.000000000000000000e+00 4.568962543620979644e-01 1.000000000000000000e+00 2.436153503594757908e-01
0.000000000000000000e+00 4.564081480669641699e-01 1.000000000000000000e+00 2.435888963518902106e-01
0.000000000000000000e+00 4.560779199214825552e-01 1.000000000000000000e+00 2.454976755429465474e-01
0.000000000000000000e+00 4.563800846095388830e-01 1.000000000000000000e+00 2.444495859316688224e-01
0.000000000000000000e+00 4.565062887118307433e-01 1.000000000000000000e+00 2.441379336766134334e-01
0.000000000000000000e+00 4.569773639644869045e-01 1.000000000000000000e+00 2.456766594057858411e-01
0.000000000000000000e+00 4.573332237856350679e-01 1.000000000000000000e+00 2.462913277728983885e-01
0.000000000000000000e+00 4.570422753359472678e-01 1.000000000000000000e+00 2.454979316514210030e-01
0.000000000000000000e+00 4.563781128801325804e-01 1.000000000000000000e+00 2.435240577508619719e-01
0.000000000000000000e+00 4.513798369181418746e-01 1.000000000000000000e+00 2.268758416203965345e-01
0.000000000000000000e+00 4.507245756253450697e-01 1.000000000000000000e+00 2.277480135006811068e-01
0.000000000000000000e+00 4.501524908581500117e-01 1.000000000000000000e+00 2.269429554724644582e-01
0.000000000000000000e+00 4.502010758197347862e-01 1.000000000000000000e+00 2.270472197648613910e-01
0.000000000000000000e+00 4.507128506119766342e-01 1.000000000000000000e+00 2.276642257995232232e-01
0.000000000000000000e+00 4.523911910600598718e-01 1.000000000000000000e+00 2.248487027947819461e-01
0.000000000000000000e+00 4.525280639166347485e-01 1.000000000000000000e+00 2.245403052054303072e-01
0.000000000000000000e+00 4.522214593060391863e-01 1.000000000000000000e+00 2.245871848140103821e-01
0.000000000000000000e+00 4.536086136334638308e-01 1.000000000000000000e+00 2.245119046891762837e-01
0.000000000000000000e+00 4.531322944716199008e-01 1.000000000000000000e+00 2.240229778602208510e-01
0.000000000000000000e+00 4.529883111590483624e-01 1.000000000000000000e+00 2.238108917855045898e-01
0.000000000000000000e+00 4.527793891635273349e-01 1.000000000000000000e+00 2.236953084552651960e-01
0.000000000000000000e+00 4.524533563594628216e-01 1.000000000000000000e+00 2.242121848708518161e-01
0.000000000000000000e+00 4.538984955558252876e-01 1.000000000000000000e+00 2.240041592807201221e-01
0.000000000000000000e+00 4.536952534313359875e-01 1.000000000000000000e+00 2.239089329047796451e-01
0.000000000000000000e+00 4.527581048982672884e-01 1.000000000000000000e+00 2.238655165536624636e-01
0.000000000000000000e+00 4.537605051857600547e-01 1.000000000000000000e+00 2.236795803892095147e-01
0.000000000000000000e+00 4.535391418168736033e-01 1.000000000000000000e+00 2.249357667782287962e-01
0.000000000000000000e+00 4.534511864138893733e-01 1.000000000000000000e+00 2.251301672338467952e-01
0.000000000000000000e+00 4.534488774919310239e-01 1.000000000000000000e+00 2.256623141551908629e-01
0.000000000000000000e+00 4.539432027808129599e-01 1.000000000000000000e+00 2.253914854363637532e-01
0.000000000000000000e+00 4.539358999108017989e-01 1.000000000000000000e+00 2.254816926091930129e-01
0.000000000000000000e+00 4.565995210194819243e-01 1.000000000000000000e+00 2.249206124982220945e-01
0.000000000000000000e+00 4.567055664297468009e-01 1.000000000000000000e+00 2.255442938113293994e-01
0.000000000000000000e+00 4.564528843152459436e-01 1.000000000000000000e+00 2.255018009933187073e-01
0.000000000000000000e+00 4.572148566634480216e-01 1.000000000000000000e+00 2.255326134158860685e-01
0.000000000000000000e+00 4.554244140670899998e-01 1.000000000000000000e+00 2.281623988278938808e-01
0.000000000000000000e+00 4.554924311333394260e-01 1.000000000000000000e+00 2.281309490734059753e-01
0.000000000000000000e+00 4.555579417092733285e-01 1.000000000000000000e+00 2.280703010432368061e-01
0.000000000000000000e+00 4.557149666624643047e-01 1.000000000000000000e+00 2.276605322884275584e-01
0.000000000000000000e+00 4.552078647393524857e-01 1.000000000000000000e+00 2.278661114333027371e-01
0.000000000000000000e+00 4.535707452329980627e-01 1.000000000000000000e+00 2.301002947644361918e-01
0.000000000000000000e+00 4.537935353607265854e-01 1.000000000000000000e+00 2.282392080942870771e-01
0.000000000000000000e+00 4.550777049622035109e-01 1.000000000000000000e+00 2.275228046968539031e-01
0.000000000000000000e+00 4.548584730227192008e-01 1.000000000000000000e+00 2.272987044552129410e-01
0.000000000000000000e+00 4.545940042356519384e-01 1.000000000000000000e+00 2.277763442828870111e-01
0.000000000000000000e+00 4.543541397472261045e-01 1.000000000000000000e+00 2.274537275111707113e-01
0.000000000000000000e+00 4.541416311314014354e-01 1.000000000000000000e+00 2.274198058972540515e-01
0.000000000000000000e+00 4.569605205742666154e-01 1.000000000000000000e+00 2.277706593672944035e-01
0.000000000000000000e+00 4.560079129695728262e-01 1.000000000000000000e+00 2.275170173519253658e-01
0.000000000000000000e+00 4.567347615278271600e-01 1.000000000000000000e+00 2.275615272455350224e-01
0.000000000000000000e+00 4.565429370366411721e-01 1.000000000000000000e+00 2.274592036442237286e-01
0.000000000000000000e+00 4.565454804951268319e-01 1.000000000000000000e+00 2.274446901891482853e-01
0.000000000000000000e+00 4.561864848264473027e-01 1.000000000000000000e+00 2.269305533316975099e-01
0.000000000000000000e+00 4.561866124313336823e-01 1.000000000000000000e+00 2.270081913255856954e-01
0.000000000000000000e+00 4.564205285760869479e-01 1.000000000000000000e+00 2.273646237632278022e-01
0.000000000000000000e+00 4.568408238744540162e-01 1.000000000000000000e+00 2.271477005590888942e-01
0.000000000000000000e+00 4.563800782711797677e-01 1.000000000000000000e+00 2.300013861231464118e-01
