4.311924238409582943e-01 0.000000000000000000e+00 0.000000000000000000e+00 0.000000000000000000e+00
4.217181248764008683e-01 0.000000000000000000e+00 2.255133249290049435e-01 0.000000000000000000e+00
0.000000000000000000e+00 1.000000000000000000e+00 0.000000000000000000e+00 2.038321661654194650e-01
7.776614090026620629e-02 9.083724947781145476e-01 0.000000000000000000e+00 1.112318712401985238e-01
4.031781828964912939e-02 9.293454841922249576e-01 0.000000000000000000e+00 1.208372314743778181e-01
1.077949386457024150e-01 8.927783955496513268e-01 0.000000000000000000e+00 1.245766318248318766e-01
1.373702942488998213e-01 8.777923364586955879e-01 0.000000000000000000e+00 1.071451491573995191e-01
7.450275271585773962e-02 9.389594052466598839e-01 0.000000000000000000e+00 1.555565721039898486e-01
0.000000000000000000e+00 9.671840001509067752e-01 0.000000000000000000e+00 1.706371267744591635e-01
0.000000000000000000e+00 9.883688672100263695e-01 0.000000000000000000e+00 1.939988556649554496e-01
0.000000000000000000e+00 8.558690144002136790e-01 0.000000000000000000e+00 1.016116089152018787e-01
0.000000000000000000e+00 9.757766785660260123e-01 0.000000000000000000e+00 2.152285191151849242e-01
0.000000000000000000e+00 1.000000000000000000e+00 0.000000000000000000e+00 1.726069718274879650e-01
0.000000000000000000e+00 1.000000000000000000e+00 0.000000000000000000e+00 2.709648945999300618e-01
1.125521331417563831e-01 1.000000000000000000e+00 0.000000000000000000e+00 2.346829558170066832e-01
5.725515742820657533e-02 1.000000000000000000e+00 0.000000000000000000e+00 4.821463602696344219e-01
9.371539088781009885e-02 1.000000000000000000e+00 0.000000000000000000e+00 0.000000000000000000e+00
5.695194558277141827e-02 1.000000000000000000e+00 0.000000000000000000e+00 4.738934514908495904e-02
5.352656734494196794e-02 1.000000000000000000e+00 0.000000000000000000e+00 6.362158928350949982e-02
1.245099356811829455e-01 1.000000000000000000e+00 0.000000000000000000e+00 6.093240521793834991e-02
1.433722110231575898e-02 1.000000000000000000e+00 7.971181071774753601e-02 3.313161776589579888e-01
5.989666075373611259e-02 1.000000000000000000e+00 1.142224842648844885e-01 3.909394714496798318e-01
8.822148194550076539e-02 1.000000000000000000e+00 1.108922491526991849e-01 3.486774445020756619e-01
3.413011282660048662e-02 1.000000000000000000e+00 1.072445703231845737e-01 4.043669876177914957e-01
6.560442921214770795e-02 1.000000000000000000e+00 9.223617870803714480e-02 2.335186628620611882e-01
