1.082920598756969222e+00
1.075043441859181881e+00
1.661983131958668647e-01
5.018793747168410757e-01
7.425575023039439060e-01
7.945522030926477353e-01
8.576637584324394714e-01
9.709244816846482884e-01
9.522963143555844834e-01
9.521226071509145683e-01
9.284551400812078858e-01
1.068532312022470787e+00
8.448269829458709967e-01
8.958120521223196242e-01
9.917212472887063646e-01
1.157463543518052029e+00
1.082838749043789850e+00
9.790939454777086715e-01
1.151828198352584209e+00
5.652297477686019089e-01
7.927363089822547781e-01
7.776062938212660036e-01
1.356055591733404952e+00
1.368099836352384413e+00
1.254555626936673551e+00
1.280341014816535505e+00
1.261453505460972568e+00
1.283206536630381756e+00
1.180673942966579570e+00
1.262241573363056535e+00
1.130619892105900082e+00
1.118583676240860969e+00
1.123327796999801453e+00
1.117713884197315100e+00
1.064973307113928458e+00
1.331741810561898776e+00
1.236266882974765169e+00
1.232003791253585057e+00
1.233402630368004349e+00
1.215790245582365481e+00
1.030309474754524501e+00
1.151242609554737450e+00
1.213747142626479203e+00
1.318815488961953886e+00
1.321054283020447251e+00
1.265056789512170710e+00
1.293045127553527962e+00
1.274435159094090775e+00
1.179367488315730350e+00
1.149993505786433889e+00
1.327335169914834800e+00
1.309367879184040628e+00
1.303255049904833429e+00
1.302677293042842077e+00
1.307004051197432570e+00
1.311245714304427157e+00
1.291919388077975128e+00
1.301742920568035533e+00
1.298029878256499181e+00
1.284841435978293811e+00
1.308567519432958459e+00
1.308936972940500265e+00
1.304531235958879876e+00
1.309561694708250013e+00
1.310807874670370410e+00
1.303073664324696068e+00
1.300277349191842235e+00
1.299990073423779924e+00
1.300906707253099315e+00
1.303468496001682242e+00
1.303694228596189220e+00
1.295923168519354851e+00
1.289884949551731053e+00
1.298290220465308398e+00
1.299305119347372361e+00
1.274785659712066810e+00
1.270717271977528817e+00
1.208687597385921242e+00
1.196549259338189453e+00
1.189342318129421594e+00
1.190434068588546390e+00
1.126338209542062430e+00
1.126710392129556704e+00
1.128181030314980848e+00
1.112783751249593500e+00
1.113025564340564655e+00
1.108209535498801968e+00
1.037969789330631665e+00
9.972763264559849627e-01
9.483021006920447915e-01
9.533229580893505251e-01
9.305910611797211240e-01
9.154182496081676446e-01
8.571328077337729834e-01
8.550072918282537460e-01
8.514431105916040465e-01
8.643866872871570628e-01
8.649678339136100957e-01
8.821568182198165076e-01
9.145655460208923504e-01
