1.297099031893405918e+00
1.150808417010323659e+00
1.646269187469495687e+00
1.978211131298152292e+00
1.816570843398340074e+00
1.863825481633263559e+00
1.863890688501869120e+00
1.882838940005626016e+00
1.981140307136719958e+00
1.834002130290214083e+00
2.037285571571258558e+00
2.038855341213547945e+00
2.094861580067814089e+00
2.095975378148042800e+00
2.096040821203037474e+00
2.087157430876434905e+00
2.077064027330143059e+00
2.083868525135178285e+00
2.078077979020986010e+00
2.085580727052812833e+00
2.087193508543031317e+00
2.086075411738080643e+00
2.117375751361172398e+00
2.085228075811442316e+00
2.141535484412040002e+00
2.132140734790544112e+00
2.130209114236859769e+00
2.145167272210378062e+00
2.144204791258941256e+00
2.141103409261187807e+00
2.142642496836013599e+00
2.142012954450594808e+00
2.141652982406235584e+00
2.147348175869657094e+00
2.146095540273160740e+00
2.147034651671691385e+00
2.147948324246617968e+00
2.148882771261614977e+00
2.147917943331374868e+00
2.148182712729933996e+00
2.147645253071422733e+00
2.148069957825812892e+00
2.147795411425598822e+00
2.147708196924517310e+00
2.148299487696380794e+00
2.146330686792912612e+00
2.148714444090733089e+00
2.148827652027880841e+00
2.148984145782240507e+00
2.153666224327972500e+00
2.153544810271708965e+00
2.154466322935155720e+00
2.154400228870773315e+00
2.153894093556102618e+00
2.156143834446546670e+00
2.154396359442891207e+00
2.154121005833805391e+00
2.154107996629925914e+00
2.154969077487524753e+00
2.154868296858186039e+00
2.155007010996583983e+00
2.155129809092373172e+00
2.155391091301234407e+00
2.156617261489969462e+00
2.156317623133081618e+00
2.157260082124649259e+00
2.158404708365494251e+00
2.157614610295403690e+00
2.157995859473289535e+00
2.157618881580787296e+00
2.158794825103875770e+00
2.158627036958330248e+00
2.158716459169695234e+00
2.158842035016850680e+00
2.159028408440071711e+00
2.159266244696969927e+00
2.159264883044285543e+00
2.159230793846450780e+00
2.159780022049864634e+00
2.159770620127232199e+00
2.159820155861298385e+00
2.159816556783513697e+00
2.159903470835597084e+00
2.159657373868742347e+00
2.158792993370985069e+00
2.158210192517352688e+00
2.158233665238197485e+00
2.158106102390890069e+00
2.161564396649287900e+00
2.161462960275108092e+00
2.162338845999902226e+00
2.162256063571759590e+00
2.162261840000153423e+00
2.162169616627022783e+00
2.163282169326575133e+00
2.162946958233522565e+00
2.163189864788257033e+00
2.163397257537195362e+00
2.163189551830970281e+00
2.163320863991114784e+00
