1.382213234901428223e-01 9.946674108505249023e-01 5.480573773384094238e-01 4.172778129577636719e-01 1.614879965782165527e-01 7.062286138534545898e-02
3.347153663635253906e-01 3.160339593887329102e-01 9.238079786300659180e-01 4.833641052246093750e-01 6.037001013755798340e-01 7.131000757217407227e-01
5.906310677528381348e-01 1.967104077339172363e-01 3.218871355056762695e-02 5.594151020050048828e-01 1.594340801239013672e-02 4.812115430831909180e-02
5.589119195938110352e-01 8.589769601821899414e-01 1.517500281333923340e-01 2.103444933891296387e-01 8.741234540939331055e-01 4.240137338638305664e-01
9.058474898338317871e-01 5.327546596527099609e-01 9.490966200828552246e-01 7.668690681457519531e-01 2.215224504470825195e-01 3.665178418159484863e-01
7.099657654762268066e-01 8.214135169982910156e-01 3.406739234924316406e-02 7.603353261947631836e-02 3.475801348686218262e-01 9.318289160728454590e-01
1.763394474983215332e-01 6.550191640853881836e-01 7.492858171463012695e-01 3.784513473510742188e-02 6.205312013626098633e-01 4.749596118927001953e-03
8.574605584144592285e-01 7.819166779518127441e-01 7.853828668594360352e-01 2.208613753318786621e-01 3.577560782432556152e-01 7.576884031295776367e-01
4.394831061363220215e-01 3.717415332794189453e-01 7.440856099128723145e-01 1.640195250511169434e-01 7.888782024383544922e-02 5.422198176383972168e-01
1.596955657005310059e-01 2.636265158653259277e-01 1.620903611183166504e-01 1.134785413742065430e-01 5.999635457992553711e-01 5.989472866058349609e-01
4.941159486770629883e-01 8.384829759597778320e-01 5.864679813385009766e-03 1.880457401275634766e-01 3.518460392951965332e-01 8.598726987838745117e-02
7.067251205444335938e-02 1.224571466445922852e-02 9.240454435348510742e-02 2.942291498184204102e-01 9.180766940116882324e-01 4.462289214134216309e-01
3.585118055343627930e-02 8.242577314376831055e-02 6.278913617134094238e-01 9.072573781013488770e-01 5.625388622283935547e-01 9.629573225975036621e-01
9.474640488624572754e-01 8.991813659667968750e-02 6.793338060379028320e-02 5.879002213478088379e-01 5.274498462677001953e-01 7.118257880210876465e-01
1.903360486030578613e-01 2.754698991775512695e-01 7.141578793525695801e-01 6.981539726257324219e-01 3.238424062728881836e-01 6.055461168289184570e-01
2.359728217124938965e-01 6.705309152603149414e-01 3.477061986923217773e-01 5.308425426483154297e-01 6.130977869033813477e-01 8.784678578376770020e-01
1.508297324180603027e-01 7.810422182083129883e-01 4.750097990036010742e-01 8.107985258102416992e-01 1.041308641433715820e-01 2.587878704071044922e-01
1.612859964370727539e-02 7.918089032173156738e-01 3.454824686050415039e-01 2.935655713081359863e-01 1.400315761566162109e-01 7.498965859413146973e-01
3.496444821357727051e-01 2.330369949340820312e-01 5.037623643875122070e-02 5.026497840881347656e-01 6.235257983207702637e-01 7.710611224174499512e-01
1.062089204788208008e-01 1.864234805107116699e-01 6.015788316726684570e-01 4.463726282119750977e-01 6.451836228370666504e-01 7.188783288002014160e-01
4.068533182144165039e-01 2.439630031585693359e-01 5.902270674705505371e-01 5.341396927833557129e-01 5.825107693672180176e-01 2.810816168785095215e-01
9.363548159599304199e-01 3.965395689010620117e-02 5.764510035514831543e-01 1.460401415824890137e-01 3.576870560646057129e-01 8.391020894050598145e-01
7.825465798377990723e-01 4.468369483947753906e-01 9.036149382591247559e-01 9.865542650222778320e-01 1.307940483093261719e-01 6.889427304267883301e-01
5.988954305648803711e-01 6.905400753021240234e-02 9.524016976356506348e-01 5.160710215568542480e-01 6.919693350791931152e-01 1.050752401351928711e-01
9.353123903274536133e-01 9.693031311035156250e-01 3.302270174026489258e-01 3.581705689430236816e-01 2.774362564086914062e-01 8.165837526321411133e-01
1.871457695960998535e-01 8.234717249870300293e-01 2.015584707260131836e-01 7.702357172966003418e-01 1.874405145645141602e-01 2.989310026168823242e-01
2.465048432350158691e-01 4.911911487579345703e-02 3.250855803489685059e-01 9.724387526512145996e-01 1.356422305107116699e-01 2.332359552383422852e-02
3.359768986701965332e-01 5.560885071754455566e-01 7.478262782096862793e-01 3.323904871940612793e-01 2.137599587440490723e-01 4.840510487556457520e-01
5.794236660003662109e-01 4.322785139083862305e-01 5.077761411666870117e-02 2.317867279052734375e-01 6.154966950416564941e-01 7.655542492866516113e-01
1.118843555450439453e-01 6.653048396110534668e-01 2.002846002578735352e-01 1.284246444702148438e-01 1.687448620796203613e-01 6.061372756958007812e-01
3.311516046524047852e-01 2.189902663230895996e-01 2.960568666458129883e-01 7.179387211799621582e-01 5.342466831207275391e-01 4.518224000930786133e-01
3.045877814292907715e-01 6.286947727203369141e-01 9.373066425323486328e-01 1.233166456222534180e-02 8.341307640075683594e-01 2.486251592636108398e-01
1.855682134628295898e-01 6.843896508216857910e-01 9.508776664733886719e-02 8.023750782012939453e-01 9.196203947067260742e-01 3.555139899253845215e-01
3.947520256042480469e-01 9.865878224372863770e-01 2.786681056022644043e-01 7.724958658218383789e-02 3.327112793922424316e-01 3.905465602874755859e-01
2.623702883720397949e-01 4.321039319038391113e-01 5.373741984367370605e-01 2.671957015991210938e-02 4.528216123580932617e-01 9.978043437004089355e-01
7.624252438545227051e-01 4.829061627388000488e-01 3.088884949684143066e-01 4.277399778366088867e-01 7.140094041824340820e-02 4.268483519554138184e-01
3.000645637512207031e-01 7.434830665588378906e-01 7.200328111648559570e-01 9.116432666778564453e-01 3.246451020240783691e-01 4.348391294479370117e-02
1.902706623077392578e-01 4.568553566932678223e-01 5.758484601974487305e-01 5.121041536331176758e-01 9.156585931777954102e-01 3.608384728431701660e-01
8.341097235679626465e-01 1.765238642692565918e-01 2.817103266716003418e-01 8.915149569511413574e-01 1.045439839363098145e-01 3.905279636383056641e-01
6.581110358238220215e-01 3.719228506088256836e-01 6.596710681915283203e-01 7.334274649620056152e-01 3.375524282455444336e-02 3.589122891426086426e-01
3.817518353462219238e-01 6.930426955223083496e-01 1.359973549842834473e-01 2.042807936668395996e-01 8.415254354476928711e-01 8.431284427642822266e-01
2.050698995590209961e-01 1.641396284103393555e-01 8.784182667732238770e-01 4.628406763076782227e-01 9.635074734687805176e-01 9.665353298187255859e-01
1.096213459968566895e-01 9.058216810226440430e-01 6.027066707611083984e-02 1.331122517585754395e-01 5.718373060226440430e-01 5.827455520629882812e-01
4.578644037246704102e-02 5.039961934089660645e-01 4.306132793426513672e-01 5.689912438392639160e-01 6.700465083122253418e-01 8.682978749275207520e-01
6.896015405654907227e-01 8.429371118545532227e-01 7.806881666183471680e-01 9.218971133232116699e-01 4.763104915618896484e-01 3.735023736953735352e-02
2.954372167587280273e-01 3.425945043563842773e-01 9.767730832099914551e-01 6.591396927833557129e-01 1.656808853149414062e-01 8.627366423606872559e-01
9.696123600006103516e-01 7.774121165275573730e-01 7.865164279937744141e-01 4.032692909240722656e-01 8.872857093811035156e-01 3.130221366882324219e-02
7.745187878608703613e-01 8.532534241676330566e-01 9.364817142486572266e-01 6.012318730354309082e-01 4.013251066207885742e-01 7.725284695625305176e-01
5.364302396774291992e-01 1.448913216590881348e-01 4.335433840751647949e-01 2.554338574409484863e-01 3.877296447753906250e-01 9.365528821945190430e-01
8.266586065292358398e-02 4.951894879341125488e-01 2.148004174232482910e-01 4.005002975463867188e-02 8.586401343345642090e-01 3.392279148101806641e-01
7.623423337936401367e-01 6.228733062744140625e-02 2.490838170051574707e-01 3.370084166526794434e-01 3.668306469917297363e-01 8.143844008445739746e-01
1.273719668388366699e-01 2.487849593162536621e-01 2.985713481903076172e-01 4.508147835731506348e-01 9.988021254539489746e-01 5.960260033607482910e-01
2.164893746376037598e-01 6.846637129783630371e-01 2.695770263671875000e-01 2.735418081283569336e-01 3.803803324699401855e-01 5.661617517471313477e-01
9.451148509979248047e-01 8.558987379074096680e-01 4.549444317817687988e-01 9.868350028991699219e-01 4.039779901504516602e-01 3.049107789993286133e-01
6.702617406845092773e-01 2.007628679275512695e-01 2.947229146957397461e-01 9.974402785301208496e-01 5.298747420310974121e-01 5.655715465545654297e-01
8.617162704467773438e-01 7.983232736587524414e-01 1.887515187263488770e-01 2.221815586090087891e-01 2.645068168640136719e-01 6.678199172019958496e-01
5.963533520698547363e-01 2.082562446594238281e-02 9.369206428527832031e-02 7.952541708946228027e-01 7.801711559295654297e-03 7.298216819763183594e-01
9.931436181068420410e-01 4.553157687187194824e-01 9.609899520874023438e-01 1.586619019508361816e-01 9.356209039688110352e-01 1.986933946609497070e-01
5.499638915061950684e-01 1.590831875801086426e-01 4.899820685386657715e-01 1.118987798690795898e-02 6.647348403930664062e-01 2.195971012115478516e-01
8.502634167671203613e-01 7.061814665794372559e-01 3.745224475860595703e-01 1.565266251564025879e-01 5.217516422271728516e-01 9.954049587249755859e-01
5.549818873405456543e-01 9.307366609573364258e-02 8.729589581489562988e-01 3.775245547294616699e-01 2.562506198883056641e-01 5.583814978599548340e-01
9.711880087852478027e-01 1.575930118560791016e-01 5.956202149391174316e-01 9.037992358207702637e-01 9.159919619560241699e-01 8.234888315200805664e-01
9.934226274490356445e-01 8.429137468338012695e-01 5.364602804183959961e-01 2.731406092643737793e-01 7.794959545135498047e-01 4.453495144844055176e-01
7.511427402496337891e-01 4.687603116035461426e-01 5.161608457565307617e-01 6.952503323554992676e-01 5.327616930007934570e-01 5.480126142501831055e-01
9.941336512565612793e-01 2.275792360305786133e-01 4.519468545913696289e-02 4.125795960426330566e-01 2.845677733421325684e-01 8.612890839576721191e-01
3.762966394424438477e-02 5.790081620216369629e-01 3.365597724914550781e-01 2.291612029075622559e-01 9.655749797821044922e-02 7.627726197242736816e-01
4.739966988563537598e-01 3.393568396568298340e-01 6.964914798736572266e-01 9.456367492675781250e-01 1.548346281051635742e-01 5.571526288986206055e-02
2.743889689445495605e-01 6.517407894134521484e-01 8.028286695480346680e-01 1.815323829650878906e-01 7.210612893104553223e-01 9.176452755928039551e-01
9.199032783508300781e-01 4.207999110221862793e-01 9.796839952468872070e-02 5.465233325958251953e-01 5.881028175354003906e-01 2.167119979858398438e-01
9.779481887817382812e-01 6.890052556991577148e-02 4.182876348495483398e-01 8.727350831031799316e-01 8.729590177536010742e-01 3.789163827896118164e-01
9.914240241050720215e-01 7.779977917671203613e-01 2.407644987106323242e-01 6.586766242980957031e-01 7.431126236915588379e-01 5.810177326202392578e-02
3.039379715919494629e-01 8.532251119613647461e-01 5.496181249618530273e-01 2.589743137359619141e-01 4.810364246368408203e-01 2.001823782920837402e-01
5.082042217254638672e-01 6.960514187812805176e-01 7.378659844398498535e-01 1.353250145912170410e-01 7.341696023941040039e-01 9.140523076057434082e-01
9.112905263900756836e-01 2.614865899085998535e-01 7.917491197586059570e-01 8.419380187988281250e-01 5.721956491470336914e-02 7.196820974349975586e-01
5.802125930786132812e-01 8.366660475730895996e-01 6.963222622871398926e-01 7.177215814590454102e-01 1.268468499183654785e-01 8.856411576271057129e-01
7.115236520767211914e-01 7.244664430618286133e-01 7.581830024719238281e-01 5.528191328048706055e-01 9.303194284439086914e-02 3.988419771194458008e-01
4.981781840324401855e-01 1.656303405761718750e-01 1.290581822395324707e-01 5.889827013015747070e-02 9.847273826599121094e-01 3.306296467781066895e-01
1.582449674606323242e-02 4.689931869506835938e-02 8.186521530151367188e-01 6.291126608848571777e-01 2.623988986015319824e-01 1.035031080245971680e-01
6.835263371467590332e-01 5.297355055809020996e-01 7.154535651206970215e-01 3.708648085594177246e-01 6.597762703895568848e-01 6.987145543098449707e-01
3.827483654022216797e-01 3.128358721733093262e-01 5.647081732749938965e-01 7.899277806282043457e-01 1.755508184432983398e-01 6.343161463737487793e-01
9.945200681686401367e-01 8.494842052459716797e-02 4.339843988418579102e-02 3.866784572601318359e-01 6.784786581993103027e-01 8.535008430480957031e-01
2.554936408996582031e-01 3.295820951461791992e-01 4.609245061874389648e-02 9.656548500061035156e-02 6.129267215728759766e-01 7.050969004631042480e-01
4.831041097640991211e-01 2.337276935577392578e-03 1.092540025711059570e-01 8.883078694343566895e-01 9.610926508903503418e-01 2.037106156349182129e-01
3.666951060295104980e-01 8.516685366630554199e-01 2.849857807159423828e-01 9.189673662185668945e-01 9.130710363388061523e-01 6.048130989074707031e-01
6.473975181579589844e-01 9.282523989677429199e-01 9.300051331520080566e-01 5.522528886795043945e-01 7.791058421134948730e-01 1.619590520858764648e-01
7.761400341987609863e-01 9.196317195892333984e-01 9.005671143531799316e-01 2.523680925369262695e-01 6.615172028541564941e-01 9.683451056480407715e-01
3.992454409599304199e-01 2.285928130149841309e-01 2.607915997505187988e-01 6.910800933837890625e-01 8.631781339645385742e-01 7.488110661506652832e-01
4.521324038505554199e-01 7.540744543075561523e-02 4.146225452423095703e-01 3.315633535385131836e-02 6.570481657981872559e-01 6.906539797782897949e-01
2.782266139984130859e-01 6.569451093673706055e-02 5.288573503494262695e-01 1.898978948593139648e-01 1.611810326576232910e-01 8.936498165130615234e-01
1.835259199142456055e-01 6.477825045585632324e-01 9.867007136344909668e-01 2.451841235160827637e-01 7.724135518074035645e-01 6.076211333274841309e-01
7.136985659599304199e-01 7.358902096748352051e-01 8.759582042694091797e-02 1.912715435028076172e-01 3.363029360771179199e-01 7.453746199607849121e-01
6.040496826171875000e-01 8.256907463073730469e-01 5.209352970123291016e-01 3.684780597686767578e-01 4.385486245155334473e-01 9.913365840911865234e-01
3.676954507827758789e-01 1.143497824668884277e-01 5.953423380851745605e-01 3.051289319992065430e-01 4.122754335403442383e-01 4.703797101974487305e-01
7.425330877304077148e-01 8.840603828430175781e-01 7.975090146064758301e-01 5.276264548301696777e-01 8.292939662933349609e-01 4.103591442108154297e-01
6.072127223014831543e-01 9.569578170776367188e-01 5.374868512153625488e-01 4.700121879577636719e-01 3.187972903251647949e-01 4.457579851150512695e-01
4.539572596549987793e-01 4.049617052078247070e-02 7.559852004051208496e-01 4.178429841995239258e-01 2.477976083755493164e-01 4.813440442085266113e-01
2.483693361282348633e-01 9.805149435997009277e-01 3.501610755920410156e-01 6.919500231742858887e-01 7.440369129180908203e-01 8.576523661613464355e-01
4.244130253791809082e-01 4.957442879676818848e-01 3.912833333015441895e-01 2.283440828323364258e-01 3.670175671577453613e-01 8.223640322685241699e-01
8.835729360580444336e-01 3.495290875434875488e-01 9.432596564292907715e-01 6.801530718803405762e-01 2.325970530509948730e-01 4.449367523193359375e-01
5.703488588333129883e-01 2.451297044754028320e-01 3.692842125892639160e-01 3.630033135414123535e-01 4.385161995887756348e-01 3.205069303512573242e-01
5.026187896728515625e-01 8.350046277046203613e-01 4.022951722145080566e-01 4.484586715698242188e-01 6.877431273460388184e-01 9.648823142051696777e-01
8.947066068649291992e-01 2.825261950492858887e-01 3.254503607749938965e-01 5.925533771514892578e-01 4.754744172096252441e-01 7.516332864761352539e-01
3.853487968444824219e-02 4.133368134498596191e-01 5.531174540519714355e-01 3.380343317985534668e-01 1.893202066421508789e-01 3.076474070549011230e-01
8.014461398124694824e-01 1.840213537216186523e-01 7.670261859893798828e-01 9.865630269050598145e-01 2.316862344741821289e-02 6.018213629722595215e-01
8.509864211082458496e-01 7.910903096199035645e-01 3.836278319358825684e-01 8.811694979667663574e-01 1.420873403549194336e-01 3.221676349639892578e-01
3.963326215744018555e-01 3.656953573226928711e-01 7.135635614395141602e-01 1.696962118148803711e-02 7.257077693939208984e-01 8.466255068778991699e-01
9.517789483070373535e-01 6.300475597381591797e-01 6.472119092941284180e-01 6.937239170074462891e-01 4.605374932289123535e-01 8.727696537971496582e-01
4.806699156761169434e-01 5.457468628883361816e-01 6.013256311416625977e-02 2.365388274192810059e-01 3.426809906959533691e-01 1.810952425003051758e-01
7.527550458908081055e-01 4.543433785438537598e-01 6.235656738281250000e-01 5.898089408874511719e-01 9.474879503250122070e-01 4.063928127288818359e-01
4.487826228141784668e-01 8.954044580459594727e-01 1.818917989730834961e-01 8.142282366752624512e-01 2.634928822517395020e-01 6.586853861808776855e-01
