1.645253605561711532e-02 1.000000000000000000e+00 0.000000000000000000e+00 0.000000000000000000e+00 1.000000000000000000e+00 7.267741331352076672e-01
6.604727507465972536e-02 1.000000000000000000e+00 0.000000000000000000e+00 0.000000000000000000e+00 1.000000000000000000e+00 1.000000000000000000e+00
1.717263644602206873e-01 1.000000000000000000e+00 0.000000000000000000e+00 0.000000000000000000e+00 1.000000000000000000e+00 1.000000000000000000e+00
2.598886413679229457e-01 1.000000000000000000e+00 0.000000000000000000e+00 0.000000000000000000e+00 1.000000000000000000e+00 1.000000000000000000e+00
0.000000000000000000e+00 1.000000000000000000e+00 0.000000000000000000e+00 0.000000000000000000e+00 1.000000000000000000e+00 1.904764243382405242e-01
1.535849594409169072e-01 2.814850597849257174e-01 0.000000000000000000e+00 0.000000000000000000e+00 1.000000000000000000e+00 7.425646986728391408e-01
1.001262667604262829e-01 4.185949473589490460e-02 0.000000000000000000e+00 0.000000000000000000e+00 1.000000000000000000e+00 4.254723782534313159e-01
7.780107283868745172e-02 0.000000000000000000e+00 0.000000000000000000e+00 0.000000000000000000e+00 1.000000000000000000e+00 4.015642092653028405e-01
0.000000000000000000e+00 1.958513803570431644e-01 0.000000000000000000e+00 0.000000000000000000e+00 1.000000000000000000e+00 3.957209897302132462e-01
0.000000000000000000e+00 1.513371031400489453e-01 0.000000000000000000e+00 0.000000000000000000e+00 1.000000000000000000e+00 4.555066068077398000e-01
1.000000000000000000e+00 1.358736467974678563e-01 0.000000000000000000e+00 0.000000000000000000e+00 2.517290912743170850e-01 1.000000000000000000e+00
1.000000000000000000e+00 0.000000000000000000e+00 1.898711065922181751e-01 0.000000000000000000e+00 5.983099914459987234e-01 1.000000000000000000e+00
1.000000000000000000e+00 0.000000000000000000e+00 2.128130726116738147e-01 0.000000000000000000e+00 5.759722525710936347e-01 1.000000000000000000e+00
1.000000000000000000e+00 0.000000000000000000e+00 2.626451636183919636e-01 0.000000000000000000e+00 4.541441428913374212e-01 1.000000000000000000e+00
1.000000000000000000e+00 0.000000000000000000e+00 3.349935602223434450e-01 0.000000000000000000e+00 7.164488487763395197e-01 1.000000000000000000e+00
9.569618506688188919e-01 0.000000000000000000e+00 3.730722187776483456e-01 0.000000000000000000e+00 6.250680915130877313e-01 1.000000000000000000e+00
6.763232814061905795e-01 0.000000000000000000e+00 4.411368994738917859e-01 0.000000000000000000e+00 1.000000000000000000e+00 6.289733532595691567e-01
6.687506693215200526e-01 0.000000000000000000e+00 4.332383551747344685e-01 0.000000000000000000e+00 1.000000000000000000e+00 5.101196935443236269e-01
6.633782488745885164e-01 0.000000000000000000e+00 4.243729092555955096e-01 0.000000000000000000e+00 1.000000000000000000e+00 2.943973428903438605e-01
6.708798659072600090e-01 0.000000000000000000e+00 4.310378675196757658e-01 0.000000000000000000e+00 1.000000000000000000e+00 3.215891129596056830e-01
6.562823513296268674e-01 0.000000000000000000e+00 4.297237744194161713e-01 0.000000000000000000e+00 1.000000000000000000e+00 2.757370268553365755e-01
6.599844376927755940e-01 0.000000000000000000e+00 3.688607332303748820e-01 0.000000000000000000e+00 1.000000000000000000e+00 0.000000000000000000e+00
7.226659443344781719e-01 0.000000000000000000e+00 3.696017083992015340e-01 0.000000000000000000e+00 9.205191907357167524e-01 5.088590800095791483e-02
1.000000000000000000e+00 0.000000000000000000e+00 2.513899296801614947e-01 0.000000000000000000e+00 5.893145975141440562e-01 1.000000000000000000e+00
1.000000000000000000e+00 0.000000000000000000e+00 2.626509910598839315e-01 0.000000000000000000e+00 5.860853784866660865e-01 1.000000000000000000e+00
1.000000000000000000e+00 0.000000000000000000e+00 2.585711412988366820e-01 0.000000000000000000e+00 6.623943970560567385e-01 1.000000000000000000e+00
1.000000000000000000e+00 0.000000000000000000e+00 1.736260509449278344e-01 0.000000000000000000e+00 5.984081414439254010e-01 1.000000000000000000e+00
1.000000000000000000e+00 0.000000000000000000e+00 0.000000000000000000e+00 1.308501404946376678e-01 8.419931134288571872e-01 0.000000000000000000e+00
1.000000000000000000e+00 0.000000000000000000e+00 2.004569813579641646e-02 0.000000000000000000e+00 6.421935675303533930e-01 0.000000000000000000e+00
1.000000000000000000e+00 0.000000000000000000e+00 2.594123939344257848e-02 0.000000000000000000e+00 6.433939615082323593e-01 0.000000000000000000e+00
1.000000000000000000e+00 0.000000000000000000e+00 2.445405103832302626e-02 0.000000000000000000e+00 6.534277455728837447e-01 0.000000000000000000e+00
1.000000000000000000e+00 0.000000000000000000e+00 2.870328167825275320e-02 0.000000000000000000e+00 6.614301767900965245e-01 0.000000000000000000e+00
1.000000000000000000e+00 0.000000000000000000e+00 3.185513423546625783e-02 0.000000000000000000e+00 6.665800766029871260e-01 0.000000000000000000e+00
1.000000000000000000e+00 0.000000000000000000e+00 1.984859472681166706e-02 0.000000000000000000e+00 6.838724240928825138e-01 0.000000000000000000e+00
1.000000000000000000e+00 0.000000000000000000e+00 0.000000000000000000e+00 0.000000000000000000e+00 6.873402565290495092e-01 0.000000000000000000e+00
1.000000000000000000e+00 0.000000000000000000e+00 0.000000000000000000e+00 0.000000000000000000e+00 5.859852698256762249e-01 6.694993897113861447e-02
1.000000000000000000e+00 2.104786767916930201e-01 0.000000000000000000e+00 0.000000000000000000e+00 5.809908746226039034e-01 0.000000000000000000e+00
1.000000000000000000e+00 2.073273790316814691e-01 0.000000000000000000e+00 0.000000000000000000e+00 5.825591054105161426e-01 0.000000000000000000e+00
1.000000000000000000e+00 2.381349527428629764e-01 0.000000000000000000e+00 0.000000000000000000e+00 5.654938515616164674e-01 0.000000000000000000e+00
9.264353415006730819e-01 2.596162302444995351e-01 0.000000000000000000e+00 0.000000000000000000e+00 6.083064523524993605e-01 0.000000000000000000e+00
9.326540186860763360e-01 2.585525411167498566e-01 0.000000000000000000e+00 0.000000000000000000e+00 6.081383095915126047e-01 0.000000000000000000e+00
9.524464221975577072e-01 2.509424586149267000e-01 0.000000000000000000e+00 0.000000000000000000e+00 6.033977792369312754e-01 0.000000000000000000e+00
8.255633484270187283e-01 2.700083515347289631e-01 0.000000000000000000e+00 0.000000000000000000e+00 6.678742417850557223e-01 0.000000000000000000e+00
8.304588397904787422e-01 2.839448110653929880e-01 0.000000000000000000e+00 2.979528109624831819e-02 6.666402207298257609e-01 0.000000000000000000e+00
8.194207120179315407e-01 2.743498138199234604e-01 0.000000000000000000e+00 1.671478380570687317e-02 6.618995023481007989e-01 0.000000000000000000e+00
8.286296004018494088e-01 3.133502488961732446e-01 0.000000000000000000e+00 0.000000000000000000e+00 6.713174782941117025e-01 0.000000000000000000e+00
9.863827718010197421e-01 2.793564143080707884e-01 0.000000000000000000e+00 0.000000000000000000e+00 5.854477427389944699e-01 7.969151739367624776e-01
9.975323101225057609e-01 2.438681559541073518e-01 0.000000000000000000e+00 0.000000000000000000e+00 5.731104139959526389e-01 8.240161979403151093e-01
9.995789273611206394e-01 2.301251048460947746e-01 0.000000000000000000e+00 0.000000000000000000e+00 5.694014882321196680e-01 8.289543189239639842e-01
9.284745908959983751e-01 3.219051334215832783e-01 0.000000000000000000e+00 0.000000000000000000e+00 6.056595499817728490e-01 7.224462947923092626e-01
9.255838394359828802e-01 3.238114176392238308e-01 0.000000000000000000e+00 0.000000000000000000e+00 6.042153269483966360e-01 7.271101382508183830e-01
6.956738746252160155e-01 3.920394474316913902e-01 0.000000000000000000e+00 1.023626102089736645e-01 7.685938413452407802e-01 0.000000000000000000e+00
6.668967860053404140e-01 3.937979149925759370e-01 0.000000000000000000e+00 1.059893081282384936e-01 7.660105320181833655e-01 0.000000000000000000e+00
6.371076723985631407e-01 3.967567168802256794e-01 0.000000000000000000e+00 2.142527999561752716e-01 8.268400245282286898e-01 0.000000000000000000e+00
6.128692180601700290e-01 4.138102588925789971e-01 0.000000000000000000e+00 1.711163197197670127e-01 7.762214998086961470e-01 0.000000000000000000e+00
6.612988376312011196e-01 3.802343599554364739e-01 0.000000000000000000e+00 2.925612289078509121e-01 8.421115145805329050e-01 0.000000000000000000e+00
6.685417299409298630e-01 2.866700019741180716e-01 0.000000000000000000e+00 0.000000000000000000e+00 6.054790385272448283e-01 3.649120566116904607e-01
6.665155150067786360e-01 3.259007075325857095e-01 0.000000000000000000e+00 2.641485494893545602e-02 6.437195762528397092e-01 3.584619652403839840e-01
6.723020987962823325e-01 2.976749383436203544e-01 0.000000000000000000e+00 7.253082105459798812e-02 6.278087619256830232e-01 3.824794527067860717e-01
6.526113317083646059e-01 2.813237725033365666e-01 0.000000000000000000e+00 6.350317196664534425e-02 6.008477415636197527e-01 3.893158128968879916e-01
6.473007040402926071e-01 2.706892712843485538e-01 0.000000000000000000e+00 3.538250538753481139e-02 5.852637641984438366e-01 3.677063661977365561e-01
6.677603017646591699e-01 2.690454163652452046e-01 0.000000000000000000e+00 4.269227337137262296e-02 6.017270362954237894e-01 3.880228783462099096e-01
6.667475911400687627e-01 2.733983948297622479e-01 0.000000000000000000e+00 2.867072903398443923e-02 5.967010165504887942e-01 3.958942086075813993e-01
6.638982389758745217e-01 2.793459098438544341e-01 0.000000000000000000e+00 2.073674192746091313e-02 5.934020742033216944e-01 4.012510774057516105e-01
6.883734499535105744e-01 2.763211574167668827e-01 0.000000000000000000e+00 6.817323966465961560e-02 6.442901177182558392e-01 3.853347941866319126e-01
6.778396050414373653e-01 2.865395400382850233e-01 0.000000000000000000e+00 4.096344468448145926e-02 6.428363135614280077e-01 3.833264064657438408e-01
6.882635895904887224e-01 2.880204055234600324e-01 0.000000000000000000e+00 5.902332114414964026e-02 6.569425478120755058e-01 3.707680698905057581e-01
8.216758590491815006e-01 1.788703799503421621e-01 0.000000000000000000e+00 2.671963696723393955e-01 8.017357020953429503e-01 1.181809924299308256e-01
8.282052120691368868e-01 1.774581008278803551e-01 0.000000000000000000e+00 2.771548770959643693e-01 8.188545732542654720e-01 1.035922022877268922e-01
8.226546202013995668e-01 1.656167448965047972e-01 0.000000000000000000e+00 2.990679695296252771e-01 8.167262428595358781e-01 8.043710500984498080e-02
7.608499366665656405e-01 1.993753264791511548e-01 0.000000000000000000e+00 2.104112664406627697e-01 7.443323291821263288e-01 2.013116098163149625e-01
8.325937939814060940e-01 1.769542631080908979e-01 0.000000000000000000e+00 3.057810602236015751e-01 8.412015984541428848e-01 8.581043588652273457e-02
8.055420302714306757e-01 2.081527851227246428e-01 0.000000000000000000e+00 3.376981834870970145e-01 8.709189165851646264e-01 1.035656714599449274e-01
8.618587434520748047e-01 1.715912196033597681e-01 0.000000000000000000e+00 2.476093951998636911e-01 9.131172953705789519e-01 2.714111469256757503e-01
8.480777238686317832e-01 1.819511055231801400e-01 0.000000000000000000e+00 2.272671010722646379e-01 8.983656140330649187e-01 2.977876418504815659e-01
8.354045119990467505e-01 1.786191973392169396e-01 0.000000000000000000e+00 2.162955273278430457e-01 8.835613336621918057e-01 3.209634754474380292e-01
8.490819154014830339e-01 1.693846039144150384e-01 0.000000000000000000e+00 2.187663962543780205e-01 8.874867415729708053e-01 3.190743691061034282e-01
8.194403609332089333e-01 1.910405644443743944e-01 0.000000000000000000e+00 2.224179741551750022e-01 8.888174934603221278e-01 3.577181886471420547e-01
8.351254124988295446e-01 1.752079127020792215e-01 0.000000000000000000e+00 2.756687620384981052e-01 9.299976027387504285e-01 3.070819670522880185e-01
8.296861055492348314e-01 1.790426345252933704e-01 0.000000000000000000e+00 2.465065048583444107e-01 9.029637411651083578e-01 3.292116701987267691e-01
8.663912806401232736e-01 1.557116294001645862e-01 0.000000000000000000e+00 2.921276459539807191e-01 9.328826361556996627e-01 2.936927644185909902e-01
9.070673074546533599e-01 1.189544289280928951e-01 0.000000000000000000e+00 4.196314207298198484e-01 1.000000000000000000e+00 1.882959175118614492e-01
1.000000000000000000e+00 1.522605663427571525e-02 0.000000000000000000e+00 5.499607560666224249e-01 1.000000000000000000e+00 3.604708069323140501e-02
1.000000000000000000e+00 1.590859666553788923e-02 0.000000000000000000e+00 5.552864419490541881e-01 1.000000000000000000e+00 3.042015683002538898e-02
1.000000000000000000e+00 3.683088684596075302e-02 0.000000000000000000e+00 5.337803705402078824e-01 1.000000000000000000e+00 5.369787166005738493e-02
1.000000000000000000e+00 6.607778618312246111e-02 0.000000000000000000e+00 5.263558446968419346e-01 1.000000000000000000e+00 4.434309267286307837e-02
8.347248610100101995e-01 2.407407612491696824e-01 0.000000000000000000e+00 4.005752078261577420e-01 9.704178102670362183e-01 2.290189293658198844e-01
1.000000000000000000e+00 7.188806972506528448e-02 0.000000000000000000e+00 5.400601492153856986e-01 1.000000000000000000e+00 4.197001441402829075e-02
1.000000000000000000e+00 7.216195079622227115e-02 0.000000000000000000e+00 5.414686059131439411e-01 1.000000000000000000e+00 4.007904786921946683e-02
9.697591529190533466e-01 1.236268871447609718e-01 0.000000000000000000e+00 4.908489130766534592e-01 1.000000000000000000e+00 9.578665088197066413e-02
9.493793714043158305e-01 1.540874886762950424e-01 0.000000000000000000e+00 4.776335442007790810e-01 1.000000000000000000e+00 1.168607398553365706e-01
9.492564119118555022e-01 1.528932177356758515e-01 0.000000000000000000e+00 4.764095844951035663e-01 1.000000000000000000e+00 1.192126967790844844e-01
1.000000000000000000e+00 1.588297969948218591e-01 0.000000000000000000e+00 4.945811660328888193e-01 1.000000000000000000e+00 1.009705713152066614e-01
1.000000000000000000e+00 1.485299759762925276e-01 0.000000000000000000e+00 4.869819333147012430e-01 1.000000000000000000e+00 1.115725622765342540e-01
9.501466744188153957e-01 1.970653870035998512e-01 0.000000000000000000e+00 4.184037490842896223e-01 1.000000000000000000e+00 1.950939464512295995e-01
9.700937192177384594e-01 1.753016825559962355e-01 0.000000000000000000e+00 4.328801545626375091e-01 1.000000000000000000e+00 1.758996367839321395e-01
9.743456243839135889e-01 1.709134258579297627e-01 0.000000000000000000e+00 4.176068501918482334e-01 1.000000000000000000e+00 1.910110292322156900e-01
9.698124865802143502e-01 1.674664520079757191e-01 0.000000000000000000e+00 4.183397906840948810e-01 1.000000000000000000e+00 1.881403137440758322e-01
9.107878527869758267e-01 1.868362000361379616e-01 0.000000000000000000e+00 4.460824924485847776e-01 1.000000000000000000e+00 1.711691529581401694e-01
8.893892855716228896e-01 2.123146631524693573e-01 0.000000000000000000e+00 4.341602535751832304e-01 1.000000000000000000e+00 1.783189593567684750e-01
