8.034327030181884766e-01 7.829276919364929199e-01 5.638697743415832520e-01 6.192576885223388672e-01 3.338360190391540527e-01 1.665931940078735352e-02
8.034327030181884766e-01 7.829276919364929199e-01 5.638697743415832520e-01 6.192576885223388672e-01 3.338360190391540527e-01 1.665931940078735352e-02
8.034327030181884766e-01 7.829276919364929199e-01 5.638697743415832520e-01 6.192576885223388672e-01 3.338360190391540527e-01 1.665931940078735352e-02
5.876375436782836914e-01 7.291684746742248535e-01 2.845605015754699707e-01 8.072332739830017090e-01 6.128621697425842285e-01 1.515449285507202148e-01
5.876375436782836914e-01 7.291684746742248535e-01 2.845605015754699707e-01 8.072332739830017090e-01 6.128621697425842285e-01 1.515449285507202148e-01
5.876375436782836914e-01 7.291684746742248535e-01 2.845605015754699707e-01 8.072332739830017090e-01 6.128621697425842285e-01 1.515449285507202148e-01
5.876375436782836914e-01 7.291684746742248535e-01 2.845605015754699707e-01 8.072332739830017090e-01 6.128621697425842285e-01 1.515449285507202148e-01
5.876375436782836914e-01 7.291684746742248535e-01 2.845605015754699707e-01 8.072332739830017090e-01 6.128621697425842285e-01 1.515449285507202148e-01
5.876375436782836914e-01 7.291684746742248535e-01 2.845605015754699707e-01 8.072332739830017090e-01 6.128621697425842285e-01 1.515449285507202148e-01
5.876375436782836914e-01 7.291684746742248535e-01 2.845605015754699707e-01 8.072332739830017090e-01 6.128621697425842285e-01 1.515449285507202148e-01
5.876375436782836914e-01 7.291684746742248535e-01 2.845605015754699707e-01 8.072332739830017090e-01 6.128621697425842285e-01 1.515449285507202148e-01
5.876375436782836914e-01 7.291684746742248535e-01 2.845605015754699707e-01 8.072332739830017090e-01 6.128621697425842285e-01 1.515449285507202148e-01
5.876375436782836914e-01 7.291684746742248535e-01 2.845605015754699707e-01 8.072332739830017090e-01 6.128621697425842285e-01 1.515449285507202148e-01
5.876375436782836914e-01 7.291684746742248535e-01 2.845605015754699707e-01 8.072332739830017090e-01 6.128621697425842285e-01 1.515449285507202148e-01
5.876375436782836914e-01 7.291684746742248535e-01 2.845605015754699707e-01 8.072332739830017090e-01 6.128621697425842285e-01 1.515449285507202148e-01
5.876375436782836914e-01 7.291684746742248535e-01 2.845605015754699707e-01 8.072332739830017090e-01 6.128621697425842285e-01 1.515449285507202148e-01
5.876375436782836914e-01 7.291684746742248535e-01 2.845605015754699707e-01 8.072332739830017090e-01 6.128621697425842285e-01 1.515449285507202148e-01
5.876375436782836914e-01 7.291684746742248535e-01 2.845605015754699707e-01 8.072332739830017090e-01 6.128621697425842285e-01 1.515449285507202148e-01
5.876375436782836914e-01 7.291684746742248535e-01 2.845605015754699707e-01 8.072332739830017090e-01 6.128621697425842285e-01 1.515449285507202148e-01
5.876375436782836914e-01 7.291684746742248535e-01 2.845605015754699707e-01 8.072332739830017090e-01 6.128621697425842285e-01 1.515449285507202148e-01
8.245456814765930176e-01 8.323896527290344238e-01 1.152756810188293457e-01 6.814314723014831543e-01 6.852719783782958984e-01 6.655603647232055664e-02
8.245456814765930176e-01 8.323896527290344238e-01 1.152756810188293457e-01 6.814314723014831543e-01 6.852719783782958984e-01 6.655603647232055664e-02
8.245456814765930176e-01 8.323896527290344238e-01 1.152756810188293457e-01 6.814314723014831543e-01 6.852719783782958984e-01 6.655603647232055664e-02
8.245456814765930176e-01 8.323896527290344238e-01 1.152756810188293457e-01 6.814314723014831543e-01 6.852719783782958984e-01 6.655603647232055664e-02
8.245456814765930176e-01 8.323896527290344238e-01 1.152756810188293457e-01 6.814314723014831543e-01 6.852719783782958984e-01 6.655603647232055664e-02
8.245456814765930176e-01 8.323896527290344238e-01 1.152756810188293457e-01 6.814314723014831543e-01 6.852719783782958984e-01 6.655603647232055664e-02
8.245456814765930176e-01 8.323896527290344238e-01 1.152756810188293457e-01 6.814314723014831543e-01 6.852719783782958984e-01 6.655603647232055664e-02
8.245456814765930176e-01 8.323896527290344238e-01 1.152756810188293457e-01 6.814314723014831543e-01 6.852719783782958984e-01 6.655603647232055664e-02
8.245456814765930176e-01 8.323896527290344238e-01 1.152756810188293457e-01 6.814314723014831543e-01 6.852719783782958984e-01 6.655603647232055664e-02
8.245456814765930176e-01 8.323896527290344238e-01 1.152756810188293457e-01 6.814314723014831543e-01 6.852719783782958984e-01 6.655603647232055664e-02
8.245456814765930176e-01 8.323896527290344238e-01 1.152756810188293457e-01 6.814314723014831543e-01 6.852719783782958984e-01 6.655603647232055664e-02
8.245456814765930176e-01 8.323896527290344238e-01 1.152756810188293457e-01 6.814314723014831543e-01 6.852719783782958984e-01 6.655603647232055664e-02
8.245456814765930176e-01 8.323896527290344238e-01 1.152756810188293457e-01 6.814314723014831543e-01 6.852719783782958984e-01 6.655603647232055664e-02
8.245456814765930176e-01 8.323896527290344238e-01 1.152756810188293457e-01 6.814314723014831543e-01 6.852719783782958984e-01 6.655603647232055664e-02
8.245456814765930176e-01 8.323896527290344238e-01 1.152756810188293457e-01 6.814314723014831543e-01 6.852719783782958984e-01 6.655603647232055664e-02
8.245456814765930176e-01 8.323896527290344238e-01 1.152756810188293457e-01 6.814314723014831543e-01 6.852719783782958984e-01 6.655603647232055664e-02
8.245456814765930176e-01 8.323896527290344238e-01 1.152756810188293457e-01 6.814314723014831543e-01 6.852719783782958984e-01 6.655603647232055664e-02
8.245456814765930176e-01 8.323896527290344238e-01 1.152756810188293457e-01 6.814314723014831543e-01 6.852719783782958984e-01 6.655603647232055664e-02
8.245456814765930176e-01 8.323896527290344238e-01 1.152756810188293457e-01 6.814314723014831543e-01 6.852719783782958984e-01 6.655603647232055664e-02
8.245456814765930176e-01 8.323896527290344238e-01 1.152756810188293457e-01 6.814314723014831543e-01 6.852719783782958984e-01 6.655603647232055664e-02
8.245456814765930176e-01 8.323896527290344238e-01 1.152756810188293457e-01 6.814314723014831543e-01 6.852719783782958984e-01 6.655603647232055664e-02
8.245456814765930176e-01 8.323896527290344238e-01 1.152756810188293457e-01 6.814314723014831543e-01 6.852719783782958984e-01 6.655603647232055664e-02
8.245456814765930176e-01 8.323896527290344238e-01 1.152756810188293457e-01 6.814314723014831543e-01 6.852719783782958984e-01 6.655603647232055664e-02
8.245456814765930176e-01 8.323896527290344238e-01 1.152756810188293457e-01 6.814314723014831543e-01 6.852719783782958984e-01 6.655603647232055664e-02
8.245456814765930176e-01 8.323896527290344238e-01 1.152756810188293457e-01 6.814314723014831543e-01 6.852719783782958984e-01 6.655603647232055664e-02
8.245456814765930176e-01 8.323896527290344238e-01 1.152756810188293457e-01 6.814314723014831543e-01 6.852719783782958984e-01 6.655603647232055664e-02
8.245456814765930176e-01 8.323896527290344238e-01 1.152756810188293457e-01 6.814314723014831543e-01 6.852719783782958984e-01 6.655603647232055664e-02
8.245456814765930176e-01 8.323896527290344238e-01 1.152756810188293457e-01 6.814314723014831543e-01 6.852719783782958984e-01 6.655603647232055664e-02
8.245456814765930176e-01 8.323896527290344238e-01 1.152756810188293457e-01 6.814314723014831543e-01 6.852719783782958984e-01 6.655603647232055664e-02
8.245456814765930176e-01 8.323896527290344238e-01 1.152756810188293457e-01 6.814314723014831543e-01 6.852719783782958984e-01 6.655603647232055664e-02
8.245456814765930176e-01 8.323896527290344238e-01 1.152756810188293457e-01 6.814314723014831543e-01 6.852719783782958984e-01 6.655603647232055664e-02
8.245456814765930176e-01 8.323896527290344238e-01 1.152756810188293457e-01 6.814314723014831543e-01 6.852719783782958984e-01 6.655603647232055664e-02
8.245456814765930176e-01 8.323896527290344238e-01 1.152756810188293457e-01 6.814314723014831543e-01 6.852719783782958984e-01 6.655603647232055664e-02
8.245456814765930176e-01 8.323896527290344238e-01 1.152756810188293457e-01 6.814314723014831543e-01 6.852719783782958984e-01 6.655603647232055664e-02
8.245456814765930176e-01 8.323896527290344238e-01 1.152756810188293457e-01 6.814314723014831543e-01 6.852719783782958984e-01 6.655603647232055664e-02
8.245456814765930176e-01 8.323896527290344238e-01 1.152756810188293457e-01 6.814314723014831543e-01 6.852719783782958984e-01 6.655603647232055664e-02
8.245456814765930176e-01 8.323896527290344238e-01 1.152756810188293457e-01 6.814314723014831543e-01 6.852719783782958984e-01 6.655603647232055664e-02
8.245456814765930176e-01 8.323896527290344238e-01 1.152756810188293457e-01 6.814314723014831543e-01 6.852719783782958984e-01 6.655603647232055664e-02
8.245456814765930176e-01 8.323896527290344238e-01 1.152756810188293457e-01 6.814314723014831543e-01 6.852719783782958984e-01 6.655603647232055664e-02
8.245456814765930176e-01 8.323896527290344238e-01 1.152756810188293457e-01 6.814314723014831543e-01 6.852719783782958984e-01 6.655603647232055664e-02
8.245456814765930176e-01 8.323896527290344238e-01 1.152756810188293457e-01 6.814314723014831543e-01 6.852719783782958984e-01 6.655603647232055664e-02
8.245456814765930176e-01 8.323896527290344238e-01 1.152756810188293457e-01 6.814314723014831543e-01 6.852719783782958984e-01 6.655603647232055664e-02
8.245456814765930176e-01 8.323896527290344238e-01 1.152756810188293457e-01 6.814314723014831543e-01 6.852719783782958984e-01 6.655603647232055664e-02
8.245456814765930176e-01 8.323896527290344238e-01 1.152756810188293457e-01 6.814314723014831543e-01 6.852719783782958984e-01 6.655603647232055664e-02
8.245456814765930176e-01 8.323896527290344238e-01 1.152756810188293457e-01 6.814314723014831543e-01 6.852719783782958984e-01 6.655603647232055664e-02
8.245456814765930176e-01 8.323896527290344238e-01 1.152756810188293457e-01 6.814314723014831543e-01 6.852719783782958984e-01 6.655603647232055664e-02
8.245456814765930176e-01 8.323896527290344238e-01 1.152756810188293457e-01 6.814314723014831543e-01 6.852719783782958984e-01 6.655603647232055664e-02
8.245456814765930176e-01 8.323896527290344238e-01 1.152756810188293457e-01 6.814314723014831543e-01 6.852719783782958984e-01 6.655603647232055664e-02
8.245456814765930176e-01 8.323896527290344238e-01 1.152756810188293457e-01 6.814314723014831543e-01 6.852719783782958984e-01 6.655603647232055664e-02
8.245456814765930176e-01 8.323896527290344238e-01 1.152756810188293457e-01 6.814314723014831543e-01 6.852719783782958984e-01 6.655603647232055664e-02
8.245456814765930176e-01 8.323896527290344238e-01 1.152756810188293457e-01 6.814314723014831543e-01 6.852719783782958984e-01 6.655603647232055664e-02
8.245456814765930176e-01 8.323896527290344238e-01 1.152756810188293457e-01 6.814314723014831543e-01 6.852719783782958984e-01 6.655603647232055664e-02
8.245456814765930176e-01 8.323896527290344238e-01 1.152756810188293457e-01 6.814314723014831543e-01 6.852719783782958984e-01 6.655603647232055664e-02
8.245456814765930176e-01 8.323896527290344238e-01 1.152756810188293457e-01 6.814314723014831543e-01 6.852719783782958984e-01 6.655603647232055664e-02
8.245456814765930176e-01 8.323896527290344238e-01 1.152756810188293457e-01 6.814314723014831543e-01 6.852719783782958984e-01 6.655603647232055664e-02
8.245456814765930176e-01 8.323896527290344238e-01 1.152756810188293457e-01 6.814314723014831543e-01 6.852719783782958984e-01 6.655603647232055664e-02
8.245456814765930176e-01 8.323896527290344238e-01 1.152756810188293457e-01 6.814314723014831543e-01 6.852719783782958984e-01 6.655603647232055664e-02
8.245456814765930176e-01 8.323896527290344238e-01 1.152756810188293457e-01 6.814314723014831543e-01 6.852719783782958984e-01 6.655603647232055664e-02
8.245456814765930176e-01 8.323896527290344238e-01 1.152756810188293457e-01 6.814314723014831543e-01 6.852719783782958984e-01 6.655603647232055664e-02
8.245456814765930176e-01 8.323896527290344238e-01 1.152756810188293457e-01 6.814314723014831543e-01 6.852719783782958984e-01 6.655603647232055664e-02
8.245456814765930176e-01 8.323896527290344238e-01 1.152756810188293457e-01 6.814314723014831543e-01 6.852719783782958984e-01 6.655603647232055664e-02
8.245456814765930176e-01 8.323896527290344238e-01 1.152756810188293457e-01 6.814314723014831543e-01 6.852719783782958984e-01 6.655603647232055664e-02
8.245456814765930176e-01 8.323896527290344238e-01 1.152756810188293457e-01 6.814314723014831543e-01 6.852719783782958984e-01 6.655603647232055664e-02
8.245456814765930176e-01 8.323896527290344238e-01 1.152756810188293457e-01 6.814314723014831543e-01 6.852719783782958984e-01 6.655603647232055664e-02
8.245456814765930176e-01 8.323896527290344238e-01 1.152756810188293457e-01 6.814314723014831543e-01 6.852719783782958984e-01 6.655603647232055664e-02
8.245456814765930176e-01 8.323896527290344238e-01 1.152756810188293457e-01 6.814314723014831543e-01 6.852719783782958984e-01 6.655603647232055664e-02
8.245456814765930176e-01 8.323896527290344238e-01 1.152756810188293457e-01 6.814314723014831543e-01 6.852719783782958984e-01 6.655603647232055664e-02
8.245456814765930176e-01 8.323896527290344238e-01 1.152756810188293457e-01 6.814314723014831543e-01 6.852719783782958984e-01 6.655603647232055664e-02
8.245456814765930176e-01 8.323896527290344238e-01 1.152756810188293457e-01 6.814314723014831543e-01 6.852719783782958984e-01 6.655603647232055664e-02
8.245456814765930176e-01 8.323896527290344238e-01 1.152756810188293457e-01 6.814314723014831543e-01 6.852719783782958984e-01 6.655603647232055664e-02
8.245456814765930176e-01 8.323896527290344238e-01 1.152756810188293457e-01 6.814314723014831543e-01 6.852719783782958984e-01 6.655603647232055664e-02
8.245456814765930176e-01 8.323896527290344238e-01 1.152756810188293457e-01 6.814314723014831543e-01 6.852719783782958984e-01 6.655603647232055664e-02
8.245456814765930176e-01 8.323896527290344238e-01 1.152756810188293457e-01 6.814314723014831543e-01 6.852719783782958984e-01 6.655603647232055664e-02
8.245456814765930176e-01 8.323896527290344238e-01 1.152756810188293457e-01 6.814314723014831543e-01 6.852719783782958984e-01 6.655603647232055664e-02
8.245456814765930176e-01 8.323896527290344238e-01 1.152756810188293457e-01 6.814314723014831543e-01 6.852719783782958984e-01 6.655603647232055664e-02
8.245456814765930176e-01 8.323896527290344238e-01 1.152756810188293457e-01 6.814314723014831543e-01 6.852719783782958984e-01 6.655603647232055664e-02
8.245456814765930176e-01 8.323896527290344238e-01 1.152756810188293457e-01 6.814314723014831543e-01 6.852719783782958984e-01 6.655603647232055664e-02
8.245456814765930176e-01 8.323896527290344238e-01 1.152756810188293457e-01 6.814314723014831543e-01 6.852719783782958984e-01 6.655603647232055664e-02
8.245456814765930176e-01 8.323896527290344238e-01 1.152756810188293457e-01 6.814314723014831543e-01 6.852719783782958984e-01 6.655603647232055664e-02
8.245456814765930176e-01 8.323896527290344238e-01 1.152756810188293457e-01 6.814314723014831543e-01 6.852719783782958984e-01 6.655603647232055664e-02
