8.386327028274536133e-01 1.380664110183715820e-01 6.608107686042785645e-01 1.139621734619140625e-01 1.862632036209106445e-01 3.526478409767150879e-01
2.413271665573120117e-01 8.742315769195556641e-01 6.556969285011291504e-01 3.112436532974243164e-01 2.231753468513488770e-01 6.766970157623291016e-01
8.629665374755859375e-01 7.048071026802062988e-01 6.745278835296630859e-02 7.444461584091186523e-01 9.851151704788208008e-02 8.922114372253417969e-01
4.850451946258544922e-01 6.181643605232238770e-01 9.038171768188476562e-01 4.922608733177185059e-01 7.602133750915527344e-01 9.722154140472412109e-01
5.504258871078491211e-01 3.005968332290649414e-01 6.831335425376892090e-01 9.370881319046020508e-02 5.684860348701477051e-01 8.880126476287841797e-02
8.016380667686462402e-01 9.550121426582336426e-01 5.756133794784545898e-02 4.600725173950195312e-01 8.256091475486755371e-01 7.360906600952148438e-01
3.412193059921264648e-02 2.681446671485900879e-01 7.727253437042236328e-02 6.731091141700744629e-01 2.604992985725402832e-01 7.985804677009582520e-01
9.478802680969238281e-01 8.310971260070800781e-01 9.231733679771423340e-01 9.562958478927612305e-01 9.751254320144653320e-01 6.401498913764953613e-01
8.824830055236816406e-01 5.897530317306518555e-01 8.661959171295166016e-01 8.735076785087585449e-01 3.550846576690673828e-01 6.993433237075805664e-01
1.936652660369873047e-01 8.570438623428344727e-02 3.083519935607910156e-01 9.227448701858520508e-02 5.222492814064025879e-01 2.765613198280334473e-01
9.992379546165466309e-01 1.000000000000000000e+00 9.853717684745788574e-01 9.915908575057983398e-01 0.000000000000000000e+00 1.000000000000000000e+00
1.000000000000000000e+00 1.000000000000000000e+00 2.371321199461817741e-03 2.589064836502075195e-01 1.803322732448577881e-01 5.249550938606262207e-01
9.788001179695129395e-01 5.075125694274902344e-01 1.071756035089492798e-01 0.000000000000000000e+00 2.296612411737442017e-01 7.687146663665771484e-01
1.000000000000000000e+00 9.286546111106872559e-01 3.720103800296783447e-01 9.746624827384948730e-01 5.210274457931518555e-01 9.054373502731323242e-01
6.028319597244262695e-01 5.434610843658447266e-01 5.072527527809143066e-01 1.000000000000000000e+00 2.431843876838684082e-01 7.207685708999633789e-01
9.064196944236755371e-01 4.709540307521820068e-01 1.284818351268768311e-01 9.742499589920043945e-01 8.395860195159912109e-01 9.626572728157043457e-01
1.000000000000000000e+00 7.593243718147277832e-01 5.000745654106140137e-01 9.044323563575744629e-01 4.585820436477661133e-01 7.962570786476135254e-01
1.000000000000000000e+00 1.868923753499984741e-01 5.824866294860839844e-01 5.242197513580322266e-01 1.204612106084823608e-01 8.820947408676147461e-01
1.000000000000000000e+00 1.000000000000000000e+00 4.684663116931915283e-01 6.263610124588012695e-01 5.094429850578308105e-01 6.092270016670227051e-01
9.909061789512634277e-01 1.000000000000000000e+00 3.830309510231018066e-01 8.850991725921630859e-01 1.598531007766723633e-01 7.920994758605957031e-01
9.199922084808349609e-01 1.448294967412948608e-01 5.210514664649963379e-01 8.585703969001770020e-01 1.000000000000000000e+00 6.123017072677612305e-01
1.058459132909774780e-01 8.673177361488342285e-01 4.514812827110290527e-01 5.879063010215759277e-01 9.484109878540039062e-01 6.987999081611633301e-01
8.863404989242553711e-01 9.110715240240097046e-02 1.129930373281240463e-02 9.313160181045532227e-01 3.176752924919128418e-01 9.646023511886596680e-01
6.197604537010192871e-01 4.319448173046112061e-01 1.211609244346618652e-01 6.171562671661376953e-01 9.018140435218811035e-01 9.838484972715377808e-02
9.094094634056091309e-01 1.732905954122543335e-01 2.231551706790924072e-01 8.266990780830383301e-01 0.000000000000000000e+00 9.737477898597717285e-01
8.020991086959838867e-01 8.116706013679504395e-01 6.326105594635009766e-01 0.000000000000000000e+00 4.449694156646728516e-01 8.968752622604370117e-01
2.948538064956665039e-01 2.801135182380676270e-01 3.236277401447296143e-02 7.006738334894180298e-02 4.557686299085617065e-02 9.238746762275695801e-01
0.000000000000000000e+00 7.284644246101379395e-01 7.718136310577392578e-01 1.000000000000000000e+00 3.410281538963317871e-01 1.474934164434671402e-02
1.709947735071182251e-01 9.488860964775085449e-01 6.555727720260620117e-01 9.528954029083251953e-01 3.037219643592834473e-01 9.691771864891052246e-01
9.411517977714538574e-01 1.085408180952072144e-01 5.505623817443847656e-01 9.092544913291931152e-01 6.481840014457702637e-01 7.657111883163452148e-01
3.827236592769622803e-02 8.084294795989990234e-01 4.660373330116271973e-01 7.311215400695800781e-01 9.354717731475830078e-01 6.623393893241882324e-01
1.043011918663978577e-01 3.507756590843200684e-01 8.324071168899536133e-01 2.169558554887771606e-01 1.907611265778541565e-02 9.832967519760131836e-01
9.880406856536865234e-01 7.377552390098571777e-01 2.805048786103725433e-02 9.490253329277038574e-01 8.059855103492736816e-01 4.970156252384185791e-01
5.486580356955528259e-02 4.024227261543273926e-01 9.790096282958984375e-01 0.000000000000000000e+00 1.672835797071456909e-01 9.765222072601318359e-01
1.908514499664306641e-01 3.309049904346466064e-01 9.869600534439086914e-01 3.033420443534851074e-01 9.729927778244018555e-02 9.388591051101684570e-01
2.572211921215057373e-01 3.168230056762695312e-01 3.468765914440155029e-01 7.606517523527145386e-02 2.690018154680728912e-03 9.606199860572814941e-01
1.931864470243453979e-01 8.057615160942077637e-02 9.127375483512878418e-01 9.706276655197143555e-02 7.091910392045974731e-02 4.649091660976409912e-01
1.869792342185974121e-01 4.499885812401771545e-02 9.995189905166625977e-01 1.633852422237396240e-01 1.077186614274978638e-01 3.608523011207580566e-01
1.000000000000000000e+00 7.403491139411926270e-01 2.795083820819854736e-01 9.781721234321594238e-01 9.930073022842407227e-01 5.595744848251342773e-01
3.120700120925903320e-01 5.149265527725219727e-01 8.742871880531311035e-01 3.671876788139343262e-01 9.956110268831253052e-02 9.185936450958251953e-01
5.964422821998596191e-01 5.070194602012634277e-01 7.583187818527221680e-01 2.666056342422962189e-02 5.874681286513805389e-03 9.954170584678649902e-01
8.104667812585830688e-02 3.020586967468261719e-01 8.502647280693054199e-01 3.649456501007080078e-01 1.984599381685256958e-01 8.928317427635192871e-01
3.116773366928100586e-01 6.857122778892517090e-01 1.000000000000000000e+00 3.111029863357543945e-01 3.541627153754234314e-02 9.722821712493896484e-01
3.685218691825866699e-01 7.339423298835754395e-01 8.847064375877380371e-01 4.353330433368682861e-01 1.445605307817459106e-01 1.000000000000000000e+00
5.450286865234375000e-01 5.611595511436462402e-01 7.731020450592041016e-01 2.887358367443084717e-01 0.000000000000000000e+00 8.795636892318725586e-01
5.305415987968444824e-01 5.293467044830322266e-01 6.526820659637451172e-01 4.485228657722473145e-01 2.680049045011401176e-03 1.000000000000000000e+00
4.026398360729217529e-01 5.326722264289855957e-01 1.000000000000000000e+00 1.293111741542816162e-01 2.362015424296259880e-03 7.652766704559326172e-01
5.557084083557128906e-01 5.874547362327575684e-01 8.822684288024902344e-01 1.106532216072082520e-01 7.349179685115814209e-02 5.176143646240234375e-01
4.622679352760314941e-01 3.088647127151489258e-01 1.000000000000000000e+00 5.009555071592330933e-02 4.768927581608295441e-03 1.000000000000000000e+00
9.323346614837646484e-01 9.319677948951721191e-01 1.000000000000000000e+00 7.116626501083374023e-01 6.847734451293945312e-01 5.746805667877197266e-01
3.698577284812927246e-01 6.180076599121093750e-01 9.068703055381774902e-01 3.434535562992095947e-01 0.000000000000000000e+00 4.528589844703674316e-01
1.875764131546020508e-01 1.593132317066192627e-01 6.088983416557312012e-01 9.258354306221008301e-01 9.186528325080871582e-01 1.327647417783737183e-01
3.997949659824371338e-01 6.303081512451171875e-01 8.489674329757690430e-01 5.582996606826782227e-01 2.219641394913196564e-02 9.801419451832771301e-03
9.964627027511596680e-01 9.979466199874877930e-01 1.938567161560058594e-01 4.497988224029541016e-01 2.928836047649383545e-01 5.642770528793334961e-01
7.029779553413391113e-01 9.889522790908813477e-01 3.689528107643127441e-01 9.964589476585388184e-01 6.649190187454223633e-01 6.022082567214965820e-01
5.998982787132263184e-01 2.824061550199985504e-02 7.020820379257202148e-01 0.000000000000000000e+00 1.212066784501075745e-01 8.899511694908142090e-01
6.359426975250244141e-01 8.053522706031799316e-01 1.000000000000000000e+00 6.152954101562500000e-01 8.188427239656448364e-02 9.673677682876586914e-01
2.414005696773529053e-01 2.807866036891937256e-01 8.752788603305816650e-02 7.459608912467956543e-01 2.765885889530181885e-01 8.263248205184936523e-01
1.000000000000000000e+00 6.144058704376220703e-01 7.832033634185791016e-01 0.000000000000000000e+00 1.681440323591232300e-02 9.184767603874206543e-01
3.691654205322265625e-01 2.845513522624969482e-01 5.846773982048034668e-01 6.289027929306030273e-01 2.297532856464385986e-01 8.378978371620178223e-01
9.150814265012741089e-02 6.090072989463806152e-01 1.000000000000000000e+00 0.000000000000000000e+00 3.197726309299468994e-01 6.962820291519165039e-01
6.206637024879455566e-01 1.559722870588302612e-01 9.158589243888854980e-01 1.625417619943618774e-01 7.569889724254608154e-02 3.559596538543701172e-01
9.227236509323120117e-01 0.000000000000000000e+00 1.152498498558998108e-01 0.000000000000000000e+00 3.070799112319946289e-01 8.029738068580627441e-01
8.825012445449829102e-01 5.938178896903991699e-01 8.353020995855331421e-02 1.884150952100753784e-01 9.318442940711975098e-01 5.600569844245910645e-01
4.186187684535980225e-01 1.000000000000000000e+00 9.295371770858764648e-01 3.558918833732604980e-01 4.184863716363906860e-02 2.956837713718414307e-01
3.510068655014038086e-01 9.065497517585754395e-01 9.713870882987976074e-01 7.499574422836303711e-01 1.930786967277526855e-01 9.364776611328125000e-01
6.087619438767433167e-02 7.195804119110107422e-01 7.824549674987792969e-01 8.046496510505676270e-01 3.082791268825531006e-01 7.464735954999923706e-02
5.618562102317810059e-01 1.563277691602706909e-01 6.534974575042724609e-01 2.266754508018493652e-01 1.764992922544479370e-01 8.720744252204895020e-01
8.901877403259277344e-01 1.705581694841384888e-01 5.257646441459655762e-01 6.540532112121582031e-01 9.756188988685607910e-01 6.016523241996765137e-01
6.034544110298156738e-01 5.793200135231018066e-01 1.000000000000000000e+00 8.857005089521408081e-02 0.000000000000000000e+00 9.444834589958190918e-01
2.106311768293380737e-01 6.617383360862731934e-01 7.879947423934936523e-01 3.679958581924438477e-01 3.235276043415069580e-01 1.572903841733932495e-01
3.998572826385498047e-01 6.783864498138427734e-01 9.420674443244934082e-01 1.636475473642349243e-01 0.000000000000000000e+00 1.000000000000000000e+00
7.281847596168518066e-01 0.000000000000000000e+00 8.747434616088867188e-01 4.543785750865936279e-01 7.378122955560684204e-02 1.398014724254608154e-01
8.863758444786071777e-01 1.148132979869842529e-01 1.233382672071456909e-01 6.419119834899902344e-01 1.018088981509208679e-01 5.694781541824340820e-01
5.204949975013732910e-01 3.026349544525146484e-01 8.531678318977355957e-01 5.342831611633300781e-01 3.429800271987915039e-02 6.138297170400619507e-02
6.171577572822570801e-01 9.948055744171142578e-01 9.134089350700378418e-01 1.865456998348236084e-01 4.210745543241500854e-02 9.473425149917602539e-01
4.898402690887451172e-01 6.221076250076293945e-01 4.625279307365417480e-01 5.976809859275817871e-01 7.569476217031478882e-02 9.030843973159790039e-01
0.000000000000000000e+00 7.886402010917663574e-01 8.621376752853393555e-01 3.617644906044006348e-01 9.151474386453628540e-02 8.741004467010498047e-01
1.000000000000000000e+00 7.246209979057312012e-01 6.303149461746215820e-01 3.172483444213867188e-01 2.810344398021697998e-01 8.514392971992492676e-01
1.000000000000000000e+00 3.724626004695892334e-01 8.439849615097045898e-01 1.268452554941177368e-01 1.223831847310066223e-01 2.970457673072814941e-01
6.383222341537475586e-02 2.104034721851348877e-01 8.563363552093505859e-01 3.687678873538970947e-01 1.739758402109146118e-01 1.000000000000000000e+00
0.000000000000000000e+00 7.797391712665557861e-02 2.854479849338531494e-01 7.648324221372604370e-02 5.415065884590148926e-01 2.466168403625488281e-01
9.643951058387756348e-01 9.845882654190063477e-01 7.030322402715682983e-02 7.710252404212951660e-01 9.698001742362976074e-01 1.506915241479873657e-01
3.626299798488616943e-01 5.763973593711853027e-01 8.174842000007629395e-01 0.000000000000000000e+00 2.151453942060470581e-01 3.944030702114105225e-01
2.190303206443786621e-01 3.181734979152679443e-01 1.588650345802307129e-01 5.159890055656433105e-01 8.394772410392761230e-01 4.297926649451255798e-02
0.000000000000000000e+00 2.339748889207839966e-01 8.311138749122619629e-01 1.000000000000000000e+00 1.323888599872589111e-01 9.418732523918151855e-01
1.851895749568939209e-01 7.735989689826965332e-01 7.311779260635375977e-01 5.815902352333068848e-01 1.018386706709861755e-01 9.998881220817565918e-01
0.000000000000000000e+00 4.308021068572998047e-01 7.883511185646057129e-01 4.020267426967620850e-01 7.741447687149047852e-01 9.502986073493957520e-01
9.950996190309524536e-02 6.350611150264739990e-02 3.543041348457336426e-01 2.901619076728820801e-01 8.979105353355407715e-01 9.954754114151000977e-01
4.212237298488616943e-01 3.904452919960021973e-01 1.000000000000000000e+00 2.710927128791809082e-01 0.000000000000000000e+00 9.379697442054748535e-01
9.977145493030548096e-02 8.727698922157287598e-01 8.163587749004364014e-02 1.140679717063903809e-01 6.569386720657348633e-01 8.901443481445312500e-01
3.891981542110443115e-01 5.043810606002807617e-01 9.874917864799499512e-01 0.000000000000000000e+00 0.000000000000000000e+00 8.915845155715942383e-01
0.000000000000000000e+00 8.700116872787475586e-01 7.165328860282897949e-01 1.000000000000000000e+00 2.754322886466979980e-01 6.879640817642211914e-01
4.313598200678825378e-02 8.270216733217239380e-02 3.116861283779144287e-01 8.542819023132324219e-01 9.600872397422790527e-01 9.402460455894470215e-01
3.494865819811820984e-02 1.425429806113243103e-02 1.300673838704824448e-02 3.654570877552032471e-01 9.087340235710144043e-01 6.774985194206237793e-01
7.619102001190185547e-01 9.382435679435729980e-01 4.583827406167984009e-02 0.000000000000000000e+00 8.775854110717773438e-01 6.741212606430053711e-01
2.767167687416076660e-01 1.259882748126983643e-01 3.365782201290130615e-01 4.758853912353515625e-01 7.645591497421264648e-01 9.525854587554931641e-01
4.869112372398376465e-01 2.747475504875183105e-01 1.996943205595016479e-01 1.063481941819190979e-01 5.904272198677062988e-01 0.000000000000000000e+00
2.645426988601684570e-01 1.001385822892189026e-01 9.558882713317871094e-01 8.638886362314224243e-02 7.298702001571655273e-02 7.493902444839477539e-01
9.297691583633422852e-01 8.389564752578735352e-01 2.233047224581241608e-02 0.000000000000000000e+00 9.562394022941589355e-01 9.402963519096374512e-02
2.010596245527267456e-01 2.983017265796661377e-01 9.342809915542602539e-01 1.000000000000000000e+00 0.000000000000000000e+00 8.117386698722839355e-01
9.217053055763244629e-01 5.302567481994628906e-01 9.344149827957153320e-01 8.231360316276550293e-01 8.075650930404663086e-01 0.000000000000000000e+00
6.845825314521789551e-01 4.947565495967864990e-01 1.223716512322425842e-01 1.000000000000000000e+00 9.446179270744323730e-01 8.482812345027923584e-02
8.610691428184509277e-01 1.894153207540512085e-01 5.810162425041198730e-01 0.000000000000000000e+00 9.740171432495117188e-01 6.652982831001281738e-01
4.352779090404510498e-01 0.000000000000000000e+00 9.901237487792968750e-01 3.234752714633941650e-01 1.203244458884000778e-02 8.962715268135070801e-01
1.115374043583869934e-01 4.050462692975997925e-02 1.420256793498992920e-01 4.733058214187622070e-01 9.369608759880065918e-01 5.685058236122131348e-01
9.152479767799377441e-01 7.518804073333740234e-02 8.151960372924804688e-02 7.725479602813720703e-01 9.359207153320312500e-01 8.584631979465484619e-02
8.738912642002105713e-02 6.658516079187393188e-02 9.776821732521057129e-01 1.704164594411849976e-01 9.400089383125305176e-01 8.619925975799560547e-01
5.742107629776000977e-01 9.531382322311401367e-01 9.245440959930419922e-01 0.000000000000000000e+00 1.619505882263183594e-02 9.440247416496276855e-01
6.747710108757019043e-01 1.373207196593284607e-02 8.580713272094726562e-01 1.000000000000000000e+00 4.628604277968406677e-02 0.000000000000000000e+00
