8.016380667686462402e-01 9.550121426582336426e-01 5.756133794784545898e-02 4.600725173950195312e-01 8.256091475486755371e-01 7.360906600952148438e-01
8.016380667686462402e-01 9.550121426582336426e-01 5.756133794784545898e-02 4.600725173950195312e-01 8.256091475486755371e-01 7.360906600952148438e-01
8.016380667686462402e-01 9.550121426582336426e-01 5.756133794784545898e-02 4.600725173950195312e-01 8.256091475486755371e-01 7.360906600952148438e-01
8.668631404225279891e-01 5.181002189989057927e-01 3.982749611317427108e-01 8.623384860472500524e-01 2.986769826100509895e-01 9.148584870413741799e-01
8.668631404225279891e-01 5.181002189989057927e-01 3.982749611317427108e-01 8.623384860472500524e-01 2.986769826100509895e-01 9.148584870413741799e-01
8.668631404225279891e-01 5.181002189989057927e-01 3.982749611317427108e-01 8.623384860472500524e-01 2.986769826100509895e-01 9.148584870413741799e-01
8.668631404225279891e-01 5.181002189989057927e-01 3.982749611317427108e-01 8.623384860472500524e-01 2.986769826100509895e-01 9.148584870413741799e-01
8.668631404225279891e-01 5.181002189989057927e-01 3.982749611317427108e-01 8.623384860472500524e-01 2.986769826100509895e-01 9.148584870413741799e-01
8.668631404225279891e-01 5.181002189989057927e-01 3.982749611317427108e-01 8.623384860472500524e-01 2.986769826100509895e-01 9.148584870413741799e-01
8.668631404225279891e-01 5.181002189989057927e-01 3.982749611317427108e-01 8.623384860472500524e-01 2.986769826100509895e-01 9.148584870413741799e-01
8.668631404225279891e-01 5.181002189989057927e-01 3.982749611317427108e-01 8.623384860472500524e-01 2.986769826100509895e-01 9.148584870413741799e-01
8.668631404225279891e-01 5.181002189989057927e-01 3.982749611317427108e-01 8.623384860472500524e-01 2.986769826100509895e-01 9.148584870413741799e-01
8.668631404225279891e-01 5.181002189989057927e-01 3.982749611317427108e-01 8.623384860472500524e-01 2.986769826100509895e-01 9.148584870413741799e-01
8.668631404225279891e-01 5.181002189989057927e-01 3.982749611317427108e-01 8.623384860472500524e-01 2.986769826100509895e-01 9.148584870413741799e-01
8.668631404225279891e-01 5.181002189989057927e-01 3.982749611317427108e-01 8.623384860472500524e-01 2.986769826100509895e-01 9.148584870413741799e-01
1.000000000000000000e+00 9.855250559970313295e-01 1.605462862424556283e-02 9.932771338926356108e-01 9.834474159743624710e-01 5.541985578723672701e-01
1.000000000000000000e+00 9.855250559970313295e-01 1.605462862424556283e-02 9.932771338926356108e-01 9.834474159743624710e-01 5.541985578723672701e-01
1.000000000000000000e+00 9.855250559970313295e-01 1.605462862424556283e-02 9.932771338926356108e-01 9.834474159743624710e-01 5.541985578723672701e-01
1.000000000000000000e+00 9.855250559970313295e-01 1.605462862424556283e-02 9.932771338926356108e-01 9.834474159743624710e-01 5.541985578723672701e-01
1.000000000000000000e+00 9.855250559970313295e-01 1.605462862424556283e-02 9.932771338926356108e-01 9.834474159743624710e-01 5.541985578723672701e-01
1.000000000000000000e+00 9.855250559970313295e-01 1.605462862424556283e-02 9.932771338926356108e-01 9.834474159743624710e-01 5.541985578723672701e-01
1.000000000000000000e+00 9.855250559970313295e-01 1.605462862424556283e-02 9.932771338926356108e-01 9.834474159743624710e-01 5.541985578723672701e-01
1.000000000000000000e+00 9.855250559970313295e-01 1.605462862424556283e-02 9.932771338926356108e-01 9.834474159743624710e-01 5.541985578723672701e-01
1.000000000000000000e+00 9.855250559970313295e-01 1.605462862424556283e-02 9.932771338926356108e-01 9.834474159743624710e-01 5.541985578723672701e-01
1.000000000000000000e+00 9.855250559970313295e-01 1.605462862424556283e-02 9.932771338926356108e-01 9.834474159743624710e-01 5.541985578723672701e-01
1.000000000000000000e+00 9.855250559970313295e-01 1.605462862424556283e-02 9.932771338926356108e-01 9.834474159743624710e-01 5.541985578723672701e-01
1.000000000000000000e+00 9.855250559970313295e-01 1.605462862424556283e-02 9.932771338926356108e-01 9.834474159743624710e-01 5.541985578723672701e-01
1.000000000000000000e+00 9.855250559970313295e-01 1.605462862424556283e-02 9.932771338926356108e-01 9.834474159743624710e-01 5.541985578723672701e-01
1.000000000000000000e+00 9.855250559970313295e-01 1.605462862424556283e-02 9.932771338926356108e-01 9.834474159743624710e-01 5.541985578723672701e-01
1.000000000000000000e+00 9.855250559970313295e-01 1.605462862424556283e-02 9.932771338926356108e-01 9.834474159743624710e-01 5.541985578723672701e-01
5.002914934637590072e-01 6.744930606234189607e-01 9.375217926998332674e-01 8.051943885150406044e-02 6.445193639820440135e-02 8.480861714312226685e-01
5.002914934637590072e-01 6.744930606234189607e-01 9.375217926998332674e-01 8.051943885150406044e-02 6.445193639820440135e-02 8.480861714312226685e-01
5.002914934637590072e-01 6.744930606234189607e-01 9.375217926998332674e-01 8.051943885150406044e-02 6.445193639820440135e-02 8.480861714312226685e-01
5.002914934637590072e-01 6.744930606234189607e-01 9.375217926998332674e-01 8.051943885150406044e-02 6.445193639820440135e-02 8.480861714312226685e-01
4.747894787784745496e-01 5.835263587561941856e-01 9.890119213567070133e-01 0.000000000000000000e+00 5.228223265605132231e-03 9.887086194320781063e-01
4.747894787784745496e-01 5.835263587561941856e-01 9.890119213567070133e-01 0.000000000000000000e+00 5.228223265605132231e-03 9.887086194320781063e-01
4.747894787784745496e-01 5.835263587561941856e-01 9.890119213567070133e-01 0.000000000000000000e+00 5.228223265605132231e-03 9.887086194320781063e-01
4.747894787784745496e-01 5.835263587561941856e-01 9.890119213567070133e-01 0.000000000000000000e+00 5.228223265605132231e-03 9.887086194320781063e-01
4.747894787784745496e-01 5.835263587561941856e-01 9.890119213567070133e-01 0.000000000000000000e+00 5.228223265605132231e-03 9.887086194320781063e-01
4.747894787784745496e-01 5.835263587561941856e-01 9.890119213567070133e-01 0.000000000000000000e+00 5.228223265605132231e-03 9.887086194320781063e-01
4.747894787784745496e-01 5.835263587561941856e-01 9.890119213567070133e-01 0.000000000000000000e+00 5.228223265605132231e-03 9.887086194320781063e-01
3.298671034983985395e-01 5.091130552183347202e-01 7.368279530726966620e-01 3.496208651177960536e-01 1.158737941920764611e-02 9.745515070600200280e-01
4.209497131634319933e-01 4.957797099794020723e-01 7.541829770894910023e-01 1.853811814279527903e-01 1.118066136803660873e-03 9.332258247536557860e-01
4.209497131634319933e-01 4.957797099794020723e-01 7.541829770894910023e-01 1.853811814279527903e-01 1.118066136803660873e-03 9.332258247536557860e-01
4.209497131634319933e-01 4.957797099794020723e-01 7.541829770894910023e-01 1.853811814279527903e-01 1.118066136803660873e-03 9.332258247536557860e-01
4.209497131634319933e-01 4.957797099794020723e-01 7.541829770894910023e-01 1.853811814279527903e-01 1.118066136803660873e-03 9.332258247536557860e-01
4.209497131634319933e-01 4.957797099794020723e-01 7.541829770894910023e-01 1.853811814279527903e-01 1.118066136803660873e-03 9.332258247536557860e-01
4.209497131634319933e-01 4.957797099794020723e-01 7.541829770894910023e-01 1.853811814279527903e-01 1.118066136803660873e-03 9.332258247536557860e-01
4.209497131634319933e-01 4.957797099794020723e-01 7.541829770894910023e-01 1.853811814279527903e-01 1.118066136803660873e-03 9.332258247536557860e-01
4.209497131634319933e-01 4.957797099794020723e-01 7.541829770894910023e-01 1.853811814279527903e-01 1.118066136803660873e-03 9.332258247536557860e-01
