-1.638452891580684634e+00
-2.051308616108693972e+00
-2.294721204206363385e+00
-3.647193920839724157e+00
-2.490683897614736519e+00
-1.853516354850332393e+00
-1.921850665341433340e+00
-6.637789652726362455e-01
-2.927819700724283436e+00
-2.957856610516962359e+00
-2.924320049734655758e+00
-2.785938153077484269e+00
-3.451590525668156051e+00
-3.544830262296437162e+00
-3.987267344492025689e+00
-3.684127271818832927e+00
-3.601369158006869853e+00
-3.572105279960252400e+00
-1.923925835995745626e+00
-1.871912151292438153e+00
-1.975184415597067700e+00
-1.959604690481872025e+00
-1.463693240263979511e+00
-3.209145483052464609e+00
-3.238208121395055095e+00
-3.184136678037982726e+00
-3.180706943614284743e+00
-3.174409419891081718e+00
-3.180447640605970960e+00
-3.213228265422459096e+00
-3.277127406237120955e+00
-1.523558725547935699e+00
-2.954309907357694165e+00
-2.374125901137347228e+00
-2.461649258603237911e+00
-2.448677365690491659e+00
-2.448314833405464963e+00
-2.426080720513498434e+00
-2.409703443203072393e+00
-2.396019385238653321e+00
-2.446819379953708129e+00
-2.446263240761942459e+00
-2.430023059868619661e+00
-2.114186805245744427e+00
-1.969330408768233065e+00
-1.966148513059829073e+00
-2.101987588594182110e+00
-2.129367451434365233e+00
-9.189689668930282052e-01
-2.170957956224192742e+00
