6.234908103942871094e-01 1.185315251350402832e-01 9.196561574935913086e-02 4.838706254959106445e-01 9.064504504203796387e-01 7.109549641609191895e-01
7.734922766685485840e-01 5.686136484146118164e-01 4.861017465591430664e-01 5.859017372131347656e-03 4.095770716667175293e-01 3.799238801002502441e-01
7.365345954895019531e-01 9.761812686920166016e-01 8.538381457328796387e-01 4.259931445121765137e-01 1.116620898246765137e-01 2.043373584747314453e-01
7.354263663291931152e-01 2.517753839492797852e-01 9.631137847900390625e-01 5.315079689025878906e-01 6.673578619956970215e-01 9.967820048332214355e-01
8.675630092620849609e-01 7.195406556129455566e-01 4.976484179496765137e-01 3.033884763717651367e-01 8.589406609535217285e-01 1.509211659431457520e-01
7.664148211479187012e-01 2.042189240455627441e-01 7.770611643791198730e-01 3.853482007980346680e-01 4.076358675956726074e-01 1.919719576835632324e-01
5.304698944091796875e-01 6.157922148704528809e-01 1.051495671272277832e-01 2.364993095397949219e-01 8.729392290115356445e-02 8.087143898010253906e-01
3.184146881103515625e-01 3.250603675842285156e-01 4.521402716636657715e-01 2.476476430892944336e-01 5.050915479660034180e-02 8.600302934646606445e-01
5.659040808677673340e-01 5.983930230140686035e-01 4.073237776756286621e-01 1.029747128486633301e-01 6.399131417274475098e-01 8.081889152526855469e-01
7.344484329223632812e-03 7.289469242095947266e-03 1.819637417793273926e-01 1.261066198348999023e-01 1.264280080795288086e-02 8.847849965095520020e-01
2.917148470878601074e-01 3.683781027793884277e-01 3.053758144378662109e-01 9.440241456031799316e-01 5.887328982353210449e-01 3.114221692085266113e-01
6.831298470497131348e-01 4.606537818908691406e-01 3.817444443702697754e-01 6.379726529121398926e-01 7.265007495880126953e-02 5.225562453269958496e-01
7.355397343635559082e-01 5.126409530639648438e-01 4.928700923919677734e-01 3.748384118080139160e-01 8.196532726287841797e-03 3.097724914550781250e-01
9.577196836471557617e-01 6.396441459655761719e-01 2.177560925483703613e-01 6.512660980224609375e-01 4.540310502052307129e-01 7.543662786483764648e-01
5.633299946784973145e-01 7.980554103851318359e-01 2.115999460220336914e-01 1.922556161880493164e-01 8.119690418243408203e-01 5.944979190826416016e-02
4.421676993370056152e-01 4.834919571876525879e-01 6.524122953414916992e-01 3.098362684249877930e-01 8.298629522323608398e-01 9.328722953796386719e-03
6.611590385437011719e-01 3.884323239326477051e-01 4.361418485641479492e-01 7.901837229728698730e-01 3.885161876678466797e-01 6.185701489448547363e-01
8.232188820838928223e-01 2.125785350799560547e-01 9.906285405158996582e-01 1.160617470741271973e-01 4.732150435447692871e-01 8.818919062614440918e-01
2.513138651847839355e-01 8.527463078498840332e-01 3.989768624305725098e-01 1.900351047515869141e-02 8.239489793777465820e-01 5.918741226196289062e-04
1.698519587516784668e-01 8.874626755714416504e-01 8.582144379615783691e-01 7.891678214073181152e-01 4.490518569946289062e-01 2.244456410408020020e-01
7.579189538955688477e-02 3.820790052413940430e-01 1.343231201171875000e-01 4.295168519020080566e-01 5.595857501029968262e-01 9.649241566658020020e-01
1.184586286544799805e-01 2.612743973731994629e-01 5.264685153961181641e-01 7.201607227325439453e-01 5.049263834953308105e-01 5.857231020927429199e-01
5.894089937210083008e-01 4.899876713752746582e-01 2.379034161567687988e-01 3.072023987770080566e-01 9.541046619415283203e-02 3.714365363121032715e-01
3.241137266159057617e-01 1.935434937477111816e-01 1.528626680374145508e-01 6.268456578254699707e-01 6.198918819427490234e-02 3.439847826957702637e-01
5.342985391616821289e-01 8.787332773208618164e-01 3.636024594306945801e-01 7.560290098190307617e-01 1.633517742156982422e-01 1.391236186027526855e-01
1.135574579238891602e-01 5.843554139137268066e-01 8.307587504386901855e-01 4.854037761688232422e-01 8.891659975051879883e-01 8.555411696434020996e-01
6.115522384643554688e-01 6.679736375808715820e-01 1.121322512626647949e-01 9.817531704902648926e-01 6.318565607070922852e-01 1.101441979408264160e-01
2.441396713256835938e-01 4.366229176521301270e-01 1.252477765083312988e-01 9.081916809082031250e-01 2.348830103874206543e-01 8.046888113021850586e-01
5.820091962814331055e-01 8.557719588279724121e-01 5.983736515045166016e-01 4.292109012603759766e-01 6.681653857231140137e-01 8.988664746284484863e-01
5.757448673248291016e-01 1.639847159385681152e-01 7.139353156089782715e-01 5.475863218307495117e-01 5.588790774345397949e-01 8.007472753524780273e-01
2.518233656883239746e-01 1.319806575775146484e-01 9.532663226127624512e-01 4.183852672576904297e-01 8.315318226814270020e-01 3.668254613876342773e-02
8.091999292373657227e-01 3.629487156867980957e-01 3.405483365058898926e-01 9.653437137603759766e-01 6.339496970176696777e-01 1.355640888214111328e-01
1.354224681854248047e-01 9.764876961708068848e-01 8.047152757644653320e-01 5.721224546432495117e-01 1.259979605674743652e-01 1.479870676994323730e-01
1.147002577781677246e-01 2.844483256340026855e-01 1.048514246940612793e-01 6.333842277526855469e-01 7.110710740089416504e-01 9.772469997406005859e-01
6.842850446701049805e-01 3.676095604896545410e-01 9.083387851715087891e-01 4.474962353706359863e-01 6.205121278762817383e-01 4.677618145942687988e-01
8.371698260307312012e-01 6.811678409576416016e-01 5.927979946136474609e-01 8.875778317451477051e-01 7.034448981285095215e-01 4.839754104614257812e-01
7.751024365425109863e-01 9.503797888755798340e-01 4.920494556427001953e-02 7.091011404991149902e-01 8.939803242683410645e-01 6.827067732810974121e-01
5.000379681587219238e-01 9.062700867652893066e-01 3.128355145454406738e-01 1.227964162826538086e-01 6.922034025192260742e-01 5.977639555931091309e-01
5.106923580169677734e-01 7.547974586486816406e-02 5.588304996490478516e-02 8.140693306922912598e-01 3.070101737976074219e-01 8.885101675987243652e-01
4.352625608444213867e-01 1.443523764610290527e-01 9.900440573692321777e-01 6.475936174392700195e-01 2.568246126174926758e-01 2.575899362564086914e-01
6.773839592933654785e-01 7.369025349617004395e-01 8.172192573547363281e-01 9.233983755111694336e-01 6.404559016227722168e-01 9.373579621315002441e-01
3.220919966697692871e-01 5.124372839927673340e-01 6.013823151588439941e-01 4.467384815216064453e-01 4.847059845924377441e-01 5.773544311523437500e-03
5.272743105888366699e-01 3.172864317893981934e-01 4.446908831596374512e-01 2.482599020004272461e-02 9.556261301040649414e-01 3.305718898773193359e-01
2.843706011772155762e-01 8.089950084686279297e-01 4.962763786315917969e-01 4.295004010200500488e-01 7.893548607826232910e-01 9.275082349777221680e-01
6.920205354690551758e-01 2.529389858245849609e-01 9.612689018249511719e-01 4.731224775314331055e-01 9.040018320083618164e-01 7.068946957588195801e-01
1.090587973594665527e-01 5.652305483818054199e-01 1.300564408302307129e-01 6.802967786788940430e-01 8.345319628715515137e-01 6.831860542297363281e-02
5.866227149963378906e-01 7.386596202850341797e-01 2.656348943710327148e-01 4.236400723457336426e-01 7.498437762260437012e-01 4.825532436370849609e-03
8.352470397949218750e-02 3.872833251953125000e-01 7.670951485633850098e-01 5.108452439308166504e-01 1.145767569541931152e-01 3.915705680847167969e-01
4.673469066619873047e-01 4.051589965820312500e-02 5.889413952827453613e-01 3.227569460868835449e-01 6.865985393524169922e-01 5.861004590988159180e-01
4.099712371826171875e-01 1.105070114135742188e-04 7.379000186920166016e-01 7.589805126190185547e-02 9.451668858528137207e-01 3.630331158638000488e-01
9.875009059906005859e-01 2.636498212814331055e-01 8.228769898414611816e-01 4.543419480323791504e-01 1.496304869651794434e-01 9.385157227516174316e-01
4.393936395645141602e-01 9.441882371902465820e-01 1.833623647689819336e-01 3.170770406723022461e-02 1.336654424667358398e-01 2.945515513420104980e-01
1.026133894920349121e-01 5.311795473098754883e-01 1.731768846511840820e-01 4.627758264541625977e-01 9.850498437881469727e-01 1.946563720703125000e-01
3.257905244827270508e-01 8.253021240234375000e-01 1.289355158805847168e-01 3.602204322814941406e-01 4.401717185974121094e-01 9.120677709579467773e-01
3.795557618141174316e-01 6.213679313659667969e-01 5.129810571670532227e-01 6.465332508087158203e-01 9.249899983406066895e-01 4.168173670768737793e-01
1.410875320434570312e-01 6.051599979400634766e-01 7.918782830238342285e-01 9.753770828247070312e-01 8.636837601661682129e-01 8.829104900360107422e-02
8.514891862869262695e-01 6.883972287178039551e-01 6.533235311508178711e-02 5.363228321075439453e-01 1.303849816322326660e-01 7.458958625793457031e-01
2.892535328865051270e-01 7.043254375457763672e-01 2.600374817848205566e-01 3.147667050361633301e-01 5.092103481292724609e-01 8.037654161453247070e-01
5.233427882194519043e-01 8.113162517547607422e-01 5.982339978218078613e-01 9.999670386314392090e-01 5.760550498962402344e-01 3.081437945365905762e-01
1.453703641891479492e-01 2.863746881484985352e-02 2.647230029106140137e-01 4.265956282615661621e-01 2.935724854469299316e-01 7.207330465316772461e-01
6.335785984992980957e-01 2.615950107574462891e-01 4.432396292686462402e-01 3.923082351684570312e-01 3.744843602180480957e-01 2.659761309623718262e-01
5.692523717880249023e-02 8.995943069458007812e-01 6.893029808998107910e-01 3.919448256492614746e-01 4.850929975509643555e-01 8.245735168457031250e-01
4.726069569587707520e-01 1.768907308578491211e-01 3.271684646606445312e-01 3.754971623420715332e-01 4.435247182846069336e-01 9.396435618400573730e-01
6.789877414703369141e-01 2.203740477561950684e-01 1.717891693115234375e-01 3.591824173927307129e-01 9.007126092910766602e-02 4.346283078193664551e-01
2.391895055770874023e-01 6.813658475875854492e-01 1.223301291465759277e-01 3.963329195976257324e-01 3.049592375755310059e-01 2.449274063110351562e-02
8.451973199844360352e-01 8.562403917312622070e-01 7.434915900230407715e-01 7.841263413429260254e-01 3.940417766571044922e-01 7.966661453247070312e-01
1.240090131759643555e-01 1.231757402420043945e-01 4.359200596809387207e-01 6.366476416587829590e-01 1.269307732582092285e-01 9.850820302963256836e-01
9.771071672439575195e-01 6.180357933044433594e-02 4.909141063690185547e-01 9.202008247375488281e-01 9.472161531448364258e-02 1.044287681579589844e-01
6.595398187637329102e-01 1.068320870399475098e-01 1.676452755928039551e-01 2.971799373626708984e-01 5.123719573020935059e-01 9.593752026557922363e-01
5.579633712768554688e-01 9.309970140457153320e-01 7.350373268127441406e-02 3.739404082298278809e-01 8.656642436981201172e-01 9.630736708641052246e-01
6.042900085449218750e-01 1.528075933456420898e-01 3.665831089019775391e-01 2.693572640419006348e-01 2.926755547523498535e-01 1.483562588691711426e-01
9.697652459144592285e-01 2.076054215431213379e-01 5.394988656044006348e-01 4.588803648948669434e-01 5.386854410171508789e-01 1.397379636764526367e-01
5.859816074371337891e-01 1.853179931640625000e-02 7.578749656677246094e-01 7.373515963554382324e-01 9.417521953582763672e-01 9.226679205894470215e-01
7.913437485694885254e-01 3.534353971481323242e-01 4.190427660942077637e-01 8.459528684616088867e-01 4.241424202919006348e-01 3.397073149681091309e-01
6.111015081405639648e-01 5.102550983428955078e-01 7.136923074722290039e-02 5.352957844734191895e-01 9.859681129455566406e-02 3.634964227676391602e-01
3.080232143402099609e-01 9.057295322418212891e-02 7.227115631103515625e-01 1.519807577133178711e-01 8.611296415328979492e-01 3.633019328117370605e-01
4.723895788192749023e-01 5.488557219505310059e-01 9.432598352432250977e-01 3.543571829795837402e-01 6.254484057426452637e-01 3.105291724205017090e-01
7.561616301536560059e-01 9.372245073318481445e-01 9.443307518959045410e-01 7.818707823753356934e-01 4.855079650878906250e-01 3.066811561584472656e-01
1.659274101257324219e-03 4.866239428520202637e-01 3.686140179634094238e-01 5.491443872451782227e-01 3.192442655563354492e-01 4.478859901428222656e-02
2.739929556846618652e-01 5.150585770606994629e-01 9.912225604057312012e-01 6.711966395378112793e-01 8.817779421806335449e-01 8.022187948226928711e-01
1.874935030937194824e-01 5.311461687088012695e-01 3.014401197433471680e-01 5.334901809692382812e-02 7.437031269073486328e-01 5.202171802520751953e-01
9.931154847145080566e-01 4.538576006889343262e-01 1.094240546226501465e-01 1.817690134048461914e-01 9.457861781120300293e-01 4.624128341674804688e-02
7.943816781044006348e-01 9.832028746604919434e-01 2.998412847518920898e-01 4.983777999877929688e-01 7.779306173324584961e-01 4.108446836471557617e-01
6.024638414382934570e-01 7.832113504409790039e-01 7.648259401321411133e-02 8.438804149627685547e-01 5.149555206298828125e-02 2.657371759414672852e-01
7.200537323951721191e-01 4.542189836502075195e-01 9.731903672218322754e-01 6.227855682373046875e-01 5.765545964241027832e-01 8.330647349357604980e-01
9.138960838317871094e-01 4.843242764472961426e-01 4.144078493118286133e-01 7.510766386985778809e-01 7.490071654319763184e-01 1.057083606719970703e-01
9.836336970329284668e-01 8.607858419418334961e-01 1.454581022262573242e-01 3.212156891822814941e-01 1.115425229072570801e-01 6.403986811637878418e-01
8.702041506767272949e-01 3.665521144866943359e-01 7.188600897789001465e-01 6.190059185028076172e-01 9.617762565612792969e-01 4.337069988250732422e-01
1.124446392059326172e-01 4.939397573471069336e-01 1.694267392158508301e-01 7.345238924026489258e-01 4.011770486831665039e-01 8.639937043190002441e-01
7.891970872879028320e-02 3.124100565910339355e-01 2.412390112876892090e-01 7.730777859687805176e-01 7.059639692306518555e-01 2.085320353507995605e-01
6.655779480934143066e-01 1.761271953582763672e-01 9.277131557464599609e-01 2.333755493164062500e-01 3.350220322608947754e-01 9.653366804122924805e-01
4.647135734558105469e-02 3.913446068763732910e-01 1.844207048416137695e-01 2.787899971008300781e-02 5.521154403686523438e-01 5.700548887252807617e-01
7.278702855110168457e-01 6.763685941696166992e-01 4.109825491905212402e-01 2.973147630691528320e-01 9.738548398017883301e-01 5.696189403533935547e-01
2.408059239387512207e-01 2.818046212196350098e-01 4.320788979530334473e-01 1.116136312484741211e-01 1.921879053115844727e-01 4.676556587219238281e-02
5.453306436538696289e-02 4.368607401847839355e-01 8.867974281311035156e-01 4.224136471748352051e-01 8.782986402511596680e-01 6.957830786705017090e-01
9.735711812973022461e-01 1.294489502906799316e-01 7.486145496368408203e-01 7.607063055038452148e-01 3.593579530715942383e-01 7.279531955718994141e-01
5.117431282997131348e-01 6.245152354240417480e-01 6.871051788330078125e-01 8.338828682899475098e-01 6.944664120674133301e-01 1.327795982360839844e-01
8.274283409118652344e-01 8.061272501945495605e-01 7.388213872909545898e-01 6.113123893737792969e-01 5.749529600143432617e-02 5.297951102256774902e-01
4.480803608894348145e-01 5.745711922645568848e-01 9.284281730651855469e-01 6.247552633285522461e-01 7.244887351989746094e-01 7.849081158638000488e-01
6.856220960617065430e-02 7.039368152618408203e-01 7.009779214859008789e-01 4.411180019378662109e-01 2.785537838935852051e-01 5.358049869537353516e-01
8.823445439338684082e-01 1.413022279739379883e-01 6.758415699005126953e-01 8.813733458518981934e-01 3.847355246543884277e-01 6.726936101913452148e-01
1.772153973579406738e-01 9.727427363395690918e-01 8.233157396316528320e-01 4.305122494697570801e-01 7.100673913955688477e-01 7.508530616760253906e-01
5.868403315544128418e-01 2.623721957206726074e-01 2.064796686172485352e-01 5.147179365158081055e-01 4.471501708030700684e-01 5.194873213768005371e-01
4.670979976654052734e-01 8.560685515403747559e-01 5.553757548332214355e-01 7.168267369270324707e-01 2.868807315826416016e-02 6.124534010887145996e-01
8.704743981361389160e-01 3.134284615516662598e-01 4.196006059646606445e-02 4.984968900680541992e-02 3.016871213912963867e-02 8.242458105087280273e-02
2.218747735023498535e-01 5.855793952941894531e-01 3.116537332534790039e-01 5.707258582115173340e-01 5.458162426948547363e-01 1.956554651260375977e-01
3.290557861328125000e-02 8.131728768348693848e-01 4.201877117156982422e-02 1.209752559661865234e-01 2.001997232437133789e-01 5.600602626800537109e-01
1.024432182312011719e-01 6.070698499679565430e-01 3.814147710800170898e-01 4.482716321945190430e-01 3.387510776519775391e-01 3.024358153343200684e-01
2.991776466369628906e-01 2.300714850425720215e-01 1.123029589653015137e-01 8.133845925331115723e-01 8.565065860748291016e-01 9.297215938568115234e-02
4.588699340820312500e-01 3.303456306457519531e-01 8.966144919395446777e-01 5.733058452606201172e-01 5.563833117485046387e-01 2.356328964233398438e-01
