6.481131101161908825e-01
7.817712299377771457e-01
2.838830832773814317e-01
4.029319775012960014e-01
-4.841806897608468274e-01
-3.580303156842299384e-01
-5.755390648422770150e-01
-5.515730720038225510e-01
-4.893627087778277263e-01
-4.748687787338375377e-01
-4.781780689363606118e-01
-4.825407152792883236e-01
-7.237346141292928525e-01
-1.020528727691702109e+00
-8.920815883976784821e-01
-1.177415793479961614e+00
-2.032549190920920346e+00
-1.366912579427855823e+00
-1.468969879627642916e+00
-1.568750040598025031e+00
-1.552311391022527687e+00
-1.559137987062802377e+00
-1.533590157185156677e+00
-1.446817886668055664e+00
-1.462093856408856363e+00
-1.481644146735890066e+00
-1.486812132353495519e+00
-3.758387076380657055e-01
-7.236115159554834531e-01
-7.386511008603782180e-01
-7.506247508628649534e-01
-7.686303678398809236e-01
-7.587022686932485271e-01
-7.478824238081427378e-01
-1.974988091587166261e+00
-2.278997575074583892e+00
-2.268912672789643814e+00
-2.269815102301230070e+00
-2.265925565005179276e+00
-2.268424354161726164e+00
-2.273140345407436147e+00
-2.292538857831839305e+00
-2.295242950039988905e+00
-2.294503955818551599e+00
-2.298836416297747931e+00
-1.391464740169383374e+00
-2.298331055326794381e+00
-2.298093869784959331e+00
-2.297895798798978095e+00
-1.617387087666767975e+00
