4.423862099647521973e-01 8.624128103256225586e-01 9.385510087013244629e-01 2.872995138168334961e-01 5.188202857971191406e-02 8.945536613464355469e-01
8.770725131034851074e-01 2.242867350578308105e-01 7.189393043518066406e-01 7.749060392379760742e-01 2.567234039306640625e-01 4.141364693641662598e-01
1.518964767456054688e-02 6.762099862098693848e-01 4.494822025299072266e-01 6.357097625732421875e-02 2.314842343330383301e-01 2.472912669181823730e-01
1.382886171340942383e-01 9.685871601104736328e-01 4.618700742721557617e-01 2.317771911621093750e-01 5.898798108100891113e-01 6.902406215667724609e-01
1.432958245277404785e-01 8.705955743789672852e-01 1.407892704010009766e-01 7.872731089591979980e-01 8.752712011337280273e-01 5.713975429534912109e-02
9.621202349662780762e-01 8.020429015159606934e-01 4.471272230148315430e-01 1.590803265571594238e-01 4.136962294578552246e-01 6.856082081794738770e-01
6.271604895591735840e-01 4.103807806968688965e-01 4.817733168601989746e-01 2.098761796951293945e-01 5.412889719009399414e-01 1.943484544754028320e-01
3.299933671951293945e-01 1.484329104423522949e-01 5.978457927703857422e-01 5.190519690513610840e-01 8.444232344627380371e-01 2.776185274124145508e-01
1.501201391220092773e-01 9.800376296043395996e-01 5.650739073753356934e-01 2.405508756637573242e-01 6.126284599304199219e-03 7.834879755973815918e-01
1.603982448577880859e-01 8.815579414367675781e-01 9.095411896705627441e-01 7.981271743774414062e-01 1.216914653778076172e-01 5.945239067077636719e-01
1.000000000000000000e+00 0.000000000000000000e+00 0.000000000000000000e+00 1.000000000000000000e+00 1.000000000000000000e+00 1.000000000000000000e+00
1.000000000000000000e+00 0.000000000000000000e+00 1.000000000000000000e+00 0.000000000000000000e+00 9.999999999999998890e-01 1.000000000000000000e+00
1.000000000000000000e+00 9.980909265332181812e-01 0.000000000000000000e+00 1.000000000000000000e+00 1.000000000000000000e+00 1.000000000000000000e+00
1.000000000000000000e+00 1.000000000000000000e+00 1.000000000000000000e+00 0.000000000000000000e+00 0.000000000000000000e+00 1.000000000000000000e+00
7.113276620546361562e-01 0.000000000000000000e+00 0.000000000000000000e+00 1.000000000000000000e+00 0.000000000000000000e+00 1.000000000000000000e+00
1.000000000000000000e+00 0.000000000000000000e+00 0.000000000000000000e+00 1.000000000000000000e+00 0.000000000000000000e+00 7.563870594922398327e-01
7.811904261860416199e-01 0.000000000000000000e+00 5.652801591639605716e-01 1.000000000000000000e+00 0.000000000000000000e+00 1.000000000000000000e+00
7.079956607037152239e-01 0.000000000000000000e+00 0.000000000000000000e+00 1.000000000000000000e+00 1.000000000000000000e+00 8.362848777779599008e-01
7.941959729760303954e-01 0.000000000000000000e+00 0.000000000000000000e+00 1.000000000000000000e+00 0.000000000000000000e+00 9.203956600548010014e-01
0.000000000000000000e+00 0.000000000000000000e+00 0.000000000000000000e+00 1.000000000000000000e+00 1.000000000000000000e+00 0.000000000000000000e+00
8.510670156207067460e-01 1.000000000000000000e+00 0.000000000000000000e+00 1.000000000000000000e+00 1.000000000000000000e+00 0.000000000000000000e+00
8.625546427530695892e-01 4.380409724912562308e-01 0.000000000000000000e+00 1.000000000000000000e+00 0.000000000000000000e+00 8.901152424759338766e-01
0.000000000000000000e+00 3.628004871996248215e-01 0.000000000000000000e+00 1.000000000000000000e+00 0.000000000000000000e+00 1.000000000000000000e+00
1.000000000000000000e+00 1.000000000000000000e+00 0.000000000000000000e+00 1.000000000000000000e+00 0.000000000000000000e+00 7.215376867718688025e-01
8.318626275830489636e-01 5.396668036643290645e-01 0.000000000000000000e+00 1.000000000000000000e+00 0.000000000000000000e+00 9.518287242821371619e-01
7.186650247815841164e-01 1.000000000000000000e+00 0.000000000000000000e+00 1.000000000000000000e+00 0.000000000000000000e+00 1.000000000000000000e+00
9.926383675371620585e-01 6.929580302666588087e-01 0.000000000000000000e+00 8.812636888669667101e-01 0.000000000000000000e+00 1.000000000000000000e+00
9.694469091599404731e-01 4.541407413773973500e-01 0.000000000000000000e+00 6.808466226116960396e-01 0.000000000000000000e+00 9.814876491413632165e-01
1.000000000000000000e+00 1.000000000000000000e+00 1.000000000000000000e+00 1.000000000000000000e+00 1.000000000000000000e+00 4.644939743970492585e-01
1.000000000000000000e+00 5.666861638255097366e-01 0.000000000000000000e+00 7.879617335982180837e-01 0.000000000000000000e+00 9.910728722154996673e-01
1.000000000000000000e+00 5.116931966087235883e-01 0.000000000000000000e+00 8.005196708046947718e-01 2.011283027077753194e-01 9.457858114394842586e-01
4.896565998231814931e-01 1.000000000000000000e+00 1.000000000000000000e+00 1.000000000000000000e+00 0.000000000000000000e+00 0.000000000000000000e+00
6.743588078439215483e-01 1.000000000000000000e+00 0.000000000000000000e+00 1.000000000000000000e+00 1.000000000000000000e+00 4.300050259450353130e-01
1.000000000000000000e+00 0.000000000000000000e+00 1.000000000000000000e+00 1.000000000000000000e+00 1.000000000000000000e+00 6.452633823337734498e-01
1.000000000000000000e+00 8.666096897854150827e-01 1.000000000000000000e+00 7.692069081293235744e-01 0.000000000000000000e+00 9.303208995333547282e-01
1.000000000000000000e+00 1.000000000000000000e+00 1.000000000000000000e+00 1.000000000000000000e+00 1.000000000000000000e+00 0.000000000000000000e+00
1.000000000000000000e+00 6.366412844582750585e-01 0.000000000000000000e+00 7.376678926005859616e-01 0.000000000000000000e+00 1.000000000000000000e+00
1.000000000000000000e+00 0.000000000000000000e+00 1.000000000000000000e+00 3.501998558059297162e-01 0.000000000000000000e+00 8.228019172082980948e-01
1.000000000000000000e+00 1.000000000000000000e+00 0.000000000000000000e+00 6.112074525831840965e-01 1.000000000000000000e+00 2.161703123600040855e-01
4.961706432428755198e-01 0.000000000000000000e+00 0.000000000000000000e+00 0.000000000000000000e+00 0.000000000000000000e+00 1.000000000000000000e+00
3.759774089193412272e-01 0.000000000000000000e+00 0.000000000000000000e+00 6.098985493314662554e-01 1.000000000000000000e+00 1.000000000000000000e+00
0.000000000000000000e+00 1.000000000000000000e+00 1.000000000000000000e+00 1.000000000000000000e+00 1.000000000000000000e+00 1.000000000000000000e+00
4.542174205336358406e-01 1.000000000000000000e+00 1.000000000000000000e+00 1.000000000000000000e+00 1.000000000000000000e+00 1.000000000000000000e+00
1.000000000000000000e+00 1.948042969257066104e-02 0.000000000000000000e+00 7.653307713027343029e-01 0.000000000000000000e+00 1.000000000000000000e+00
1.000000000000000000e+00 4.271362439789021526e-01 2.694745057466114285e-02 1.000000000000000000e+00 0.000000000000000000e+00 1.000000000000000000e+00
5.830345545701782761e-01 5.633989280657702992e-01 1.000000000000000000e+00 1.000000000000000000e+00 1.000000000000000000e+00 1.000000000000000000e+00
1.317596811555159786e-01 0.000000000000000000e+00 1.000000000000000000e+00 1.000000000000000000e+00 1.000000000000000000e+00 8.917079114529146144e-01
1.000000000000000000e+00 1.000000000000000000e+00 1.000000000000000000e+00 0.000000000000000000e+00 1.000000000000000000e+00 0.000000000000000000e+00
1.000000000000000000e+00 1.000000000000000000e+00 0.000000000000000000e+00 0.000000000000000000e+00 0.000000000000000000e+00 0.000000000000000000e+00
0.000000000000000000e+00 1.000000000000000000e+00 1.000000000000000000e+00 1.000000000000000000e+00 1.000000000000000000e+00 0.000000000000000000e+00
1.000000000000000000e+00 5.475780853414934368e-01 0.000000000000000000e+00 1.000000000000000000e+00 0.000000000000000000e+00 1.000000000000000000e+00
1.000000000000000000e+00 4.031634881965891481e-01 0.000000000000000000e+00 0.000000000000000000e+00 0.000000000000000000e+00 1.000000000000000000e+00
0.000000000000000000e+00 0.000000000000000000e+00 1.000000000000000000e+00 1.000000000000000000e+00 0.000000000000000000e+00 5.862894668706367662e-01
1.000000000000000000e+00 6.151385752745114344e-01 1.000000000000000000e+00 1.000000000000000000e+00 1.000000000000000000e+00 1.000000000000000000e+00
2.790986584220790379e-01 7.267115829942953908e-01 1.000000000000000000e+00 1.000000000000000000e+00 1.000000000000000000e+00 1.000000000000000000e+00
4.029801436688901783e-01 2.830873601580337073e-01 1.000000000000000000e+00 1.000000000000000000e+00 1.000000000000000000e+00 8.282031658300207377e-01
0.000000000000000000e+00 3.793204953610472829e-01 1.000000000000000000e+00 0.000000000000000000e+00 1.000000000000000000e+00 1.000000000000000000e+00
0.000000000000000000e+00 4.762078886550998313e-01 1.000000000000000000e+00 1.000000000000000000e+00 1.000000000000000000e+00 0.000000000000000000e+00
0.000000000000000000e+00 1.000000000000000000e+00 0.000000000000000000e+00 0.000000000000000000e+00 1.000000000000000000e+00 0.000000000000000000e+00
4.976534647859371940e-01 7.527944560829512299e-02 1.000000000000000000e+00 1.000000000000000000e+00 1.000000000000000000e+00 1.000000000000000000e+00
