-1.196129820239018926e+00
-1.015869058583761309e+00
-1.147340784688798188e+00
-1.568583109550626187e+00
-7.975224115556068805e-01
-5.316979648857856899e-01
-1.395313138549716836e+00
-1.151294686468702810e+00
-1.821261567621605293e+00
-1.433138971742211387e+00
-8.557851226270276612e-01
-4.035487715783552809e-01
-4.740505996252274423e-01
-2.197014901738326420e-01
-6.709536013479174832e-01
-4.588409667312724483e-01
-8.124486429671031740e-01
-1.039366406694950840e+00
-2.065131592854298759e-01
-1.418427411250957615e+00
-5.071376165712682127e-01
-4.559691770259010069e-01
-2.197014901738326420e-01
-1.722575911298662721e-01
-1.483062903548911238e-01
-1.414545249939146154e-01
-1.515358322730672724e-01
-1.777187027431059718e-01
-2.540393319146678763e-01
-5.587396828743161903e-01
-7.990548478120028664e-01
-5.115322955699478369e-01
-1.309202513396221956e+00
-3.411400636033959932e-01
-1.536034738937029076e-01
-1.602995519344277697e-01
-2.172638426064869566e-01
-3.430944843770544761e-01
-4.702715976386265262e-01
-1.054323113202356499e+00
-1.198707924990477069e+00
-7.216910696062404096e-01
-5.297219359254193849e-01
-1.221007077858843326e-01
-1.745478259146098665e+00
-1.225892455969503914e-01
-6.821934457119143147e-01
-6.032872886948740243e-01
-8.561997597376662661e-01
-1.298154866639369853e+00
-1.282985856539679226e+00
-7.959349651360141387e-01
-1.293499522125299173e+00
-6.688520258957565412e-01
-4.907887612418417311e-01
-7.006275998756026357e-01
-9.250045564287443511e-01
-1.564602487956963661e-01
-6.912150641168676168e-01
-7.939522479394202081e-01
-5.837920462838657176e-01
-1.147137340867617983e+00
-1.074658444440160121e+00
-1.155876137953766314e+00
-7.138867156138026804e-01
-6.386040406324852148e-01
-5.889098155509948640e-01
-3.851138196514438117e-01
-7.082808595325624790e-01
-5.702017933793759319e-01
-2.982015379962449919e-01
-2.061971041227783630e+00
-4.253172431856632740e-01
-7.239124276931516722e-01
-1.213772977555177768e+00
-8.316956804868118613e-01
-1.557882022930446642e+00
-5.268496733833158974e-01
-8.154781953928623706e-01
-8.219493845455458914e-01
-9.352365343329198666e-01
-4.396263418996939620e-01
-3.658950014604192003e-01
-4.840580023844395785e-01
-3.865370359759393026e-01
-8.431148314036629454e-01
-4.032177976583516399e-01
-3.535986880011056654e-01
-1.551060437783707835e+00
-6.067303261262849690e-01
-1.341253568575658583e+00
-7.147463399213018764e-01
-6.845091819387705279e-01
-1.120963029553416312e+00
-2.126174509905989773e-01
-2.165415446481009365e+00
-1.109169215932158892e+00
-1.190518607659100114e+00
-1.005730058597798404e+00
-3.806431769328194603e-01
-2.037691999771338858e-01
-9.765223116405020720e-01
-2.542540137264953093e-01
-8.917779225603519322e-01
-1.606148216141028984e+00
-1.964462501523871474e+00
-8.960179600978508407e-01
-1.633933884561691086e+00
-3.279361496523370278e-01
-1.161288027506144793e+00
