8.034327030181884766e-01 7.829276919364929199e-01 5.638697743415832520e-01 6.192576885223388672e-01 3.338360190391540527e-01 1.665931940078735352e-02
8.034327030181884766e-01 7.829276919364929199e-01 5.638697743415832520e-01 6.192576885223388672e-01 3.338360190391540527e-01 1.665931940078735352e-02
8.034327030181884766e-01 7.829276919364929199e-01 5.638697743415832520e-01 6.192576885223388672e-01 3.338360190391540527e-01 1.665931940078735352e-02
1.000000000000000000e+00 0.000000000000000000e+00 2.885921664711282864e-01 1.000000000000000000e+00 0.000000000000000000e+00 0.000000000000000000e+00
1.000000000000000000e+00 0.000000000000000000e+00 2.885921664711282864e-01 1.000000000000000000e+00 0.000000000000000000e+00 0.000000000000000000e+00
1.000000000000000000e+00 3.933777311672830290e-01 6.506088986105454386e-02 1.000000000000000000e+00 0.000000000000000000e+00 6.104448003536245464e-04
1.000000000000000000e+00 4.501983990418756409e-01 0.000000000000000000e+00 1.000000000000000000e+00 1.479338634245321027e-01 0.000000000000000000e+00
1.000000000000000000e+00 4.501983990418756409e-01 0.000000000000000000e+00 1.000000000000000000e+00 1.479338634245321027e-01 0.000000000000000000e+00
1.000000000000000000e+00 4.501983990418756409e-01 0.000000000000000000e+00 1.000000000000000000e+00 1.479338634245321027e-01 0.000000000000000000e+00
1.000000000000000000e+00 4.937212645605578709e-01 0.000000000000000000e+00 6.324630887512215915e-01 2.150729001862390077e-01 0.000000000000000000e+00
1.000000000000000000e+00 4.937212645605578709e-01 0.000000000000000000e+00 6.324630887512215915e-01 2.150729001862390077e-01 0.000000000000000000e+00
9.348661815120979934e-01 4.806393221713454733e-01 0.000000000000000000e+00 6.533194106399825563e-01 2.544554383869186420e-01 0.000000000000000000e+00
9.348661815120979934e-01 4.806393221713454733e-01 0.000000000000000000e+00 6.533194106399825563e-01 2.544554383869186420e-01 0.000000000000000000e+00
8.725978336209692099e-01 5.011514857498566844e-01 0.000000000000000000e+00 7.148815637112673205e-01 3.488727067228853396e-01 0.000000000000000000e+00
8.725978336209692099e-01 5.011514857498566844e-01 0.000000000000000000e+00 7.148815637112673205e-01 3.488727067228853396e-01 0.000000000000000000e+00
8.725978336209692099e-01 5.011514857498566844e-01 0.000000000000000000e+00 7.148815637112673205e-01 3.488727067228853396e-01 0.000000000000000000e+00
8.462799014383692864e-01 5.594287125269803429e-01 0.000000000000000000e+00 6.178800102511989856e-01 4.819997480705471293e-01 0.000000000000000000e+00
8.462799014383692864e-01 5.594287125269803429e-01 0.000000000000000000e+00 6.178800102511989856e-01 4.819997480705471293e-01 0.000000000000000000e+00
6.578017527126162056e-01 7.201729416995495958e-01 0.000000000000000000e+00 5.275570128755167065e-01 7.167302893984807133e-01 0.000000000000000000e+00
6.578017527126162056e-01 7.201729416995495958e-01 0.000000000000000000e+00 5.275570128755167065e-01 7.167302893984807133e-01 0.000000000000000000e+00
6.698589019368341724e-01 7.325164898810113678e-01 0.000000000000000000e+00 4.640992729667838268e-01 6.687867320959473005e-01 0.000000000000000000e+00
6.698589019368341724e-01 7.325164898810113678e-01 0.000000000000000000e+00 4.640992729667838268e-01 6.687867320959473005e-01 0.000000000000000000e+00
6.698589019368341724e-01 7.325164898810113678e-01 0.000000000000000000e+00 4.640992729667838268e-01 6.687867320959473005e-01 0.000000000000000000e+00
6.698589019368341724e-01 7.325164898810113678e-01 0.000000000000000000e+00 4.640992729667838268e-01 6.687867320959473005e-01 0.000000000000000000e+00
6.698589019368341724e-01 7.325164898810113678e-01 0.000000000000000000e+00 4.640992729667838268e-01 6.687867320959473005e-01 0.000000000000000000e+00
7.004688394471954016e-01 7.047198165079270327e-01 0.000000000000000000e+00 4.127974770662326542e-01 6.968735589973805711e-01 0.000000000000000000e+00
7.004688394471954016e-01 7.047198165079270327e-01 0.000000000000000000e+00 4.127974770662326542e-01 6.968735589973805711e-01 0.000000000000000000e+00
7.004688394471954016e-01 7.047198165079270327e-01 0.000000000000000000e+00 4.127974770662326542e-01 6.968735589973805711e-01 0.000000000000000000e+00
7.004688394471954016e-01 7.047198165079270327e-01 0.000000000000000000e+00 4.127974770662326542e-01 6.968735589973805711e-01 0.000000000000000000e+00
7.004688394471954016e-01 7.047198165079270327e-01 0.000000000000000000e+00 4.127974770662326542e-01 6.968735589973805711e-01 0.000000000000000000e+00
7.004688394471954016e-01 7.047198165079270327e-01 0.000000000000000000e+00 4.127974770662326542e-01 6.968735589973805711e-01 0.000000000000000000e+00
7.004688394471954016e-01 7.047198165079270327e-01 0.000000000000000000e+00 4.127974770662326542e-01 6.968735589973805711e-01 0.000000000000000000e+00
7.004688394471954016e-01 7.047198165079270327e-01 0.000000000000000000e+00 4.127974770662326542e-01 6.968735589973805711e-01 0.000000000000000000e+00
7.004688394471954016e-01 7.047198165079270327e-01 0.000000000000000000e+00 4.127974770662326542e-01 6.968735589973805711e-01 0.000000000000000000e+00
7.004688394471954016e-01 7.047198165079270327e-01 0.000000000000000000e+00 4.127974770662326542e-01 6.968735589973805711e-01 0.000000000000000000e+00
7.004688394471954016e-01 7.047198165079270327e-01 0.000000000000000000e+00 4.127974770662326542e-01 6.968735589973805711e-01 0.000000000000000000e+00
7.004688394471954016e-01 7.047198165079270327e-01 0.000000000000000000e+00 4.127974770662326542e-01 6.968735589973805711e-01 0.000000000000000000e+00
7.004688394471954016e-01 7.047198165079270327e-01 0.000000000000000000e+00 4.127974770662326542e-01 6.968735589973805711e-01 0.000000000000000000e+00
7.004688394471954016e-01 7.047198165079270327e-01 0.000000000000000000e+00 4.127974770662326542e-01 6.968735589973805711e-01 0.000000000000000000e+00
7.004688394471954016e-01 7.047198165079270327e-01 0.000000000000000000e+00 4.127974770662326542e-01 6.968735589973805711e-01 0.000000000000000000e+00
7.004688394471954016e-01 7.047198165079270327e-01 0.000000000000000000e+00 4.127974770662326542e-01 6.968735589973805711e-01 0.000000000000000000e+00
7.004688394471954016e-01 7.047198165079270327e-01 0.000000000000000000e+00 4.127974770662326542e-01 6.968735589973805711e-01 0.000000000000000000e+00
7.004688394471954016e-01 7.047198165079270327e-01 0.000000000000000000e+00 4.127974770662326542e-01 6.968735589973805711e-01 0.000000000000000000e+00
7.004688394471954016e-01 7.047198165079270327e-01 0.000000000000000000e+00 4.127974770662326542e-01 6.968735589973805711e-01 0.000000000000000000e+00
7.004688394471954016e-01 7.047198165079270327e-01 0.000000000000000000e+00 4.127974770662326542e-01 6.968735589973805711e-01 0.000000000000000000e+00
7.004688394471954016e-01 7.047198165079270327e-01 0.000000000000000000e+00 4.127974770662326542e-01 6.968735589973805711e-01 0.000000000000000000e+00
7.004688394471954016e-01 7.047198165079270327e-01 0.000000000000000000e+00 4.127974770662326542e-01 6.968735589973805711e-01 0.000000000000000000e+00
7.004688394471954016e-01 7.047198165079270327e-01 0.000000000000000000e+00 4.127974770662326542e-01 6.968735589973805711e-01 0.000000000000000000e+00
7.004688394471954016e-01 7.047198165079270327e-01 0.000000000000000000e+00 4.127974770662326542e-01 6.968735589973805711e-01 0.000000000000000000e+00
7.004688394471954016e-01 7.047198165079270327e-01 0.000000000000000000e+00 4.127974770662326542e-01 6.968735589973805711e-01 0.000000000000000000e+00
