5.454816102303789993e-01
7.443224494983422534e-01
7.090111896669351044e-01
2.497499584496929437e-01
2.455718477719557313e-01
2.599601297771839681e-01
2.422213128312437069e-01
1.774669956818363259e-01
7.064482748942044754e-01
8.085698946327239955e-01
8.242249163017474345e-01
9.801425211745904420e-01
1.056407606718279268e+00
1.157935368680902410e+00
1.158381249972948002e+00
1.066148605599256172e+00
1.149520288754392716e+00
1.155071546349953238e+00
1.084034433915863627e+00
1.200243026597958895e+00
1.184921685331028929e+00
1.181544913883481041e+00
1.182893466588109010e+00
1.183752733417626324e+00
1.122921015435984993e+00
1.150939352570120811e+00
1.192501810596924727e+00
1.184540457122970292e+00
1.185504883967473111e+00
1.194328429134073666e+00
1.211189587671225976e+00
1.221733182876255652e+00
1.044770664577173491e+00
9.828919828273139370e-01
9.679690791822483931e-01
1.073198983285096553e+00
1.220791898876966153e+00
1.235867613698020451e+00
1.228307719271953591e+00
1.226157213659356149e+00
1.229992393787787464e+00
1.220922558590499918e+00
1.216780453364485481e+00
1.195701414548674402e+00
1.180149210143641270e+00
1.201293557605442430e+00
1.231261087713324098e+00
1.216208565766644600e+00
1.221258672337986795e+00
1.235524873426014469e+00
1.226683560775213788e+00
1.253559127031503628e+00
1.156716145666415896e+00
1.156907242449001005e+00
1.255213761613586332e+00
1.263187260799425005e+00
1.160425094136670721e+00
1.160377797119433785e+00
1.265530181075913418e+00
1.161170535801908876e+00
1.161172615099841599e+00
1.276351423377001026e+00
1.275570130275380132e+00
1.274523985366537548e+00
1.270162806936334654e+00
1.270191103354489703e+00
1.269091212736126906e+00
1.268096235353191048e+00
1.268068808764510003e+00
1.267671004681019342e+00
1.262301620494461707e+00
1.262104588849511710e+00
1.262048182692609100e+00
1.262156059101795957e+00
1.261653017430378831e+00
1.258806229220911233e+00
1.254965121117094906e+00
1.264968687955296378e+00
1.264593654810380663e+00
1.265913546374839882e+00
1.265353187193787976e+00
1.265478207359649332e+00
1.266946149623529250e+00
1.267644078515531625e+00
1.267711330323141095e+00
1.268611629884385916e+00
1.268210488807369529e+00
1.255861705378131132e+00
1.255589656442609447e+00
1.266472370332593522e+00
1.267936235335305195e+00
1.267636219539400200e+00
1.265712920926879814e+00
1.269283790836240655e+00
1.269143879046433110e+00
1.268563177839310718e+00
1.266890456336361659e+00
1.266644382290966764e+00
1.266688680699046277e+00
1.267590379646936327e+00
