7.834224700927734375e-01 2.932015061378479004e-01 7.049463391304016113e-01 9.249306917190551758e-01
7.834224700927734375e-01 2.932015061378479004e-01 7.049463391304016113e-01 9.249306917190551758e-01
3.873256444931030273e-01 1.622263789176940918e-01 1.097217202186584473e-01 5.677727460861206055e-01
3.873256444931030273e-01 1.622263789176940918e-01 1.097217202186584473e-01 5.677727460861206055e-01
3.873256444931030273e-01 1.622263789176940918e-01 1.097217202186584473e-01 5.677727460861206055e-01
3.873256444931030273e-01 1.622263789176940918e-01 1.097217202186584473e-01 5.677727460861206055e-01
3.873256444931030273e-01 1.622263789176940918e-01 1.097217202186584473e-01 5.677727460861206055e-01
3.873256444931030273e-01 1.622263789176940918e-01 1.097217202186584473e-01 5.677727460861206055e-01
3.873256444931030273e-01 1.622263789176940918e-01 1.097217202186584473e-01 5.677727460861206055e-01
3.873256444931030273e-01 1.622263789176940918e-01 1.097217202186584473e-01 5.677727460861206055e-01
7.296341061592102051e-01 4.309782385826110840e-01 6.558699607849121094e-01 5.227863192558288574e-01
7.296341061592102051e-01 4.309782385826110840e-01 6.558699607849121094e-01 5.227863192558288574e-01
7.296341061592102051e-01 4.309782385826110840e-01 6.558699607849121094e-01 5.227863192558288574e-01
6.804704666137695312e-01 2.401186823844909668e-01 1.341666579246520996e-01 7.674158215522766113e-01
6.804704666137695312e-01 2.401186823844909668e-01 1.341666579246520996e-01 7.674158215522766113e-01
6.804704666137695312e-01 2.401186823844909668e-01 1.341666579246520996e-01 7.674158215522766113e-01
6.804704666137695312e-01 2.401186823844909668e-01 1.341666579246520996e-01 7.674158215522766113e-01
6.804704666137695312e-01 2.401186823844909668e-01 1.341666579246520996e-01 7.674158215522766113e-01
6.804704666137695312e-01 2.401186823844909668e-01 1.341666579246520996e-01 7.674158215522766113e-01
6.804704666137695312e-01 2.401186823844909668e-01 1.341666579246520996e-01 7.674158215522766113e-01
6.804704666137695312e-01 2.401186823844909668e-01 1.341666579246520996e-01 7.674158215522766113e-01
6.804704666137695312e-01 2.401186823844909668e-01 1.341666579246520996e-01 7.674158215522766113e-01
6.804704666137695312e-01 2.401186823844909668e-01 1.341666579246520996e-01 7.674158215522766113e-01
6.804704666137695312e-01 2.401186823844909668e-01 1.341666579246520996e-01 7.674158215522766113e-01
6.804704666137695312e-01 2.401186823844909668e-01 1.341666579246520996e-01 7.674158215522766113e-01
6.804704666137695312e-01 2.401186823844909668e-01 1.341666579246520996e-01 7.674158215522766113e-01
6.804704666137695312e-01 2.401186823844909668e-01 1.341666579246520996e-01 7.674158215522766113e-01
6.804704666137695312e-01 2.401186823844909668e-01 1.341666579246520996e-01 7.674158215522766113e-01
6.804704666137695312e-01 2.401186823844909668e-01 1.341666579246520996e-01 7.674158215522766113e-01
6.804704666137695312e-01 2.401186823844909668e-01 1.341666579246520996e-01 7.674158215522766113e-01
6.804704666137695312e-01 2.401186823844909668e-01 1.341666579246520996e-01 7.674158215522766113e-01
6.804704666137695312e-01 2.401186823844909668e-01 1.341666579246520996e-01 7.674158215522766113e-01
6.804704666137695312e-01 2.401186823844909668e-01 1.341666579246520996e-01 7.674158215522766113e-01
6.804704666137695312e-01 2.401186823844909668e-01 1.341666579246520996e-01 7.674158215522766113e-01
6.804704666137695312e-01 2.401186823844909668e-01 1.341666579246520996e-01 7.674158215522766113e-01
6.804704666137695312e-01 2.401186823844909668e-01 1.341666579246520996e-01 7.674158215522766113e-01
6.804704666137695312e-01 2.401186823844909668e-01 1.341666579246520996e-01 7.674158215522766113e-01
6.804704666137695312e-01 2.401186823844909668e-01 1.341666579246520996e-01 7.674158215522766113e-01
6.804704666137695312e-01 2.401186823844909668e-01 1.341666579246520996e-01 7.674158215522766113e-01
6.804704666137695312e-01 2.401186823844909668e-01 1.341666579246520996e-01 7.674158215522766113e-01
6.804704666137695312e-01 2.401186823844909668e-01 1.341666579246520996e-01 7.674158215522766113e-01
6.804704666137695312e-01 2.401186823844909668e-01 1.341666579246520996e-01 7.674158215522766113e-01
6.804704666137695312e-01 2.401186823844909668e-01 1.341666579246520996e-01 7.674158215522766113e-01
6.804704666137695312e-01 2.401186823844909668e-01 1.341666579246520996e-01 7.674158215522766113e-01
6.804704666137695312e-01 2.401186823844909668e-01 1.341666579246520996e-01 7.674158215522766113e-01
6.804704666137695312e-01 2.401186823844909668e-01 1.341666579246520996e-01 7.674158215522766113e-01
6.804704666137695312e-01 2.401186823844909668e-01 1.341666579246520996e-01 7.674158215522766113e-01
6.804704666137695312e-01 2.401186823844909668e-01 1.341666579246520996e-01 7.674158215522766113e-01
6.804704666137695312e-01 2.401186823844909668e-01 1.341666579246520996e-01 7.674158215522766113e-01
6.804704666137695312e-01 2.401186823844909668e-01 1.341666579246520996e-01 7.674158215522766113e-01
6.804704666137695312e-01 2.401186823844909668e-01 1.341666579246520996e-01 7.674158215522766113e-01
6.804704666137695312e-01 2.401186823844909668e-01 1.341666579246520996e-01 7.674158215522766113e-01
6.804704666137695312e-01 2.401186823844909668e-01 1.341666579246520996e-01 7.674158215522766113e-01
6.804704666137695312e-01 2.401186823844909668e-01 1.341666579246520996e-01 7.674158215522766113e-01
6.804704666137695312e-01 2.401186823844909668e-01 1.341666579246520996e-01 7.674158215522766113e-01
6.804704666137695312e-01 2.401186823844909668e-01 1.341666579246520996e-01 7.674158215522766113e-01
6.804704666137695312e-01 2.401186823844909668e-01 1.341666579246520996e-01 7.674158215522766113e-01
6.804704666137695312e-01 2.401186823844909668e-01 1.341666579246520996e-01 7.674158215522766113e-01
6.804704666137695312e-01 2.401186823844909668e-01 1.341666579246520996e-01 7.674158215522766113e-01
6.804704666137695312e-01 2.401186823844909668e-01 1.341666579246520996e-01 7.674158215522766113e-01
6.804704666137695312e-01 2.401186823844909668e-01 1.341666579246520996e-01 7.674158215522766113e-01
6.804704666137695312e-01 2.401186823844909668e-01 1.341666579246520996e-01 7.674158215522766113e-01
6.804704666137695312e-01 2.401186823844909668e-01 1.341666579246520996e-01 7.674158215522766113e-01
6.804704666137695312e-01 2.401186823844909668e-01 1.341666579246520996e-01 7.674158215522766113e-01
6.804704666137695312e-01 2.401186823844909668e-01 1.341666579246520996e-01 7.674158215522766113e-01
6.804704666137695312e-01 2.401186823844909668e-01 1.341666579246520996e-01 7.674158215522766113e-01
6.804704666137695312e-01 2.401186823844909668e-01 1.341666579246520996e-01 7.674158215522766113e-01
6.804704666137695312e-01 2.401186823844909668e-01 1.341666579246520996e-01 7.674158215522766113e-01
6.804704666137695312e-01 2.401186823844909668e-01 1.341666579246520996e-01 7.674158215522766113e-01
6.804704666137695312e-01 2.401186823844909668e-01 1.341666579246520996e-01 7.674158215522766113e-01
6.804704666137695312e-01 2.401186823844909668e-01 1.341666579246520996e-01 7.674158215522766113e-01
6.804704666137695312e-01 2.401186823844909668e-01 1.341666579246520996e-01 7.674158215522766113e-01
6.804704666137695312e-01 2.401186823844909668e-01 1.341666579246520996e-01 7.674158215522766113e-01
6.804704666137695312e-01 2.401186823844909668e-01 1.341666579246520996e-01 7.674158215522766113e-01
6.804704666137695312e-01 2.401186823844909668e-01 1.341666579246520996e-01 7.674158215522766113e-01
6.804704666137695312e-01 2.401186823844909668e-01 1.341666579246520996e-01 7.674158215522766113e-01
6.804704666137695312e-01 2.401186823844909668e-01 1.341666579246520996e-01 7.674158215522766113e-01
6.804704666137695312e-01 2.401186823844909668e-01 1.341666579246520996e-01 7.674158215522766113e-01
6.804704666137695312e-01 2.401186823844909668e-01 1.341666579246520996e-01 7.674158215522766113e-01
6.804704666137695312e-01 2.401186823844909668e-01 1.341666579246520996e-01 7.674158215522766113e-01
6.804704666137695312e-01 2.401186823844909668e-01 1.341666579246520996e-01 7.674158215522766113e-01
6.804704666137695312e-01 2.401186823844909668e-01 1.341666579246520996e-01 7.674158215522766113e-01
6.804704666137695312e-01 2.401186823844909668e-01 1.341666579246520996e-01 7.674158215522766113e-01
6.804704666137695312e-01 2.401186823844909668e-01 1.341666579246520996e-01 7.674158215522766113e-01
6.804704666137695312e-01 2.401186823844909668e-01 1.341666579246520996e-01 7.674158215522766113e-01
6.804704666137695312e-01 2.401186823844909668e-01 1.341666579246520996e-01 7.674158215522766113e-01
6.804704666137695312e-01 2.401186823844909668e-01 1.341666579246520996e-01 7.674158215522766113e-01
6.804704666137695312e-01 2.401186823844909668e-01 1.341666579246520996e-01 7.674158215522766113e-01
6.804704666137695312e-01 2.401186823844909668e-01 1.341666579246520996e-01 7.674158215522766113e-01
6.804704666137695312e-01 2.401186823844909668e-01 1.341666579246520996e-01 7.674158215522766113e-01
6.804704666137695312e-01 2.401186823844909668e-01 1.341666579246520996e-01 7.674158215522766113e-01
6.804704666137695312e-01 2.401186823844909668e-01 1.341666579246520996e-01 7.674158215522766113e-01
6.804704666137695312e-01 2.401186823844909668e-01 1.341666579246520996e-01 7.674158215522766113e-01
6.804704666137695312e-01 2.401186823844909668e-01 1.341666579246520996e-01 7.674158215522766113e-01
6.804704666137695312e-01 2.401186823844909668e-01 1.341666579246520996e-01 7.674158215522766113e-01
6.804704666137695312e-01 2.401186823844909668e-01 1.341666579246520996e-01 7.674158215522766113e-01
6.804704666137695312e-01 2.401186823844909668e-01 1.341666579246520996e-01 7.674158215522766113e-01
6.804704666137695312e-01 2.401186823844909668e-01 1.341666579246520996e-01 7.674158215522766113e-01
6.804704666137695312e-01 2.401186823844909668e-01 1.341666579246520996e-01 7.674158215522766113e-01
6.804704666137695312e-01 2.401186823844909668e-01 1.341666579246520996e-01 7.674158215522766113e-01
