3.081699013710021973e-01 4.577259421348571777e-01 9.862018823623657227e-01 2.844450473785400391e-01
3.763868212699890137e-01 7.739596962928771973e-01 4.903600215911865234e-01 9.711887240409851074e-01
7.981702685356140137e-01 5.943205952644348145e-01 5.679661631584167480e-01 1.222991943359375000e-01
1.301566958427429199e-01 2.409272193908691406e-01 3.468235135078430176e-01 7.570849061012268066e-01
8.990601301193237305e-01 7.013313174247741699e-01 3.851173520088195801e-01 8.712579011917114258e-01
9.257524013519287109e-01 9.847649335861206055e-01 2.027252912521362305e-01 6.910971403121948242e-01
7.218635678291320801e-01 4.554963111877441406e-01 5.556803345680236816e-01 8.307695388793945312e-04
6.339216828346252441e-01 3.637930154800415039e-01 2.430918812751770020e-01 2.026944160461425781e-01
1.986311674118041992e-01 8.724523186683654785e-01 6.279868483543395996e-01 6.405846476554870605e-01
1.759082674980163574e-01 3.639981746673583984e-01 3.733756542205810547e-01 7.961094379425048828e-03
3.470424058639922649e-01 5.563246544470178412e-01 1.000000000000000000e+00 9.895795834353199316e-01
3.746315573878370442e-01 1.000000000000000000e+00 3.136068892305712286e-01 9.839317495539032787e-01
9.535860644007061737e-02 9.456584957084761545e-01 1.006428340959519552e-01 9.872954401098680277e-01
1.845685827081417207e-01 9.208161181042600063e-01 2.419672717694580297e-02 9.993759796376670002e-01
2.182330266700092114e-01 8.309958685902505415e-01 7.289218197226030038e-02 9.964707048115707400e-01
1.789242679954395343e-01 4.598944062130632116e-01 5.293543351859778673e-02 9.907463927674070581e-01
1.103516988754923572e-01 4.673023936066268980e-01 0.000000000000000000e+00 1.000000000000000000e+00
8.348335784607431587e-02 4.156696969466932567e-01 1.272077176633499597e-02 9.986738527589558156e-01
2.023067580148652234e-01 5.013548849779559946e-01 0.000000000000000000e+00 9.998674962759205309e-01
1.738693379702637432e-01 3.074397533951198080e-01 0.000000000000000000e+00 7.864673547113981700e-01
2.701652112490897650e-01 5.384377543943839051e-01 9.334768494243904499e-04 1.000000000000000000e+00
4.063431968921486503e-01 4.947293854588511453e-01 2.946510014711736878e-03 9.982247102705450459e-01
3.831281054933013408e-01 5.975698815555781085e-01 0.000000000000000000e+00 9.930177630061223226e-01
6.384656203450655987e-01 8.046737738994168554e-01 4.625033867883122235e-02 9.151328940530585321e-01
1.378196670241040589e-01 2.765074111863448647e-01 1.999856611026130382e-01 8.878215375865583514e-01
5.301035626691871089e-02 5.574335402557183405e-01 8.746873453605290283e-02 5.390278552738170248e-01
1.402928132416675910e-01 3.009522735538228133e-01 4.539968716027844575e-01 6.419912247209245137e-01
1.374929356995489016e-01 5.738372365364554639e-01 2.054021241082272867e-02 8.087472771068002775e-01
2.703792848224784162e-01 5.747391019968249859e-01 1.264833358325641657e-03 9.023274000629589731e-01
3.297137751058336619e-01 6.031157056121463356e-01 1.712828306964872191e-02 7.762522609927789974e-01
9.940448077860520870e-01 8.293221230988678805e-02 1.000000000000000000e+00 8.791116298325507561e-01
1.710365508136875157e-01 3.379392345151183141e-01 1.440730074863465771e-01 1.000000000000000000e+00
1.565834785565404230e-01 6.132057156645214224e-01 3.266098361677933215e-01 7.073329805553149052e-01
2.267197793378441795e-01 6.175947265071334291e-01 3.734874032660066932e-03 9.699437688246792533e-01
2.455010875411827442e-01 5.585781309353704538e-01 2.814966596057396075e-01 9.698792999963770090e-01
1.879575507632853526e-01 7.892844112395899225e-01 0.000000000000000000e+00 8.829727428568576730e-01
3.048388916841787699e-01 5.436228491156156473e-01 6.383716902850781194e-01 9.770961126980404199e-01
1.805693906022537709e-01 7.764570260737265750e-01 4.760069292825439002e-01 6.703764449604295850e-01
4.840085054922614316e-01 6.797091905287315772e-01 1.270084556623596872e-01 4.917475365093583739e-01
2.022450492175318915e-01 8.372136196474724845e-02 2.311630061358737817e-02 6.612259753252219818e-01
5.960082220219379279e-01 3.691700430297017443e-01 1.629158501641894408e-01 3.446981937842407695e-01
8.722597763089572770e-03 5.292573883685657288e-01 1.520372716599264762e-01 2.719198897471817311e-01
2.678136474749414075e-01 2.779304701283470957e-01 3.358966851814080418e-02 9.165336821087839425e-01
9.867309125620454813e-02 1.902387066784872460e-01 1.343175030263482617e-01 9.300464586912541298e-01
1.077011338655595035e-01 7.842007450591566009e-01 6.042882979544227789e-02 2.264260046000628468e-01
0.000000000000000000e+00 8.365969887839582730e-01 5.393386702587064929e-02 9.543139074007613853e-01
6.952979203789330098e-01 2.865900037398749212e-01 7.798469477435898689e-02 1.000000000000000000e+00
9.216168505722547311e-01 3.892215898718886513e-01 6.828890843214571738e-02 9.998071730316193673e-01
1.000000000000000000e+00 3.607864005186104395e-01 8.804043247707248054e-02 9.989303417002374230e-01
2.522643025134807537e-01 0.000000000000000000e+00 3.481040408612495751e-01 9.290817357075185079e-01
1.156225222203425967e-01 7.838592505329038396e-01 4.966655365133344768e-02 3.014996036887160891e-01
7.386358575123790349e-01 8.871469923953618358e-03 4.126748855956056672e-01 9.448972746089977504e-01
5.370493559990219268e-01 1.106739449967188982e-01 1.828047468094180228e-01 9.464350773712904008e-01
9.493760411456032555e-01 1.000000000000000000e+00 2.274302445464224109e-01 6.305497504531298869e-01
9.348911006550506553e-01 2.253230064418772910e-02 7.451650061373112921e-01 9.146667928320779684e-01
4.654455498596752894e-01 0.000000000000000000e+00 7.762385135070437592e-01 8.813757290142105738e-01
1.412427461292901087e-01 3.457965650785216338e-01 3.785631766158735756e-01 1.677827317575329713e-01
5.984345214450178529e-01 7.394917596126154846e-01 2.459157911447912848e-01 3.760987330479880764e-01
2.122791914423733106e-01 0.000000000000000000e+00 1.604726895836429759e-02 5.878512055713229767e-01
1.277071818262343061e-01 3.294085729592472478e-01 3.863667273281993220e-01 3.336544855395908726e-01
8.632318783777978011e-01 6.346482849410003957e-02 9.949877886910978297e-01 8.741891653687405839e-01
4.910171042026848509e-01 1.000000000000000000e+00 4.776711979549641551e-01 9.660725921611471589e-01
6.398592013239371434e-01 4.979677836617557585e-01 2.807300831288735421e-01 9.042934745136509411e-01
3.677110010973119736e-02 9.772988699410400937e-02 6.015114320126108832e-02 9.291053541014320238e-01
2.955664014781631543e-01 8.410994101199845141e-02 4.128167994235792393e-01 9.251877999958622034e-01
1.899276574586359345e-01 3.693469974639270181e-01 6.978760039437276186e-01 5.447120018339540737e-01
2.343891724173397528e-01 1.000000000000000000e+00 9.325110634361961637e-01 5.806886345756511192e-01
1.174372273055388910e-01 1.986734471588189888e-01 2.725693824144289623e-01 6.976363106724520202e-01
7.753984089005552804e-02 2.111207616001415655e-01 4.410728036628073223e-01 9.801729094534534781e-01
7.594351429259348085e-02 7.830606187838892174e-01 9.291664378839227523e-02 0.000000000000000000e+00
1.618506452983859700e-01 7.571335458101420279e-01 2.837131181447824155e-02 6.435145276077053333e-01
1.368835689470630501e-01 5.957097314100598950e-01 2.802488695269254038e-01 5.852883599991878238e-01
1.617087845497499898e-01 1.324942244142202907e-01 1.605997903129060267e-01 8.770464152828868487e-01
5.391340002892683891e-01 3.739318208549374245e-01 9.643381377692193668e-02 5.040740834043184737e-01
4.470083098991464721e-01 3.724287868639623578e-01 4.738126370295419471e-02 7.610691029845798594e-01
9.983406656916629651e-02 1.383102014574199567e-01 2.939760813596928868e-01 5.404857377528220486e-01
8.764675790214765394e-02 1.029897772790589611e-01 3.299635064533291695e-01 3.048524102029588900e-01
1.500815517352838968e-01 6.978271860847651276e-01 3.149561301643624689e-01 3.814217231155306864e-01
1.105887701577329824e-01 4.899014004139091993e-02 3.959125158279251377e-01 8.340062203592722989e-01
4.339451754244409987e-01 4.662369285972209343e-01 1.000000000000000000e+00 3.788050545973833949e-02
2.206635078199180866e-01 4.015655083824585803e-01 5.449159018418713307e-01 9.517806074853797371e-01
1.564116928054676281e-01 7.832904073607527273e-01 3.565948310591585124e-01 9.718382925546903417e-02
2.927929997585360655e-01 2.900718002744524515e-01 3.799956501267875986e-01 9.696336514144153762e-01
2.001692362125216673e-01 4.989421421955768654e-01 4.374407229938546693e-01 9.012308389208442128e-01
5.582862050031679457e-01 3.428586249059829560e-01 2.004952541119321974e-01 8.846508646116161279e-01
1.927172774640799613e-01 3.899300770709547836e-01 7.190779442982160319e-01 7.047800139444817535e-01
3.498426590908990108e-02 1.292882491921892862e-01 4.710186694592061185e-01 9.556506129582233999e-01
5.303659577699583461e-02 3.303033696199777491e-01 1.507263201123650309e-01 5.252502981547696459e-01
8.792332652521814285e-02 6.529620741117780902e-02 3.273378213027640649e-01 4.818903381653086987e-03
2.456014157593343628e-01 3.536622114167297659e-01 7.220374165622103213e-01 9.686300944084510478e-01
6.010807748550534013e-01 8.162382888812662607e-01 6.891504707272208541e-02 8.739992110327940988e-01
1.558482823596235578e-01 1.000000000000000000e+00 0.000000000000000000e+00 7.153308644296397789e-01
0.000000000000000000e+00 3.110561936334532152e-01 5.122829166177654721e-03 8.528882672714058755e-01
4.466202220237919795e-01 8.869900617299548706e-01 5.118676718561510075e-01 9.673493153940355693e-01
5.067994423398896053e-01 7.995508217780512572e-01 7.060618410968674263e-01 9.614549637891670608e-01
1.455263246119854748e-01 5.737566907934121829e-01 3.365433003492915853e-01 1.843550918375312375e-01
2.121680834262722470e-01 3.450215330859923712e-02 6.072122356591191927e-01 8.907830558420538614e-01
1.275743758573647801e-01 9.286117545881122926e-01 1.043543856999075564e-01 7.396634897988816348e-01
4.346306568597552156e-01 6.959726423888151770e-01 3.991495102002851625e-01 9.847877238448811132e-01
7.950402452201325021e-01 9.281012880408370247e-01 2.377154113023312032e-01 5.308294637191440790e-01
8.966506548353184169e-02 0.000000000000000000e+00 3.128187984683208356e-01 4.467523144057685136e-01
6.511789639244591754e-01 8.692911866245691677e-01 1.000000000000000000e+00 9.221527832755208598e-01
5.077027226996939646e-01 2.233046703715066694e-01 7.405425034807741613e-02 8.464330132188326861e-01
6.629060916203568521e-01 9.402992881696185801e-02 1.282010507763434448e-01 7.674766061220442692e-01
3.627792878525705478e-02 0.000000000000000000e+00 5.344744155379596018e-01 8.922748032946423713e-01
3.356899808724285728e-01 9.545212334524066922e-01 4.442687736945286070e-01 9.436462882174575517e-01
9.894158831246906149e-02 8.584916591944847797e-01 3.815564072653669647e-02 7.031442712326904099e-01
1.540415414885163981e-01 8.892072347758469553e-01 1.333669712594320045e-01 8.918078324787108713e-01
1.705523540215691525e-01 9.809151811287214473e-01 2.466479029578499682e-01 4.028133558299601402e-01
5.100401521589214004e-01 6.621515267508866209e-01 7.941921022043328671e-02 8.170261514951040471e-01
