9.379864683905555500e-01 1.000000000000000000e+00 7.040086562526328695e-01 1.000000000000000000e+00 1.956684008630534821e-01 1.000000000000000000e+00
3.332027430189795636e-01 5.436755300880559139e-01 1.000000000000000000e+00 1.000000000000000000e+00 1.765597939088564827e-01 1.000000000000000000e+00
0.000000000000000000e+00 6.930849421568310298e-01 7.602899858375442577e-01 1.000000000000000000e+00 0.000000000000000000e+00 9.790564073951318891e-01
0.000000000000000000e+00 4.751335407839274438e-01 8.923912936072561086e-01 1.000000000000000000e+00 0.000000000000000000e+00 1.000000000000000000e+00
0.000000000000000000e+00 5.553020395631466100e-01 1.000000000000000000e+00 5.808990628310803928e-01 1.134055252833747890e-01 1.000000000000000000e+00
1.702465272575271471e-01 5.536442154066737453e-01 1.000000000000000000e+00 5.942034569522061105e-01 1.277861112957703604e-01 1.000000000000000000e+00
0.000000000000000000e+00 5.431518934874484117e-01 1.000000000000000000e+00 5.735311934088752617e-01 9.239460521226186551e-02 1.000000000000000000e+00
0.000000000000000000e+00 6.851877499996101850e-01 1.000000000000000000e+00 5.929046697228942397e-01 2.143742263310726981e-01 1.000000000000000000e+00
0.000000000000000000e+00 1.000000000000000000e+00 5.389071525821247377e-01 1.000000000000000000e+00 0.000000000000000000e+00 1.000000000000000000e+00
0.000000000000000000e+00 1.000000000000000000e+00 6.027561248113298964e-01 1.000000000000000000e+00 3.293007708848749021e-02 1.000000000000000000e+00
0.000000000000000000e+00 1.000000000000000000e+00 5.623303938845429784e-01 1.000000000000000000e+00 0.000000000000000000e+00 1.000000000000000000e+00
0.000000000000000000e+00 8.951809071911080995e-01 7.298364321563550750e-01 7.724276386050256127e-01 2.501022220250057604e-01 1.000000000000000000e+00
0.000000000000000000e+00 1.000000000000000000e+00 6.723121021817884957e-01 1.000000000000000000e+00 3.540059591807794004e-02 1.000000000000000000e+00
0.000000000000000000e+00 1.000000000000000000e+00 6.912936900815596086e-01 7.511181354954934442e-01 3.025499411841554021e-01 1.000000000000000000e+00
0.000000000000000000e+00 1.000000000000000000e+00 6.815901171118489144e-01 7.110950563710576322e-01 3.388812123433982415e-01 1.000000000000000000e+00
1.149678626539039489e-01 1.000000000000000000e+00 7.244226853058584048e-01 7.164148845360540641e-01 3.523855385117729555e-01 1.000000000000000000e+00
0.000000000000000000e+00 1.000000000000000000e+00 7.147713942830096201e-01 6.952209618323303975e-01 3.861429407701783001e-01 1.000000000000000000e+00
7.858141563903007221e-01 1.000000000000000000e+00 6.870927847490417850e-01 9.013128540403251288e-01 4.565996610407871414e-01 1.000000000000000000e+00
5.035879972436581031e-01 1.000000000000000000e+00 9.625136417216760831e-01 7.698936668442525333e-01 3.357318096786303108e-01 1.000000000000000000e+00
4.989821544067284953e-01 1.000000000000000000e+00 1.000000000000000000e+00 6.995878804826376474e-01 4.639166011984530713e-01 9.320314352782587131e-01
5.119481422006145754e-01 1.000000000000000000e+00 1.000000000000000000e+00 7.128687139752080126e-01 4.581869299829586240e-01 9.804329359788982456e-01
5.347723750501652829e-01 1.000000000000000000e+00 1.000000000000000000e+00 7.052282951549251333e-01 4.506329146612416126e-01 7.676395813716581085e-01
5.213678086285912228e-01 1.000000000000000000e+00 1.000000000000000000e+00 5.691787256306112264e-01 4.329136470756258515e-01 1.000000000000000000e+00
5.921607161727043822e-01 1.000000000000000000e+00 1.000000000000000000e+00 7.152567473562294609e-01 3.532481801073137362e-01 1.000000000000000000e+00
5.863796730969911275e-01 1.000000000000000000e+00 1.000000000000000000e+00 8.124916303571965148e-01 1.750722674812745794e-01 8.625682768422361368e-01
5.934597501141779530e-01 1.000000000000000000e+00 1.000000000000000000e+00 8.040290713008264589e-01 2.510928627221725717e-01 9.486884451888133452e-01
5.891437049380401358e-01 1.000000000000000000e+00 1.000000000000000000e+00 7.976555077208523636e-01 2.407340028923168618e-01 9.387269646060846240e-01
5.606336404580792854e-01 1.000000000000000000e+00 1.000000000000000000e+00 8.004258988467638503e-01 3.284462422891041289e-01 9.898495691056243828e-01
5.402259455393053633e-01 1.000000000000000000e+00 1.000000000000000000e+00 7.215418026349847969e-01 3.778787918717582683e-01 1.000000000000000000e+00
5.251433111501414563e-01 1.000000000000000000e+00 1.000000000000000000e+00 7.107532560957522394e-01 3.775681265467529246e-01 9.928914938030690696e-01
5.266607883080417496e-01 1.000000000000000000e+00 1.000000000000000000e+00 7.084101432140985644e-01 3.772123605564725035e-01 1.000000000000000000e+00
5.446892423335957245e-01 1.000000000000000000e+00 8.434552868367369838e-01 6.956453374299430559e-01 3.812806721104321506e-01 1.000000000000000000e+00
5.560397714618106058e-01 1.000000000000000000e+00 8.159794259150671136e-01 7.010208797679562398e-01 3.708084220124348018e-01 8.468006106170278269e-01
5.485186042762083547e-01 1.000000000000000000e+00 7.623604381732616009e-01 6.886043845442642031e-01 3.203580453766097791e-01 8.203727365530079085e-01
5.493362905232995752e-01 1.000000000000000000e+00 7.306978785318395397e-01 6.872653945267908071e-01 3.062568257229378310e-01 8.309957145439267334e-01
5.565413061567926478e-01 1.000000000000000000e+00 7.582390091294136658e-01 6.767426101402472804e-01 2.867328579593992899e-01 7.629567214506759454e-01
6.388916495525165384e-01 1.000000000000000000e+00 1.000000000000000000e+00 6.729023546884870255e-01 1.812072284750301521e-01 2.380417648557106580e-01
6.782412612237254113e-01 1.000000000000000000e+00 1.000000000000000000e+00 6.915006769648658347e-01 1.389476425586771979e-01 5.296342607556696336e-02
6.889569807848069383e-01 1.000000000000000000e+00 1.000000000000000000e+00 7.038203149154852456e-01 1.383907656939458997e-01 4.450631658500913551e-02
6.956362090520147312e-01 1.000000000000000000e+00 1.000000000000000000e+00 7.059616388387489616e-01 1.367774238098992678e-01 0.000000000000000000e+00
6.984622610772479590e-01 1.000000000000000000e+00 1.000000000000000000e+00 7.101919672660212957e-01 1.429073297581363866e-01 0.000000000000000000e+00
7.261114702354379835e-01 1.000000000000000000e+00 1.000000000000000000e+00 7.144910336472163337e-01 9.465929645736817499e-02 0.000000000000000000e+00
6.928544683102738633e-01 1.000000000000000000e+00 1.000000000000000000e+00 6.797019659379558432e-01 7.486604454111199514e-02 0.000000000000000000e+00
6.924726294215169942e-01 1.000000000000000000e+00 1.000000000000000000e+00 6.811854277884383801e-01 7.976548141923175961e-02 0.000000000000000000e+00
7.041459266171743447e-01 1.000000000000000000e+00 1.000000000000000000e+00 6.755187262177191343e-01 1.451202645586006645e-01 0.000000000000000000e+00
7.069803789167345975e-01 1.000000000000000000e+00 1.000000000000000000e+00 6.753286166284598879e-01 1.366166194035285941e-01 0.000000000000000000e+00
7.021340063603791481e-01 1.000000000000000000e+00 1.000000000000000000e+00 6.747813502121684515e-01 1.198834149766789259e-01 5.420772571208170958e-03
7.052816985022974938e-01 1.000000000000000000e+00 1.000000000000000000e+00 6.695473718652935613e-01 8.823802448272410892e-02 0.000000000000000000e+00
7.126981156209486468e-01 1.000000000000000000e+00 1.000000000000000000e+00 6.873463704696501919e-01 8.373645888415508221e-02 0.000000000000000000e+00
7.203074711756326520e-01 1.000000000000000000e+00 8.750532783595448283e-01 6.060472666482747961e-01 8.418134056080492367e-02 0.000000000000000000e+00
7.292925096101574578e-01 1.000000000000000000e+00 8.502131489216975258e-01 5.882529952748621893e-01 2.173333550324460170e-02 0.000000000000000000e+00
7.364306606908077590e-01 1.000000000000000000e+00 8.535289015467120155e-01 5.999006656024343798e-01 2.848879238802725158e-02 0.000000000000000000e+00
7.124847195806501832e-01 1.000000000000000000e+00 9.597078126677800469e-01 6.213456014272904504e-01 1.831906762666163369e-02 0.000000000000000000e+00
7.025506098905659469e-01 1.000000000000000000e+00 1.000000000000000000e+00 6.332079743542147199e-01 2.938138274417576717e-02 0.000000000000000000e+00
7.133348109367201317e-01 1.000000000000000000e+00 9.532669961282923543e-01 6.398418029776797855e-01 1.465150859062194777e-02 0.000000000000000000e+00
7.146335556607541495e-01 1.401236045121255214e-01 1.000000000000000000e+00 1.000000000000000000e+00 1.042493189091761169e-01 1.000000000000000000e+00
7.144781069620520508e-01 1.400634888491668617e-01 1.000000000000000000e+00 1.000000000000000000e+00 1.022676055664786809e-01 1.000000000000000000e+00
7.190943333537813675e-01 1.445440225101052301e-01 1.000000000000000000e+00 1.000000000000000000e+00 9.175814134066598293e-02 1.000000000000000000e+00
7.278158188211553137e-01 1.589432600135844420e-01 1.000000000000000000e+00 1.000000000000000000e+00 8.484637270149271437e-02 1.000000000000000000e+00
7.341132834337041890e-01 1.330542803405508900e-01 1.000000000000000000e+00 1.000000000000000000e+00 1.237779285878781860e-01 1.000000000000000000e+00
7.384421748669297569e-01 1.351960665885092727e-01 1.000000000000000000e+00 1.000000000000000000e+00 1.357058217857856075e-01 1.000000000000000000e+00
7.382573148106077454e-01 1.370302736856734427e-01 1.000000000000000000e+00 1.000000000000000000e+00 1.339191292807108968e-01 1.000000000000000000e+00
7.425960705914370630e-01 1.338170327097534529e-01 1.000000000000000000e+00 1.000000000000000000e+00 1.323007344850463396e-01 1.000000000000000000e+00
7.417610305589916742e-01 1.363098054448952379e-01 1.000000000000000000e+00 1.000000000000000000e+00 1.303712745659440508e-01 1.000000000000000000e+00
7.130255859559780918e-01 1.666078747851062469e-01 1.000000000000000000e+00 1.000000000000000000e+00 1.562163236093661312e-01 1.000000000000000000e+00
7.178779120112026568e-01 1.645565584971051820e-01 1.000000000000000000e+00 1.000000000000000000e+00 1.563582180749895356e-01 1.000000000000000000e+00
7.069524400803027797e-01 1.833675273582538456e-01 1.000000000000000000e+00 1.000000000000000000e+00 1.195803385388145151e-01 1.000000000000000000e+00
7.216154278037917313e-01 1.797665858713755893e-01 1.000000000000000000e+00 1.000000000000000000e+00 1.125087073524008441e-01 1.000000000000000000e+00
7.187526861589214056e-01 1.793646042746733782e-01 1.000000000000000000e+00 1.000000000000000000e+00 1.139921886488039215e-01 1.000000000000000000e+00
7.648826666774242167e-01 1.492828970622122609e-01 1.000000000000000000e+00 1.000000000000000000e+00 1.524905733103657512e-01 1.000000000000000000e+00
7.681974968065022891e-01 1.467381736568056094e-01 1.000000000000000000e+00 1.000000000000000000e+00 1.527287410295669057e-01 1.000000000000000000e+00
7.640072750881505836e-01 1.505444171888292992e-01 1.000000000000000000e+00 1.000000000000000000e+00 1.353279357643833170e-01 1.000000000000000000e+00
7.539091792322655250e-01 1.521566433708322341e-01 1.000000000000000000e+00 1.000000000000000000e+00 1.526536433552659056e-01 1.000000000000000000e+00
7.482725315324235682e-01 1.562542442010901589e-01 1.000000000000000000e+00 1.000000000000000000e+00 1.496990592833763456e-01 1.000000000000000000e+00
7.904047667968023827e-01 1.496516943954896983e-01 1.000000000000000000e+00 1.000000000000000000e+00 3.064093005061069297e-01 1.000000000000000000e+00
7.659795941759521831e-01 1.384202117379758901e-01 1.000000000000000000e+00 1.000000000000000000e+00 3.239065363098961314e-01 1.000000000000000000e+00
7.793180664088885656e-01 1.593617508396893978e-01 1.000000000000000000e+00 1.000000000000000000e+00 3.968559212380207701e-01 1.000000000000000000e+00
7.784284310155191733e-01 1.597586850472506315e-01 1.000000000000000000e+00 1.000000000000000000e+00 3.972974902909112704e-01 1.000000000000000000e+00
7.863755792332282057e-01 1.569554387911941407e-01 1.000000000000000000e+00 1.000000000000000000e+00 3.921460962537482442e-01 1.000000000000000000e+00
7.933699780746049646e-01 1.565071335744788461e-01 1.000000000000000000e+00 1.000000000000000000e+00 3.877721094661046308e-01 1.000000000000000000e+00
9.567184611080380430e-01 2.320881344904459076e-01 1.000000000000000000e+00 1.000000000000000000e+00 1.824734341816457439e-01 1.000000000000000000e+00
9.384891665987948883e-01 2.186852202481921748e-01 1.000000000000000000e+00 1.000000000000000000e+00 2.221989333642154230e-01 1.000000000000000000e+00
8.849881377975498120e-01 2.167672207151561115e-01 1.000000000000000000e+00 1.000000000000000000e+00 3.223514761383203808e-01 1.000000000000000000e+00
8.488659855010162181e-01 2.384010759264398593e-01 1.000000000000000000e+00 1.000000000000000000e+00 3.026817814808676621e-01 1.000000000000000000e+00
8.758991383974503719e-01 3.132107180652463074e-01 1.000000000000000000e+00 1.000000000000000000e+00 2.025305470090661975e-01 1.000000000000000000e+00
6.669626755154244302e-01 1.000000000000000000e+00 6.871565609115467543e-01 5.400584220840062288e-01 4.893808487396187346e-01 9.666600332825504571e-01
6.680243894577516661e-01 1.000000000000000000e+00 7.009241581566754142e-01 5.374158846990657601e-01 5.285801293064392725e-01 1.000000000000000000e+00
6.661369217776029750e-01 1.000000000000000000e+00 6.974870290613258694e-01 5.291266271736368987e-01 5.325685787898887247e-01 1.000000000000000000e+00
6.735625204541649813e-01 1.000000000000000000e+00 6.965623843778254720e-01 5.546353190899481200e-01 5.130642452093064909e-01 1.000000000000000000e+00
6.627836614019297912e-01 1.000000000000000000e+00 7.021747293938471746e-01 5.247719626770648294e-01 5.360718992565650654e-01 1.000000000000000000e+00
6.611816210730229182e-01 1.000000000000000000e+00 7.023098243356213910e-01 5.324074843046037175e-01 5.340010605933170895e-01 1.000000000000000000e+00
6.480358429476241744e-01 1.000000000000000000e+00 6.811627943396423301e-01 4.644669157435238893e-01 5.636676144391046250e-01 9.080665820373824415e-01
6.668275693381569003e-01 1.000000000000000000e+00 6.976650464239090299e-01 5.030082191725687712e-01 5.451735008022533524e-01 9.874940073769565840e-01
6.681036116444790673e-01 1.000000000000000000e+00 6.976578154251148467e-01 5.026980986338095425e-01 5.389712246014275454e-01 9.819943157453107085e-01
6.727601860308808357e-01 1.000000000000000000e+00 7.015648897821546992e-01 5.070249413581364717e-01 5.348734974765143591e-01 1.000000000000000000e+00
6.828840909562732264e-01 1.000000000000000000e+00 6.859937275860441552e-01 4.987257039627183142e-01 5.274527981313802405e-01 9.355245127258545734e-01
6.838292483547673273e-01 1.000000000000000000e+00 6.844867878135489914e-01 4.967184647797334152e-01 5.246210932261115012e-01 9.315561172659274636e-01
6.917920457884836338e-01 1.000000000000000000e+00 6.905891682156983791e-01 5.062324688252788363e-01 5.219075988805429445e-01 9.630544548698126706e-01
6.944149445796586884e-01 1.000000000000000000e+00 6.851339125751568782e-01 5.080088009885314060e-01 5.120492309948759813e-01 9.491611013344510850e-01
7.337086121098704838e-01 1.000000000000000000e+00 6.858722969311382700e-01 5.644368766766428847e-01 4.376774165408072736e-01 1.000000000000000000e+00
