-4.238909759586864112e-01
-1.979081958584795187e-01
3.978668853405535888e-01
4.127477999030852440e-01
4.127477999030852440e-01
6.393506585920343266e-01
6.742152740895598906e-02
-8.481298536206632876e-03
4.127477999030852440e-01
2.327038944990056368e-01
4.993567759133651363e-01
6.233387534471781510e-01
5.828947435870527327e-01
5.727895658081247898e-01
6.356296390842950395e-01
6.425824024956242608e-01
5.899021474660508524e-01
5.770419728779316859e-01
5.791681895504015021e-01
6.610684509834688916e-01
6.904673229791752354e-01
6.907453179738103355e-01
6.919105218941534741e-01
6.920835614942808522e-01
6.615115525239184668e-01
6.926921557043828059e-01
6.927748451851758471e-01
6.929526969093682265e-01
6.929502883698472893e-01
6.929817236388622348e-01
6.889529618966390156e-01
6.897195618469195155e-01
6.929218463484301260e-01
6.928891379563371089e-01
6.929012625656942870e-01
6.928803571396933147e-01
6.929059579300406169e-01
6.929056137398855730e-01
6.927396920890889209e-01
6.927486355622881620e-01
6.618979772808740725e-01
6.927077974006565775e-01
6.927053583443033569e-01
6.926451688500879778e-01
6.618982913499456000e-01
6.926988421819297859e-01
6.928363446624423716e-01
6.928141629164776827e-01
6.928028086147770548e-01
6.928672527260026914e-01
6.928689267232919224e-01
6.928280080976204625e-01
6.928103181061826543e-01
6.928066428923997933e-01
6.927830003083108590e-01
6.927719981945179573e-01
6.927834453864687436e-01
6.927912280262311651e-01
6.927916352820457924e-01
6.927023656439701416e-01
6.927174310035584259e-01
6.927574547140973316e-01
6.611314622164616850e-01
6.927421405771105878e-01
6.927077793666258643e-01
6.927113421996256015e-01
6.927099250712638323e-01
6.926217883202931969e-01
6.926210405586237240e-01
6.927519655493057371e-01
6.928229166632865477e-01
6.927692937889160518e-01
6.927698868373315388e-01
6.927628355615231825e-01
6.927532910018820989e-01
6.927499056572132830e-01
6.927476788527040519e-01
6.927478720024393688e-01
6.927500176575613899e-01
6.927451874682490907e-01
6.927489100082588891e-01
6.926656966470059462e-01
6.926781076018354577e-01
6.926772086138985873e-01
6.926862829970232838e-01
6.926863349218553845e-01
6.926837396656375656e-01
6.926978285681382186e-01
6.926962127812954506e-01
6.926965308029381374e-01
6.926911623140430407e-01
6.926858893669298745e-01
6.927075608653374683e-01
6.926977048132412218e-01
6.927330619668570222e-01
6.927330710875885256e-01
6.928836911371040186e-01
6.929535650525129320e-01
6.929520497040086990e-01
6.618406530989470182e-01
