5.254491482975228722e-01
4.488789016419461597e-02
-2.739027400244753996e-01
-3.514871940020090069e-01
3.213130985170291609e-01
-8.537253342968020853e-02
-2.800269955988571313e-02
-9.586921766080408469e-02
-1.014258681141737783e+00
-7.440953756857099366e-02
1.411393557983730673e+00
1.478586428504924832e+00
4.541577613051671625e-01
1.435599618585136739e+00
1.550916156292126091e+00
1.562957326723056761e+00
1.566624449970256849e+00
1.375421305385055248e+00
7.184873566080378637e-01
1.592501733899740479e+00
1.600654310227797250e+00
8.136349424304349931e-01
-4.139846954516716582e-01
4.479949988890978840e-01
7.977333527323943185e-01
-3.175275138978104761e-01
1.148919517117935385e+00
7.866025336946276258e-01
4.304326945356848899e-01
8.586094650186855137e-01
3.787776140012380499e-01
7.828040659228372444e-01
-1.258758593417116933e-01
8.042936916411065340e-01
7.736103479669481642e-02
-8.908647525499913122e-02
5.621689613634056615e-01
4.044208060813500039e-01
-4.873360559244951373e-01
-9.812559728790781755e-02
1.116904085699390592e+00
-2.303353399176429617e-01
1.218343616704534504e+00
-9.149056504788327659e-02
1.386153061239494111e+00
-7.207848841912484206e-02
3.696557132578612848e-01
-7.924665824513305035e-02
-2.850168639930804049e-01
5.801009837445094686e-01
-2.289288289642619767e-01
-1.964339069585561703e-01
-2.069151518935328227e-01
9.918152991472263258e-01
6.874550138355252082e-01
1.237136916837531020e+00
1.432439203948544293e+00
1.376682799079078201e+00
-8.625467934382817781e-01
-3.128733451480708583e-01
-4.055800891533838937e-01
6.222726377277064680e-01
-4.693455387478192020e-01
7.265370273720932470e-01
5.207328626861200682e-01
-6.765554147805437069e-01
1.118630031647862122e+00
4.127229930157138016e-01
8.312509051836748375e-01
-7.755296938174121024e-01
2.051004463431270186e-01
2.878717450896506325e-02
-7.742178867172516687e-01
1.184124375241449201e+00
-5.552766645871598516e-02
5.346896749258550630e-02
3.280332653544806298e-01
9.513474472841390028e-01
-2.975777474723042548e-01
8.179330648627596290e-01
-9.708475320697612654e-02
4.184623299926020779e-01
9.359343092216004800e-01
-2.174697522473290068e-01
4.044776031583905973e-01
8.562318425288008017e-01
1.124290634903013064e+00
4.139601553879020401e-01
4.420603459848406747e-01
4.647995910606309566e-01
1.349399318065837239e+00
9.731222633581170234e-01
-1.726832902134352588e-01
-8.712754746763656799e-02
-5.495908993842759660e-01
6.496585022811809385e-01
5.337792567070569483e-01
4.186879537043937671e-01
-6.240817186509852732e-01
1.396652364371587129e+00
4.164910262836333255e-01
-1.335293625589826227e-01
-6.036398295466678388e-01
-5.660847670473069249e-01
-2.349167482532591444e-01
3.871855639325365583e-01
1.234583310823892832e+00
1.432279914806133592e+00
1.159415782879635870e-02
-5.337410964360241872e-01
