-1.067611707109070052e+00
-1.033991856316260227e+00
-1.683670421853888044e+00
-1.638205346672454432e+00
-1.707443679452416152e+00
-1.778236573465132198e+00
-1.774552119967293784e+00
-1.722741510628039041e+00
-1.740805001990837653e+00
-4.007781529485380467e+00
-3.660348914488141148e+00
-3.189293765149786353e+00
-3.281455189425396934e+00
-3.084032397294547145e+00
-2.563563990614935673e+00
-4.752232090512446661e+00
-4.765468595256520778e+00
-4.730881393827461423e+00
-4.716326880539762456e+00
-4.742416272469017535e+00
-4.501480827040101218e+00
-4.584230047324794555e+00
-4.315199047028189128e+00
-4.112131121149310786e+00
-4.202217095924618562e+00
-4.200035899793312488e+00
-3.551439738114577249e+00
-3.736793520034770832e+00
-3.692320322798218868e+00
-3.796563619903439601e+00
-3.849276977470095673e+00
-3.822069128939584726e+00
-3.822883501701086928e+00
-4.027438913835930556e+00
-7.985559766918783886e+00
-7.454349311747375140e+00
-7.693583877779799352e+00
-7.793985487801291079e+00
-7.880218699260185922e+00
-8.235147559707755249e+00
-7.445423848591322447e+00
-8.559285746289418739e+00
-6.983071829303951539e+00
-7.444351318174505572e+00
-7.481147048158166335e+00
-4.511521632452733854e+00
-5.716630572982823288e+00
-5.498890774275463578e+00
-6.947983685668207343e+00
-5.016363632240008918e+00
