1.972474119077136878e+00
1.972474119077136878e+00
1.972474119077136878e+00
1.972474119077136878e+00
1.972474119077136878e+00
2.038585752965855313e+00
2.269397154660129701e+00
2.269397154660129701e+00
2.296503405432011924e+00
2.296503405432011924e+00
2.296503405432011924e+00
2.493461579185802357e+00
2.493461579185802357e+00
2.540101059433639286e+00
2.633369378511129177e+00
2.633369378511129177e+00
2.633369378511129177e+00
2.633369378511129177e+00
2.633369378511129177e+00
2.633369378511129177e+00
2.633369378511129177e+00
2.633369378511129177e+00
2.633369378511129177e+00
2.633369378511129177e+00
2.633369378511129177e+00
2.633369378511129177e+00
2.633369378511129177e+00
2.633369378511129177e+00
2.633369378511129177e+00
2.633369378511129177e+00
2.633369378511129177e+00
2.633369378511129177e+00
2.633369378511129177e+00
2.633369378511129177e+00
2.633369378511129177e+00
2.633369378511129177e+00
2.633369378511129177e+00
2.633369378511129177e+00
2.633369378511129177e+00
2.633369378511129177e+00
2.633369378511129177e+00
2.633369378511129177e+00
2.633369378511129177e+00
2.633369378511129177e+00
2.633369378511129177e+00
2.649423338249805138e+00
2.649423338249805138e+00
2.649423338249805138e+00
2.649423338249805138e+00
2.649423338249805138e+00
