1.757194664878541035e+00
1.725712774423372453e+00
2.180678628519499451e+00
2.157548335002519746e+00
2.192360968375468122e+00
2.225548617170832522e+00
2.223878691862300361e+00
2.199732892091891046e+00
2.208293606619510907e+00
2.629281596305967472e+00
2.609063450849214316e+00
2.567615733424853275e+00
2.577329766270357592e+00
2.555368556114562484e+00
2.471668213698828609e+00
2.654832593103203742e+00
2.655136566817268395e+00
2.654333719695145088e+00
2.653987486827598996e+00
2.654604562292715020e+00
2.648244434095749167e+00
2.650603568842073265e+00
2.642161930051428076e+00
2.634104106243282839e+00
2.637881291058576494e+00
2.637793798577358739e+00
2.601137323170728433e+00
2.614133188650872963e+00
2.611231007260928383e+00
2.617835755355044203e+00
2.620922493251632179e+00
2.619349604744211746e+00
2.619397307653262175e+00
2.630228942589829977e+00
2.677038299849311187e+00
2.676399405147579014e+00
2.676729264794962315e+00
2.676845849640430153e+00
2.676937050914286687e+00
2.677239612073061270e+00
2.676385505955569233e+00
2.677436204547592791e+00
2.675466055920943109e+00
2.676383827391098258e+00
2.676440398294853473e+00
2.648541206655206537e+00
2.669137182187503399e+00
2.666993413764041421e+00
2.675377361891410288e+00
2.660198712805267096e+00
