0.000000000000000000e+00 6.993368001156741176e-01 0.000000000000000000e+00 0.000000000000000000e+00 2.025578186132611092e-01 0.000000000000000000e+00
0.000000000000000000e+00 1.000000000000000000e+00 0.000000000000000000e+00 0.000000000000000000e+00 2.053049788232217399e-01 0.000000000000000000e+00
0.000000000000000000e+00 1.000000000000000000e+00 1.018133821733339800e-01 0.000000000000000000e+00 0.000000000000000000e+00 1.000000000000000000e+00
0.000000000000000000e+00 5.801087131665991770e-01 0.000000000000000000e+00 0.000000000000000000e+00 0.000000000000000000e+00 1.000000000000000000e+00
3.905910694708537578e-01 1.000000000000000000e+00 4.447391614029470169e-02 0.000000000000000000e+00 0.000000000000000000e+00 0.000000000000000000e+00
0.000000000000000000e+00 6.233192666531474080e-01 0.000000000000000000e+00 0.000000000000000000e+00 0.000000000000000000e+00 0.000000000000000000e+00
0.000000000000000000e+00 0.000000000000000000e+00 0.000000000000000000e+00 0.000000000000000000e+00 0.000000000000000000e+00 0.000000000000000000e+00
0.000000000000000000e+00 0.000000000000000000e+00 0.000000000000000000e+00 0.000000000000000000e+00 0.000000000000000000e+00 0.000000000000000000e+00
0.000000000000000000e+00 1.969198483327666283e-01 0.000000000000000000e+00 0.000000000000000000e+00 0.000000000000000000e+00 0.000000000000000000e+00
0.000000000000000000e+00 1.000000000000000000e+00 0.000000000000000000e+00 0.000000000000000000e+00 0.000000000000000000e+00 2.077439786918425235e-01
0.000000000000000000e+00 1.000000000000000000e+00 1.461175427171819939e-02 0.000000000000000000e+00 0.000000000000000000e+00 1.000000000000000000e+00
0.000000000000000000e+00 1.000000000000000000e+00 0.000000000000000000e+00 0.000000000000000000e+00 0.000000000000000000e+00 1.000000000000000000e+00
0.000000000000000000e+00 4.063223838822624945e-01 0.000000000000000000e+00 0.000000000000000000e+00 5.231609172074992015e-02 0.000000000000000000e+00
0.000000000000000000e+00 3.773023797789809008e-01 0.000000000000000000e+00 0.000000000000000000e+00 7.495067440108443835e-02 0.000000000000000000e+00
0.000000000000000000e+00 2.499448320639027499e-01 0.000000000000000000e+00 0.000000000000000000e+00 9.002316678845230513e-02 0.000000000000000000e+00
0.000000000000000000e+00 0.000000000000000000e+00 0.000000000000000000e+00 0.000000000000000000e+00 2.048559656512446425e-01 0.000000000000000000e+00
0.000000000000000000e+00 0.000000000000000000e+00 0.000000000000000000e+00 0.000000000000000000e+00 2.496478596510010584e-01 0.000000000000000000e+00
0.000000000000000000e+00 3.312842098284548009e-01 0.000000000000000000e+00 0.000000000000000000e+00 5.634883049962075702e-02 1.062879617186671122e-01
0.000000000000000000e+00 1.000000000000000000e+00 0.000000000000000000e+00 0.000000000000000000e+00 6.407791054156426747e-02 1.000000000000000000e+00
0.000000000000000000e+00 1.000000000000000000e+00 0.000000000000000000e+00 0.000000000000000000e+00 5.332281349387110042e-02 1.000000000000000000e+00
0.000000000000000000e+00 1.000000000000000000e+00 0.000000000000000000e+00 0.000000000000000000e+00 5.133543048028401529e-02 1.000000000000000000e+00
0.000000000000000000e+00 1.000000000000000000e+00 0.000000000000000000e+00 0.000000000000000000e+00 0.000000000000000000e+00 9.682751514093401735e-01
0.000000000000000000e+00 6.807924146802470933e-01 0.000000000000000000e+00 0.000000000000000000e+00 0.000000000000000000e+00 4.253594467004597757e-01
0.000000000000000000e+00 7.185911223066530074e-01 0.000000000000000000e+00 0.000000000000000000e+00 0.000000000000000000e+00 4.277673574033907244e-01
0.000000000000000000e+00 6.013090841314487900e-01 0.000000000000000000e+00 0.000000000000000000e+00 4.123482012812212938e-02 3.702833341464116801e-01
0.000000000000000000e+00 7.307979453293347305e-01 0.000000000000000000e+00 0.000000000000000000e+00 8.017795862976347110e-02 3.764894796643195596e-01
0.000000000000000000e+00 7.058971417481417765e-01 0.000000000000000000e+00 0.000000000000000000e+00 5.789182784400737081e-02 3.900736766679537837e-01
0.000000000000000000e+00 7.497783343305183257e-01 0.000000000000000000e+00 0.000000000000000000e+00 3.905436241445168349e-02 4.298105874918636271e-01
0.000000000000000000e+00 8.830124232934000172e-01 0.000000000000000000e+00 0.000000000000000000e+00 2.763296312662733706e-02 5.028942577414746706e-01
0.000000000000000000e+00 1.871981475702363604e-02 0.000000000000000000e+00 0.000000000000000000e+00 1.439185696527201797e-01 0.000000000000000000e+00
0.000000000000000000e+00 8.393799084076339900e-01 0.000000000000000000e+00 0.000000000000000000e+00 0.000000000000000000e+00 5.605615318334702391e-01
0.000000000000000000e+00 5.374496681508398460e-02 0.000000000000000000e+00 0.000000000000000000e+00 0.000000000000000000e+00 0.000000000000000000e+00
5.197376863479427067e-01 6.146686866946855510e-01 0.000000000000000000e+00 0.000000000000000000e+00 0.000000000000000000e+00 4.921463499565489896e-01
0.000000000000000000e+00 1.529402595584553881e-01 2.404863555810735631e-01 0.000000000000000000e+00 0.000000000000000000e+00 0.000000000000000000e+00
0.000000000000000000e+00 2.644405821824476199e-02 0.000000000000000000e+00 0.000000000000000000e+00 0.000000000000000000e+00 0.000000000000000000e+00
0.000000000000000000e+00 2.199654496626723618e-02 0.000000000000000000e+00 0.000000000000000000e+00 0.000000000000000000e+00 0.000000000000000000e+00
5.072450676098054778e-01 0.000000000000000000e+00 0.000000000000000000e+00 0.000000000000000000e+00 0.000000000000000000e+00 1.869526809626223182e-02
3.481765345466900641e-01 7.793115217128666894e-02 3.427063201411941207e-01 0.000000000000000000e+00 0.000000000000000000e+00 0.000000000000000000e+00
3.493957635207042833e-01 6.473487728155723209e-02 2.902205243552593017e-01 0.000000000000000000e+00 0.000000000000000000e+00 0.000000000000000000e+00
3.139515731649409891e-01 3.961563920650433557e-02 2.654187826332443101e-01 0.000000000000000000e+00 0.000000000000000000e+00 0.000000000000000000e+00
3.083753039463790202e-01 0.000000000000000000e+00 2.559567274302892437e-01 0.000000000000000000e+00 0.000000000000000000e+00 0.000000000000000000e+00
3.957619533023151170e-01 6.004174699382473085e-02 3.256441770875712627e-01 0.000000000000000000e+00 0.000000000000000000e+00 0.000000000000000000e+00
2.723351675344774098e-02 5.477332845449181704e-03 0.000000000000000000e+00 0.000000000000000000e+00 0.000000000000000000e+00 0.000000000000000000e+00
1.984613607095825349e-02 8.579709136966179317e-03 0.000000000000000000e+00 0.000000000000000000e+00 0.000000000000000000e+00 0.000000000000000000e+00
0.000000000000000000e+00 0.000000000000000000e+00 0.000000000000000000e+00 0.000000000000000000e+00 0.000000000000000000e+00 0.000000000000000000e+00
0.000000000000000000e+00 0.000000000000000000e+00 0.000000000000000000e+00 0.000000000000000000e+00 0.000000000000000000e+00 0.000000000000000000e+00
0.000000000000000000e+00 2.353276262133479624e-01 2.820072311371103480e-01 0.000000000000000000e+00 0.000000000000000000e+00 0.000000000000000000e+00
4.228437433357849495e-01 2.661155655373110829e-01 4.904312186343720015e-01 0.000000000000000000e+00 0.000000000000000000e+00 0.000000000000000000e+00
2.970364024988925711e-01 0.000000000000000000e+00 6.871333123172421731e-01 0.000000000000000000e+00 0.000000000000000000e+00 0.000000000000000000e+00
2.997172031365474831e-01 0.000000000000000000e+00 6.874892117655333479e-01 0.000000000000000000e+00 0.000000000000000000e+00 0.000000000000000000e+00
3.032699636338340721e-01 0.000000000000000000e+00 6.518109160522047585e-01 0.000000000000000000e+00 0.000000000000000000e+00 0.000000000000000000e+00
2.758075804941541587e-01 0.000000000000000000e+00 6.867786573796009764e-01 0.000000000000000000e+00 0.000000000000000000e+00 0.000000000000000000e+00
2.808526898779810099e-01 2.960032375868952310e-03 6.884621889224661340e-01 0.000000000000000000e+00 0.000000000000000000e+00 0.000000000000000000e+00
2.917304770772640166e-01 0.000000000000000000e+00 6.812173543874271431e-01 0.000000000000000000e+00 0.000000000000000000e+00 0.000000000000000000e+00
2.866945098282459581e-01 0.000000000000000000e+00 6.886768243624894481e-01 0.000000000000000000e+00 0.000000000000000000e+00 0.000000000000000000e+00
2.820864017192253881e-01 0.000000000000000000e+00 6.885044007258813714e-01 0.000000000000000000e+00 0.000000000000000000e+00 0.000000000000000000e+00
2.798675991980767441e-01 0.000000000000000000e+00 6.846774130464192698e-01 0.000000000000000000e+00 0.000000000000000000e+00 0.000000000000000000e+00
3.044155479226496319e-01 0.000000000000000000e+00 6.923760676327467278e-01 0.000000000000000000e+00 0.000000000000000000e+00 0.000000000000000000e+00
3.085334951326536013e-01 0.000000000000000000e+00 6.940101765716940596e-01 0.000000000000000000e+00 0.000000000000000000e+00 0.000000000000000000e+00
2.299039751478967886e-01 0.000000000000000000e+00 6.620807301334059591e-01 0.000000000000000000e+00 0.000000000000000000e+00 0.000000000000000000e+00
1.872926809831458594e-01 0.000000000000000000e+00 5.890405409147907445e-01 0.000000000000000000e+00 0.000000000000000000e+00 0.000000000000000000e+00
8.426217575147960936e-02 0.000000000000000000e+00 5.799268574841366375e-01 0.000000000000000000e+00 0.000000000000000000e+00 0.000000000000000000e+00
6.753939670911267290e-02 0.000000000000000000e+00 5.733367899775680954e-01 0.000000000000000000e+00 0.000000000000000000e+00 0.000000000000000000e+00
9.450279379717239914e-02 0.000000000000000000e+00 5.818612557192777146e-01 0.000000000000000000e+00 0.000000000000000000e+00 0.000000000000000000e+00
1.775249781482166611e-01 0.000000000000000000e+00 5.829673703247602035e-01 0.000000000000000000e+00 0.000000000000000000e+00 0.000000000000000000e+00
1.743128657959227834e-01 0.000000000000000000e+00 5.851117844486353192e-01 0.000000000000000000e+00 0.000000000000000000e+00 0.000000000000000000e+00
1.799469276551008967e-01 0.000000000000000000e+00 5.865704713265680326e-01 0.000000000000000000e+00 0.000000000000000000e+00 0.000000000000000000e+00
1.712190881862480640e-01 0.000000000000000000e+00 5.863732420800962242e-01 0.000000000000000000e+00 0.000000000000000000e+00 0.000000000000000000e+00
1.343349774220733706e-01 0.000000000000000000e+00 5.874482329159247396e-01 0.000000000000000000e+00 0.000000000000000000e+00 0.000000000000000000e+00
1.053615357881719089e-01 0.000000000000000000e+00 5.839826456037560121e-01 0.000000000000000000e+00 0.000000000000000000e+00 0.000000000000000000e+00
0.000000000000000000e+00 1.000000000000000000e+00 0.000000000000000000e+00 0.000000000000000000e+00 0.000000000000000000e+00 1.000000000000000000e+00
1.611287219913989238e-02 1.000000000000000000e+00 0.000000000000000000e+00 0.000000000000000000e+00 0.000000000000000000e+00 1.000000000000000000e+00
1.749561731358596425e-02 1.000000000000000000e+00 0.000000000000000000e+00 0.000000000000000000e+00 0.000000000000000000e+00 1.000000000000000000e+00
3.671792187873724328e-02 1.000000000000000000e+00 0.000000000000000000e+00 0.000000000000000000e+00 0.000000000000000000e+00 1.000000000000000000e+00
3.227569639040584609e-02 1.000000000000000000e+00 0.000000000000000000e+00 0.000000000000000000e+00 0.000000000000000000e+00 1.000000000000000000e+00
5.879063935076783015e-02 1.000000000000000000e+00 0.000000000000000000e+00 0.000000000000000000e+00 0.000000000000000000e+00 1.000000000000000000e+00
3.476918753137313994e-02 1.000000000000000000e+00 0.000000000000000000e+00 0.000000000000000000e+00 0.000000000000000000e+00 1.000000000000000000e+00
2.718895669747592100e-02 1.000000000000000000e+00 0.000000000000000000e+00 0.000000000000000000e+00 0.000000000000000000e+00 1.000000000000000000e+00
2.945465840989727399e-02 1.000000000000000000e+00 0.000000000000000000e+00 0.000000000000000000e+00 0.000000000000000000e+00 1.000000000000000000e+00
2.905589732099369410e-02 1.000000000000000000e+00 0.000000000000000000e+00 0.000000000000000000e+00 0.000000000000000000e+00 1.000000000000000000e+00
3.036931009598583739e-02 1.000000000000000000e+00 0.000000000000000000e+00 0.000000000000000000e+00 0.000000000000000000e+00 1.000000000000000000e+00
2.736089939507245494e-02 1.000000000000000000e+00 0.000000000000000000e+00 0.000000000000000000e+00 0.000000000000000000e+00 1.000000000000000000e+00
0.000000000000000000e+00 1.000000000000000000e+00 0.000000000000000000e+00 0.000000000000000000e+00 0.000000000000000000e+00 1.000000000000000000e+00
0.000000000000000000e+00 1.000000000000000000e+00 0.000000000000000000e+00 0.000000000000000000e+00 0.000000000000000000e+00 1.000000000000000000e+00
0.000000000000000000e+00 1.000000000000000000e+00 0.000000000000000000e+00 0.000000000000000000e+00 0.000000000000000000e+00 1.000000000000000000e+00
0.000000000000000000e+00 1.000000000000000000e+00 0.000000000000000000e+00 0.000000000000000000e+00 0.000000000000000000e+00 1.000000000000000000e+00
0.000000000000000000e+00 1.000000000000000000e+00 0.000000000000000000e+00 0.000000000000000000e+00 0.000000000000000000e+00 1.000000000000000000e+00
0.000000000000000000e+00 1.000000000000000000e+00 0.000000000000000000e+00 0.000000000000000000e+00 0.000000000000000000e+00 1.000000000000000000e+00
0.000000000000000000e+00 1.000000000000000000e+00 0.000000000000000000e+00 0.000000000000000000e+00 0.000000000000000000e+00 1.000000000000000000e+00
0.000000000000000000e+00 1.000000000000000000e+00 0.000000000000000000e+00 0.000000000000000000e+00 0.000000000000000000e+00 1.000000000000000000e+00
0.000000000000000000e+00 1.000000000000000000e+00 0.000000000000000000e+00 0.000000000000000000e+00 0.000000000000000000e+00 1.000000000000000000e+00
0.000000000000000000e+00 1.000000000000000000e+00 0.000000000000000000e+00 0.000000000000000000e+00 0.000000000000000000e+00 1.000000000000000000e+00
0.000000000000000000e+00 1.000000000000000000e+00 0.000000000000000000e+00 0.000000000000000000e+00 0.000000000000000000e+00 1.000000000000000000e+00
0.000000000000000000e+00 1.000000000000000000e+00 0.000000000000000000e+00 0.000000000000000000e+00 0.000000000000000000e+00 1.000000000000000000e+00
0.000000000000000000e+00 1.000000000000000000e+00 0.000000000000000000e+00 0.000000000000000000e+00 0.000000000000000000e+00 1.000000000000000000e+00
0.000000000000000000e+00 1.000000000000000000e+00 0.000000000000000000e+00 0.000000000000000000e+00 0.000000000000000000e+00 1.000000000000000000e+00
0.000000000000000000e+00 1.000000000000000000e+00 0.000000000000000000e+00 0.000000000000000000e+00 0.000000000000000000e+00 1.000000000000000000e+00
0.000000000000000000e+00 1.000000000000000000e+00 0.000000000000000000e+00 0.000000000000000000e+00 0.000000000000000000e+00 1.000000000000000000e+00
0.000000000000000000e+00 1.000000000000000000e+00 0.000000000000000000e+00 0.000000000000000000e+00 0.000000000000000000e+00 1.000000000000000000e+00
0.000000000000000000e+00 1.000000000000000000e+00 0.000000000000000000e+00 0.000000000000000000e+00 0.000000000000000000e+00 1.000000000000000000e+00
