6.303569674491882324e-01 1.873125433921813965e-01 3.626557588577270508e-01 9.696221351623535156e-01
1.125818490982055664e-02 8.347064852714538574e-01 8.010061979293823242e-01 6.960550546646118164e-01
7.804625630378723145e-01 3.404123187065124512e-01 2.186531424522399902e-01 4.795523881912231445e-01
4.591383337974548340e-01 8.121154904365539551e-01 4.460921883583068848e-01 2.637720108032226562e-01
4.064384102821350098e-01 6.310797929763793945e-01 7.606534957885742188e-01 6.088638305664062500e-01
3.102719783782958984e-02 6.588025689125061035e-01 4.057672023773193359e-01 6.572254896163940430e-01
3.974339365959167480e-01 7.528582215309143066e-01 3.500202298164367676e-01 2.804845571517944336e-02
1.064284443855285645e-01 6.125788688659667969e-01 8.786952495574951172e-02 4.717649817466735840e-01
5.044191479682922363e-01 8.677148222923278809e-01 2.101371288299560547e-01 6.130897998809814453e-01
4.347169399261474609e-02 4.557201862335205078e-01 8.920370340347290039e-01 1.479023694992065430e-01
1.000000000000000000e+00 1.000000000000000000e+00 0.000000000000000000e+00 0.000000000000000000e+00
1.000000000000000000e+00 0.000000000000000000e+00 1.000000000000000000e+00 0.000000000000000000e+00
0.000000000000000000e+00 0.000000000000000000e+00 1.000000000000000000e+00 0.000000000000000000e+00
1.000000000000000000e+00 2.497589931123651019e-01 1.000000000000000000e+00 0.000000000000000000e+00
1.000000000000000000e+00 9.173360834235672057e-01 1.249774282904990846e-01 0.000000000000000000e+00
1.000000000000000000e+00 0.000000000000000000e+00 0.000000000000000000e+00 1.000000000000000000e+00
0.000000000000000000e+00 1.971557676504181456e-01 0.000000000000000000e+00 0.000000000000000000e+00
0.000000000000000000e+00 9.149645625949685002e-01 0.000000000000000000e+00 0.000000000000000000e+00
1.000000000000000000e+00 3.856722237873664860e-01 1.000000000000000000e+00 1.000000000000000000e+00
1.000000000000000000e+00 9.151269240134050076e-01 1.383076297033813615e-02 0.000000000000000000e+00
0.000000000000000000e+00 1.000000000000000000e+00 3.138115778331571071e-01 0.000000000000000000e+00
1.000000000000000000e+00 1.000000000000000000e+00 4.055818553477544830e-01 0.000000000000000000e+00
1.000000000000000000e+00 1.000000000000000000e+00 3.184950910017385062e-01 1.000000000000000000e+00
1.000000000000000000e+00 0.000000000000000000e+00 4.727838222904751087e-01 0.000000000000000000e+00
1.000000000000000000e+00 1.000000000000000000e+00 3.161367667679824134e-01 0.000000000000000000e+00
1.000000000000000000e+00 9.609403495967837605e-01 3.475313184075751738e-01 0.000000000000000000e+00
1.000000000000000000e+00 1.000000000000000000e+00 1.000000000000000000e+00 1.110223024625156540e-16
0.000000000000000000e+00 0.000000000000000000e+00 4.028783606335761269e-01 0.000000000000000000e+00
1.000000000000000000e+00 1.000000000000000000e+00 3.420542869890020321e-01 2.404698013706958737e-01
9.181004515700229573e-01 1.000000000000000000e+00 2.826506814077793805e-01 1.000000000000000000e+00
1.000000000000000000e+00 1.000000000000000000e+00 3.754212356668782946e-01 0.000000000000000000e+00
7.957473566138507648e-01 1.000000000000000000e+00 3.248902919795730870e-01 0.000000000000000000e+00
1.000000000000000000e+00 1.000000000000000000e+00 5.571037790758146535e-01 1.000000000000000000e+00
1.000000000000000000e+00 0.000000000000000000e+00 4.845214271531306793e-01 1.000000000000000000e+00
7.581475670291484281e-01 1.000000000000000000e+00 6.767824629378095258e-01 0.000000000000000000e+00
1.000000000000000000e+00 1.000000000000000000e+00 2.325751499041143477e-01 1.000000000000000000e+00
5.935148746591492053e-01 0.000000000000000000e+00 6.504327621768990486e-01 0.000000000000000000e+00
0.000000000000000000e+00 0.000000000000000000e+00 1.000000000000000000e+00 1.000000000000000000e+00
5.351109117023766792e-01 0.000000000000000000e+00 0.000000000000000000e+00 1.000000000000000000e+00
1.000000000000000000e+00 8.930934642511614285e-01 3.203422621577614593e-01 1.000000000000000000e+00
0.000000000000000000e+00 1.000000000000000000e+00 1.000000000000000000e+00 0.000000000000000000e+00
0.000000000000000000e+00 1.000000000000000000e+00 6.866448801018417702e-01 0.000000000000000000e+00
4.305986832649099094e-01 1.000000000000000000e+00 0.000000000000000000e+00 0.000000000000000000e+00
4.504547392573103326e-01 1.000000000000000000e+00 5.131124403965042768e-01 1.000000000000000000e+00
3.021133260081619865e-01 1.000000000000000000e+00 1.000000000000000000e+00 0.000000000000000000e+00
3.398923927160252823e-01 1.000000000000000000e+00 1.000000000000000000e+00 1.000000000000000000e+00
0.000000000000000000e+00 1.000000000000000000e+00 0.000000000000000000e+00 1.000000000000000000e+00
2.638120864416027556e-01 0.000000000000000000e+00 5.108289787313017305e-01 1.000000000000000000e+00
1.000000000000000000e+00 1.000000000000000000e+00 2.988344450202501945e-01 9.181801719379385496e-01
1.000000000000000000e+00 1.000000000000000000e+00 2.838195443210007607e-01 8.403149433423725556e-01
1.000000000000000000e+00 1.000000000000000000e+00 3.418204050367187885e-01 8.296146286209187259e-01
1.000000000000000000e+00 1.000000000000000000e+00 4.102353110763564681e-01 7.840634817216952657e-01
0.000000000000000000e+00 1.000000000000000000e+00 7.157036987218692303e-01 1.000000000000000000e+00
8.583302148143415744e-01 1.000000000000000000e+00 4.221248041297459008e-01 7.059667162739595714e-01
1.000000000000000000e+00 0.000000000000000000e+00 5.328035200871480415e-01 5.750816676798811145e-01
4.630835230344907960e-01 0.000000000000000000e+00 7.496478100751081675e-01 1.000000000000000000e+00
7.593407741189964755e-01 1.000000000000000000e+00 0.000000000000000000e+00 3.552248534368386834e-01
0.000000000000000000e+00 1.000000000000000000e+00 1.000000000000000000e+00 2.890889925492814982e-01
3.615029875178545349e-01 0.000000000000000000e+00 4.563673767365325484e-01 6.207419712099784270e-01
0.000000000000000000e+00 0.000000000000000000e+00 5.642470779433153005e-01 3.343164853382740720e-01
