1.000000000000000000e+00 1.000000000000000000e+00 0.000000000000000000e+00 0.000000000000000000e+00
6.452031676213096922e-01 1.000000000000000000e+00 0.000000000000000000e+00 0.000000000000000000e+00
6.702861327608863329e-01 1.000000000000000000e+00 0.000000000000000000e+00 0.000000000000000000e+00
1.000000000000000000e+00 9.066349145308383317e-01 0.000000000000000000e+00 0.000000000000000000e+00
1.000000000000000000e+00 9.173213474488275398e-01 1.248808129961780228e-01 0.000000000000000000e+00
1.000000000000000000e+00 8.995679188503247214e-01 0.000000000000000000e+00 0.000000000000000000e+00
1.000000000000000000e+00 9.000652109777145249e-01 0.000000000000000000e+00 0.000000000000000000e+00
1.000000000000000000e+00 9.023219603883698703e-01 0.000000000000000000e+00 0.000000000000000000e+00
1.000000000000000000e+00 9.038877296963455654e-01 0.000000000000000000e+00 0.000000000000000000e+00
1.000000000000000000e+00 9.161104242886214388e-01 4.280788520078317866e-02 0.000000000000000000e+00
0.000000000000000000e+00 1.000000000000000000e+00 3.168477311260374796e-01 0.000000000000000000e+00
1.000000000000000000e+00 1.000000000000000000e+00 4.096920682065477992e-01 0.000000000000000000e+00
1.000000000000000000e+00 1.000000000000000000e+00 3.176444585725134995e-01 0.000000000000000000e+00
1.000000000000000000e+00 1.000000000000000000e+00 3.138672622730496187e-01 0.000000000000000000e+00
1.000000000000000000e+00 1.000000000000000000e+00 3.161034977506307353e-01 0.000000000000000000e+00
1.000000000000000000e+00 9.339161905721100609e-01 3.581265751146481269e-01 0.000000000000000000e+00
1.000000000000000000e+00 1.000000000000000000e+00 3.368363046677882999e-01 1.282827085485061802e-01
1.000000000000000000e+00 1.000000000000000000e+00 3.395175528923262132e-01 1.194660915622736408e-01
1.000000000000000000e+00 1.000000000000000000e+00 3.393374240461210500e-01 9.889674594772915328e-02
1.000000000000000000e+00 1.000000000000000000e+00 3.712806930366406855e-01 0.000000000000000000e+00
1.000000000000000000e+00 1.000000000000000000e+00 3.714698729328925753e-01 0.000000000000000000e+00
1.000000000000000000e+00 1.000000000000000000e+00 3.296193717147417046e-01 0.000000000000000000e+00
1.000000000000000000e+00 1.000000000000000000e+00 4.502399436894539142e-01 9.988272135521658601e-01
1.000000000000000000e+00 9.490166286162861065e-01 3.865406132610944567e-01 9.968673471004859676e-01
1.000000000000000000e+00 1.000000000000000000e+00 3.472340364524236778e-01 1.000000000000000000e+00
1.000000000000000000e+00 1.000000000000000000e+00 3.306226751420860421e-01 0.000000000000000000e+00
1.000000000000000000e+00 1.000000000000000000e+00 3.313353747976056085e-01 0.000000000000000000e+00
1.000000000000000000e+00 1.000000000000000000e+00 3.314572614044926091e-01 0.000000000000000000e+00
1.000000000000000000e+00 1.000000000000000000e+00 3.281805544062346147e-01 1.000000000000000000e+00
1.000000000000000000e+00 1.000000000000000000e+00 3.284581224798919785e-01 1.000000000000000000e+00
1.000000000000000000e+00 1.000000000000000000e+00 3.314530037375216232e-01 0.000000000000000000e+00
1.000000000000000000e+00 1.000000000000000000e+00 3.314686402060151305e-01 0.000000000000000000e+00
1.000000000000000000e+00 1.000000000000000000e+00 3.319368383566478897e-01 0.000000000000000000e+00
1.000000000000000000e+00 1.000000000000000000e+00 3.320151910973255238e-01 0.000000000000000000e+00
1.000000000000000000e+00 1.000000000000000000e+00 3.322679075971126106e-01 0.000000000000000000e+00
1.000000000000000000e+00 1.000000000000000000e+00 3.323158290871959242e-01 0.000000000000000000e+00
1.000000000000000000e+00 1.000000000000000000e+00 3.325133965343746723e-01 0.000000000000000000e+00
1.000000000000000000e+00 1.000000000000000000e+00 3.325185700448833326e-01 0.000000000000000000e+00
1.000000000000000000e+00 1.000000000000000000e+00 3.339429793160851867e-01 1.000000000000000000e+00
1.000000000000000000e+00 1.000000000000000000e+00 2.594514025546956204e-01 8.111837332544918899e-01
1.000000000000000000e+00 1.000000000000000000e+00 2.908889207932871535e-01 8.413341661006651373e-01
1.000000000000000000e+00 1.000000000000000000e+00 4.076229915996388842e-01 7.857153900356222964e-01
1.000000000000000000e+00 1.000000000000000000e+00 3.792223375978540090e-01 8.043534556969538230e-01
1.000000000000000000e+00 1.000000000000000000e+00 3.790601456717965778e-01 8.039658140246129792e-01
1.000000000000000000e+00 1.000000000000000000e+00 3.795467979706375616e-01 8.048982805518887229e-01
1.000000000000000000e+00 1.000000000000000000e+00 3.804312919132941118e-01 8.067419067644758801e-01
1.000000000000000000e+00 1.000000000000000000e+00 3.808741561643487761e-01 8.075674397067907906e-01
1.000000000000000000e+00 1.000000000000000000e+00 3.830966146703234654e-01 8.110954962468351903e-01
1.000000000000000000e+00 1.000000000000000000e+00 3.830536345767352469e-01 8.109908672077742464e-01
1.000000000000000000e+00 1.000000000000000000e+00 3.825404679802969499e-01 8.103605748704678646e-01
