4.025710103091691971e-01
5.843540280123109554e-01
1.128435637920076395e+00
1.501116750973654934e+00
9.064352518810033787e-01
1.134442956827680593e+00
1.290334892865141470e-01
2.244411685439373638e-03
1.056816508275738142e+00
-1.041946961854669645e-01
1.636288739727110197e+00
1.427074114613824163e+00
1.317212574712294693e+00
1.528194428437833929e+00
1.421565856094861635e+00
1.655866698573018381e+00
2.268147893791336855e+00
2.227084339392843226e+00
2.301948869279757393e+00
2.476353662471918682e+00
2.387765209048658299e+00
2.469321663130292777e+00
2.475515603504784057e+00
1.840855657567581627e+00
2.422664270102236728e+00
6.772998385845276914e-01
2.476351309050973004e+00
2.477349954446986136e+00
2.367713364862317427e+00
2.232329978268644322e+00
2.472384584327721679e+00
1.459420823859229888e+00
2.414342517055949600e-01
1.461446858674391391e+00
1.354836224800515465e+00
1.673931539814418779e+00
1.630208908964492220e+00
2.260683486406744436e+00
8.542943258964977860e-01
1.464082195772945738e+00
1.090806630977290137e+00
1.201173002029117587e+00
1.912314507829664667e-01
1.900691655822443371e+00
1.647078959991070457e+00
8.351423004589959842e-02
8.127275389942528738e-01
7.613950967301778006e-01
2.053995540545478171e+00
2.126539377966573330e+00
1.221590360469275494e+00
4.834322187747521204e-01
2.414100498497528946e+00
2.008773616290818742e-01
2.238320970366271645e+00
2.020590427523103472e+00
1.328644845536004704e+00
9.283984728231544636e-01
9.092794511627381171e-01
1.270102547566721363e+00
8.326073864355156839e-01
1.325488562296095241e+00
1.205830488543679913e+00
2.038229158652895556e+00
7.062311710837431145e-01
-7.697557766484589559e-01
1.050692820333488875e+00
3.117946546831221744e-01
4.737555820520305550e-01
1.829672987805417206e+00
6.355215917344138044e-01
9.101054041894665048e-01
1.702822005550416851e+00
1.829159675939953655e-01
1.303324689304460327e-01
1.357972707476227781e+00
1.347112268149950109e+00
1.349554289073405799e+00
1.368345230468780427e+00
2.009130646308682488e-01
5.174032331911524452e-01
6.768258785381142673e-02
1.549552199561210264e+00
9.683812969003270377e-01
1.037457752224312246e+00
1.276341637846879262e+00
1.426640746445405394e+00
1.081004362631768911e+00
1.740812228539082573e+00
1.679693847221437997e+00
1.417489248145793912e+00
1.483075896626639079e+00
1.123945517474776778e+00
1.850145529885389495e+00
2.761666275299235473e-01
8.130714557171799806e-01
3.250549650126530188e-01
-3.388917530972797576e-01
1.407109661447363935e+00
5.455571911656469375e-01
3.083789213243184335e-01
9.677454325623757736e-01
1.019934626417635215e+00
5.829316986172149440e-01
1.391286702310485568e+00
1.132035508632999399e+00
1.177996363199091512e+00
8.282436680030375031e-01
-1.766322376387104987e-01
1.234005584140284162e+00
