3.822562032145090938e-02
-5.626346349286546200e-01
-7.679026989585384655e-01
3.829472099345008207e-01
-2.093684140498580648e-02
-6.034301625156810456e-01
-9.931742766977046388e-01
-1.307074885404305165e-01
-6.780323498143259187e-01
-1.376450793390553429e-01
9.359150287317059558e-01
9.081796288201188228e-01
-5.237169260858496322e-01
6.495001111788989423e-01
9.567243640543514616e-01
8.667589374006283709e-01
1.054920658547281676e+00
2.784812792212602028e-01
8.147671247902297242e-01
-3.220682511510010171e-01
8.476685335752405237e-01
5.634115638000389836e-01
8.577599061906149291e-01
1.838983595463314913e-01
5.483688799008245018e-01
-1.938170674842917829e-01
6.739951933071004764e-02
1.092705762823333648e+00
9.236331991607665826e-01
8.257731193754875854e-01
4.860550252898604429e-02
6.424455968236750802e-01
1.343790990003201236e+00
-3.956288789253326055e-01
-2.271265808856504087e-02
-3.831574973083048952e-01
6.468571706592576298e-01
-5.033384385656416438e-01
2.783212539504975602e-02
-7.754936574549301520e-01
-5.871144516249811041e-01
6.061488689009162378e-01
9.689895871175142894e-02
6.003487778228472349e-01
5.142093086228615162e-01
6.581788584761840699e-01
1.337561025981895302e+00
1.482217170975900222e+00
-5.359656772003590364e-01
1.013042248773191822e+00
3.237983765966643279e-01
1.130099054118857360e+00
8.630613131925402026e-01
-2.327804365465288572e-01
8.200241689148972668e-01
9.676582622023091607e-02
1.348404610235279244e-01
1.387885656213338759e-01
-4.348193675241908140e-01
-5.980270224121371214e-01
5.819202774004715861e-01
-4.990215974481538308e-01
3.512149033097661244e-01
-6.742381384270708100e-01
7.388683911920033154e-01
-8.700320936016645024e-02
1.965112114539548371e-01
-7.192365888936229634e-01
-2.249606625911612090e-01
-9.799953244877827041e-01
3.100792216025695103e-01
3.520377824155932478e-01
6.854927863627848783e-01
3.678653920227945018e-01
1.483881045040839286e+00
2.151219571789634855e-01
7.647079284070548155e-01
1.472775778720099904e+00
7.412475200696594380e-01
-1.297189184322422029e-01
-8.723299219179991848e-01
-8.409997608752016462e-02
1.460551656278025856e+00
8.724516245037996498e-01
1.469079066694689351e+00
-8.160996207715551787e-01
1.106497207782188713e-01
-5.908629305497523632e-01
1.476619498422614196e+00
1.225735397448406983e-01
1.852359088913776985e-01
-4.163509664267983634e-01
-5.402106144640724805e-01
1.087873372349527523e+00
-6.895292605616822890e-01
3.401743043869884242e-01
-7.756942236592195838e-01
3.618734407337468317e-01
-1.063908805471657781e-01
7.748072351949351066e-01
3.110875020985455208e-01
-8.397679174373341437e-01
-1.009412034243040823e+00
-5.619345814394460792e-01
-2.279468991906447028e-02
-2.130403687500053156e-01
1.426895549299493471e+00
5.902301079483035506e-02
-3.278512248509135030e-01
3.388330285197630465e-01
