1.438614726066589355e-01 5.521342754364013672e-01 5.785626173019409180e-02 5.659319162368774414e-01 7.903525233268737793e-01 1.226134300231933594e-01
7.787604331970214844e-01 6.117261648178100586e-01 8.443315625190734863e-01 7.471283078193664551e-01 8.848926424980163574e-01 4.330484867095947266e-01
6.439399123191833496e-01 3.212350010871887207e-01 7.045277953147888184e-01 8.395123481750488281e-01 3.336931467056274414e-01 2.265905141830444336e-01
9.212979674339294434e-01 8.022172451019287109e-01 6.720535159111022949e-01 9.889811873435974121e-01 6.820838451385498047e-01 8.774279952049255371e-01
9.963108897209167480e-01 9.111608266830444336e-01 4.117183685302734375e-01 3.198338747024536133e-01 2.882207632064819336e-01 2.641572356224060059e-01
3.144221901893615723e-01 5.005501508712768555e-01 1.837516427040100098e-01 1.836470365524291992e-01 2.742049098014831543e-01 7.231347560882568359e-01
4.856676459312438965e-01 8.032501935958862305e-01 2.831904292106628418e-01 7.030912041664123535e-01 3.122258186340332031e-01 1.427464485168457031e-01
4.751461744308471680e-01 5.055353641510009766e-01 1.897282004356384277e-01 1.036334633827209473e-01 1.592811346054077148e-01 4.531096816062927246e-01
8.518935441970825195e-01 4.422077536582946777e-01 3.484905958175659180e-01 9.559676647186279297e-01 8.746110200881958008e-01 8.659327626228332520e-01
6.902964115142822266e-01 3.931059837341308594e-01 9.399421215057373047e-01 2.189143300056457520e-01 2.198690176010131836e-01 8.986686468124389648e-01
0.000000000000000000e+00 1.000000000000000000e+00 2.287612259387969971e-01 1.000000000000000000e+00 1.000000000000000000e+00 1.000000000000000000e+00
0.000000000000000000e+00 1.000000000000000000e+00 0.000000000000000000e+00 1.000000000000000000e+00 0.000000000000000000e+00 1.000000000000000000e+00
1.000000000000000000e+00 1.000000000000000000e+00 1.000000000000000000e+00 1.000000000000000000e+00 9.833808541297912598e-01 1.000000000000000000e+00
4.049680829048156738e-01 7.562395930290222168e-01 3.255850374698638916e-01 5.558944493532180786e-02 9.923895597457885742e-01 8.255234360694885254e-01
1.000000000000000000e+00 1.000000000000000000e+00 3.719632700085639954e-02 1.000000000000000000e+00 1.000000000000000000e+00 1.000000000000000000e+00
1.000000000000000000e+00 1.768863201141357422e-01 1.000000000000000000e+00 1.000000000000000000e+00 1.000000000000000000e+00 1.000000000000000000e+00
7.015088200569152832e-01 1.000000000000000000e+00 1.000000000000000000e+00 1.000000000000000000e+00 1.000000000000000000e+00 1.000000000000000000e+00
6.006243824958801270e-01 1.000000000000000000e+00 1.000000000000000000e+00 1.000000000000000000e+00 1.000000000000000000e+00 1.000000000000000000e+00
3.928527235984802246e-01 1.000000000000000000e+00 1.000000000000000000e+00 1.000000000000000000e+00 1.000000000000000000e+00 1.000000000000000000e+00
8.638545870780944824e-01 8.514396548271179199e-01 9.178971648216247559e-01 7.532982826232910156e-01 9.228414893150329590e-01 9.295355677604675293e-01
6.041386723518371582e-01 5.932309627532958984e-01 1.000000000000000000e+00 1.000000000000000000e+00 1.000000000000000000e+00 1.000000000000000000e+00
1.328121125698089600e-01 6.307387351989746094e-02 9.080285429954528809e-01 5.639182925224304199e-01 9.181581735610961914e-01 9.244896173477172852e-01
5.233752131462097168e-01 0.000000000000000000e+00 1.000000000000000000e+00 1.000000000000000000e+00 1.000000000000000000e+00 1.000000000000000000e+00
0.000000000000000000e+00 3.683341443538665771e-01 1.000000000000000000e+00 1.000000000000000000e+00 1.000000000000000000e+00 1.000000000000000000e+00
0.000000000000000000e+00 1.000000000000000000e+00 1.000000000000000000e+00 3.388589024543762207e-01 1.000000000000000000e+00 1.000000000000000000e+00
4.487127959728240967e-01 7.152832746505737305e-01 2.073179334402084351e-01 1.000000000000000000e+00 1.000000000000000000e+00 1.000000000000000000e+00
0.000000000000000000e+00 0.000000000000000000e+00 0.000000000000000000e+00 1.000000000000000000e+00 0.000000000000000000e+00 1.000000000000000000e+00
7.295394316315650940e-04 3.127490878105163574e-01 1.082450971007347107e-01 8.623271435499191284e-02 9.716962575912475586e-01 8.603935241699218750e-01
8.927600383758544922e-01 1.651734709739685059e-01 9.648907184600830078e-01 4.412232935428619385e-01 9.906283617019653320e-01 9.863410592079162598e-01
1.379313040524721146e-02 1.997807621955871582e-01 8.474135994911193848e-01 8.752807229757308960e-02 7.201660871505737305e-01 2.753665745258331299e-01
2.395432293415069580e-01 2.170892804861068726e-02 2.156221121549606323e-01 9.534031152725219727e-01 9.585220217704772949e-01 3.316529691219329834e-01
8.246274292469024658e-02 8.651056885719299316e-01 8.462126255035400391e-01 9.364491701126098633e-01 8.671732544898986816e-01 5.143751502037048340e-01
5.558976531028747559e-01 9.937505424022674561e-02 5.169423669576644897e-02 1.597554981708526611e-01 5.959777832031250000e-01 9.854108691215515137e-01
2.055893093347549438e-02 5.142012238502502441e-01 1.603678911924362183e-01 9.600508213043212891e-01 5.071504116058349609e-01 2.584684789180755615e-01
6.922365427017211914e-01 7.390622049570083618e-02 3.446807265281677246e-01 9.731401205062866211e-01 8.157062530517578125e-02 9.322052597999572754e-01
9.454556703567504883e-01 2.561300992965698242e-03 1.051495596766471863e-01 6.132867187261581421e-02 5.496330261230468750e-01 2.728277444839477539e-01
4.978763759136199951e-01 8.988138437271118164e-01 1.000000000000000000e+00 1.000000000000000000e+00 1.000000000000000000e+00 8.503063321113586426e-01
4.667699635028839111e-01 1.000000000000000000e+00 1.000000000000000000e+00 1.000000000000000000e+00 1.000000000000000000e+00 7.725604176521301270e-01
4.254734814167022705e-01 1.000000000000000000e+00 7.388924360275268555e-01 1.000000000000000000e+00 1.000000000000000000e+00 7.366447448730468750e-01
2.395762056112289429e-01 5.051218271255493164e-01 3.087916374206542969e-01 9.575013518333435059e-01 9.166983366012573242e-01 7.822707295417785645e-01
0.000000000000000000e+00 1.000000000000000000e+00 0.000000000000000000e+00 1.000000000000000000e+00 1.000000000000000000e+00 0.000000000000000000e+00
9.900331497192382812e-01 5.194389224052429199e-01 3.596819937229156494e-01 4.835325479507446289e-01 9.126814007759094238e-01 3.114659711718559265e-02
1.000000000000000000e+00 0.000000000000000000e+00 0.000000000000000000e+00 1.000000000000000000e+00 1.000000000000000000e+00 0.000000000000000000e+00
8.114662766456604004e-01 8.837526291608810425e-02 2.187165245413780212e-02 8.789625763893127441e-01 8.776643276214599609e-01 5.446377992630004883e-01
5.756860971450805664e-01 2.557526715099811554e-02 8.618961274623870850e-02 7.569007873535156250e-01 9.952671527862548828e-01 3.461243212223052979e-02
9.478608965873718262e-01 2.095825076103210449e-01 9.960519671440124512e-01 9.076746106147766113e-01 1.151214316487312317e-01 9.540360569953918457e-01
1.000000000000000000e+00 1.000000000000000000e+00 0.000000000000000000e+00 1.000000000000000000e+00 1.000000000000000000e+00 0.000000000000000000e+00
0.000000000000000000e+00 0.000000000000000000e+00 1.000000000000000000e+00 1.000000000000000000e+00 0.000000000000000000e+00 5.504292845726013184e-01
0.000000000000000000e+00 0.000000000000000000e+00 0.000000000000000000e+00 7.586367726325988770e-01 1.000000000000000000e+00 1.000000000000000000e+00
4.494704902172088623e-01 1.000000000000000000e+00 1.000000000000000000e+00 1.000000000000000000e+00 1.000000000000000000e+00 6.341893672943115234e-01
3.995834887027740479e-01 1.000000000000000000e+00 1.000000000000000000e+00 1.000000000000000000e+00 1.000000000000000000e+00 4.972728490829467773e-01
9.834900498390197754e-01 2.979837059974670410e-01 7.947158813476562500e-02 7.163355350494384766e-01 6.899498701095581055e-01 9.214702844619750977e-01
1.617794185876846313e-01 9.984978437423706055e-01 9.439515471458435059e-01 9.890644550323486328e-01 4.922868609428405762e-01 6.929533481597900391e-01
1.647070348262786865e-01 9.969652891159057617e-01 9.979504942893981934e-01 4.893632531166076660e-01 9.637085348367691040e-02 4.168928414583206177e-02
1.000000000000000000e+00 1.000000000000000000e+00 1.000000000000000000e+00 1.000000000000000000e+00 0.000000000000000000e+00 0.000000000000000000e+00
5.370911955833435059e-01 9.399670958518981934e-01 4.810323119163513184e-01 9.759796261787414551e-01 8.085903525352478027e-01 9.382194280624389648e-01
1.848677732050418854e-02 1.203201264142990112e-01 8.423669338226318359e-01 9.854859709739685059e-01 7.566171884536743164e-01 1.266936212778091431e-01
1.233715713024139404e-01 6.260297447443008423e-02 2.898796796798706055e-01 9.713400006294250488e-01 1.161948032677173615e-02 5.113937892019748688e-03
8.577964901924133301e-01 7.778266444802284241e-03 8.137121796607971191e-01 3.258874267339706421e-02 9.599367380142211914e-01 9.467816352844238281e-01
8.049654364585876465e-01 9.860271811485290527e-01 9.360035657882690430e-01 9.126415252685546875e-01 2.158690989017486572e-02 9.978544116020202637e-01
9.606543183326721191e-01 1.395111531019210815e-01 1.378113478422164917e-01 9.544675350189208984e-01 8.741400241851806641e-01 9.216584563255310059e-01
9.903078079223632812e-01 3.355524688959121704e-02 7.385952472686767578e-01 4.909259676933288574e-01 7.127200961112976074e-01 6.268966943025588989e-02
9.913692474365234375e-01 2.727098464965820312e-01 9.528101980686187744e-02 8.732194900512695312e-01 1.487549692392349243e-01 5.266602635383605957e-01
1.043846532702445984e-01 8.524999022483825684e-01 8.354167342185974121e-01 9.891198277473449707e-01 2.322308719158172607e-01 2.567742206156253815e-02
6.535450369119644165e-02 5.113096907734870911e-02 7.334154844284057617e-01 5.485901832580566406e-01 3.397923894226551056e-03 9.868986010551452637e-01
8.710262179374694824e-01 7.844309210777282715e-01 1.688087731599807739e-01 8.780278265476226807e-02 3.385054171085357666e-01 9.005607962608337402e-01
8.721451759338378906e-01 9.556657671928405762e-01 2.785838395357131958e-02 9.282240867614746094e-01 9.470593929290771484e-01 6.523364782333374023e-01
9.479426145553588867e-01 5.200862884521484375e-01 7.697681188583374023e-01 1.026497483253479004e-01 9.456511139869689941e-01 9.628039598464965820e-01
5.950895696878433228e-02 9.988198876380920410e-01 3.403745219111442566e-02 2.366204559803009033e-01 4.367793798446655273e-01 6.137465834617614746e-01
8.224381804466247559e-01 9.882265329360961914e-01 9.509962201118469238e-01 9.624779224395751953e-02 9.908275604248046875e-01 5.181912183761596680e-01
4.930166527628898621e-03 9.843610227108001709e-02 1.374459546059370041e-02 7.731963396072387695e-01 9.149088263511657715e-01 6.351659446954727173e-02
6.115978956222534180e-01 9.647529721260070801e-01 8.313754796981811523e-01 8.853794336318969727e-01 9.497772455215454102e-01 2.700132690370082855e-02
1.475329231470823288e-02 1.513582840561866760e-02 2.138144522905349731e-01 3.324931561946868896e-01 1.103549674153327942e-01 8.785477876663208008e-01
9.776635766029357910e-01 3.006182797253131866e-02 5.846691727638244629e-01 1.171365901827812195e-01 6.819806247949600220e-02 8.719536662101745605e-01
9.812411665916442871e-01 7.813706994056701660e-01 5.337959527969360352e-01 9.321014285087585449e-01 9.991154074668884277e-01 8.939238190650939941e-01
7.998343557119369507e-02 8.178249001502990723e-01 6.919285655021667480e-02 5.044673681259155273e-01 7.902179956436157227e-01 8.849177956581115723e-01
6.499694585800170898e-01 7.159640192985534668e-01 6.416967511177062988e-02 2.009073272347450256e-02 9.041202068328857422e-01 2.489028684794902802e-02
1.504188477993011475e-01 3.149244002997875214e-03 1.534207314252853394e-01 5.246505737304687500e-01 1.546965688467025757e-01 3.820757567882537842e-01
3.439849019050598145e-01 8.791391253471374512e-01 2.916673943400382996e-02 9.777966737747192383e-01 8.696779012680053711e-01 7.298061847686767578e-01
1.333972662687301636e-01 1.460839509963989258e-01 7.438583970069885254e-01 2.963812276721000671e-02 8.157739043235778809e-02 9.767575860023498535e-01
9.913741946220397949e-01 3.602822124958038330e-01 2.259420454502105713e-01 2.726361453533172607e-01 2.518170773983001709e-01 7.605658173561096191e-01
9.978374838829040527e-01 1.424366682767868042e-01 9.953063130378723145e-01 3.115321509540081024e-03 9.493979811668395996e-02 5.880500376224517822e-02
9.621574878692626953e-01 6.419865041971206665e-02 1.309685707092285156e-01 9.060750007629394531e-01 2.950810790061950684e-01 1.705059781670570374e-02
9.474268555641174316e-01 9.710822701454162598e-01 9.316405653953552246e-01 9.632884263992309570e-01 8.661655783653259277e-01 4.726305305957794189e-01
4.779150784015655518e-01 8.206889629364013672e-01 2.743316292762756348e-01 9.346788525581359863e-01 3.728787600994110107e-02 8.133332133293151855e-01
6.973931789398193359e-01 5.951402187347412109e-01 4.885177910327911377e-01 7.990624904632568359e-01 1.128932684659957886e-01 1.454982459545135498e-01
1.928580552339553833e-01 6.390488743782043457e-01 7.397312521934509277e-01 9.984275102615356445e-01 2.404702007770538330e-01 9.874252676963806152e-01
5.541910529136657715e-01 5.473021268844604492e-01 5.770783424377441406e-01 9.974482059478759766e-01 7.067245841026306152e-01 8.813742399215698242e-01
9.791527390480041504e-01 5.696145892143249512e-01 3.915503323078155518e-01 3.330654501914978027e-01 2.371333725750446320e-02 4.712525904178619385e-01
4.763530194759368896e-01 5.750067234039306641e-01 3.601991534233093262e-01 1.371913552284240723e-01 5.500466227531433105e-01 5.239771008491516113e-01
5.202593803405761719e-01 6.938984394073486328e-01 6.793361306190490723e-01 3.698196411132812500e-01 6.325940489768981934e-01 4.179765880107879639e-01
9.027135372161865234e-01 5.804587006568908691e-01 8.154460787773132324e-01 9.713584780693054199e-01 6.476379632949829102e-01 4.336961507797241211e-01
8.401302099227905273e-01 1.576154306530952454e-02 1.353826224803924561e-01 6.268937587738037109e-01 9.477790594100952148e-01 3.763380646705627441e-01
4.955898821353912354e-01 7.635689377784729004e-01 1.870505660772323608e-01 8.423709273338317871e-01 7.237804532051086426e-01 7.406087219715118408e-02
5.681208372116088867e-01 9.792808890342712402e-01 6.437822431325912476e-02 1.323069483041763306e-01 9.874655604362487793e-01 7.952812910079956055e-01
4.571023285388946533e-01 8.841626048088073730e-01 8.304455280303955078e-01 8.985704183578491211e-01 5.139204263687133789e-01 6.152110099792480469e-01
1.103939712047576904e-01 3.231857717037200928e-01 9.408653378486633301e-01 3.822731226682662964e-02 9.038432836532592773e-01 4.982512071728706360e-02
1.090063750743865967e-01 9.072008728981018066e-02 8.845787644386291504e-01 9.375397562980651855e-01 6.174924969673156738e-01 9.868028163909912109e-01
9.398768544197082520e-01 1.850460618734359741e-01 8.668358325958251953e-01 8.855408430099487305e-01 3.553086519241333008e-01 4.021760225296020508e-01
1.569787412881851196e-02 2.776842564344406128e-02 3.765161037445068359e-01 4.442927539348602295e-01 3.166360855102539062e-01 3.793736696243286133e-01
9.621820449829101562e-01 9.758443236351013184e-01 3.024605214595794678e-01 1.920264959335327148e-01 5.768631696701049805e-01 3.057923913002014160e-01
9.954047799110412598e-01 1.007253304123878479e-02 2.158342748880386353e-01 7.086555659770965576e-02 9.525244832038879395e-01 9.613422751426696777e-01
4.574507474899291992e-02 7.049344778060913086e-01 5.780788660049438477e-01 3.085357546806335449e-01 7.414524257183074951e-02 9.097580909729003906e-01
9.855933189392089844e-01 9.911673665046691895e-01 2.587256208062171936e-02 8.148894309997558594e-01 6.274502277374267578e-01 3.783306777477264404e-01
6.928893327713012695e-01 2.439513951539993286e-01 8.177921175956726074e-01 3.255046606063842773e-01 1.909869909286499023e-01 5.218554735183715820e-01
7.724600434303283691e-01 9.930426478385925293e-01 5.358681678771972656e-01 8.544043451547622681e-02 6.089839339256286621e-01 9.653059244155883789e-01
8.537779450416564941e-01 1.765234619379043579e-01 9.621596932411193848e-01 2.397044748067855835e-01 2.488595992326736450e-01 3.413865268230438232e-01
9.729191064834594727e-01 6.077270507812500000e-01 8.981233462691307068e-03 9.995081424713134766e-01 1.099437382072210312e-02 9.983903765678405762e-01
6.915999650955200195e-01 3.482902422547340393e-02 4.440671205520629883e-01 7.949292063713073730e-01 5.496168136596679688e-01 9.780246019363403320e-01
7.259841561317443848e-01 1.079066842794418335e-02 5.681200623512268066e-01 5.991746783256530762e-01 5.748096108436584473e-01 5.966724157333374023e-01
