1.245493888854980469e-01 6.635375022888183594e-01 3.150804042816162109e-01 6.915768384933471680e-01 6.800752282142639160e-01 6.291865706443786621e-01
9.051305055618286133e-01 6.003651022911071777e-01 5.116922855377197266e-01 2.490476965904235840e-01 8.829668164253234863e-01 5.147832036018371582e-01
3.640489578247070312e-01 6.583007574081420898e-01 8.103562593460083008e-01 4.690321683883666992e-01 5.746883153915405273e-01 6.478339433670043945e-01
5.931326150894165039e-01 8.406180143356323242e-02 6.952795386314392090e-01 1.191008687019348145e-01 9.352161288261413574e-01 8.447046279907226562e-01
4.481315612792968750e-01 3.466509580612182617e-01 3.923310637474060059e-01 6.163714528083801270e-01 5.967949628829956055e-01 6.827876567840576172e-01
4.186509847640991211e-01 7.708117365837097168e-01 7.678363323211669922e-01 4.967261552810668945e-01 4.309064745903015137e-01 4.536293148994445801e-01
9.267587661743164062e-01 9.181429147720336914e-01 6.713556051254272461e-01 6.999462842941284180e-01 4.019553661346435547e-01 5.518629550933837891e-01
7.907663583755493164e-01 5.893905758857727051e-01 3.322914838790893555e-01 5.942862033843994141e-01 2.689017653465270996e-01 2.093343138694763184e-01
7.280311584472656250e-01 1.700986027717590332e-01 5.943862795829772949e-01 7.952350974082946777e-01 3.985661864280700684e-01 3.793550133705139160e-01
4.957703948020935059e-01 9.860340356826782227e-01 1.024192571640014648e-02 8.460787534713745117e-01 8.811776041984558105e-01 7.872822880744934082e-01
4.328753948211669922e-01 2.005966305732727051e-01 9.590719938278198242e-01 6.524064540863037109e-01 7.000454068183898926e-01 7.574169039726257324e-01
6.795228719711303711e-01 7.347247600555419922e-01 8.720749616622924805e-01 8.386991620063781738e-01 3.252612352371215820e-01 9.405660629272460938e-02
1.891753673553466797e-01 8.849073648452758789e-01 6.051386594772338867e-01 7.609567642211914062e-01 4.923066496849060059e-01 5.783120393753051758e-01
6.718750000000000000e-01 6.150514483451843262e-01 9.734237194061279297e-02 4.125934839248657227e-02 2.697793245315551758e-01 5.181078910827636719e-01
4.914909005165100098e-01 4.486688375473022461e-01 5.739522576332092285e-01 7.811421155929565430e-01 1.708350777626037598e-01 4.511597156524658203e-01
2.347990274429321289e-01 8.650708198547363281e-01 7.403266429901123047e-02 3.151497840881347656e-01 3.105830550193786621e-01 8.739207983016967773e-01
8.249260783195495605e-01 2.318652868270874023e-01 6.125420928001403809e-01 8.578193783760070801e-01 9.663708806037902832e-01 3.110367059707641602e-01
1.659727096557617188e-01 1.343203186988830566e-01 2.173561453819274902e-01 8.122051358222961426e-01 2.696400880813598633e-01 6.739281415939331055e-01
8.282115459442138672e-01 8.697041869163513184e-01 7.680540084838867188e-01 3.784772157669067383e-01 8.921898007392883301e-01 5.831921100616455078e-02
4.037017822265625000e-01 2.819541096687316895e-01 3.850843310356140137e-01 1.640043854713439941e-01 3.105017542839050293e-01 2.346963286399841309e-01
2.484694123268127441e-01 7.234588265419006348e-01 6.749092936515808105e-01 6.319561004638671875e-01 9.344304800033569336e-01 4.527302980422973633e-01
4.188334941864013672e-01 1.090037822723388672e-02 3.347173929214477539e-01 7.011968493461608887e-01 2.317242026329040527e-01 3.762722015380859375e-02
2.866711616516113281e-01 7.593970894813537598e-01 9.734237194061279297e-02 5.198433995246887207e-01 7.196640968322753906e-02 8.000338077545166016e-02
9.388496279716491699e-01 8.728613257408142090e-01 4.794311523437500000e-02 9.571824669837951660e-01 8.099414110183715820e-01 8.676469326019287109e-02
7.081368565559387207e-01 2.168796658515930176e-01 7.090623974800109863e-01 4.320186972618103027e-01 3.331412076950073242e-01 4.333369135856628418e-01
4.759475588798522949e-01 3.677292466163635254e-01 5.237212181091308594e-01 5.514927506446838379e-01 7.341549396514892578e-01 8.147964477539062500e-01
8.414452672004699707e-01 1.641273498535156250e-01 3.240656256675720215e-01 8.061212301254272461e-02 7.832641005516052246e-01 6.549816131591796875e-01
7.774667739868164062e-01 3.320807218551635742e-01 7.591551542282104492e-02 8.684867620468139648e-01 4.758450388908386230e-01 9.734592437744140625e-01
4.477621316909790039e-01 2.538651227951049805e-02 4.348599314689636230e-01 6.629397869110107422e-01 2.021712660789489746e-01 4.027125835418701172e-01
4.686003923416137695e-01 1.649014353752136230e-01 1.895769834518432617e-01 8.314816355705261230e-01 4.681894183158874512e-01 1.828993558883666992e-01
8.127261996269226074e-01 7.099995613098144531e-01 7.535498142242431641e-01 3.308808803558349609e-01 4.438648223876953125e-01 4.209128022193908691e-01
5.832142233848571777e-01 4.639310836791992188e-01 6.770205497741699219e-02 1.612625122070312500e-01 4.902324080467224121e-01 2.530110478401184082e-01
1.804417371749877930e-02 7.224900722503662109e-01 6.780259013175964355e-01 9.977686405181884766e-02 3.576435446739196777e-01 8.223815560340881348e-01
8.886252641677856445e-01 8.047658205032348633e-02 5.702547430992126465e-01 5.380961894989013672e-01 1.717106699943542480e-01 1.869986057281494141e-01
2.113887667655944824e-01 4.354442358016967773e-01 3.717243671417236328e-03 2.935363054275512695e-01 2.593343257904052734e-01 6.977291107177734375e-01
2.987938523292541504e-01 4.102883934974670410e-01 5.467675924301147461e-01 7.411811947822570801e-01 5.575137734413146973e-01 6.184438467025756836e-01
8.731940388679504395e-01 2.663124799728393555e-01 3.519969582557678223e-01 2.729222178459167480e-01 8.768920302391052246e-01 4.639874100685119629e-01
3.838671445846557617e-01 8.739575147628784180e-01 7.479475736618041992e-01 3.197681903839111328e-02 4.795111417770385742e-01 7.821930646896362305e-01
2.327426671981811523e-01 1.562935113906860352e-01 6.871272325515747070e-01 2.033752202987670898e-02 4.637393355369567871e-01 7.693707942962646484e-03
7.732746601104736328e-01 3.913989067077636719e-01 2.603102922439575195e-01 6.012588739395141602e-01 3.228460550308227539e-01 7.776044607162475586e-01
6.194012761116027832e-01 7.156404256820678711e-01 6.172195076942443848e-01 2.895750999450683594e-01 9.611132740974426270e-01 3.825027346611022949e-01
5.596375465393066406e-01 4.659292697906494141e-01 1.330710649490356445e-01 4.768487811088562012e-01 7.045166492462158203e-01 4.447629451751708984e-01
4.530986547470092773e-01 2.987046241760253906e-01 5.308600664138793945e-01 5.002475976943969727e-01 2.874800562858581543e-01 8.131355643272399902e-01
9.594221115112304688e-01 2.048254013061523438e-03 1.385736465454101562e-01 4.292314052581787109e-01 1.356512308120727539e-01 9.229492545127868652e-01
9.096556901931762695e-02 9.652661681175231934e-01 3.313524723052978516e-01 8.641417026519775391e-01 2.928130626678466797e-01 3.825026750564575195e-02
3.157706856727600098e-01 7.185692191123962402e-01 3.967032432556152344e-01 2.672052383422851562e-02 3.860024809837341309e-01 1.485476493835449219e-01
5.898917913436889648e-01 9.885073304176330566e-01 7.205831408500671387e-01 4.718729257583618164e-01 5.916152000427246094e-01 8.775892853736877441e-01
4.841348528861999512e-01 3.862308263778686523e-01 9.270706176757812500e-01 4.342800378799438477e-01 3.659713268280029297e-02 2.388484477996826172e-01
4.456279873847961426e-01 9.740068316459655762e-01 5.223380923271179199e-01 9.237006306648254395e-01 1.653677821159362793e-01 4.921129345893859863e-01
8.613795042037963867e-02 2.817715406417846680e-01 5.429942011833190918e-01 2.779983878135681152e-01 9.117766618728637695e-01 5.731847286224365234e-01
3.629645109176635742e-01 5.348392724990844727e-01 3.613626956939697266e-01 7.926745414733886719e-01 1.972536444664001465e-01 9.307740926742553711e-01
6.509501934051513672e-01 4.713302850723266602e-01 9.262568950653076172e-01 3.664993047714233398e-01 5.776681303977966309e-01 2.548419833183288574e-01
9.593568444252014160e-01 1.921290755271911621e-01 6.143074035644531250e-01 8.659055829048156738e-01 2.559152245521545410e-01 2.027564048767089844e-01
1.195443272590637207e-01 3.198039531707763672e-01 2.475333213806152344e-02 8.929619789123535156e-01 7.502835988998413086e-01 7.249175906181335449e-01
6.844171881675720215e-01 8.940889835357666016e-01 6.773990392684936523e-02 1.766298413276672363e-01 7.908278107643127441e-01 9.999208450317382812e-01
1.222167015075683594e-01 8.449177742004394531e-01 5.242982506752014160e-01 3.000679612159729004e-01 5.365659594535827637e-01 3.439034223556518555e-01
2.987008690834045410e-01 6.286960244178771973e-01 7.108630537986755371e-01 5.106783509254455566e-01 9.614024758338928223e-01 1.281941533088684082e-01
3.278672695159912109e-03 7.766977548599243164e-01 2.456098794937133789e-02 1.594778895378112793e-01 2.596315145492553711e-01 9.595266580581665039e-01
7.686895132064819336e-02 6.099897623062133789e-01 1.010727882385253906e-01 9.774667620658874512e-01 6.245787739753723145e-01 4.049688577651977539e-01
6.490165591239929199e-01 3.909828662872314453e-01 6.657749414443969727e-01 9.821581840515136719e-01 2.945249676704406738e-01 2.559164166450500488e-01
6.351621150970458984e-01 4.541471600532531738e-01 9.400588870048522949e-01 5.635591745376586914e-01 8.176057934761047363e-01 8.831080198287963867e-01
4.764629602432250977e-01 1.771823167800903320e-01 3.874790668487548828e-02 7.606198787689208984e-01 9.445447921752929688e-01 1.646685004234313965e-01
6.610896587371826172e-01 5.768767595291137695e-01 2.206438779830932617e-01 1.551187038421630859e-01 7.181369662284851074e-01 5.306124687194824219e-03
4.099304676055908203e-01 1.140571832656860352e-01 5.960525870323181152e-01 3.913834691047668457e-01 9.155804514884948730e-01 8.786407709121704102e-01
2.530066370964050293e-01 6.089830398559570312e-02 4.994029998779296875e-01 6.453962326049804688e-01 2.697088122367858887e-01 6.840365529060363770e-01
6.325940489768981934e-01 3.315340876579284668e-01 5.133039355278015137e-01 7.066360712051391602e-01 9.592914581298828125e-01 9.962009191513061523e-01
3.673237562179565430e-02 2.725735306739807129e-01 6.038789153099060059e-01 1.612929701805114746e-01 2.369343638420104980e-01 4.634343385696411133e-01
1.750472187995910645e-01 4.260647892951965332e-01 4.473858475685119629e-01 1.686207056045532227e-01 6.919620037078857422e-01 5.138512849807739258e-01
8.473987579345703125e-01 9.878258109092712402e-01 9.419672489166259766e-01 3.902146816253662109e-01 7.451593875885009766e-03 9.154806137084960938e-01
1.195650696754455566e-01 1.713162660598754883e-01 8.079714775085449219e-01 8.638533949851989746e-01 9.278239607810974121e-01 2.731168270111083984e-02
7.161819338798522949e-01 4.656617045402526855e-01 9.546979665756225586e-01 8.498927950859069824e-01 5.727493166923522949e-01 2.826402187347412109e-01
3.041248917579650879e-01 1.819581985473632812e-01 4.398550391197204590e-01 4.205560684204101562e-01 8.302716612815856934e-01 4.618470668792724609e-01
5.969130992889404297e-01 4.390960931777954102e-01 8.613877296447753906e-01 4.358266592025756836e-01 8.499709963798522949e-01 2.022773623466491699e-01
4.090946912765502930e-01 5.052554607391357422e-02 3.953421711921691895e-01 3.525206446647644043e-01 7.289445996284484863e-01 3.712632656097412109e-01
8.320554494857788086e-01 5.795754194259643555e-01 1.462281942367553711e-01 5.477015376091003418e-01 5.036267638206481934e-01 9.550929069519042969e-02
1.372627615928649902e-01 5.027318000793457031e-01 9.906445741653442383e-01 3.398218154907226562e-01 1.926140785217285156e-01 1.368344426155090332e-01
9.448074102401733398e-01 1.203964352607727051e-01 5.237662792205810547e-02 4.571171402931213379e-01 4.104668498039245605e-01 2.454215884208679199e-01
8.090947270393371582e-01 7.981046438217163086e-01 6.136375665664672852e-02 4.704568386077880859e-01 4.599335193634033203e-01 1.766510009765625000e-01
7.372505068778991699e-01 9.155687689781188965e-01 8.890863656997680664e-01 2.138831615447998047e-01 2.486026287078857422e-01 2.037668824195861816e-01
7.449883818626403809e-01 4.886096715927124023e-01 9.432071447372436523e-01 1.205121278762817383e-01 1.620295047760009766e-01 8.263282775878906250e-01
3.768545389175415039e-01 9.422721862792968750e-01 7.061249613761901855e-01 1.695787906646728516e-01 1.372122168540954590e-01 4.103025197982788086e-01
2.325969934463500977e-01 7.646936178207397461e-01 6.553691625595092773e-01 9.876037240028381348e-01 9.548984766006469727e-01 1.851660013198852539e-01
4.628233313560485840e-01 1.754603385925292969e-01 1.144260168075561523e-02 5.686402916908264160e-01 6.518667936325073242e-02 1.079548001289367676e-01
8.899927139282226562e-02 5.422073602676391602e-01 3.610261678695678711e-01 3.193104267120361328e-01 4.479364752769470215e-01 4.379191398620605469e-01
8.505014181137084961e-01 5.740588307380676270e-01 7.569276094436645508e-01 3.251811265945434570e-01 7.864775657653808594e-01 1.817036867141723633e-01
9.672598838806152344e-01 5.552225708961486816e-01 2.385783195495605469e-02 6.329084038734436035e-01 8.759897947311401367e-02 8.982396125793457031e-01
6.614571809768676758e-02 7.628412246704101562e-01 1.363685131072998047e-01 3.355016112327575684e-01 4.757393002510070801e-01 6.820715069770812988e-01
7.119919657707214355e-01 3.583750724792480469e-01 4.073314070701599121e-01 4.450275897979736328e-01 6.180022954940795898e-01 4.663187265396118164e-02
1.852157115936279297e-01 2.449607253074645996e-01 3.016662597656250000e-01 6.583405137062072754e-01 1.106899976730346680e-01 8.422792553901672363e-01
9.706341028213500977e-01 7.638069987297058105e-01 5.611888766288757324e-01 8.508394360542297363e-01 4.342442154884338379e-01 9.914751052856445312e-01
9.297115206718444824e-01 6.626151800155639648e-01 9.183626770973205566e-01 7.644072175025939941e-01 1.042348146438598633e-01 5.799445509910583496e-01
4.095407724380493164e-01 9.763012528419494629e-01 1.702699661254882812e-01 8.234995603561401367e-02 7.175708413124084473e-01 8.890478014945983887e-01
4.452884793281555176e-01 7.410019636154174805e-02 1.639101505279541016e-01 9.155811667442321777e-01 9.339065551757812500e-01 3.610969781875610352e-01
1.631906628608703613e-01 2.519610524177551270e-01 3.106554150581359863e-01 1.821075677871704102e-01 2.459615468978881836e-02 2.356700897216796875e-01
9.489196538925170898e-01 7.200548648834228516e-01 9.728187322616577148e-02 5.663864016532897949e-01 8.359085321426391602e-01 3.462489843368530273e-01
6.147828102111816406e-01 3.844701647758483887e-01 2.767831683158874512e-01 6.825818419456481934e-01 1.020371913909912109e-01 7.951511144638061523e-01
3.246792554855346680e-01 1.779224872589111328e-01 9.109455347061157227e-01 7.925764918327331543e-01 7.791727781295776367e-02 7.963650226593017578e-01
4.387011528015136719e-01 8.274968862533569336e-01 7.558304071426391602e-02 9.838263988494873047e-01 5.314826965332031250e-03 2.330381870269775391e-01
7.380006909370422363e-01 6.888399124145507812e-01 9.985504746437072754e-01 6.050921082496643066e-01 8.124288916587829590e-01 3.252011537551879883e-01
9.190446734428405762e-01 9.931187033653259277e-01 4.039587974548339844e-01 2.348748445510864258e-01 7.666273117065429688e-01 3.886314034461975098e-01
3.602250218391418457e-01 9.324128627777099609e-01 2.432646751403808594e-01 8.245030641555786133e-01 2.646426558494567871e-01 8.990725278854370117e-01
8.022159337997436523e-01 5.706219077110290527e-01 6.142037510871887207e-01 5.736609101295471191e-01 3.371055722236633301e-01 5.759338140487670898e-01
5.424695611000061035e-01 7.674204111099243164e-01 3.733885288238525391e-01 4.879071116447448730e-01 8.138872981071472168e-01 8.173806071281433105e-01
5.755084753036499023e-01 2.418221831321716309e-01 1.428069472312927246e-01 3.121227025985717773e-01 2.655408382415771484e-01 5.773981809616088867e-01
9.058678150177001953e-01 9.918819069862365723e-01 1.417342424392700195e-01 4.369640350341796875e-02 3.079335093498229980e-01 4.368150234222412109e-02
6.736080050468444824e-01 1.115154027938842773e-01 6.286934018135070801e-01 1.096744537353515625e-01 2.720798254013061523e-01 1.326451301574707031e-01
2.924904227256774902e-01 6.650505661964416504e-01 8.399307727813720703e-02 8.963921070098876953e-01 8.906310796737670898e-02 2.863260507583618164e-01
5.587783455848693848e-01 3.824068903923034668e-01 8.301233649253845215e-01 9.276449680328369141e-03 4.823527932167053223e-01 5.872969627380371094e-01
5.089124441146850586e-01 7.866258621215820312e-01 4.344043731689453125e-01 4.700780510902404785e-01 8.158280849456787109e-01 3.989453911781311035e-01
1.146116256713867188e-01 3.352392911911010742e-01 3.857450485229492188e-01 9.081704020500183105e-01 8.595389127731323242e-02 1.223151087760925293e-01
