-1.068107903454568630e+00
-1.533741449931607326e+00
-1.564914722573438999e+00
-1.816059312703343753e+00
-1.564462650258875875e+00
-1.561985673610419401e+00
-1.585517887348501853e+00
-1.769161986882082260e+00
-2.173325235927692223e+00
-2.197824264714087761e+00
-1.915975992642808379e+00
-2.072006046751222463e+00
-1.527227328692238650e+00
-1.553190361387901453e+00
-1.218926602603102705e+00
-1.265504860910477314e+00
-1.202383696681662784e+00
-1.149933681620841419e+00
-1.141146802782374570e+00
-2.659039073898981531e+00
-2.259071720211977663e+00
-1.764108895791041354e+00
-1.981871053799072913e+00
-2.004866029497138324e+00
-2.074910714851442961e+00
-2.110210004893852354e+00
-2.159869661332416424e+00
-1.688736167546350364e+00
-2.873098151504720477e+00
-2.869182693080437385e+00
-2.832125007880490930e+00
-2.892938616590942313e+00
-1.792999901659005246e+00
-1.740565881968386464e+00
-3.541183022041634487e+00
-3.543106571698813045e+00
-3.565921711669593375e+00
-3.586041609706521971e+00
-3.511636440198777187e+00
-3.532528768825635712e+00
-3.556885414266815815e+00
-3.978949324246978225e+00
-3.925372068981586082e+00
-4.307220101197348328e+00
-4.574460762768727484e+00
-4.608209126461529692e+00
-4.653842901894797990e+00
-5.054042115694567627e+00
-6.701976409176741534e+00
-5.454122557396236637e+00
