7.795819044113159180e-01 4.097501039505004883e-01 1.715308427810668945e-01 8.302078843116760254e-01
7.795819044113159180e-01 4.097501039505004883e-01 1.715308427810668945e-01 8.302078843116760254e-01
7.795819044113159180e-01 4.097501039505004883e-01 1.715308427810668945e-01 8.302078843116760254e-01
7.795819044113159180e-01 4.097501039505004883e-01 1.715308427810668945e-01 8.302078843116760254e-01
7.795819044113159180e-01 4.097501039505004883e-01 1.715308427810668945e-01 8.302078843116760254e-01
7.795819044113159180e-01 4.097501039505004883e-01 1.715308427810668945e-01 8.302078843116760254e-01
7.795819044113159180e-01 4.097501039505004883e-01 1.715308427810668945e-01 8.302078843116760254e-01
7.683506011962890625e-01 6.592970490455627441e-01 6.024110317230224609e-02 5.115495324134826660e-01
7.683506011962890625e-01 6.592970490455627441e-01 6.024110317230224609e-02 5.115495324134826660e-01
7.683506011962890625e-01 6.592970490455627441e-01 6.024110317230224609e-02 5.115495324134826660e-01
7.683506011962890625e-01 6.592970490455627441e-01 6.024110317230224609e-02 5.115495324134826660e-01
7.683506011962890625e-01 6.592970490455627441e-01 6.024110317230224609e-02 5.115495324134826660e-01
7.683506011962890625e-01 6.592970490455627441e-01 6.024110317230224609e-02 5.115495324134826660e-01
7.683506011962890625e-01 6.592970490455627441e-01 6.024110317230224609e-02 5.115495324134826660e-01
7.683506011962890625e-01 6.592970490455627441e-01 6.024110317230224609e-02 5.115495324134826660e-01
7.683506011962890625e-01 6.592970490455627441e-01 6.024110317230224609e-02 5.115495324134826660e-01
7.683506011962890625e-01 6.592970490455627441e-01 6.024110317230224609e-02 5.115495324134826660e-01
7.683506011962890625e-01 6.592970490455627441e-01 6.024110317230224609e-02 5.115495324134826660e-01
7.683506011962890625e-01 6.592970490455627441e-01 6.024110317230224609e-02 5.115495324134826660e-01
7.683506011962890625e-01 6.592970490455627441e-01 6.024110317230224609e-02 5.115495324134826660e-01
7.683506011962890625e-01 6.592970490455627441e-01 6.024110317230224609e-02 5.115495324134826660e-01
7.683506011962890625e-01 6.592970490455627441e-01 6.024110317230224609e-02 5.115495324134826660e-01
7.683506011962890625e-01 6.592970490455627441e-01 6.024110317230224609e-02 5.115495324134826660e-01
7.683506011962890625e-01 6.592970490455627441e-01 6.024110317230224609e-02 5.115495324134826660e-01
7.683506011962890625e-01 6.592970490455627441e-01 6.024110317230224609e-02 5.115495324134826660e-01
7.683506011962890625e-01 6.592970490455627441e-01 6.024110317230224609e-02 5.115495324134826660e-01
7.683506011962890625e-01 6.592970490455627441e-01 6.024110317230224609e-02 5.115495324134826660e-01
7.683506011962890625e-01 6.592970490455627441e-01 6.024110317230224609e-02 5.115495324134826660e-01
7.683506011962890625e-01 6.592970490455627441e-01 6.024110317230224609e-02 5.115495324134826660e-01
7.683506011962890625e-01 6.592970490455627441e-01 6.024110317230224609e-02 5.115495324134826660e-01
4.798669219017028809e-01 4.654052257537841797e-01 1.108306050300598145e-01 9.500305652618408203e-01
4.798669219017028809e-01 4.654052257537841797e-01 1.108306050300598145e-01 9.500305652618408203e-01
4.798669219017028809e-01 4.654052257537841797e-01 1.108306050300598145e-01 9.500305652618408203e-01
4.798669219017028809e-01 4.654052257537841797e-01 1.108306050300598145e-01 9.500305652618408203e-01
4.798669219017028809e-01 4.654052257537841797e-01 1.108306050300598145e-01 9.500305652618408203e-01
4.798669219017028809e-01 4.654052257537841797e-01 1.108306050300598145e-01 9.500305652618408203e-01
4.798669219017028809e-01 4.654052257537841797e-01 1.108306050300598145e-01 9.500305652618408203e-01
4.798669219017028809e-01 4.654052257537841797e-01 1.108306050300598145e-01 9.500305652618408203e-01
4.798669219017028809e-01 4.654052257537841797e-01 1.108306050300598145e-01 9.500305652618408203e-01
4.798669219017028809e-01 4.654052257537841797e-01 1.108306050300598145e-01 9.500305652618408203e-01
4.798669219017028809e-01 4.654052257537841797e-01 1.108306050300598145e-01 9.500305652618408203e-01
4.798669219017028809e-01 4.654052257537841797e-01 1.108306050300598145e-01 9.500305652618408203e-01
4.798669219017028809e-01 4.654052257537841797e-01 1.108306050300598145e-01 9.500305652618408203e-01
4.798669219017028809e-01 4.654052257537841797e-01 1.108306050300598145e-01 9.500305652618408203e-01
4.798669219017028809e-01 4.654052257537841797e-01 1.108306050300598145e-01 9.500305652618408203e-01
4.798669219017028809e-01 4.654052257537841797e-01 1.108306050300598145e-01 9.500305652618408203e-01
4.798669219017028809e-01 4.654052257537841797e-01 1.108306050300598145e-01 9.500305652618408203e-01
4.798669219017028809e-01 4.654052257537841797e-01 1.108306050300598145e-01 9.500305652618408203e-01
4.798669219017028809e-01 4.654052257537841797e-01 1.108306050300598145e-01 9.500305652618408203e-01
4.798669219017028809e-01 4.654052257537841797e-01 1.108306050300598145e-01 9.500305652618408203e-01
