2.151653766632080078e-01 5.765292644500732422e-01 4.040364027023315430e-01 3.198723196983337402e-01
3.304400444030761719e-01 2.662990689277648926e-01 2.671718597412109375e-01 9.692762494087219238e-01
6.420714855194091797e-01 5.288227200508117676e-01 9.688401222229003906e-02 7.937898039817810059e-01
6.257565617561340332e-01 9.431038498878479004e-01 4.010276794433593750e-01 1.883543729782104492e-01
9.442643523216247559e-01 5.045473575592041016e-03 3.076870441436767578e-01 2.510349154472351074e-01
2.334589362144470215e-01 4.692636132240295410e-01 2.276211977005004883e-01 4.888141155242919922e-02
2.598313689231872559e-01 8.643289804458618164e-01 3.957570195198059082e-01 5.816586613655090332e-01
6.394158601760864258e-01 8.200395107269287109e-02 8.453090190887451172e-01 6.482011079788208008e-01
7.135427594184875488e-01 1.730867624282836914e-01 6.813015937805175781e-01 1.058958768844604492e-01
5.394029617309570312e-01 6.811490058898925781e-01 2.778786420822143555e-01 9.016560316085815430e-01
0.000000000000000000e+00 9.199916720390319824e-01 6.042118668556213379e-01 9.122116565704345703e-01
3.246698975563049316e-01 1.000000000000000000e+00 0.000000000000000000e+00 6.556378602981567383e-01
3.158603012561798096e-01 9.649769067764282227e-01 1.000000000000000000e+00 3.943122029304504395e-01
2.788310348987579346e-01 9.974406361579895020e-01 8.096301555633544922e-01 9.783513545989990234e-01
1.000000000000000000e+00 9.833974242210388184e-01 9.798879623413085938e-01 2.796703875064849854e-01
7.026795744895935059e-01 9.206127524375915527e-01 9.982061386108398438e-01 6.210767105221748352e-02
9.448114037513732910e-01 7.660911232233047485e-02 1.000000000000000000e+00 0.000000000000000000e+00
2.002910524606704712e-01 8.070101737976074219e-01 1.000000000000000000e+00 1.322565972805023193e-01
0.000000000000000000e+00 9.619388580322265625e-01 1.000000000000000000e+00 1.807154342532157898e-02
1.378878834657371044e-03 8.655361533164978027e-01 9.994561672210693359e-01 0.000000000000000000e+00
1.884028129279613495e-02 7.834418416023254395e-01 9.999552369117736816e-01 0.000000000000000000e+00
4.645026624202728271e-01 5.497813224792480469e-01 9.904131889343261719e-01 2.997382879257202148e-01
6.871864199638366699e-01 2.716138958930969238e-01 9.974210858345031738e-01 1.015013363212347031e-02
1.000000000000000000e+00 9.235078096389770508e-01 9.735009074211120605e-01 3.353275656700134277e-01
3.666723072528839111e-01 4.538881480693817139e-01 9.926896691322326660e-01 8.220558054745197296e-03
3.107295036315917969e-01 3.266958296298980713e-01 1.000000000000000000e+00 1.000000000000000000e+00
9.139144420623779297e-01 6.732059121131896973e-01 9.519540667533874512e-01 1.468330970965325832e-03
2.898154556751251221e-01 1.000000000000000000e+00 9.983740448951721191e-01 0.000000000000000000e+00
1.734739094972610474e-01 9.880896210670471191e-01 8.399574756622314453e-01 2.849015872925519943e-03
1.034169271588325500e-01 9.342902898788452148e-01 6.452580094337463379e-01 1.774058863520622253e-02
1.151661649346351624e-01 0.000000000000000000e+00 1.000000000000000000e+00 1.663109958171844482e-01
7.802397012710571289e-02 3.346935510635375977e-01 9.972652196884155273e-01 7.082177698612213135e-02
2.485264092683792114e-01 9.299062490463256836e-01 1.000000000000000000e+00 0.000000000000000000e+00
3.020518422126770020e-01 8.671013116836547852e-01 9.722993373870849609e-01 0.000000000000000000e+00
3.393831253051757812e-01 8.530226945877075195e-01 1.000000000000000000e+00 0.000000000000000000e+00
9.240418076515197754e-01 3.243477344512939453e-01 9.546972513198852539e-01 0.000000000000000000e+00
0.000000000000000000e+00 7.485393285751342773e-01 9.784986972808837891e-01 1.081425622105598450e-01
3.928930461406707764e-01 8.532508015632629395e-01 1.000000000000000000e+00 0.000000000000000000e+00
9.907371997833251953e-01 2.191395685076713562e-02 1.419964730739593506e-01 9.804968833923339844e-01
3.080913126468658447e-01 8.504431247711181641e-01 9.043242931365966797e-01 0.000000000000000000e+00
3.272489309310913086e-01 1.000000000000000000e+00 9.389486908912658691e-01 6.839691996574401855e-01
3.328306376934051514e-01 9.432282447814941406e-01 1.000000000000000000e+00 0.000000000000000000e+00
9.379093050956726074e-01 8.306867480278015137e-01 9.824020862579345703e-01 2.056335955858230591e-01
3.357688337564468384e-02 8.770346045494079590e-01 9.705706834793090820e-01 4.837341308593750000e-01
1.000000000000000000e+00 9.175747632980346680e-01 9.514850974082946777e-01 5.432537794113159180e-01
4.725238084793090820e-01 5.952913165092468262e-01 8.496379852294921875e-01 3.802668675780296326e-02
1.000000000000000000e+00 6.270601153373718262e-01 9.524245262145996094e-01 4.708403646945953369e-01
9.557588696479797363e-01 8.198953866958618164e-01 1.799290925264358521e-01 9.419919848442077637e-01
7.585015147924423218e-02 0.000000000000000000e+00 1.892669200897216797e-01 8.563110828399658203e-01
7.732607126235961914e-01 9.745094776153564453e-01 9.575812220573425293e-01 5.706914663314819336e-01
9.551956653594970703e-01 1.549687385559082031e-01 1.357643008232116699e-01 9.667362570762634277e-01
1.033539026975631714e-01 1.432438790798187256e-01 9.970043897628784180e-01 1.462337225675582886e-01
1.000000000000000000e+00 7.388042211532592773e-01 9.677056670188903809e-01 1.000000000000000000e+00
8.974292874336242676e-01 7.548959255218505859e-01 9.563025832176208496e-01 1.000000000000000000e+00
8.652591109275817871e-01 9.638616442680358887e-01 4.071748256683349609e-01 1.751172393560409546e-01
2.122179120779037476e-01 3.332193195819854736e-02 9.963230490684509277e-01 2.178411930799484253e-01
2.845049798488616943e-01 1.000000000000000000e+00 8.844224214553833008e-01 8.295013904571533203e-01
9.983771443367004395e-01 7.864193320274353027e-01 9.575813412666320801e-01 8.907583355903625488e-01
9.922325611114501953e-01 0.000000000000000000e+00 1.362424343824386597e-01 9.492568373680114746e-01
9.871569275856018066e-01 3.291595354676246643e-02 1.000000000000000000e+00 5.712663754820823669e-02
5.724529027938842773e-01 9.847659468650817871e-01 9.414726495742797852e-01 6.953615546226501465e-01
2.684603929519653320e-01 8.725351095199584961e-01 1.000000000000000000e+00 0.000000000000000000e+00
6.475720405578613281e-01 4.510791599750518799e-02 9.787132740020751953e-01 2.492634356021881104e-01
1.954890191555023193e-01 5.548257827758789062e-01 9.913782477378845215e-01 3.289189338684082031e-01
1.816159933805465698e-01 5.197806954383850098e-01 9.880191087722778320e-01 5.739163160324096680e-01
1.000000000000000000e+00 2.652400434017181396e-01 9.584006071090698242e-01 2.495603710412979126e-01
1.000000000000000000e+00 0.000000000000000000e+00 1.278340965509414673e-01 7.216795086860656738e-01
2.655071020126342773e-01 3.704607188701629639e-01 9.914039969444274902e-01 8.882296681404113770e-01
7.144274115562438965e-01 6.410325169563293457e-01 9.675687551498413086e-01 4.849067330360412598e-01
0.000000000000000000e+00 6.055098176002502441e-01 9.805510640144348145e-01 4.890708327293395996e-01
8.622527718544006348e-01 1.722118854522705078e-01 9.669775962829589844e-01 2.360515594482421875e-01
3.960478901863098145e-01 3.712515830993652344e-01 9.905214309692382812e-01 1.000000000000000000e+00
5.293185114860534668e-01 2.568288743495941162e-01 9.972583651542663574e-01 7.030045241117477417e-02
1.865160167217254639e-01 4.246724843978881836e-01 9.893333315849304199e-01 7.556325197219848633e-01
8.616850972175598145e-01 3.305765688419342041e-01 9.600884318351745605e-01 4.233165830373764038e-02
9.899142980575561523e-01 7.543381769210100174e-03 1.558699458837509155e-01 5.594925880432128906e-01
4.677077829837799072e-01 5.332761406898498535e-01 9.709356427192687988e-01 7.133341431617736816e-01
0.000000000000000000e+00 7.630307674407958984e-01 9.818726778030395508e-01 3.056703805923461914e-01
5.914065837860107422e-01 4.723213315010070801e-01 1.000000000000000000e+00 3.053189627826213837e-02
0.000000000000000000e+00 4.999993368983268738e-02 9.884398579597473145e-01 2.448338568210601807e-01
1.806522533297538757e-02 0.000000000000000000e+00 9.994640946388244629e-01 0.000000000000000000e+00
1.197451027110219002e-03 9.949906468391418457e-01 0.000000000000000000e+00 4.632175862789154053e-01
8.771566748619079590e-01 8.117464184761047363e-01 9.463084340095520020e-01 8.687536120414733887e-01
9.399621486663818359e-01 1.545718312263488770e-01 1.400182545185089111e-01 9.763950705528259277e-01
3.023999929428100586e-01 8.792176842689514160e-01 1.000000000000000000e+00 0.000000000000000000e+00
9.205291271209716797e-01 9.709495902061462402e-01 9.688028097152709961e-01 4.509651064872741699e-01
2.313672006130218506e-01 9.171726703643798828e-01 1.000000000000000000e+00 0.000000000000000000e+00
2.523902654647827148e-01 9.292250871658325195e-01 1.000000000000000000e+00 0.000000000000000000e+00
0.000000000000000000e+00 9.340454936027526855e-01 9.206444621086120605e-01 6.830935478210449219e-01
4.009575843811035156e-01 5.319721624255180359e-02 9.929950237274169922e-01 1.967161595821380615e-01
4.896593093872070312e-01 0.000000000000000000e+00 1.587894111871719360e-01 8.808513879776000977e-01
7.489771246910095215e-01 5.305374264717102051e-01 9.766995906829833984e-01 2.591347098350524902e-01
1.355278491973876953e-01 7.727403640747070312e-01 9.719359874725341797e-01 1.863394677639007568e-02
4.130024611949920654e-01 6.670210957527160645e-01 8.874987959861755371e-01 3.290286660194396973e-02
8.307330012321472168e-01 7.998379468917846680e-01 9.435787796974182129e-01 9.314824938774108887e-01
1.097604185342788696e-01 8.912270665168762207e-01 9.886192679405212402e-01 3.510755896568298340e-01
7.670587301254272461e-02 7.504291534423828125e-01 9.853876829147338867e-01 1.774992644786834717e-01
8.609388470649719238e-01 9.534137248992919922e-01 9.906137585639953613e-01 1.836002469062805176e-01
9.580233097076416016e-01 7.607278227806091309e-01 9.599270820617675781e-01 9.667060971260070801e-01
3.770378232002258301e-01 4.133730530738830566e-01 2.151383310556411743e-01 7.842519134283065796e-02
3.023497760295867920e-01 2.758546173572540283e-01 9.973830580711364746e-01 2.717441320419311523e-02
3.817040324211120605e-01 9.429177641868591309e-01 1.000000000000000000e+00 0.000000000000000000e+00
2.356778383255004883e-01 4.021809697151184082e-01 9.882432222366333008e-01 8.061715364456176758e-01
2.209156304597854614e-01 3.812039494514465332e-01 9.850686788558959961e-01 4.464510828256607056e-02
3.000850081443786621e-01 9.288179874420166016e-01 1.000000000000000000e+00 0.000000000000000000e+00
9.575105905532836914e-01 9.283959865570068359e-01 9.829983711242675781e-01 2.443518638610839844e-01
9.122787714004516602e-01 9.594839215278625488e-01 3.370186686515808105e-02 0.000000000000000000e+00
3.199022114276885986e-01 8.873892426490783691e-01 1.000000000000000000e+00 0.000000000000000000e+00
3.182168006896972656e-01 4.898152947425842285e-01 9.902601242065429688e-01 3.183222413063049316e-01
2.259547561407089233e-01 9.011844396591186523e-01 1.000000000000000000e+00 0.000000000000000000e+00
