1.909008604765173867e-01
4.497039243023500665e-01
3.813801061745785703e-01
3.785148115491887566e-01
-8.146571946677455545e-02
-7.397942992059719503e-02
-1.344873711740749433e-01
-1.399578480400515135e-01
-1.450480581496171872e-01
-1.536081610909815764e-01
-2.967639734929529705e-01
-2.917262721958526761e-01
-3.154739228619085067e-01
-1.699788573927961122e-01
5.579026327606612101e-02
1.130942661108440550e-01
9.259271867145701940e-02
7.197203802789176041e-02
6.929665110641836101e-02
1.143292117248380091e-01
2.779416134761042434e-01
3.176696817510075155e-01
3.224808359715087280e-01
3.316059306481415336e-01
3.335451179666789057e-01
3.365921574134551619e-01
3.465106524241694519e-01
2.058614579950220902e-01
8.651045576264537740e-02
9.023920113480055072e-02
-2.111977401664999476e-02
3.409576880698450552e-02
1.222496184906072814e-01
1.959311871489781143e-01
3.602753683911661398e-01
1.952667899734038537e-01
1.909008604765173867e-01
1.909008604765173867e-01
3.707324978626170275e-01
3.958206702566619550e-01
1.902637549638340198e-01
2.008910590088620607e-01
3.627871972634531539e-01
2.398969386559434147e-01
3.755685556646045087e-01
3.742174693718717804e-01
3.753780962721364745e-01
3.773422098070491337e-01
3.768525575069402445e-01
3.772122940372428790e-01
3.741767888837829736e-01
4.050735663478048365e-01
3.805320093178880536e-01
3.515748414339148198e-01
4.091788007342347377e-01
3.912031754799706884e-01
4.008239630088173966e-01
3.513171457700564604e-01
3.958821397374757689e-01
3.959800114037974605e-01
3.957955916297895560e-01
2.442458160482187668e-01
2.440400090613544792e-01
2.459422285942314268e-01
2.443944726972266390e-01
2.398436453158838688e-01
2.363508565045426280e-01
2.373447430208280307e-01
2.428466875229312594e-01
2.376246832223762873e-01
2.381025933348407397e-01
2.367888758651399694e-01
4.074975724785597775e-01
2.914281168712067327e-01
4.137632019995225452e-01
4.130526112396103455e-01
4.126055992153582763e-01
4.118602553811267497e-01
4.116305181816695136e-01
4.121712689905082105e-01
2.387061721854697449e-01
4.094128268835671713e-01
2.576282000748730816e-01
4.108670150250670061e-01
4.111385612967310976e-01
4.111610702098799641e-01
4.112681192244996287e-01
4.118610171046487300e-01
4.125602175185061893e-01
4.125476040878242601e-01
3.779914737137397007e-01
4.123296934614312792e-01
4.117212293939740420e-01
4.116984658090434568e-01
4.117697644443411020e-01
4.120111532384573838e-01
4.118904302468489598e-01
4.095028219219910004e-01
4.081059398117480863e-01
4.085540762174006968e-01
