5.595726966857910156e-01 7.852271199226379395e-01 7.215504050254821777e-01 2.617555856704711914e-02 8.858466744422912598e-01 7.948873043060302734e-01
9.757944345474243164e-01 6.918835639953613281e-02 7.506934404373168945e-01 2.512764930725097656e-02 5.060763955116271973e-01 1.478533148765563965e-01
2.838099598884582520e-01 8.428621292114257812e-01 4.563690423965454102e-01 4.687837362289428711e-01 7.893096208572387695e-01 2.154088020324707031e-01
9.097877144813537598e-01 8.963951468467712402e-01 2.175081968307495117e-01 5.586316585540771484e-01 9.244333505630493164e-01 5.012172460556030273e-02
2.249714136123657227e-01 8.354011178016662598e-01 5.062842965126037598e-01 1.628310084342956543e-01 6.843600273132324219e-01 6.554420590400695801e-01
5.212765932083129883e-02 3.192332386970520020e-01 6.433543562889099121e-01 7.036586403846740723e-01 1.474053859710693359e-01 9.191815257072448730e-01
4.598016738891601562e-01 3.657703995704650879e-01 3.950800895690917969e-01 9.996491074562072754e-01 1.363690495491027832e-01 2.371909618377685547e-01
3.220833539962768555e-01 9.397323727607727051e-01 9.261704087257385254e-01 7.897424697875976562e-02 8.608418107032775879e-01 7.589696645736694336e-01
4.656497836112976074e-01 5.810476541519165039e-01 3.291624188423156738e-01 1.544829607009887695e-01 1.356313824653625488e-01 4.996126890182495117e-01
5.096760988235473633e-01 7.280666828155517578e-01 9.961962699890136719e-03 6.479392051696777344e-01 4.088993668556213379e-01 5.951897501945495605e-01
2.169108390808105469e-02 2.855470776557922363e-01 5.978363752365112305e-02 8.542596697807312012e-01 8.606944084167480469e-01 2.703375816345214844e-01
4.432283043861389160e-01 6.019684672355651855e-01 9.334983229637145996e-01 6.871813535690307617e-02 3.630990982055664062e-01 1.620550155639648438e-01
8.309469819068908691e-01 6.437644958496093750e-01 3.514637947082519531e-01 5.662815570831298828e-01 1.522833704948425293e-01 6.277161836624145508e-01
2.134317755699157715e-01 9.493105411529541016e-01 5.963606834411621094e-01 4.646338224411010742e-01 7.746798992156982422e-01 9.257175326347351074e-01
4.012104868888854980e-01 4.406987428665161133e-01 9.636390209197998047e-01 5.611473321914672852e-01 3.153855800628662109e-01 8.635166287422180176e-01
3.728842139244079590e-01 4.685423374176025391e-01 6.407921910285949707e-01 1.574728488922119141e-01 7.206492424011230469e-01 7.763500213623046875e-01
2.121388912200927734e-03 7.368997931480407715e-01 9.352262020111083984e-01 9.783290624618530273e-01 3.593181967735290527e-01 9.811283349990844727e-01
3.986589908599853516e-01 2.826726436614990234e-01 5.674278736114501953e-02 1.236337423324584961e-01 8.377439975738525391e-01 7.966543436050415039e-01
3.205183148384094238e-01 5.466654896736145020e-01 6.101951599121093750e-01 3.548567295074462891e-01 7.694475650787353516e-01 3.667737245559692383e-01
7.293263077735900879e-01 7.260193228721618652e-01 8.736491799354553223e-01 7.748026847839355469e-01 3.792450428009033203e-01 6.544924378395080566e-01
8.200062513351440430e-01 9.118132591247558594e-01 3.290088772773742676e-01 3.430563807487487793e-01 2.092164754867553711e-01 9.367716908454895020e-01
4.122997522354125977e-01 2.117470502853393555e-01 5.539040565490722656e-01 1.845285296440124512e-01 5.254628062248229980e-01 2.813624739646911621e-01
3.220041990280151367e-01 2.025521397590637207e-01 1.742108464241027832e-01 7.480525374412536621e-01 7.400861382484436035e-01 5.268285870552062988e-01
3.361381292343139648e-01 8.124799728393554688e-01 1.904737949371337891e-01 6.175761818885803223e-01 5.281651020050048828e-02 1.622840762138366699e-01
5.941445827484130859e-01 3.658221960067749023e-01 8.787817955017089844e-01 2.919114828109741211e-01 9.767169356346130371e-01 6.398019790649414062e-01
8.860259056091308594e-01 1.715816855430603027e-01 1.153511404991149902e-01 8.995237350463867188e-01 8.864551782608032227e-01 4.466482996940612793e-01
8.628928661346435547e-02 5.509499311447143555e-01 6.528388857841491699e-01 1.181298494338989258e-02 1.450209617614746094e-01 4.170624613761901855e-01
9.374876022338867188e-01 8.799625635147094727e-01 7.073488831520080566e-01 6.514905691146850586e-01 2.668548822402954102e-01 2.094053626060485840e-01
8.828417658805847168e-01 4.289386272430419922e-01 7.303279638290405273e-01 1.818007826805114746e-01 4.249423742294311523e-02 9.987695813179016113e-01
2.490283846855163574e-01 8.074861764907836914e-02 3.163622021675109863e-01 9.940455555915832520e-01 9.830569624900817871e-01 4.982874989509582520e-01
7.501785755157470703e-01 3.199217915534973145e-01 4.278109669685363770e-01 1.937986612319946289e-01 6.717998385429382324e-01 7.564191222190856934e-01
5.376151204109191895e-01 1.148107051849365234e-01 6.232818961143493652e-01 9.420353174209594727e-02 1.459007859230041504e-01 3.313102722167968750e-01
7.127537131309509277e-01 8.825823068618774414e-01 6.132133603096008301e-01 9.962764382362365723e-01 7.223963141441345215e-01 3.154401183128356934e-01
7.464136481285095215e-01 6.857815980911254883e-01 8.628535866737365723e-01 9.103679656982421875e-01 6.033884286880493164e-01 2.757520079612731934e-01
1.355659961700439453e-01 4.675447940826416016e-02 9.851541519165039062e-01 3.557078838348388672e-01 1.608341336250305176e-01 3.245096802711486816e-01
5.834037065505981445e-02 3.249484300613403320e-01 2.683812379837036133e-02 6.919614672660827637e-01 5.066287517547607422e-01 1.184853911399841309e-01
5.228354334831237793e-01 6.783566474914550781e-01 8.982360363006591797e-03 6.505759358406066895e-01 9.345400333404541016e-02 2.200449705123901367e-01
7.537834644317626953e-01 1.148901581764221191e-01 3.626202940940856934e-01 6.806381940841674805e-01 3.072772622108459473e-01 6.327961087226867676e-01
5.928239226341247559e-01 8.389873504638671875e-01 1.364068388938903809e-01 8.563069105148315430e-01 1.011550426483154297e-01 8.585579395294189453e-01
1.786977052688598633e-01 1.975864171981811523e-02 9.820523858070373535e-01 9.634199142456054688e-01 2.743629217147827148e-01 3.075914978981018066e-01
9.902949333190917969e-01 8.797241449356079102e-01 6.141142249107360840e-01 2.078428268432617188e-01 7.569725513458251953e-01 5.027879476547241211e-01
3.160880208015441895e-01 2.244719266891479492e-01 5.738794207572937012e-01 2.673349976539611816e-01 8.506429195404052734e-01 6.914418339729309082e-01
9.514231085777282715e-01 3.233101367950439453e-01 5.066208243370056152e-01 3.736937642097473145e-01 3.944057226181030273e-02 3.366994857788085938e-02
8.351081609725952148e-01 7.639790773391723633e-01 1.993250846862792969e-02 7.141082286834716797e-01 9.159420132637023926e-01 1.662800312042236328e-01
9.206818342208862305e-01 6.253545284271240234e-01 5.196821689605712891e-01 8.873931169509887695e-01 4.684195518493652344e-01 1.540308594703674316e-01
3.507806658744812012e-01 4.611897468566894531e-01 3.152362108230590820e-01 2.955890297889709473e-01 6.520326733589172363e-01 3.494403362274169922e-01
6.448674201965332031e-02 8.391177654266357422e-01 5.431469678878784180e-01 5.482537746429443359e-01 7.001376152038574219e-02 3.026418685913085938e-01
5.953447222709655762e-01 2.286857962608337402e-01 6.534490585327148438e-01 3.819237351417541504e-01 7.252378463745117188e-01 1.913483738899230957e-01
6.666737794876098633e-01 1.150929331779479980e-01 7.996687293052673340e-01 8.368152379989624023e-02 1.845849752426147461e-01 5.842651724815368652e-01
1.317412257194519043e-01 8.118175864219665527e-01 9.029041528701782227e-01 7.303909063339233398e-01 3.997964859008789062e-01 9.185699224472045898e-01
7.257176041603088379e-01 8.977562189102172852e-01 8.069498538970947266e-01 1.576781272888183594e-03 5.066321492195129395e-01 5.292269587516784668e-01
8.184849023818969727e-01 9.534664154052734375e-01 5.617076754570007324e-01 1.538484096527099609e-01 6.650279760360717773e-01 1.676020026206970215e-01
7.941279411315917969e-01 5.612664222717285156e-01 8.438771963119506836e-01 9.085564017295837402e-01 6.710243225097656250e-02 1.556145548820495605e-01
6.016668677330017090e-01 2.610971331596374512e-01 2.607386112213134766e-01 7.027695775032043457e-01 6.560704708099365234e-01 3.140772581100463867e-01
7.891029119491577148e-01 2.485327124595642090e-01 8.060952425003051758e-01 7.663184404373168945e-01 8.424001336097717285e-01 4.984945654869079590e-01
5.096197128295898438e-02 5.914931297302246094e-01 2.206673026084899902e-01 7.431623935699462891e-01 4.271176457405090332e-01 4.168158173561096191e-01
5.176315903663635254e-01 5.329631567001342773e-01 1.700658798217773438e-01 4.741679430007934570e-01 1.478843092918395996e-01 2.591015100479125977e-01
2.847721576690673828e-01 2.206636667251586914e-01 5.365341901779174805e-01 1.596549153327941895e-01 4.785964488983154297e-01 9.891970753669738770e-01
4.867823123931884766e-01 1.090097427368164062e-01 9.346332550048828125e-01 4.281269907951354980e-01 4.154596924781799316e-01 6.207165122032165527e-01
5.645301938056945801e-01 3.691418766975402832e-01 5.346027016639709473e-01 1.567396521568298340e-01 4.961843490600585938e-01 5.021497607231140137e-01
