9.719003211435082168e-01
9.719003211435082168e-01
9.719003211435082168e-01
9.719003211435082168e-01
9.719003211435082168e-01
9.719003211435082168e-01
9.719003211435082168e-01
9.719003211435082168e-01
1.030286498261739236e+00
1.030286498261739236e+00
1.096680634693768530e+00
1.223810266923991419e+00
1.223810266923991419e+00
1.223810266923991419e+00
1.223810266923991419e+00
1.244117222914509879e+00
1.244117222914509879e+00
1.244117222914509879e+00
1.244117222914509879e+00
1.244117222914509879e+00
1.244117222914509879e+00
1.244117222914509879e+00
1.244117222914509879e+00
1.244117222914509879e+00
1.244117222914509879e+00
1.244117222914509879e+00
1.244117222914509879e+00
1.244117222914509879e+00
1.244117222914509879e+00
1.244117222914509879e+00
1.244117222914509879e+00
1.244117222914509879e+00
1.244117222914509879e+00
1.244117222914509879e+00
1.244117222914509879e+00
1.244117222914509879e+00
1.244117222914509879e+00
1.244117222914509879e+00
1.244117222914509879e+00
1.244117222914509879e+00
1.244117222914509879e+00
1.244117222914509879e+00
1.244117222914509879e+00
1.244117222914509879e+00
1.244117222914509879e+00
1.244117222914509879e+00
1.244117222914509879e+00
1.244117222914509879e+00
1.244117222914509879e+00
1.244117222914509879e+00
