-6.433699515299869942e-01
-1.028840491202636986e+00
-1.066525113484057541e-01
-1.229411602395599656e+00
-1.376163413299566152e+00
-1.376449537856996974e+00
-1.286395319675760707e+00
-1.036131726324957203e+00
-9.173422030670008720e-01
-1.346004660496094019e+00
1.279605913289438401e+00
-5.225148323676154227e-02
1.237688645794542186e+00
4.851392524506000226e-01
9.416146821437899606e-01
1.279605913289438401e+00
1.279605913289438401e+00
1.168732066046733742e+00
-2.650332766346953361e-01
-4.119082046676547648e-01
-3.313317223663997391e-01
-3.883341508755442373e-01
-1.232779757916871111e+00
-1.402717567501987617e-01
-8.393144471484581537e-01
-1.722983187520677473e-01
-1.746470205607850268e+00
1.773828590570714070e-01
1.666543458481909157e-01
-2.637642886728898683e-01
-1.306147445539230789e+00
1.106236207066187138e-01
-9.563441151411512520e-01
8.762685946432634543e-01
-5.753064388232983495e-01
-8.237373882955900672e-01
2.030152309494697160e-01
-1.059272748963006494e+00
-2.783142686102313412e-01
-4.936172271938181200e-01
-2.882861163880212629e-01
-6.071843197877306864e-01
-8.118301233719353860e-01
-7.823433199694851403e-01
-4.531276409969487995e-01
6.395483041381835321e-01
1.225565562313858381e-01
3.107235673742793636e-01
-4.027805465337989665e-01
-1.307138293130833295e+00
5.333673667404054131e-02
4.954689989550694063e-01
-1.106737602861410874e+00
6.931823242994720191e-01
5.760766424537200336e-02
-2.987843190074803701e-01
-6.424142051093544303e-01
-9.531336626939418410e-03
-1.628464237743045162e+00
-1.116963709788299619e+00
-8.179925351392327570e-01
-1.522481295285616820e+00
-1.791965350329688622e+00
-2.169810748436542980e+00
1.019899026304131429e+00
-3.601863862421811890e-01
-1.054342691983799041e+00
8.821222521985104814e-01
-3.997089062360920098e-01
5.378356319613358805e-01
-1.590997711318251850e+00
1.271205232183892697e+00
-1.007492395524606454e+00
2.603624323885629921e-01
-1.360073519388181662e+00
-5.389577183638417646e-01
-3.626968774761264447e-01
-4.027908184395050939e-01
-2.423646027047670348e-01
-1.014394698461303479e+00
-8.747952328817359957e-01
-7.896952691666641044e-01
-8.584398358632434611e-01
-5.640465314840306110e-01
-9.287965982350359084e-01
-5.775842634316235014e-01
-5.972043561648368026e-01
-8.529144062009912375e-01
-1.925339556584395151e+00
-9.305235577055461782e-01
-7.742487170401584073e-01
-3.156835541479927620e-01
-8.927556544150805351e-01
-6.428321095685649578e-01
-1.609612184078320629e-01
-4.616511090866177169e-01
1.169580464018928678e+00
-1.072282297811796070e+00
2.100977533614387105e-01
-1.452326471842934730e+00
-1.023438356340351962e+00
-7.073526190410321934e-01
-1.400137101738897716e+00
-1.238067374689720612e+00
-9.258082311717863444e-02
4.440808708595915810e-01
-5.828648754058961545e-01
5.432449777444821049e-01
1.180871646434218381e+00
-3.087930853577263157e-01
