-1.332609434320992436e+00
-1.318246419642875145e+00
-1.708955055594355121e+00
-1.153823567124989014e+00
-1.263023468896972812e+00
-1.249634076268421268e+00
-7.430031933471120675e-01
-8.074657014966015733e-01
-1.995360465956641072e+00
-2.155907073796678564e+00
-1.609932333170279728e+00
-1.390565428473916398e+00
-1.373630109579814240e+00
-1.270301935852525155e+00
-1.193723953035844776e+00
-2.077092192565592743e+00
-2.102479397579591236e+00
-1.122701239285082142e+00
-1.853415044675849277e+00
-1.980310831818893558e+00
-2.511798619769222363e+00
-1.776448464619196921e+00
-3.967590776101571848e+00
-3.893199294507514896e+00
-3.888975731898429711e+00
-3.611134171311304986e+00
-2.473831854257553253e+00
-2.221555520356078617e+00
-2.217152366228809957e+00
-2.389907538394489883e+00
-2.388316891410213749e+00
-3.862941462356687339e+00
-3.844837908560834183e+00
-4.156254080021862585e+00
-4.152149377155401666e+00
-4.142955056981035611e+00
-4.155512862479259439e+00
-4.143855564814558967e+00
-4.111693555099910746e+00
-4.119234817264782578e+00
-4.155334853900539471e+00
-4.119614979139861966e+00
-4.103145965827390995e+00
-4.106915412013155908e+00
-4.105902775513989411e+00
-4.151639292409813109e+00
-4.148541754522913294e+00
-4.074124445483888302e+00
-4.191590452981556858e+00
-4.158723004336710716e+00
