7.239196300506591797e-01 7.671183347702026367e-02 5.962399840354919434e-01 8.073300123214721680e-02
9.723103046417236328e-01 2.929235100746154785e-01 8.599319458007812500e-01 4.717165827751159668e-01
8.241794705390930176e-01 7.517133355140686035e-01 6.521418690681457520e-01 9.974464178085327148e-01
2.601047754287719727e-01 3.625227212905883789e-01 3.085966706275939941e-01 3.490388989448547363e-01
9.005758762359619141e-01 7.520383596420288086e-01 5.116711854934692383e-01 7.015178203582763672e-01
8.613219261169433594e-01 3.670854568481445312e-01 7.189549207687377930e-01 1.293565630912780762e-01
9.998646974563598633e-01 3.155996203422546387e-01 5.421778559684753418e-01 8.109725117683410645e-01
4.701226949691772461e-01 3.012865185737609863e-01 4.521970152854919434e-01 3.865925669670104980e-01
4.314213395118713379e-01 1.206855773925781250e-01 4.759727120399475098e-01 2.793420553207397461e-01
3.039625287055969238e-01 6.268301606178283691e-01 1.472181081771850586e-02 8.376291394233703613e-01
7.490394020806880049e-02 9.564118402120747042e-01 3.351767149830374160e-01 1.748473864455677151e-01
6.510584404877406590e-03 7.138687298033237205e-01 5.922179645840882634e-01 7.558486499788683588e-01
0.000000000000000000e+00 6.244548380871950410e-01 6.360041460284036885e-02 6.568213154594683134e-01
2.518050522634404653e-01 9.360291088692113126e-01 1.000000000000000000e+00 5.733463617869085649e-01
9.319880764972509057e-01 5.066062028982774024e-01 8.021161971398115334e-03 6.678494192539824459e-01
6.153469008777348037e-01 2.461092989147222188e-01 5.411016350267872088e-01 3.437590289176525316e-01
2.508145215547452067e-01 5.302550988972528634e-01 5.076086041586653774e-01 8.852089971413291680e-01
0.000000000000000000e+00 6.639884637057036354e-01 6.828846419238759902e-01 2.462457388903632471e-01
0.000000000000000000e+00 4.359844476642921740e-01 0.000000000000000000e+00 9.947168011089417838e-01
7.920277990354107622e-02 6.049213624336986506e-01 1.033030081685614304e-01 9.578155250608422211e-01
2.099268183566752738e-02 4.449931297951064679e-01 9.753209459068361564e-01 8.888462619187195157e-01
4.769748690681139824e-01 8.892137792021295173e-01 1.385417964915203748e-01 8.541760715680859484e-01
9.029194693132042149e-01 1.468503444660021751e-01 8.350463968324602082e-02 9.592750773479759019e-01
8.875281965929123773e-01 8.989273069754948331e-01 2.778129894348562931e-02 9.505738920686717108e-01
2.513668465459531140e-02 8.156299925230713066e-02 3.561835317611743990e-01 9.664205532620969707e-01
8.135569490371815649e-01 6.173594977717017374e-01 1.401389221492573556e-01 9.285757174832245942e-02
3.498622447303239014e-01 8.512924288763265013e-01 4.809986126571471066e-01 8.485990290800488056e-01
5.438847568133278743e-02 2.708807717899865408e-01 7.034364259878093106e-01 9.822124449927567280e-01
2.720826414255550843e-02 9.098018786732287033e-01 2.581388037714713590e-01 6.503728379539441828e-01
2.662781386817789087e-01 7.866362588476553119e-01 8.294856325876512892e-01 8.239179889103062093e-01
1.547553763305022645e-01 9.677586921498556594e-01 2.225591077572390830e-01 5.241583646373673133e-01
2.695337287770845081e-02 9.723516273794626796e-01 7.287642254384915641e-02 7.052088580108355487e-01
9.313615751888489891e-01 4.340173489083377634e-01 9.467203883620585181e-01 9.820950779613691894e-01
1.965436968206279722e-01 9.190358808505775245e-01 9.437339351643940777e-01 9.397603052673239032e-01
1.723823099535594372e-01 8.366546690276220888e-01 2.336171083021004180e-01 5.572867325273689332e-01
6.532203845659629443e-03 9.909020773077307220e-01 2.642492366217593647e-01 5.341187517094555526e-01
8.174745074433763525e-01 9.690224801422528955e-01 1.053735479110202711e-01 5.092201659420447779e-01
7.463419635910417682e-01 6.161584264978132719e-01 2.883419867455320751e-01 8.995399874176952526e-01
8.162644505061995848e-03 9.896864956882458486e-01 2.154730197733424335e-01 6.295133497264406852e-01
1.000000000000000000e+00 3.132728230262422087e-01 5.889829216674051515e-02 9.898711535479246537e-01
3.531519145269969018e-01 3.207402181745055980e-01 2.147348934980615465e-01 9.912981985242242944e-01
4.820875516571046515e-02 4.033581269415946191e-01 1.871558798846411908e-01 8.986776730132656210e-01
2.909036324741848811e-01 9.455825462296951756e-01 2.597883743741315477e-01 5.598760711981302096e-01
4.005793831659030801e-01 2.510842168895053850e-01 4.327674190575091229e-02 5.276199260033790361e-01
3.316008007055988860e-01 9.129665877716557354e-01 2.529595687997017728e-01 5.367197600662841905e-01
9.303880286634539365e-01 8.512285423875455281e-01 9.224517072206188661e-01 6.982839386580117491e-01
8.101329108163259907e-01 2.571180283181823678e-01 5.285234459299832654e-02 5.788960897451826682e-02
4.911261157491324247e-02 7.071679076909632711e-01 9.731424375245101288e-01 9.657639955828184464e-01
1.845804781808768336e-01 9.786223043546555811e-01 2.857907254733614288e-01 5.385995587195409051e-01
1.459160614395762778e-01 8.603569497786912879e-02 2.843394242892679016e-02 7.528458482833791932e-01
3.441256723409492069e-01 9.695813811367458568e-01 3.047582858050205123e-01 4.724665020431036422e-01
2.538960168569870945e-01 9.775875501635856724e-01 2.155118768485386194e-01 5.960309897566054005e-01
7.562771931239941070e-01 9.768760819694807251e-01 3.317286892586940317e-01 3.927198554133720654e-01
9.121464592699594087e-01 2.826556401659367085e-02 9.580613853469908126e-01 2.873297746600706609e-02
2.015220410534786233e-01 9.503098124169345740e-01 2.312189400580870746e-01 6.248658572247316467e-01
6.769379615440537790e-02 3.933116548928130563e-01 9.548520801426135796e-02 9.778529482379796911e-02
2.268343014460524332e-01 9.993194684612614065e-01 2.654338541301081156e-01 6.012399075211861676e-01
3.517570796344548500e-01 9.634012705228878204e-01 3.679326727412922660e-01 4.666447161330918303e-01
3.452229287627310295e-01 9.651185169268380326e-01 4.534268757165330586e-03 5.874706302443063466e-01
3.225360065360942108e-01 9.461215940402216695e-01 5.932708767557467455e-01 4.599991173263152100e-01
8.358528426431811875e-02 4.711767098816900257e-01 4.470414366537585060e-01 9.701206453049172618e-01
3.536142890931644467e-01 9.961320095088661564e-01 1.294827303840456398e-02 3.562030349749500391e-01
2.987335699633475450e-01 9.368620752122643891e-01 7.408829734956526858e-01 4.827612321722277722e-01
3.000300395490781979e-01 8.965312148433611794e-01 1.913980746739140371e-01 5.610734146123103061e-01
4.687707330725165433e-01 9.540560115766685279e-01 3.336348599705600548e-02 0.000000000000000000e+00
1.527424293888620666e-01 9.172023118728301894e-01 5.142902118019423985e-02 9.772532588061862979e-01
9.516927118782104733e-01 5.149353768084397043e-01 4.465091925983647458e-01 9.798177698656423962e-01
8.336049571999978869e-02 9.276452401686536842e-01 8.032844005284888178e-01 7.890475922625738159e-01
6.467993037168467962e-02 1.156327946912953375e-01 0.000000000000000000e+00 9.170047136525664166e-01
3.887168065024049213e-01 8.806675389051353831e-01 3.852753456125077025e-02 4.422532578297333483e-01
4.207821839990510404e-01 8.529382851067071059e-01 8.224503675949763892e-02 4.231117861711392036e-01
3.273587558689100008e-01 8.620676192378089464e-01 0.000000000000000000e+00 4.749349149946274218e-01
6.604535167371995419e-01 9.212240048684292582e-01 4.471272565876467930e-01 5.965773833760793510e-01
7.404453294565940258e-01 9.132375008484113765e-01 8.019751707500368809e-01 2.024109668273952334e-01
4.279627333914775567e-01 8.119119150903106874e-01 0.000000000000000000e+00 4.948890778323620787e-01
4.950686542213436625e-01 8.186019182015591422e-01 1.943052994853859683e-01 3.968752572702184400e-01
3.569306684237708582e-01 8.323364899868155309e-01 1.506079262901695477e-02 4.059349725098446160e-01
2.657677605304439306e-01 9.140015501134692855e-01 8.788627935493227294e-01 9.565946704729370864e-02
8.743203520557082387e-01 7.653205384256758226e-01 8.893732016977722310e-01 9.979793214935476220e-01
2.013396597821184505e-02 3.374423984835310808e-01 1.967234295713402581e-01 9.708000351885420764e-01
9.167346426239951496e-02 9.332710339576686387e-01 6.635195163814054942e-01 7.450064187774211311e-01
8.829293088661046562e-01 8.585597894734143809e-01 7.464644820212221754e-01 6.702035741363762122e-01
8.516019609558336256e-01 4.284858217060963370e-02 8.224321715718685422e-01 3.973459122807759814e-02
6.441434231308803549e-01 4.986312738154934920e-01 5.761841225344339207e-02 9.969164454336498782e-01
2.742639744899529886e-01 9.125383819417444142e-01 0.000000000000000000e+00 4.304899326059902220e-01
4.686081450024026651e-01 3.239736934275069258e-01 0.000000000000000000e+00 8.369529598769451795e-01
3.749647751021981668e-01 1.269313429011608985e-01 8.712731429828463048e-01 7.763233378330957057e-01
3.479375997205409465e-01 8.806200090021721882e-01 2.409103977833069836e-03 5.586322531323026919e-01
8.111520406253893700e-01 4.366252062696674568e-02 8.124243704560090151e-01 8.815715461145690046e-01
1.000000000000000000e+00 9.159280127081395051e-01 3.774368764852156777e-01 5.916946634111190928e-01
1.026240741243749331e-02 3.620115190884040102e-01 8.312599394914241824e-01 1.988585423861725376e-01
3.827522467480632407e-01 8.123578013776049378e-01 8.112907381352725544e-02 6.452595108290957171e-01
1.377449773802101873e-01 9.487075884106653811e-01 2.352600215814629470e-01 1.888040289212638556e-01
3.834128643940143411e-01 8.525123159005609796e-01 3.590741353851960582e-01 8.291073195216949188e-01
8.020147573307279121e-01 9.691088658623804308e-01 3.449802565338088711e-01 2.055149362011280123e-01
1.017761033943631044e-01 4.686420245108333660e-01 5.532518128625548703e-01 7.281453860795702449e-01
4.862157467135691524e-01 8.915317359014955922e-01 1.570164141132177338e-01 9.183381723651230510e-01
6.714119714126991489e-01 6.505841725893231065e-01 2.330710285924623704e-01 8.428275906249814708e-01
3.108892045731869169e-01 8.180833664509760128e-01 0.000000000000000000e+00 5.078472382534550134e-01
1.280039663294226526e-01 9.204950419592773381e-01 4.091522586696222374e-01 6.428033808564002083e-01
3.523877320607518571e-01 4.554952182188171106e-01 3.428296209078476181e-02 5.990219096918667496e-01
2.177039211540538755e-01 7.290732596693124679e-01 1.338832225753082972e-01 5.603744883894840045e-01
3.554569366728498325e-01 4.465163043877755089e-01 3.493282736096788854e-01 4.280719099205775868e-01
3.533493966347704962e-01 3.197475857294070911e-01 9.321847574822439073e-03 9.376610718135454103e-01
9.444576971216405159e-01 2.208943193908125338e-02 2.230788758101380775e-01 6.527143135919529771e-01
1.634749035481756485e-01 2.490392328249963275e-02 9.136835700922277814e-01 5.921853461028729615e-02
8.884316427978272701e-01 5.708390131866217798e-01 9.471035139534842440e-01 3.910090595737291536e-02
5.930999957902171049e-01 7.845887503817503550e-01 2.561994704605526363e-01 3.051597893952968099e-01
6.965329494003015265e-01 7.869068465487005781e-02 4.863672382294338681e-02 3.417805086077111976e-01
3.711012907123697468e-01 6.396349226629870488e-01 0.000000000000000000e+00 2.954971892394004374e-01
