-8.337240393858622589e-01
-9.215543537541147634e-01
-1.836132291298478769e+00
-1.553833398033456437e+00
-3.412573728882689839e+00
-3.291505680240471854e+00
-3.312718661850738933e+00
-2.812217857227337969e+00
-1.521290477434907640e+00
-4.249469384148564011e+00
-4.236123079735953922e+00
-4.257456768215366338e+00
-4.172626489403373107e+00
-4.231679262727911173e+00
-4.507295218197942432e+00
-4.512823101095298384e+00
-4.497641979244874300e+00
-5.018612316746252411e+00
-4.903377825077575025e+00
-5.205203811112157020e+00
-6.562182532379095434e+00
-7.714769193534166902e+00
-5.153820185719037994e+00
-5.428001924485218233e+00
-5.434647914052522566e+00
-4.944950091106266932e+00
-8.565576177255920243e+00
-8.496690600472135202e+00
-8.738058149300895749e+00
-9.022090380124433651e+00
-9.494535014282339702e+00
-7.757602774115055944e+00
-8.837699640716978777e+00
-8.854079697502710289e+00
-8.903756281538798945e+00
-8.954714019840746886e+00
-8.844431735855019738e+00
-8.804358855833047670e+00
-8.160427981029686251e+00
-7.360514813931700928e+00
-7.288540719857111938e+00
-7.273649446868113877e+00
-7.244724428318922271e+00
-7.383256455123757611e+00
-2.874659062523655884e+00
-6.928922897224574662e+00
-7.079787670626017437e+00
-6.959695663886766859e+00
-7.536459594828789577e+00
-7.546408404923066193e+00
-7.528090566889104274e+00
-7.472626840323651543e+00
-7.489349256722000803e+00
-7.634789177107568214e+00
-7.338384395773492663e+00
-7.391247562428810092e+00
-7.447687309952956802e+00
-7.409411277585779665e+00
-7.478918937139983569e+00
-7.569749300554146743e+00
-7.306323101492520955e+00
-7.097326640020868105e+00
-6.926618685831650524e+00
-7.129221938283004434e+00
-7.394686164688299534e+00
-7.460495878375296819e+00
-8.026853964896700333e+00
-8.051064676302244649e+00
-8.083884910890947850e+00
-8.136014028590860647e+00
-8.510218099824701454e+00
-8.515752321382052514e+00
-8.510082747732456099e+00
-8.552542814837099883e+00
-8.552436251798800626e+00
-8.586061393032647260e+00
-8.585264662109070244e+00
-8.602016920903375663e+00
-8.551252841990439890e+00
-8.456590117674263496e+00
-8.145659615175587120e+00
-8.129530817823404476e+00
-8.196662230818221317e+00
-8.194783225966423501e+00
-8.184793919167111298e+00
-8.202328461485258515e+00
-8.202236276577378860e+00
-8.211122563807224495e+00
-8.333505404557371321e+00
-8.324187918919781382e+00
-8.339332989397906459e+00
-8.348120523578160146e+00
-8.265435439306218157e+00
-8.309299931328176569e+00
-8.309610473779324380e+00
-8.249906622427072733e+00
-8.243782363196727303e+00
-8.237038554887938346e+00
-8.226003150401629327e+00
-8.239382422267958361e+00
