1.719529032707214355e-01 3.171004056930541992e-01 6.351225972175598145e-01 4.569247364997863770e-01
6.661051511764526367e-02 9.434041976928710938e-01 7.046139836311340332e-01 6.049274206161499023e-01
2.457666397094726562e-02 7.853688001632690430e-01 9.037329554557800293e-01 8.760539293289184570e-01
7.499826550483703613e-01 7.455445528030395508e-01 4.849219918251037598e-01 4.868420362472534180e-01
4.577611684799194336e-01 2.576738595962524414e-02 2.719808220863342285e-01 8.412939906120300293e-01
8.456795811653137207e-01 9.957286119461059570e-01 2.983276247978210449e-01 3.463966846466064453e-01
6.144472956657409668e-01 7.982653379440307617e-01 6.191579103469848633e-01 1.733955740928649902e-01
4.889751672744750977e-01 4.179370403289794922e-01 5.653851628303527832e-01 5.046797394752502441e-01
6.656905412673950195e-01 1.096794009208679199e-01 6.414738297462463379e-01 5.459883213043212891e-01
7.196356654167175293e-01 2.153592705726623535e-01 4.483006596565246582e-01 6.642364859580993652e-01
1.000000000000000000e+00 4.488983954418279687e-01 0.000000000000000000e+00 1.000000000000000000e+00
1.000000000000000000e+00 1.474379605604797805e-01 2.980071414872724200e-01 7.798376773559991815e-01
7.004126658375314785e-01 1.574896864145341746e-01 0.000000000000000000e+00 1.000000000000000000e+00
6.517459235158808983e-01 1.826676354161624327e-01 0.000000000000000000e+00 7.588442320963277865e-01
0.000000000000000000e+00 0.000000000000000000e+00 4.903256939768212419e-01 1.000000000000000000e+00
7.426382411449935494e-01 2.114496646273838765e-01 3.633562431080233357e-01 1.000000000000000000e+00
8.508255406534199761e-01 2.886264362878574463e-01 4.032768340484471636e-01 1.000000000000000000e+00
7.163502064323128415e-01 1.539364342732704727e-01 3.596291851554596075e-01 1.000000000000000000e+00
5.754264272628594190e-01 2.305183461142973345e-01 3.253032288635211988e-01 1.000000000000000000e+00
1.050257618931155629e-01 0.000000000000000000e+00 1.917532159221759652e-02 0.000000000000000000e+00
1.442310603327535967e-01 0.000000000000000000e+00 0.000000000000000000e+00 1.000000000000000000e+00
1.954076507813678476e-01 0.000000000000000000e+00 3.557375417979563026e-01 0.000000000000000000e+00
0.000000000000000000e+00 0.000000000000000000e+00 6.760875671382514385e-02 3.846774015790813683e-01
3.350702789712427521e-01 0.000000000000000000e+00 6.502960388311459505e-01 1.000000000000000000e+00
0.000000000000000000e+00 3.593351498173445457e-01 0.000000000000000000e+00 0.000000000000000000e+00
7.765960444187925971e-01 2.944808754513028037e-01 2.918572572002542942e-01 1.000000000000000000e+00
2.057836117503892559e-01 0.000000000000000000e+00 0.000000000000000000e+00 3.748379613068811844e-01
1.000000000000000000e+00 0.000000000000000000e+00 0.000000000000000000e+00 0.000000000000000000e+00
7.604914981634804949e-01 3.198551457085789806e-01 3.242334118416935751e-01 1.000000000000000000e+00
7.554042340786915055e-01 3.436807736227653343e-01 3.038267233019183999e-01 1.000000000000000000e+00
7.439419205671435886e-01 4.065399326138939839e-01 2.641859620553508869e-01 1.000000000000000000e+00
7.399127124636195596e-01 3.965487559973531750e-01 3.212711004371279211e-01 1.000000000000000000e+00
1.000000000000000000e+00 0.000000000000000000e+00 1.000000000000000000e+00 8.544535361882727997e-01
0.000000000000000000e+00 0.000000000000000000e+00 1.000000000000000000e+00 4.258182944747885834e-01
7.446668794809462311e-01 3.494297853129463283e-01 2.725444494672932816e-01 1.000000000000000000e+00
7.822182620622356586e-01 4.031325055459979989e-01 2.584392984127958370e-01 1.000000000000000000e+00
0.000000000000000000e+00 1.000000000000000000e+00 0.000000000000000000e+00 1.000000000000000000e+00
3.788085991768143090e-01 2.181858566585908044e-01 1.000000000000000000e+00 1.000000000000000000e+00
6.987393779257390358e-01 6.503141474084789264e-01 0.000000000000000000e+00 1.000000000000000000e+00
3.020741362104594763e-01 1.000000000000000000e+00 0.000000000000000000e+00 0.000000000000000000e+00
7.697731880712276320e-01 3.613870360740468191e-01 2.906144479035812633e-01 1.000000000000000000e+00
1.745468445992542361e-01 0.000000000000000000e+00 3.110042108227114577e-01 6.844047120176808274e-01
0.000000000000000000e+00 3.995354021487860230e-01 2.707321619671812507e-01 1.000000000000000000e+00
0.000000000000000000e+00 0.000000000000000000e+00 2.040744070510271402e-01 0.000000000000000000e+00
9.065525726268740536e-01 0.000000000000000000e+00 4.402198091533119362e-01 1.000000000000000000e+00
3.539886620378503435e-01 0.000000000000000000e+00 1.000000000000000000e+00 0.000000000000000000e+00
0.000000000000000000e+00 2.418275098549288737e-01 1.000000000000000000e+00 1.000000000000000000e+00
1.000000000000000000e+00 0.000000000000000000e+00 6.114142918504635871e-01 0.000000000000000000e+00
4.136849003761568500e-01 4.669939919678011142e-01 0.000000000000000000e+00 1.000000000000000000e+00
4.362040163445234930e-01 1.000000000000000000e+00 0.000000000000000000e+00 1.000000000000000000e+00
0.000000000000000000e+00 5.484036521199717740e-01 1.000000000000000000e+00 0.000000000000000000e+00
6.854692797256932701e-01 0.000000000000000000e+00 1.000000000000000000e+00 1.000000000000000000e+00
1.000000000000000000e+00 1.000000000000000000e+00 1.000000000000000000e+00 0.000000000000000000e+00
4.173613521918443370e-01 0.000000000000000000e+00 0.000000000000000000e+00 1.000000000000000000e+00
7.496099742994507542e-01 3.025330581475896286e-01 3.236548186285174711e-01 8.986854805886396180e-01
6.547268600673676886e-01 0.000000000000000000e+00 3.986552500466419291e-01 7.235033961852997964e-01
3.462101691958338612e-01 4.124128677594062209e-01 2.790953255647340425e-01 1.000000000000000000e+00
1.000000000000000000e+00 1.000000000000000000e+00 1.777464069209942488e-01 1.000000000000000000e+00
3.997547970101295034e-01 0.000000000000000000e+00 0.000000000000000000e+00 0.000000000000000000e+00
1.771305235199647776e-01 5.476537376109356092e-01 0.000000000000000000e+00 1.000000000000000000e+00
