1.294779577998988795e+00
1.294779577998988795e+00
1.294779577998988795e+00
1.294779577998988795e+00
1.294779577998988795e+00
1.294779577998988795e+00
1.294779577998988795e+00
1.412367887150515866e+00
1.412367887150515866e+00
1.412367887150515866e+00
1.412367887150515866e+00
1.412367887150515866e+00
1.412367887150515866e+00
1.412367887150515866e+00
1.412367887150515866e+00
1.412367887150515866e+00
1.412367887150515866e+00
1.412367887150515866e+00
1.412367887150515866e+00
1.412367887150515866e+00
1.412367887150515866e+00
1.412367887150515866e+00
1.412367887150515866e+00
1.412367887150515866e+00
1.412367887150515866e+00
1.412367887150515866e+00
1.412367887150515866e+00
1.412367887150515866e+00
1.412367887150515866e+00
1.412367887150515866e+00
1.412367887150515866e+00
1.412367887150515866e+00
1.412367887150515866e+00
1.412367887150515866e+00
1.412367887150515866e+00
1.412367887150515866e+00
1.412367887150515866e+00
1.412367887150515866e+00
1.412367887150515866e+00
1.412367887150515866e+00
1.412367887150515866e+00
1.412367887150515866e+00
1.412367887150515866e+00
1.412367887150515866e+00
1.412367887150515866e+00
1.412367887150515866e+00
1.412367887150515866e+00
1.412367887150515866e+00
1.412367887150515866e+00
1.412367887150515866e+00
1.412367887150515866e+00
1.412367887150515866e+00
1.412367887150515866e+00
1.412367887150515866e+00
1.412367887150515866e+00
1.412367887150515866e+00
1.444394507231620217e+00
1.444394507231620217e+00
1.444394507231620217e+00
1.444394507231620217e+00
1.444394507231620217e+00
1.444394507231620217e+00
1.444394507231620217e+00
1.444394507231620217e+00
1.444394507231620217e+00
1.444394507231620217e+00
1.444394507231620217e+00
1.444394507231620217e+00
1.444394507231620217e+00
1.444394507231620217e+00
1.444394507231620217e+00
1.444394507231620217e+00
1.444394507231620217e+00
1.444394507231620217e+00
1.444394507231620217e+00
1.444394507231620217e+00
1.444394507231620217e+00
1.444394507231620217e+00
1.444394507231620217e+00
1.444394507231620217e+00
1.444394507231620217e+00
1.444394507231620217e+00
1.444394507231620217e+00
1.444394507231620217e+00
1.444394507231620217e+00
1.444394507231620217e+00
1.444394507231620217e+00
1.444394507231620217e+00
1.444394507231620217e+00
1.444394507231620217e+00
1.444394507231620217e+00
1.444394507231620217e+00
1.444394507231620217e+00
1.444394507231620217e+00
1.444394507231620217e+00
1.444394507231620217e+00
1.444394507231620217e+00
1.444394507231620217e+00
1.444394507231620217e+00
1.444394507231620217e+00
