7.411775011652725897e-01
6.288627933398895919e-01
1.273229793499132345e+00
1.270652185901483211e+00
1.267352725693269733e+00
1.259212017062503630e+00
1.183797603238570861e+00
1.388653896527415554e+00
1.329962215954450189e+00
8.753299563031463615e-01
1.304779997193366903e+00
1.309488095853734269e+00
1.311089842544389983e+00
1.315472019641425350e+00
1.322211444807667391e+00
1.333087980373630188e+00
1.365057838106300769e+00
1.364817053570848815e+00
1.357974682269705635e+00
8.655342016413712924e-01
8.264859480776676204e-01
8.272415762410112450e-01
8.241967547539548189e-01
1.346815695197684404e+00
1.364960411700740339e+00
1.372070287130038535e+00
1.370013869713003984e+00
1.386051182881359978e+00
1.381562491254321845e+00
1.379865674503823358e+00
1.366973631478312967e+00
1.364399523172776352e+00
1.361043960693524735e+00
1.381569650880021705e+00
1.387316733316361850e+00
1.388621756930418449e+00
1.386710188861990600e+00
1.367361644597962833e+00
1.370136382865911884e+00
1.385239913568179437e+00
1.375978522039656982e+00
1.376229273421550880e+00
1.376969593420325433e+00
1.380231256146454699e+00
1.380209327012609455e+00
1.370498900863494240e+00
1.395241916287720763e+00
1.374179410943221047e+00
1.379321247433942021e+00
1.379330874380199301e+00
1.394705263209423673e+00
1.391692034977168646e+00
1.323155074956920751e+00
1.326185403741598989e+00
1.385288618786732817e+00
1.384313398592314170e+00
1.314114954069328212e+00
1.299629691364751594e+00
1.312285344417227551e+00
1.307097641494484819e+00
1.464920157919779919e+00
1.442702444266173112e+00
1.457677611862668421e+00
1.489355609001740133e+00
1.508056880023295854e+00
1.523946281979799089e+00
1.525516725340368307e+00
1.501964765888643694e+00
1.432881619803327844e+00
1.540610999167780770e+00
1.538761559013248181e+00
1.537973830908603068e+00
1.535649808316069453e+00
1.534308030884458107e+00
1.534100112797589510e+00
1.533290292309500646e+00
1.536605430604804479e+00
1.536927305782301634e+00
1.535802091706818029e+00
1.537663451073419507e+00
1.537398071580597492e+00
1.536956976485716275e+00
1.537032351487395143e+00
1.537637456533511582e+00
1.538648372349125992e+00
1.538070715024788981e+00
1.538222548656325683e+00
1.542312291433629579e+00
1.541514175545116494e+00
1.538527113830729265e+00
1.536188749502042761e+00
1.535738703639383029e+00
1.532006971274555651e+00
1.531371073753942991e+00
1.531968861726017428e+00
1.533097564284423564e+00
1.533212763704943082e+00
1.525406798509699513e+00
1.525638930807949656e+00
1.527260352114646391e+00
