6.322925686836242676e-01 4.703605771064758301e-01 8.867007493972778320e-02 8.942885994911193848e-01 6.488813757896423340e-01 5.540074706077575684e-01
1.000000000000000000e+00 1.000000000000000000e+00 0.000000000000000000e+00 1.000000000000000000e+00 1.000000000000000000e+00 0.000000000000000000e+00
1.000000000000000000e+00 1.000000000000000000e+00 0.000000000000000000e+00 1.000000000000000000e+00 1.000000000000000000e+00 0.000000000000000000e+00
1.000000000000000000e+00 0.000000000000000000e+00 0.000000000000000000e+00 1.000000000000000000e+00 1.000000000000000000e+00 0.000000000000000000e+00
1.000000000000000000e+00 0.000000000000000000e+00 0.000000000000000000e+00 1.000000000000000000e+00 1.000000000000000000e+00 0.000000000000000000e+00
1.000000000000000000e+00 0.000000000000000000e+00 0.000000000000000000e+00 1.000000000000000000e+00 1.000000000000000000e+00 0.000000000000000000e+00
1.000000000000000000e+00 0.000000000000000000e+00 0.000000000000000000e+00 1.000000000000000000e+00 1.000000000000000000e+00 0.000000000000000000e+00
1.000000000000000000e+00 5.894613265991210938e-01 0.000000000000000000e+00 1.000000000000000000e+00 7.136491537094116211e-01 0.000000000000000000e+00
1.000000000000000000e+00 5.894613265991210938e-01 0.000000000000000000e+00 1.000000000000000000e+00 7.136491537094116211e-01 0.000000000000000000e+00
1.000000000000000000e+00 7.167727947235107422e-01 0.000000000000000000e+00 1.000000000000000000e+00 8.518669009208679199e-01 6.573583483695983887e-01
1.000000000000000000e+00 7.167727947235107422e-01 0.000000000000000000e+00 1.000000000000000000e+00 8.518669009208679199e-01 6.573583483695983887e-01
1.000000000000000000e+00 6.435014009475708008e-01 0.000000000000000000e+00 1.000000000000000000e+00 9.339663386344909668e-01 5.811612010002136230e-01
1.000000000000000000e+00 6.435014009475708008e-01 0.000000000000000000e+00 1.000000000000000000e+00 9.339663386344909668e-01 5.811612010002136230e-01
1.000000000000000000e+00 6.435014009475708008e-01 0.000000000000000000e+00 1.000000000000000000e+00 9.339663386344909668e-01 5.811612010002136230e-01
1.000000000000000000e+00 6.435014009475708008e-01 0.000000000000000000e+00 1.000000000000000000e+00 9.339663386344909668e-01 5.811612010002136230e-01
1.000000000000000000e+00 6.435014009475708008e-01 0.000000000000000000e+00 1.000000000000000000e+00 9.339663386344909668e-01 5.811612010002136230e-01
1.000000000000000000e+00 6.435014009475708008e-01 0.000000000000000000e+00 1.000000000000000000e+00 9.339663386344909668e-01 5.811612010002136230e-01
1.000000000000000000e+00 6.435014009475708008e-01 0.000000000000000000e+00 1.000000000000000000e+00 9.339663386344909668e-01 5.811612010002136230e-01
1.000000000000000000e+00 6.435014009475708008e-01 0.000000000000000000e+00 1.000000000000000000e+00 9.339663386344909668e-01 5.811612010002136230e-01
1.000000000000000000e+00 6.435014009475708008e-01 0.000000000000000000e+00 1.000000000000000000e+00 9.339663386344909668e-01 5.811612010002136230e-01
1.000000000000000000e+00 6.435014009475708008e-01 0.000000000000000000e+00 1.000000000000000000e+00 9.339663386344909668e-01 5.811612010002136230e-01
1.000000000000000000e+00 6.435014009475708008e-01 0.000000000000000000e+00 1.000000000000000000e+00 9.339663386344909668e-01 5.811612010002136230e-01
1.000000000000000000e+00 6.435014009475708008e-01 0.000000000000000000e+00 1.000000000000000000e+00 9.339663386344909668e-01 5.811612010002136230e-01
1.000000000000000000e+00 6.435014009475708008e-01 0.000000000000000000e+00 1.000000000000000000e+00 9.339663386344909668e-01 5.811612010002136230e-01
1.000000000000000000e+00 6.435014009475708008e-01 0.000000000000000000e+00 1.000000000000000000e+00 9.339663386344909668e-01 5.811612010002136230e-01
1.000000000000000000e+00 6.435014009475708008e-01 0.000000000000000000e+00 1.000000000000000000e+00 9.339663386344909668e-01 5.811612010002136230e-01
1.000000000000000000e+00 6.435014009475708008e-01 0.000000000000000000e+00 1.000000000000000000e+00 9.339663386344909668e-01 5.811612010002136230e-01
1.000000000000000000e+00 6.435014009475708008e-01 0.000000000000000000e+00 1.000000000000000000e+00 9.339663386344909668e-01 5.811612010002136230e-01
1.000000000000000000e+00 6.435014009475708008e-01 0.000000000000000000e+00 1.000000000000000000e+00 9.339663386344909668e-01 5.811612010002136230e-01
1.000000000000000000e+00 6.435014009475708008e-01 0.000000000000000000e+00 1.000000000000000000e+00 9.339663386344909668e-01 5.811612010002136230e-01
1.000000000000000000e+00 6.435014009475708008e-01 0.000000000000000000e+00 1.000000000000000000e+00 9.339663386344909668e-01 5.811612010002136230e-01
1.000000000000000000e+00 6.435014009475708008e-01 0.000000000000000000e+00 1.000000000000000000e+00 9.339663386344909668e-01 5.811612010002136230e-01
1.000000000000000000e+00 6.435014009475708008e-01 0.000000000000000000e+00 1.000000000000000000e+00 9.339663386344909668e-01 5.811612010002136230e-01
1.000000000000000000e+00 6.435014009475708008e-01 0.000000000000000000e+00 1.000000000000000000e+00 9.339663386344909668e-01 5.811612010002136230e-01
1.000000000000000000e+00 6.435014009475708008e-01 0.000000000000000000e+00 1.000000000000000000e+00 9.339663386344909668e-01 5.811612010002136230e-01
1.000000000000000000e+00 6.435014009475708008e-01 0.000000000000000000e+00 1.000000000000000000e+00 9.339663386344909668e-01 5.811612010002136230e-01
1.000000000000000000e+00 6.435014009475708008e-01 0.000000000000000000e+00 1.000000000000000000e+00 9.339663386344909668e-01 5.811612010002136230e-01
1.000000000000000000e+00 6.435014009475708008e-01 0.000000000000000000e+00 1.000000000000000000e+00 9.339663386344909668e-01 5.811612010002136230e-01
1.000000000000000000e+00 6.435014009475708008e-01 0.000000000000000000e+00 1.000000000000000000e+00 9.339663386344909668e-01 5.811612010002136230e-01
1.000000000000000000e+00 6.435014009475708008e-01 0.000000000000000000e+00 1.000000000000000000e+00 9.339663386344909668e-01 5.811612010002136230e-01
1.000000000000000000e+00 6.435014009475708008e-01 0.000000000000000000e+00 1.000000000000000000e+00 9.339663386344909668e-01 5.811612010002136230e-01
1.000000000000000000e+00 6.435014009475708008e-01 0.000000000000000000e+00 1.000000000000000000e+00 9.339663386344909668e-01 5.811612010002136230e-01
1.000000000000000000e+00 6.435014009475708008e-01 0.000000000000000000e+00 1.000000000000000000e+00 9.339663386344909668e-01 5.811612010002136230e-01
1.000000000000000000e+00 6.435014009475708008e-01 0.000000000000000000e+00 1.000000000000000000e+00 9.339663386344909668e-01 5.811612010002136230e-01
1.000000000000000000e+00 6.435014009475708008e-01 0.000000000000000000e+00 1.000000000000000000e+00 9.339663386344909668e-01 5.811612010002136230e-01
1.000000000000000000e+00 6.435014009475708008e-01 0.000000000000000000e+00 1.000000000000000000e+00 9.339663386344909668e-01 5.811612010002136230e-01
1.000000000000000000e+00 6.435014009475708008e-01 0.000000000000000000e+00 1.000000000000000000e+00 9.339663386344909668e-01 5.811612010002136230e-01
1.000000000000000000e+00 6.435014009475708008e-01 0.000000000000000000e+00 1.000000000000000000e+00 9.339663386344909668e-01 5.811612010002136230e-01
1.000000000000000000e+00 6.435014009475708008e-01 0.000000000000000000e+00 1.000000000000000000e+00 9.339663386344909668e-01 5.811612010002136230e-01
1.000000000000000000e+00 6.435014009475708008e-01 0.000000000000000000e+00 1.000000000000000000e+00 9.339663386344909668e-01 5.811612010002136230e-01
1.000000000000000000e+00 6.435014009475708008e-01 0.000000000000000000e+00 1.000000000000000000e+00 9.339663386344909668e-01 5.811612010002136230e-01
1.000000000000000000e+00 6.435014009475708008e-01 0.000000000000000000e+00 1.000000000000000000e+00 9.339663386344909668e-01 5.811612010002136230e-01
1.000000000000000000e+00 6.435014009475708008e-01 0.000000000000000000e+00 1.000000000000000000e+00 9.339663386344909668e-01 5.811612010002136230e-01
1.000000000000000000e+00 6.435014009475708008e-01 0.000000000000000000e+00 1.000000000000000000e+00 9.339663386344909668e-01 5.811612010002136230e-01
1.000000000000000000e+00 6.791246533393859863e-01 0.000000000000000000e+00 1.000000000000000000e+00 1.000000000000000000e+00 6.946159601211547852e-01
1.000000000000000000e+00 6.791246533393859863e-01 0.000000000000000000e+00 1.000000000000000000e+00 1.000000000000000000e+00 6.946159601211547852e-01
1.000000000000000000e+00 6.791246533393859863e-01 0.000000000000000000e+00 1.000000000000000000e+00 1.000000000000000000e+00 6.946159601211547852e-01
1.000000000000000000e+00 6.791246533393859863e-01 0.000000000000000000e+00 1.000000000000000000e+00 1.000000000000000000e+00 6.946159601211547852e-01
1.000000000000000000e+00 6.791246533393859863e-01 0.000000000000000000e+00 1.000000000000000000e+00 1.000000000000000000e+00 6.946159601211547852e-01
1.000000000000000000e+00 6.791246533393859863e-01 0.000000000000000000e+00 1.000000000000000000e+00 1.000000000000000000e+00 6.946159601211547852e-01
1.000000000000000000e+00 6.791246533393859863e-01 0.000000000000000000e+00 1.000000000000000000e+00 1.000000000000000000e+00 6.946159601211547852e-01
1.000000000000000000e+00 6.791246533393859863e-01 0.000000000000000000e+00 1.000000000000000000e+00 1.000000000000000000e+00 6.946159601211547852e-01
1.000000000000000000e+00 6.435014009475708008e-01 0.000000000000000000e+00 1.000000000000000000e+00 9.339663386344909668e-01 5.811612010002136230e-01
1.000000000000000000e+00 6.435014009475708008e-01 0.000000000000000000e+00 1.000000000000000000e+00 9.339663386344909668e-01 5.811612010002136230e-01
1.000000000000000000e+00 6.435014009475708008e-01 0.000000000000000000e+00 1.000000000000000000e+00 9.339663386344909668e-01 5.811612010002136230e-01
1.000000000000000000e+00 6.435014009475708008e-01 0.000000000000000000e+00 1.000000000000000000e+00 9.339663386344909668e-01 5.811612010002136230e-01
1.000000000000000000e+00 6.435014009475708008e-01 0.000000000000000000e+00 1.000000000000000000e+00 9.339663386344909668e-01 5.811612010002136230e-01
1.000000000000000000e+00 6.435014009475708008e-01 0.000000000000000000e+00 1.000000000000000000e+00 9.339663386344909668e-01 5.811612010002136230e-01
1.000000000000000000e+00 6.435014009475708008e-01 0.000000000000000000e+00 1.000000000000000000e+00 9.339663386344909668e-01 5.811612010002136230e-01
1.000000000000000000e+00 6.435014009475708008e-01 0.000000000000000000e+00 1.000000000000000000e+00 9.339663386344909668e-01 5.811612010002136230e-01
1.000000000000000000e+00 6.435014009475708008e-01 0.000000000000000000e+00 1.000000000000000000e+00 9.339663386344909668e-01 5.811612010002136230e-01
1.000000000000000000e+00 6.435014009475708008e-01 0.000000000000000000e+00 1.000000000000000000e+00 9.339663386344909668e-01 5.811612010002136230e-01
1.000000000000000000e+00 6.435014009475708008e-01 0.000000000000000000e+00 1.000000000000000000e+00 9.339663386344909668e-01 5.811612010002136230e-01
1.000000000000000000e+00 6.435014009475708008e-01 0.000000000000000000e+00 1.000000000000000000e+00 9.339663386344909668e-01 5.811612010002136230e-01
1.000000000000000000e+00 6.435014009475708008e-01 0.000000000000000000e+00 1.000000000000000000e+00 9.339663386344909668e-01 5.811612010002136230e-01
1.000000000000000000e+00 6.435014009475708008e-01 0.000000000000000000e+00 1.000000000000000000e+00 9.339663386344909668e-01 5.811612010002136230e-01
1.000000000000000000e+00 6.435014009475708008e-01 0.000000000000000000e+00 1.000000000000000000e+00 9.339663386344909668e-01 5.811612010002136230e-01
1.000000000000000000e+00 6.435014009475708008e-01 0.000000000000000000e+00 1.000000000000000000e+00 9.339663386344909668e-01 5.811612010002136230e-01
1.000000000000000000e+00 6.435014009475708008e-01 0.000000000000000000e+00 1.000000000000000000e+00 9.339663386344909668e-01 5.811612010002136230e-01
1.000000000000000000e+00 6.435014009475708008e-01 0.000000000000000000e+00 1.000000000000000000e+00 9.339663386344909668e-01 5.811612010002136230e-01
1.000000000000000000e+00 6.435014009475708008e-01 0.000000000000000000e+00 1.000000000000000000e+00 9.339663386344909668e-01 5.811612010002136230e-01
1.000000000000000000e+00 6.435014009475708008e-01 0.000000000000000000e+00 1.000000000000000000e+00 9.339663386344909668e-01 5.811612010002136230e-01
1.000000000000000000e+00 6.435014009475708008e-01 0.000000000000000000e+00 1.000000000000000000e+00 9.339663386344909668e-01 5.811612010002136230e-01
1.000000000000000000e+00 6.435014009475708008e-01 0.000000000000000000e+00 1.000000000000000000e+00 9.339663386344909668e-01 5.811612010002136230e-01
1.000000000000000000e+00 6.435014009475708008e-01 0.000000000000000000e+00 1.000000000000000000e+00 9.339663386344909668e-01 5.811612010002136230e-01
1.000000000000000000e+00 6.435014009475708008e-01 0.000000000000000000e+00 1.000000000000000000e+00 9.339663386344909668e-01 5.811612010002136230e-01
1.000000000000000000e+00 6.435014009475708008e-01 0.000000000000000000e+00 1.000000000000000000e+00 9.339663386344909668e-01 5.811612010002136230e-01
1.000000000000000000e+00 6.435014009475708008e-01 0.000000000000000000e+00 1.000000000000000000e+00 9.339663386344909668e-01 5.811612010002136230e-01
1.000000000000000000e+00 6.435014009475708008e-01 0.000000000000000000e+00 1.000000000000000000e+00 9.339663386344909668e-01 5.811612010002136230e-01
1.000000000000000000e+00 6.435014009475708008e-01 0.000000000000000000e+00 1.000000000000000000e+00 9.339663386344909668e-01 5.811612010002136230e-01
1.000000000000000000e+00 6.435014009475708008e-01 0.000000000000000000e+00 1.000000000000000000e+00 9.339663386344909668e-01 5.811612010002136230e-01
1.000000000000000000e+00 6.435014009475708008e-01 0.000000000000000000e+00 1.000000000000000000e+00 9.339663386344909668e-01 5.811612010002136230e-01
1.000000000000000000e+00 6.435014009475708008e-01 0.000000000000000000e+00 1.000000000000000000e+00 9.339663386344909668e-01 5.811612010002136230e-01
1.000000000000000000e+00 6.435014009475708008e-01 0.000000000000000000e+00 1.000000000000000000e+00 9.339663386344909668e-01 5.811612010002136230e-01
1.000000000000000000e+00 6.435014009475708008e-01 0.000000000000000000e+00 1.000000000000000000e+00 9.339663386344909668e-01 5.811612010002136230e-01
1.000000000000000000e+00 6.435014009475708008e-01 0.000000000000000000e+00 1.000000000000000000e+00 9.339663386344909668e-01 5.811612010002136230e-01
1.000000000000000000e+00 6.435014009475708008e-01 0.000000000000000000e+00 1.000000000000000000e+00 9.339663386344909668e-01 5.811612010002136230e-01
1.000000000000000000e+00 6.435014009475708008e-01 0.000000000000000000e+00 1.000000000000000000e+00 9.339663386344909668e-01 5.811612010002136230e-01
1.000000000000000000e+00 6.435014009475708008e-01 0.000000000000000000e+00 1.000000000000000000e+00 9.339663386344909668e-01 5.811612010002136230e-01
1.000000000000000000e+00 6.435014009475708008e-01 0.000000000000000000e+00 1.000000000000000000e+00 9.339663386344909668e-01 5.811612010002136230e-01
