8.100033402442932129e-01 9.996916055679321289e-01 5.432313680648803711e-01 1.686644554138183594e-02 5.386336445808410645e-01 5.099701881408691406e-02
2.483540177345275879e-01 3.053315877914428711e-01 4.035785198211669922e-01 1.130833029747009277e-01 1.030984520912170410e-01 1.592435240745544434e-01
9.431343078613281250e-01 9.930123686790466309e-01 8.819693326950073242e-01 2.843735218048095703e-01 7.862712144851684570e-01 9.847363829612731934e-01
5.034817457199096680e-01 9.062798619270324707e-01 6.839734315872192383e-01 8.694875836372375488e-01 9.068721532821655273e-01 7.322669625282287598e-01
8.304503560066223145e-01 7.572233676910400391e-02 9.191077351570129395e-01 2.781662344932556152e-01 4.072889089584350586e-01 4.776787757873535156e-02
7.257530689239501953e-01 6.524853110313415527e-01 6.054285764694213867e-01 8.497179746627807617e-01 2.375029325485229492e-01 1.842089891433715820e-01
3.487370014190673828e-01 5.396062135696411133e-02 9.713926315307617188e-01 6.890450119972229004e-01 3.653219342231750488e-01 1.400508880615234375e-01
1.216313838958740234e-01 4.081113934516906738e-01 6.116765737533569336e-01 9.033277630805969238e-01 4.809182286262512207e-01 7.516516447067260742e-01
9.710475206375122070e-01 2.344461083412170410e-01 2.544850111007690430e-02 1.611193418502807617e-01 2.228284478187561035e-01 7.813200950622558594e-01
9.300715923309326172e-01 4.929971694946289062e-01 3.167306184768676758e-01 7.151888012886047363e-01 3.036027550697326660e-01 3.843151926994323730e-01
1.000000000000000000e+00 0.000000000000000000e+00 1.000000000000000000e+00 0.000000000000000000e+00 5.209761857986450195e-01 0.000000000000000000e+00
1.000000000000000000e+00 0.000000000000000000e+00 1.000000000000000000e+00 0.000000000000000000e+00 2.073009461164474487e-01 0.000000000000000000e+00
0.000000000000000000e+00 0.000000000000000000e+00 1.000000000000000000e+00 2.262724637985229492e-01 3.515169918537139893e-01 0.000000000000000000e+00
0.000000000000000000e+00 0.000000000000000000e+00 1.000000000000000000e+00 1.209704801440238953e-01 3.486391305923461914e-01 0.000000000000000000e+00
0.000000000000000000e+00 0.000000000000000000e+00 1.000000000000000000e+00 0.000000000000000000e+00 3.498006463050842285e-01 0.000000000000000000e+00
0.000000000000000000e+00 1.000000000000000000e+00 1.000000000000000000e+00 0.000000000000000000e+00 3.417511880397796631e-01 0.000000000000000000e+00
0.000000000000000000e+00 0.000000000000000000e+00 8.935595750808715820e-01 5.894969799555838108e-04 3.504995107650756836e-01 0.000000000000000000e+00
0.000000000000000000e+00 5.213140845298767090e-01 0.000000000000000000e+00 0.000000000000000000e+00 6.804202198982238770e-01 0.000000000000000000e+00
0.000000000000000000e+00 9.448795020580291748e-02 1.000000000000000000e+00 3.571898862719535828e-02 3.596539497375488281e-01 0.000000000000000000e+00
0.000000000000000000e+00 1.000000000000000000e+00 1.000000000000000000e+00 1.000000000000000000e+00 0.000000000000000000e+00 1.000000000000000000e+00
0.000000000000000000e+00 0.000000000000000000e+00 1.000000000000000000e+00 1.000000000000000000e+00 0.000000000000000000e+00 0.000000000000000000e+00
1.000000000000000000e+00 1.000000000000000000e+00 0.000000000000000000e+00 1.000000000000000000e+00 6.392503976821899414e-01 0.000000000000000000e+00
1.000000000000000000e+00 0.000000000000000000e+00 0.000000000000000000e+00 0.000000000000000000e+00 1.000000000000000000e+00 0.000000000000000000e+00
1.000000000000000000e+00 1.000000000000000000e+00 0.000000000000000000e+00 0.000000000000000000e+00 1.000000000000000000e+00 0.000000000000000000e+00
0.000000000000000000e+00 1.000000000000000000e+00 1.000000000000000000e+00 1.000000000000000000e+00 5.158087611198425293e-01 0.000000000000000000e+00
1.000000000000000000e+00 0.000000000000000000e+00 0.000000000000000000e+00 0.000000000000000000e+00 1.000000000000000000e+00 1.000000000000000000e+00
1.000000000000000000e+00 0.000000000000000000e+00 0.000000000000000000e+00 1.000000000000000000e+00 1.000000000000000000e+00 0.000000000000000000e+00
2.275620996952056885e-01 0.000000000000000000e+00 1.000000000000000000e+00 1.000000000000000000e+00 0.000000000000000000e+00 1.000000000000000000e+00
1.000000000000000000e+00 1.000000000000000000e+00 0.000000000000000000e+00 1.000000000000000000e+00 0.000000000000000000e+00 0.000000000000000000e+00
0.000000000000000000e+00 0.000000000000000000e+00 1.000000000000000000e+00 0.000000000000000000e+00 3.776581585407257080e-01 0.000000000000000000e+00
1.000000000000000000e+00 0.000000000000000000e+00 1.000000000000000000e+00 0.000000000000000000e+00 3.642197549343109131e-01 0.000000000000000000e+00
2.713008224964141846e-01 0.000000000000000000e+00 1.000000000000000000e+00 9.802086651325225830e-02 4.094128608703613281e-01 0.000000000000000000e+00
1.407776474952697754e-01 0.000000000000000000e+00 1.000000000000000000e+00 0.000000000000000000e+00 5.690946578979492188e-01 0.000000000000000000e+00
3.706247508525848389e-01 0.000000000000000000e+00 1.000000000000000000e+00 1.799348592758178711e-01 3.375456035137176514e-01 0.000000000000000000e+00
0.000000000000000000e+00 0.000000000000000000e+00 1.000000000000000000e+00 0.000000000000000000e+00 7.893506288528442383e-01 3.320983052253723145e-01
0.000000000000000000e+00 0.000000000000000000e+00 4.946141541004180908e-01 0.000000000000000000e+00 1.000000000000000000e+00 1.120149493217468262e-01
4.339621365070343018e-01 0.000000000000000000e+00 1.000000000000000000e+00 2.331949323415756226e-01 1.635326594114303589e-01 0.000000000000000000e+00
2.930992841720581055e-01 0.000000000000000000e+00 1.000000000000000000e+00 4.728118330240249634e-02 3.640373349189758301e-01 1.205599159002304077e-01
0.000000000000000000e+00 0.000000000000000000e+00 4.688866138458251953e-01 0.000000000000000000e+00 1.000000000000000000e+00 7.216562628746032715e-01
0.000000000000000000e+00 0.000000000000000000e+00 8.038638830184936523e-01 0.000000000000000000e+00 1.000000000000000000e+00 0.000000000000000000e+00
0.000000000000000000e+00 0.000000000000000000e+00 7.615671753883361816e-01 6.707914918661117554e-02 1.000000000000000000e+00 0.000000000000000000e+00
0.000000000000000000e+00 0.000000000000000000e+00 1.000000000000000000e+00 0.000000000000000000e+00 0.000000000000000000e+00 1.000000000000000000e+00
0.000000000000000000e+00 0.000000000000000000e+00 7.162002921104431152e-01 0.000000000000000000e+00 1.000000000000000000e+00 0.000000000000000000e+00
0.000000000000000000e+00 0.000000000000000000e+00 8.810414075851440430e-01 0.000000000000000000e+00 1.000000000000000000e+00 0.000000000000000000e+00
0.000000000000000000e+00 1.426388919353485107e-01 7.750244140625000000e-01 0.000000000000000000e+00 1.000000000000000000e+00 0.000000000000000000e+00
1.000000000000000000e+00 1.000000000000000000e+00 1.000000000000000000e+00 2.037519961595535278e-01 0.000000000000000000e+00 0.000000000000000000e+00
0.000000000000000000e+00 0.000000000000000000e+00 7.490887641906738281e-01 0.000000000000000000e+00 1.000000000000000000e+00 0.000000000000000000e+00
0.000000000000000000e+00 0.000000000000000000e+00 8.124029636383056641e-01 0.000000000000000000e+00 1.000000000000000000e+00 8.528506010770797729e-02
1.002803444862365723e-01 0.000000000000000000e+00 7.612874507904052734e-01 0.000000000000000000e+00 1.000000000000000000e+00 0.000000000000000000e+00
0.000000000000000000e+00 1.000000000000000000e+00 0.000000000000000000e+00 1.000000000000000000e+00 1.000000000000000000e+00 0.000000000000000000e+00
4.124845862388610840e-01 0.000000000000000000e+00 1.000000000000000000e+00 4.512323532253503799e-03 1.693820357322692871e-01 0.000000000000000000e+00
0.000000000000000000e+00 1.000000000000000000e+00 0.000000000000000000e+00 0.000000000000000000e+00 1.000000000000000000e+00 1.000000000000000000e+00
8.500319123268127441e-01 9.698680788278579712e-02 8.621628880500793457e-01 1.463248431682586670e-01 6.437915563583374023e-01 9.476901888847351074e-01
7.265536785125732422e-01 3.963772952556610107e-02 7.136302590370178223e-01 4.434534907341003418e-01 2.460972368717193604e-01 2.063952386379241943e-02
2.768945097923278809e-01 1.116033643484115601e-02 4.454862326383590698e-02 8.388903737068176270e-01 2.029339224100112915e-01 1.534113381057977676e-02
9.933445453643798828e-01 6.360653042793273926e-01 9.807047247886657715e-01 2.367930859327316284e-02 8.998663425445556641e-01 2.592730894684791565e-02
5.749836564064025879e-01 3.825212419033050537e-01 7.128147408366203308e-04 3.051383197307586670e-01 8.500204682350158691e-01 6.301841884851455688e-02
8.144506216049194336e-01 2.602030634880065918e-01 5.906093120574951172e-01 6.349794566631317139e-02 7.543540000915527344e-01 4.922186583280563354e-02
9.934802651405334473e-01 3.116640150547027588e-01 7.662973999977111816e-01 8.332120180130004883e-01 7.347565293312072754e-01 6.461483426392078400e-03
3.014844357967376709e-01 7.842385768890380859e-01 9.730297923088073730e-01 1.296911090612411499e-01 9.619351029396057129e-01 9.478638768196105957e-01
7.711684703826904297e-01 9.301840066909790039e-01 1.949311643838882446e-01 1.097054481506347656e-01 1.585773974657058716e-01 9.543088078498840332e-01
2.856388315558433533e-02 2.048452794551849365e-01 8.661965727806091309e-01 5.623661279678344727e-01 9.289256334304809570e-01 7.483509182929992676e-01
6.499670743942260742e-01 3.728085197508335114e-03 7.080974578857421875e-01 6.224089860916137695e-02 2.659561634063720703e-01 1.045351922512054443e-01
8.890854716300964355e-01 2.254362851381301880e-01 9.390109777450561523e-01 6.847682595252990723e-01 6.958065181970596313e-02 9.554231166839599609e-01
2.601219117641448975e-01 9.595911502838134766e-01 4.854726418852806091e-02 9.694601297378540039e-01 6.804884970188140869e-02 6.316096186637878418e-01
4.407021999359130859e-01 9.876090288162231445e-01 8.276521563529968262e-01 1.820717006921768188e-02 8.553865551948547363e-01 1.280088443309068680e-02
9.532920122146606445e-01 3.532957285642623901e-02 8.091262727975845337e-02 1.335120648145675659e-01 4.788043797016143799e-01 1.138893365859985352e-01
8.771542310714721680e-01 6.449905633926391602e-01 2.524542808532714844e-01 1.269329339265823364e-01 6.107831001281738281e-02 2.330616116523742676e-02
9.662248939275741577e-02 8.427743613719940186e-02 7.390394806861877441e-01 9.904288649559020996e-01 9.084971547126770020e-01 8.537133038043975830e-02
9.549227356910705566e-01 8.087249845266342163e-02 3.914751708507537842e-01 9.362664818763732910e-01 1.052928641438484192e-01 5.549019575119018555e-02
2.194912359118461609e-02 1.372433006763458252e-01 1.756286248564720154e-02 9.280312061309814453e-01 8.945308923721313477e-01 9.213751554489135742e-01
9.684346914291381836e-01 4.409801214933395386e-02 7.657146453857421875e-01 7.691086828708648682e-02 9.612338542938232422e-01 4.891756772994995117e-01
9.668035507202148438e-01 4.678823053836822510e-02 9.848957657814025879e-01 9.706026911735534668e-01 8.520519137382507324e-01 5.363562703132629395e-01
4.948002696037292480e-01 4.956328496336936951e-02 8.517464399337768555e-01 1.274006366729736328e-01 8.712283968925476074e-01 3.016988635063171387e-01
1.740924268960952759e-01 1.688789762556552887e-02 1.537953317165374756e-01 2.636126279830932617e-01 2.059360295534133911e-01 9.992946982383728027e-01
7.363958954811096191e-01 4.393816590309143066e-01 9.853650331497192383e-01 7.973349839448928833e-02 2.333865016698837280e-01 3.130745887756347656e-02
6.080774664878845215e-01 5.950239896774291992e-01 1.104399487376213074e-01 1.345565468072891235e-01 6.189532577991485596e-02 8.256158828735351562e-01
9.084480404853820801e-01 1.813073083758354187e-02 7.720311880111694336e-01 7.985886186361312866e-03 5.653698369860649109e-02 3.601438403129577637e-01
9.610019922256469727e-01 6.026494503021240234e-01 8.881646990776062012e-01 9.631561636924743652e-01 3.916913270950317383e-02 2.981782704591751099e-02
4.341992735862731934e-02 4.202449619770050049e-01 6.051895022392272949e-01 2.399838119745254517e-01 2.281997203826904297e-01 4.364649951457977295e-02
6.273122429847717285e-01 5.523295998573303223e-01 5.279731750488281250e-01 1.299234926700592041e-01 8.641068935394287109e-01 1.568443477153778076e-01
9.525182247161865234e-01 1.245820522308349609e-01 9.636341929435729980e-01 9.357085227966308594e-01 1.741881668567657471e-02 1.114455331116914749e-02
9.403314441442489624e-03 7.979754805564880371e-01 9.683374166488647461e-01 1.055506393313407898e-01 1.866099834442138672e-01 8.896580338478088379e-01
7.958579659461975098e-01 6.482819318771362305e-01 9.835311174392700195e-01 8.842909932136535645e-01 9.923547506332397461e-01 2.744203433394432068e-02
1.498469058424234390e-02 3.314285352826118469e-02 9.178644418716430664e-01 3.661864101886749268e-01 3.885164856910705566e-02 2.726482748985290527e-01
2.158973067998886108e-01 9.239381551742553711e-01 8.472274541854858398e-01 3.079104721546173096e-01 5.087881088256835938e-01 4.072292447090148926e-01
9.175214171409606934e-01 9.542220830917358398e-01 9.703744649887084961e-01 6.496168971061706543e-01 4.784064590930938721e-01 1.936414837837219238e-02
9.748869538307189941e-01 6.931931972503662109e-01 4.114207029342651367e-01 7.606456875801086426e-01 7.400894165039062500e-01 3.339353203773498535e-01
4.055034816265106201e-01 6.812375187873840332e-01 5.634676814079284668e-01 7.623388171195983887e-01 6.386484503746032715e-01 5.748100280761718750e-01
1.036439687013626099e-01 2.172660455107688904e-02 6.733138561248779297e-01 3.752040863037109375e-01 7.488079667091369629e-01 1.726441457867622375e-02
2.631309330463409424e-01 7.609884738922119141e-01 8.817474246025085449e-01 6.251919269561767578e-01 1.737240403890609741e-01 6.943985819816589355e-01
4.627679586410522461e-01 4.702006578445434570e-01 5.528380349278450012e-02 1.346741765737533569e-01 1.722972542047500610e-01 8.674214482307434082e-01
1.121221706271171570e-01 5.421065688133239746e-01 5.169263109564781189e-02 1.840167678892612457e-02 5.898740887641906738e-01 5.369160771369934082e-01
6.091718077659606934e-01 1.434636712074279785e-01 9.605891704559326172e-01 5.601909160614013672e-01 1.265359222888946533e-01 5.955830216407775879e-01
9.212066531181335449e-01 9.951964616775512695e-01 8.289109170436859131e-02 9.820941090583801270e-01 4.360054433345794678e-01 9.317966103553771973e-01
1.096049323678016663e-01 2.316373772919178009e-02 9.404646158218383789e-01 8.964697122573852539e-01 3.881305083632469177e-02 1.772727966308593750e-01
2.222139388322830200e-01 6.534826755523681641e-02 9.224867224693298340e-01 5.717243626713752747e-02 7.545152306556701660e-02 3.624859452247619629e-02
6.233289241790771484e-01 2.428845763206481934e-01 1.791875362396240234e-01 1.455999761819839478e-01 8.855142593383789062e-01 7.022679448127746582e-01
1.033567916601896286e-02 1.272927038371562958e-02 5.765269994735717773e-01 4.394504129886627197e-01 4.329186975955963135e-01 4.339783787727355957e-01
1.312792599201202393e-01 7.479342222213745117e-01 1.335444301366806030e-01 9.327117353677749634e-02 7.364218235015869141e-01 2.387457340955734253e-01
5.775313973426818848e-01 5.650985836982727051e-01 6.203601956367492676e-01 9.579526185989379883e-01 9.689158201217651367e-01 4.085126891732215881e-02
2.580107748508453369e-01 7.807757854461669922e-01 8.708926439285278320e-01 3.577390909194946289e-01 2.370842397212982178e-01 2.266694307327270508e-01
1.447278857231140137e-01 7.271112799644470215e-01 4.222090542316436768e-01 3.821048885583877563e-02 4.151400625705718994e-01 2.488531172275543213e-01
7.875753641128540039e-01 5.411595702171325684e-01 7.367355823516845703e-01 6.657750606536865234e-01 4.258876740932464600e-01 9.013978242874145508e-01
2.157789096236228943e-02 5.253699421882629395e-01 9.537258744239807129e-01 4.792359471321105957e-01 9.644635915756225586e-01 6.535794585943222046e-03
2.954354584217071533e-01 9.016577601432800293e-01 2.170023173093795776e-01 8.647663146257400513e-02 2.666184306144714355e-01 6.317238807678222656e-01
4.866605699062347412e-01 9.058498144149780273e-01 5.712708830833435059e-01 2.566950619220733643e-01 1.483343075960874557e-02 8.869022130966186523e-01
8.995853662490844727e-01 8.372873663902282715e-01 1.348538696765899658e-01 7.358917593955993652e-01 3.022527694702148438e-01 1.197862252593040466e-01
1.049002725630998611e-02 5.970175266265869141e-01 8.316854238510131836e-01 1.335363984107971191e-01 7.035623788833618164e-01 1.763209700584411621e-03
8.793823122978210449e-01 9.789440035820007324e-01 9.823288917541503906e-01 8.590013384819030762e-01 8.724347352981567383e-01 6.041013002395629883e-01
