8.001139897749953711e-01
5.346875276488292084e-01
-3.619229369020718901e-01
-5.144410367927803041e-01
1.416994623070379156e+00
4.620152481728798111e-01
1.199193077236918148e+00
-6.394813502322016507e-04
-1.278754702322234538e-01
2.307564163473544427e-01
1.207832824025071750e+00
1.328754103011869914e+00
1.609135692186745237e+00
1.632521158780565695e+00
1.635333260312214598e+00
4.917418128234756214e-01
1.576147798545195933e+00
7.443164816156182528e-01
1.569482622441305208e+00
-3.171593190331783996e-02
1.007302338972089650e+00
6.886744334659601341e-01
8.037702563727907590e-01
3.294262049688060356e-01
2.538018513319726388e-01
2.799765985478837038e-01
-1.208237180190810944e-01
5.535452387478176361e-02
4.134157990729525611e-01
1.640361493999806797e+00
1.296489661250685543e+00
1.710987052380667173e+00
1.682538144571646965e+00
1.717352965162599387e+00
1.601444756158851179e+00
1.620546000830661804e+00
1.711667426495509403e+00
1.653358061420919789e+00
1.076419493132245275e+00
1.754154249493720119e+00
1.709198052346858621e+00
4.304178557065792554e-01
1.749273776440597672e+00
1.742941193299754499e+00
1.672717295513997504e+00
3.513534720875249873e-01
1.753353919554479168e+00
1.751589491512758112e+00
1.670068136708333428e+00
1.847543083653746532e-01
1.778915613008657637e+00
-5.430420818719553511e-01
4.650492730671033081e-01
1.349797144672776783e+00
1.562389009786757654e-02
7.261090343802805158e-01
4.689949592209031737e-01
1.120363887582880746e+00
6.946727395394721727e-01
-3.599159122741872607e-02
-6.592898160431600596e-01
3.918828751934598786e-01
1.438457034274886581e+00
-2.132494211875321510e-01
-1.045794249083246363e+00
7.862356964489966016e-01
7.474742057030150377e-01
5.896944282811150684e-01
6.704043887204576002e-01
7.840535129072976339e-01
-6.227110036138336913e-01
1.016135295911536396e+00
1.685124638100017336e-01
1.297721617171178732e+00
-3.518913478222616686e-01
1.206010681989216460e+00
-7.421320584916974994e-01
9.285210578576823526e-01
8.103214812511330134e-01
7.516624038918844342e-01
8.355182268256351463e-01
8.693365028472777034e-01
-4.057313935498125246e-01
2.270534521162322905e-01
1.104339350797471253e+00
1.172861556542845740e-01
5.860750594906999345e-01
1.805161991766750518e-01
-1.734136531283006488e-01
1.291100193331676804e+00
-2.515164100701648975e-01
-6.796578002928594930e-01
1.667521647098589022e-01
2.891156240231333441e-01
-5.720898324711580774e-01
8.992077033162065858e-01
1.545210952659113790e+00
4.479554100130775929e-01
8.231267314571466542e-01
3.347485285058752202e-01
2.725304732120422679e-01
3.449714897503897149e-01
4.576835920357678056e-01
-2.344729969637512901e-01
9.647730961051884657e-01
-6.360444735075541089e-01
-9.558482861568421418e-01
3.758134700749676815e-01
1.125691025952342050e+00
-2.311285268310191987e-01
