1.405029494373394972e+00
1.655586016298597585e+00
1.963387856543984178e+00
2.414706255876244434e+00
1.136030112819893301e+00
1.917863480113417785e+00
1.707549842051184319e+00
2.011296694756572467e+00
1.558736329412953925e+00
1.631885664370116729e+00
2.400820435837242250e+00
2.000539457375504426e+00
2.003685608703775323e+00
2.202792572822478867e+00
1.123828084694166396e+00
1.869973958866898878e+00
2.492753263759657223e+00
1.830266852610433315e+00
2.562992436373829008e+00
2.545564301803054263e+00
2.276117066178290571e+00
2.569918414148646413e+00
2.544595629650444391e+00
2.584705513999572712e+00
2.574729987788344054e+00
2.594552068819363733e+00
2.579207853657256244e+00
2.479107999420991248e+00
2.592348236556432539e+00
2.451879950694594967e+00
2.581943788041277443e+00
2.423184334858127897e+00
1.900777638510541490e+00
1.937209628346036938e+00
2.046767113521022363e+00
