9.471783327586367207e-01
5.911939996211516002e-01
9.133056279557358881e-01
9.115857264051070441e-01
8.416786496979347110e-01
9.396827838455451554e-01
1.008374932347844144e+00
1.025034300670279563e+00
1.007779327230474253e+00
1.537183877471272719e+00
1.336265185101727981e+00
1.537183877471272719e+00
1.537183877471272719e+00
1.537183877471272719e+00
1.537183877471272719e+00
1.537183877471272719e+00
1.537183877471272719e+00
1.521081296455795151e+00
1.506034113204860247e+00
1.539390152752022178e+00
1.503525276576514802e+00
1.641176870273502120e+00
1.636272000287304795e+00
1.638789460294531430e+00
1.661492985685538937e+00
1.662660598591290562e+00
1.662610570318379777e+00
1.662891253418554705e+00
1.663386530750305958e+00
1.663389639240858031e+00
1.663394590078642654e+00
1.663395937401148661e+00
1.663577528456597454e+00
1.663615605184899149e+00
1.663634045938697348e+00
1.663611105875938412e+00
1.663781067742963193e+00
1.663769659802738943e+00
1.663793469212321963e+00
1.663812152658850518e+00
1.663758837167656157e+00
1.663882247402178827e+00
1.663608712293307867e+00
1.663624652753626698e+00
1.663625376392069422e+00
1.663641501880427143e+00
1.663674198430702633e+00
1.663640552269791240e+00
1.663630707824378163e+00
1.663655698166839336e+00
1.663461300429425416e+00
1.663410799029295228e+00
1.663477996826251637e+00
1.663476500830276095e+00
1.663561043762084912e+00
1.663533515331676149e+00
1.663514789084985512e+00
1.663458359883672077e+00
1.663234180864285872e+00
1.663286768872066723e+00
1.663195607636656081e+00
1.663383152598678416e+00
1.663392833636247126e+00
1.663433246177854929e+00
1.663100053439387160e+00
1.663072639519497242e+00
1.663072059501933264e+00
1.663062697485245600e+00
1.663062919638766735e+00
1.663062626516798925e+00
1.662985484963541705e+00
1.662956724052027324e+00
1.662973458308381947e+00
1.662869627691983876e+00
1.662963154344655248e+00
1.662966316125702448e+00
1.662970058228128822e+00
1.662946830347019400e+00
1.662958863493763095e+00
1.662876832451900766e+00
1.662866454741973143e+00
1.662858822997306474e+00
1.662859017947298179e+00
1.662924273577150114e+00
1.662905588705629212e+00
1.662871070863345624e+00
1.662820538401018178e+00
1.662818892397821990e+00
1.662884160996330518e+00
1.662910577122367561e+00
1.662915845951972837e+00
1.662925468276268859e+00
1.662907004726505544e+00
1.662952524572315571e+00
1.662846673736390279e+00
1.662833073088116231e+00
1.663199628130676233e+00
1.663209602014894539e+00
1.663043674485207735e+00
1.663121604288702926e+00
