-9.545109188804901112e-01
-7.938300259681885240e-01
-8.049985788428830613e-01
-8.050512176571028577e-01
-8.049402313727566094e-01
-4.820320262234591147e-02
1.406076542602410495e-01
1.891445288896365928e-01
2.064335937088570827e-01
2.610598670214079320e-01
2.584933483638053864e-01
2.689568792064830349e-01
1.989186236595370250e-01
2.739751390551742327e-01
2.740637961374240428e-01
2.740116545019917749e-01
2.740145891943300271e-01
2.742152941382741127e-01
2.742487921696992181e-01
2.742412813385172732e-01
2.740968600496067609e-01
2.739280075779955692e-01
2.738094533788575369e-01
2.738152603390739959e-01
2.737586262779259094e-01
2.736893974029016574e-01
2.736953132957978818e-01
2.736949772057942765e-01
2.737270352900819104e-01
2.740307340870769548e-01
2.741487700913712855e-01
2.741383924547599604e-01
2.741244816929606087e-01
2.741704054128879520e-01
2.742364560691655795e-01
2.742483185027015935e-01
2.742551632970290365e-01
2.742577770356369182e-01
2.742581350086090719e-01
2.742496646231474267e-01
2.742495656016749606e-01
2.742464922945954675e-01
2.742463122921506846e-01
2.742471465127499508e-01
2.742501489746049237e-01
2.742520505321620061e-01
2.742516127415465799e-01
2.742490208147095321e-01
2.742706212284206635e-01
2.742687506992675939e-01
2.742679071366826982e-01
2.742656351528243719e-01
2.742662813252370602e-01
2.742662784969795986e-01
2.742659206520177140e-01
2.742520783269580265e-01
2.742537653952560883e-01
2.742485921832993334e-01
2.742541589775147615e-01
2.742513724297866440e-01
2.742483316432278162e-01
2.742580151570165881e-01
2.742601216482807303e-01
2.742718847111432212e-01
4.999185857950605438e-01
4.999185857950605438e-01
4.999185857950605438e-01
4.999185857950605438e-01
4.999185857950605438e-01
4.999185857950605438e-01
4.999185857950605438e-01
4.999185857950605438e-01
2.742590116242650256e-01
4.999185857950605438e-01
4.999185857950605438e-01
4.999185857950605438e-01
4.999185857950605438e-01
4.999185857950605438e-01
4.999185857950605438e-01
4.999185857950605438e-01
4.999185857950605438e-01
4.999185857950605438e-01
4.999185857950605438e-01
4.999185857950605438e-01
4.999185857950605438e-01
4.999185857950605438e-01
4.999185857950605438e-01
4.999185857950605438e-01
4.999185857950605438e-01
4.999185857950605438e-01
4.999185857950605438e-01
4.999185857950605438e-01
4.999185857950605438e-01
4.999185857950605438e-01
4.999185857950605438e-01
4.999185857950605438e-01
4.999185857950605438e-01
4.999185857950605438e-01
4.999185857950605438e-01
4.999185857950605438e-01
