6.576940417289733887e-01 2.470174431800842285e-01 6.063123345375061035e-01 4.868285059928894043e-01
8.406043648719787598e-01 3.184925913810729980e-01 8.331227898597717285e-01 1.372358798980712891e-01
1.270832419395446777e-01 1.268978714942932129e-01 3.809705376625061035e-01 7.727495431900024414e-01
3.548914790153503418e-01 9.688172936439514160e-01 2.517399787902832031e-01 5.842803716659545898e-01
1.036735773086547852e-01 2.737832069396972656e-02 4.213523268699645996e-01 4.138529300689697266e-03
3.958290815353393555e-01 8.222336173057556152e-01 5.153216123580932617e-01 7.502129673957824707e-01
3.581007719039916992e-01 8.823838829994201660e-01 8.345875740051269531e-01 2.719386219978332520e-01
7.880981564521789551e-01 4.111826419830322266e-03 6.362784504890441895e-01 7.459477782249450684e-01
7.325220108032226562e-01 9.635220766067504883e-01 5.520111322402954102e-02 1.839888691902160645e-01
6.913616061210632324e-01 3.904376626014709473e-01 9.314185976982116699e-01 2.388197779655456543e-01
0.000000000000000000e+00 1.000000000000000000e+00 1.000000000000000000e+00 0.000000000000000000e+00
0.000000000000000000e+00 1.000000000000000000e+00 8.068236200974590044e-01 0.000000000000000000e+00
2.410009329593365210e-02 1.000000000000000000e+00 1.000000000000000000e+00 2.204426737703642225e-01
2.526971962087926765e-02 1.000000000000000000e+00 1.000000000000000000e+00 0.000000000000000000e+00
2.924474542400205546e-01 1.000000000000000000e+00 1.000000000000000000e+00 0.000000000000000000e+00
7.875456462027094484e-02 1.000000000000000000e+00 1.000000000000000000e+00 0.000000000000000000e+00
6.114214284322554843e-03 5.481310356731297073e-01 1.000000000000000000e+00 0.000000000000000000e+00
0.000000000000000000e+00 1.000000000000000000e+00 0.000000000000000000e+00 1.000000000000000000e+00
0.000000000000000000e+00 0.000000000000000000e+00 1.000000000000000000e+00 1.000000000000000000e+00
1.000000000000000000e+00 1.000000000000000000e+00 6.507740590859690810e-01 0.000000000000000000e+00
9.625529635027006703e-02 1.000000000000000000e+00 9.452126132159730520e-01 0.000000000000000000e+00
6.924533488965968486e-02 9.611045682002611334e-01 1.000000000000000000e+00 0.000000000000000000e+00
1.000000000000000000e+00 0.000000000000000000e+00 0.000000000000000000e+00 0.000000000000000000e+00
5.911876102627548757e-02 8.194926340548166488e-01 1.000000000000000000e+00 0.000000000000000000e+00
1.000000000000000000e+00 1.000000000000000000e+00 1.000000000000000000e+00 1.000000000000000000e+00
0.000000000000000000e+00 4.967479243542467504e-01 1.000000000000000000e+00 4.868282587738936851e-01
0.000000000000000000e+00 5.285578524690895952e-01 0.000000000000000000e+00 0.000000000000000000e+00
4.507927030932296075e-02 8.576539997743595212e-01 1.000000000000000000e+00 0.000000000000000000e+00
1.000000000000000000e+00 5.273334992345521943e-01 0.000000000000000000e+00 0.000000000000000000e+00
0.000000000000000000e+00 0.000000000000000000e+00 1.000000000000000000e+00 0.000000000000000000e+00
1.517826320379336569e-01 1.000000000000000000e+00 1.000000000000000000e+00 1.000000000000000000e+00
5.466452476283245598e-01 0.000000000000000000e+00 1.000000000000000000e+00 0.000000000000000000e+00
1.000000000000000000e+00 1.000000000000000000e+00 0.000000000000000000e+00 1.000000000000000000e+00
0.000000000000000000e+00 4.766918076700124574e-01 0.000000000000000000e+00 1.000000000000000000e+00
9.118835832923650742e-01 3.233438441529870033e-01 2.191178500652313232e-03 9.494320088997483253e-01
9.869280736893415451e-01 7.259644176810979843e-01 9.814150556921958923e-01 8.312511164695024490e-02
3.109990982338786125e-01 4.935130383819341660e-02 9.974061129614710808e-01 9.181529944762587547e-01
5.346651356667280197e-01 2.102665752172470093e-01 1.042009331285953522e-03 1.416311506181955338e-02
1.693237759172916412e-01 4.474629536271095276e-01 8.711809599772095680e-01 9.517668057233095169e-01
9.825628781691193581e-01 3.862274037674069405e-01 9.696247596293687820e-01 8.866930101066827774e-01
1.969806058332324028e-01 4.972974257543683052e-01 8.838288951665163040e-01 1.546005159616470337e-02
6.760820513591170311e-01 9.975371137261390686e-01 9.892731206491589546e-01 4.422603547573089600e-01
1.597264427691698074e-01 9.441638337448239326e-01 1.481912378221750259e-01 1.400445401668548584e-02
9.945830302312970161e-01 9.834215082228183746e-01 9.186541642993688583e-01 4.434234136715531349e-01
1.781949074938893318e-01 3.483988558873534203e-01 9.874431788921356201e-01 9.160098619759082794e-03
3.418620740994811058e-01 1.521618105471134186e-03 1.066601444035768509e-01 9.374755248427391052e-01
9.690338643267750740e-01 3.210608195513486862e-02 9.534085439518094063e-01 3.473754171282052994e-01
3.848402481526136398e-01 6.796191269531846046e-01 2.616692427545785904e-02 9.888996621593832970e-01
1.247391942888498306e-02 7.500967942178249359e-01 5.877789743244647980e-01 7.775348704308271408e-02
7.179788369685411453e-01 8.777772337198257446e-01 9.656742783263325691e-01 2.579878177493810654e-02
1.435145363211631775e-02 3.183472249656915665e-02 7.008301466703414917e-02 9.640237782150506973e-01
7.016160273924469948e-01 8.322077207267284393e-01 9.979081107303500175e-01 9.901189943775534630e-01
9.211715832352638245e-01 9.973607454448938370e-01 9.964273571968078613e-01 4.247633740305900574e-03
1.316162059083580971e-01 7.360878605395555496e-01 9.924820810556411743e-01 3.970142789185047150e-01
4.434694088995456696e-01 6.854522423818707466e-01 5.268963435664772987e-01 9.585781022906303406e-03
0.000000000000000000e+00 0.000000000000000000e+00 1.000000000000000000e+00 4.129886802235471222e-01
7.641220832385037243e-02 8.600673568248151657e-01 1.000000000000000000e+00 0.000000000000000000e+00
0.000000000000000000e+00 1.000000000000000000e+00 1.000000000000000000e+00 6.580222802771925616e-01
0.000000000000000000e+00 4.390094796929051579e-01 0.000000000000000000e+00 5.177577337756605891e-01
2.138166460381452083e-02 3.468998788575441417e-01 7.033878946012730449e-01 2.009836305156114111e-01
