-1.239895666735304769e-01
2.896742809950255682e-01
4.075014160675537456e-01
3.507221698589347847e-01
-5.635022383442878091e-03
-1.442909211967781102e-01
-1.037396685693754705e-01
5.856941035883086455e-01
6.002272346834104377e-01
6.127909030951004254e-01
5.893793522585782929e-01
4.542159336736356634e-01
4.625014207413489231e-01
4.238305605148823263e-01
4.422400269507344994e-01
4.241515025795131177e-01
4.169903731101947675e-01
6.554417079296693815e-01
6.496042058987854251e-01
6.702954401344187740e-01
2.119170770575143636e-01
2.970175820878612760e-01
5.607208895236466262e-01
5.435266532535258932e-01
4.723482054003050323e-01
4.622098862031911448e-01
5.941331023067986106e-01
4.518657908107588383e-01
4.514102848407774982e-01
4.370580037377352345e-01
4.230173204388637531e-01
4.755013829186772734e-01
4.802325672332472539e-01
6.021839872681226113e-01
6.351796652920369546e-01
5.842205317371306217e-01
5.434088691088356793e-01
5.434263515614996543e-01
5.401120758057067484e-01
5.363402695880190585e-01
5.340245362588404987e-01
5.170543590191625238e-01
5.229947501802003629e-01
5.311850778818552055e-01
7.357695422162237042e-01
7.373474861774687028e-01
7.277529475809685344e-01
7.646735398150523721e-01
7.619367562826591112e-01
7.696485304554736562e-01
7.671802559388389842e-01
7.642339252721729315e-01
7.659977216314103332e-01
7.638119976783067644e-01
7.634402293935304007e-01
7.634278135783418850e-01
7.611370412798807994e-01
4.417897777713539753e-01
7.314990341984466404e-01
6.696671152693769447e-01
7.592513592444527504e-01
7.557270068891500658e-01
7.511821143803865120e-01
7.372705769805429910e-01
7.380117341800920272e-01
7.375496453185091950e-01
7.447153860078503662e-01
7.550140709887187551e-01
7.467376406061931871e-01
7.192337834502058325e-01
7.577865272031676369e-01
7.579587291763856260e-01
7.410913874375334442e-01
7.444808576121459964e-01
7.371784211893321892e-01
7.371608461460160688e-01
7.174061854876020439e-01
7.161385216540878673e-01
7.379461879600861529e-01
7.285526532971724478e-01
7.279302282714485983e-01
7.264490126198636100e-01
7.284412865501137535e-01
7.265812749098665702e-01
7.196781770972758840e-01
7.331961646813822675e-01
7.309533932207445961e-01
7.426218451815097543e-01
5.059374158562806034e-01
4.969662510592636195e-01
7.032421449585668505e-01
6.945241935900610120e-01
6.951467534135824522e-01
8.049445328794535559e-01
8.035284456495603855e-01
7.903738815103431570e-01
7.534202780151946222e-01
7.935470651059703950e-01
7.940761045287343389e-01
7.967772346633583691e-01
