4.262254238128662109e-01 7.932507991790771484e-02 3.779978752136230469e-01 2.075963020324707031e-01
6.321795582771301270e-01 2.209542989730834961e-01 6.846996545791625977e-01 9.830281734466552734e-01
9.568011760711669922e-01 8.762856721878051758e-01 8.346424102783203125e-01 3.134989738464355469e-02
4.027043581008911133e-01 9.219801425933837891e-02 2.943212985992431641e-01 2.875252962112426758e-01
4.853317141532897949e-01 5.859151482582092285e-01 1.669466495513916016e-02 6.104410886764526367e-01
4.419810175895690918e-01 2.042456269264221191e-01 8.885627985000610352e-01 6.522184610366821289e-01
5.024760961532592773e-02 7.820568084716796875e-01 6.211616396903991699e-01 4.535932540893554688e-01
9.591544270515441895e-01 4.228411316871643066e-01 5.986046791076660156e-02 1.343127489089965820e-01
2.190375328063964844e-01 8.457161188125610352e-01 3.305097818374633789e-01 7.346298694610595703e-01
7.518302798271179199e-01 5.255498290061950684e-01 2.062835097312927246e-01 8.441947698593139648e-01
2.771816253662109375e-01 9.909782409667968750e-01 0.000000000000000000e+00 4.007232785224914551e-01
0.000000000000000000e+00 1.000000000000000000e+00 0.000000000000000000e+00 7.285024523735046387e-01
0.000000000000000000e+00 8.507081866264343262e-01 7.216639071702957153e-02 8.308637738227844238e-01
0.000000000000000000e+00 5.341640114784240723e-01 0.000000000000000000e+00 7.422809600830078125e-01
0.000000000000000000e+00 7.421530485153198242e-01 0.000000000000000000e+00 6.398519277572631836e-01
6.622041016817092896e-02 2.056672275066375732e-01 7.342245429754257202e-02 9.754469394683837891e-01
0.000000000000000000e+00 3.878801465034484863e-01 3.919254988431930542e-02 5.780221223831176758e-01
5.918990075588226318e-02 1.000000000000000000e+00 3.336712718009948730e-01 9.136900901794433594e-01
0.000000000000000000e+00 6.778658628463745117e-01 0.000000000000000000e+00 7.780373692512512207e-01
2.741124853491783142e-02 2.286428064107894897e-01 1.018517613410949707e-01 4.716466963291168213e-01
0.000000000000000000e+00 6.707898974418640137e-01 0.000000000000000000e+00 7.758217453956604004e-01
5.822328925132751465e-01 5.222998857498168945e-01 3.928004503250122070e-01 8.155808448791503906e-01
1.024584546685218811e-01 6.516124606132507324e-01 0.000000000000000000e+00 7.094312906265258789e-01
6.296146893873810768e-04 2.744660079479217529e-01 7.205733060836791992e-01 9.263111948966979980e-01
3.720339834690093994e-01 9.979566931724548340e-01 9.665091633796691895e-01 1.416209936141967773e-01
1.049995645880699158e-01 7.098762989044189453e-01 0.000000000000000000e+00 7.009547948837280273e-01
3.765506148338317871e-01 6.337542533874511719e-01 8.393133431673049927e-02 7.388041019439697266e-01
9.788147211074829102e-01 5.448624491691589355e-03 9.762613773345947266e-01 2.609830796718597412e-01
1.058280542492866516e-01 7.230007648468017578e-01 0.000000000000000000e+00 7.012294530868530273e-01
2.212143987417221069e-01 7.972592711448669434e-01 0.000000000000000000e+00 5.027242898941040039e-01
8.243968337774276733e-02 6.898939609527587891e-01 0.000000000000000000e+00 6.828136444091796875e-01
8.521204441785812378e-02 7.745276689529418945e-01 0.000000000000000000e+00 7.559118270874023438e-01
1.109406203031539917e-01 7.937045693397521973e-01 0.000000000000000000e+00 7.664731144905090332e-01
7.861268520355224609e-02 6.648284792900085449e-01 6.279800552874803543e-03 7.614499926567077637e-01
1.346457600593566895e-01 1.247790362685918808e-02 1.596800386905670166e-01 1.000000000000000000e+00
1.133252680301666260e-01 7.786514163017272949e-01 3.873630166053771973e-01 7.767365574836730957e-01
1.809653267264366150e-02 3.393797576427459717e-02 9.071434140205383301e-01 2.040693163871765137e-01
6.950006633996963501e-02 7.139636874198913574e-01 0.000000000000000000e+00 8.340464234352111816e-01
9.447739720344543457e-01 9.566304087638854980e-01 1.000000000000000000e+00 6.883714199066162109e-01
9.872102737426757812e-02 1.000000000000000000e+00 1.000000000000000000e+00 9.022334814071655273e-01
2.440767586231231689e-01 5.962910652160644531e-01 0.000000000000000000e+00 3.564305007457733154e-01
7.065048813819885254e-01 5.144485831260681152e-01 8.718626946210861206e-02 3.083325922489166260e-01
1.706020981073379517e-01 9.500621557235717773e-01 0.000000000000000000e+00 9.377807974815368652e-01
8.458800613880157471e-02 8.164650797843933105e-01 0.000000000000000000e+00 7.404361963272094727e-01
5.393392965197563171e-02 6.663858294486999512e-01 0.000000000000000000e+00 7.643976211547851562e-01
7.419166713953018188e-02 7.488561272621154785e-01 0.000000000000000000e+00 7.094501852989196777e-01
1.000000000000000000e+00 1.000000000000000000e+00 2.481588870286941528e-01 5.918231606483459473e-01
7.913760840892791748e-03 6.730569601058959961e-01 1.000000000000000000e+00 1.215562596917152405e-01
5.029729008674621582e-02 7.105911374092102051e-01 0.000000000000000000e+00 7.989478111267089844e-01
8.562275767326354980e-02 7.823846340179443359e-01 0.000000000000000000e+00 7.489849328994750977e-01
4.968651011586189270e-02 6.438399553298950195e-01 0.000000000000000000e+00 7.481129169464111328e-01
2.466040849685668945e-02 3.648161888122558594e-01 2.925292551517486572e-01 1.000000000000000000e+00
9.821964502334594727e-01 0.000000000000000000e+00 1.000000000000000000e+00 9.543433785438537598e-01
8.760420233011245728e-02 7.116293907165527344e-01 0.000000000000000000e+00 7.340936660766601562e-01
6.449075788259506226e-02 7.818272709846496582e-01 3.982791006565093994e-01 5.108159780502319336e-01
1.529727131128311157e-01 9.672488570213317871e-01 3.090371787548065186e-01 3.362934887409210205e-01
0.000000000000000000e+00 6.354396939277648926e-01 1.828201413154602051e-01 6.211311221122741699e-01
1.717002242803573608e-01 5.827717185020446777e-01 3.812128901481628418e-01 4.360530376434326172e-01
5.658547878265380859e-01 9.888803362846374512e-01 9.476866722106933594e-01 8.686545491218566895e-01
4.259622991085052490e-01 1.000000000000000000e+00 4.032785817980766296e-02 2.762212455272674561e-01
4.105981066823005676e-02 9.669431447982788086e-01 7.085708379745483398e-01 0.000000000000000000e+00
4.951431602239608765e-02 7.614120244979858398e-01 1.647491604089736938e-01 5.229995846748352051e-01
5.111345052719116211e-01 8.685898780822753906e-01 9.732155799865722656e-01 4.687400460243225098e-01
4.003749787807464600e-01 1.830785274505615234e-01 9.523800611495971680e-01 3.011642694473266602e-01
5.871638655662536621e-02 6.518695354461669922e-01 0.000000000000000000e+00 6.506022810935974121e-01
0.000000000000000000e+00 7.110719680786132812e-01 1.113676652312278748e-01 2.151616811752319336e-01
1.004877388477325439e-01 6.394880414009094238e-01 1.347589045763015747e-01 6.917225122451782227e-01
4.351970553398132324e-01 6.168577671051025391e-01 5.292341485619544983e-02 4.563531875610351562e-01
6.092121824622154236e-02 6.762012839317321777e-01 1.419497877359390259e-01 0.000000000000000000e+00
8.501601219177246094e-02 7.488707900047302246e-01 0.000000000000000000e+00 6.836625933647155762e-01
6.281433701515197754e-01 1.000000000000000000e+00 5.774180293083190918e-01 3.710756003856658936e-01
7.229094952344894409e-02 8.499794006347656250e-01 1.197629794478416443e-01 6.413978338241577148e-01
5.467425659298896790e-02 6.548336744308471680e-01 0.000000000000000000e+00 6.817886233329772949e-01
8.585535287857055664e-01 4.735590517520904541e-01 2.836869359016418457e-01 8.698962330818176270e-01
9.492659568786621094e-02 9.848017096519470215e-01 9.313569664955139160e-01 8.698226213455200195e-01
9.177767485380172729e-02 5.122436285018920898e-01 3.061787188053131104e-01 0.000000000000000000e+00
4.528195783495903015e-02 7.588167190551757812e-01 0.000000000000000000e+00 6.949547529220581055e-01
1.498825941234827042e-02 3.667449206113815308e-02 9.069227576255798340e-01 3.990043997764587402e-01
1.256170868873596191e-01 5.920767784118652344e-01 0.000000000000000000e+00 7.117798328399658203e-01
7.299333065748214722e-02 0.000000000000000000e+00 8.767388761043548584e-02 0.000000000000000000e+00
5.356639996170997620e-02 2.241330891847610474e-01 2.237344384193420410e-01 7.706237435340881348e-01
9.432294368743896484e-01 8.838018774986267090e-01 8.525440096855163574e-01 1.409074664115905762e-01
9.752294421195983887e-01 9.460716843605041504e-01 5.158571898937225342e-02 9.669731855392456055e-01
7.251135706901550293e-01 9.410172104835510254e-01 3.527032136917114258e-01 1.206106543540954590e-01
8.524606823921203613e-01 4.073722362518310547e-01 1.000000000000000000e+00 6.130420565605163574e-01
0.000000000000000000e+00 6.954601407051086426e-01 0.000000000000000000e+00 7.393889427185058594e-01
9.606204926967620850e-02 9.520767927169799805e-01 5.498928427696228027e-01 8.734358549118041992e-01
1.990333385765552521e-02 2.707460522651672363e-01 5.013415813446044922e-01 8.808431029319763184e-01
1.823760569095611572e-02 7.050595283508300781e-01 9.055899381637573242e-01 1.926458775997161865e-01
5.824492126703262329e-02 8.158921003341674805e-01 2.804688215255737305e-01 1.000000000000000000e+00
5.088295787572860718e-02 7.053169012069702148e-01 9.634711146354675293e-01 1.000000000000000000e+00
6.845786422491073608e-02 7.120711207389831543e-01 0.000000000000000000e+00 7.164303064346313477e-01
6.156292557716369629e-02 3.123907446861267090e-01 2.145440131425857544e-01 9.073887765407562256e-02
5.027720332145690918e-02 6.914479732513427734e-01 0.000000000000000000e+00 7.669745683670043945e-01
2.090094797313213348e-02 1.705403625965118408e-01 6.227312684059143066e-01 2.971485257148742676e-01
4.694848880171775818e-02 6.581736803054809570e-01 0.000000000000000000e+00 6.912561058998107910e-01
5.882554054260253906e-01 9.320681095123291016e-01 7.825672030448913574e-01 5.537862181663513184e-01
4.301446676254272461e-01 1.115887165069580078e-01 7.382769584655761719e-01 1.627186834812164307e-01
1.507621631026268005e-02 1.441401839256286621e-01 9.242019653320312500e-01 3.816683590412139893e-01
5.117351189255714417e-02 7.017408609390258789e-01 8.861277699470520020e-01 8.905399441719055176e-01
1.341686956584453583e-02 7.076879739761352539e-01 0.000000000000000000e+00 6.594553589820861816e-01
0.000000000000000000e+00 7.455650568008422852e-01 2.260262221097946167e-01 6.259851455688476562e-01
1.744085177779197693e-02 2.009472995996475220e-01 6.457577347755432129e-01 5.932035446166992188e-01
2.502117156982421875e-01 9.686073660850524902e-01 8.664944209158420563e-03 4.608693122863769531e-01
2.558643817901611328e-01 6.789165735244750977e-01 6.472358107566833496e-02 4.237390160560607910e-01
5.022883042693138123e-02 3.552134931087493896e-01 1.066853255033493042e-01 6.833339929580688477e-01
6.990958005189895630e-02 7.543175220489501953e-01 0.000000000000000000e+00 7.320705056190490723e-01
3.962878882884979248e-02 7.554603219032287598e-01 0.000000000000000000e+00 6.998633742332458496e-01
1.306154876947402954e-01 4.736956655979156494e-01 2.129540592432022095e-01 6.205946207046508789e-01
4.669299721717834473e-02 6.683040261268615723e-01 0.000000000000000000e+00 8.468833565711975098e-01
