3.829472099345010427e-01
1.056033886847685954e+00
1.187044522951366865e+00
1.187044522951366865e+00
1.289758125723651672e+00
1.289758125723651672e+00
1.316869451134732971e+00
1.316869451134732971e+00
1.316869451134732971e+00
1.316869451134732971e+00
1.315995006887715757e+00
1.315995006887715757e+00
1.315995006887715757e+00
1.315995006887715757e+00
1.315995006887715757e+00
1.316869451134732971e+00
1.316869451134732971e+00
1.316869451134732971e+00
1.316869451134732971e+00
1.316869451134732971e+00
1.316869451134732971e+00
1.316869451134732971e+00
1.316869451134732971e+00
1.316869451134732971e+00
1.316869451134732971e+00
1.316869451134732971e+00
1.316869451134732971e+00
1.316869451134732971e+00
1.316869451134732971e+00
1.313833319554493784e+00
1.316869451134732971e+00
1.316869451134732971e+00
1.316869451134732971e+00
1.316869451134732971e+00
1.316869451134732971e+00
1.316869451134732971e+00
1.316869451134732971e+00
1.313833319554493784e+00
1.316869451134732971e+00
1.316869451134732971e+00
1.313833319554493784e+00
1.316869451134732971e+00
1.316869451134732971e+00
1.316869451134732971e+00
1.316869451134732971e+00
1.316869451134732971e+00
1.313833319554493784e+00
1.313833319554493784e+00
1.313833319554493784e+00
1.313833319554493784e+00
1.313833319554493784e+00
1.313833319554493784e+00
1.313833319554493784e+00
1.313833319554493784e+00
1.313833319554493784e+00
1.313833319554493784e+00
1.313833319554493784e+00
1.313833319554493784e+00
1.313833319554493784e+00
1.313833319554493784e+00
1.313833319554493784e+00
1.313833319554493784e+00
1.313833319554493784e+00
1.313833319554493784e+00
1.313833319554493784e+00
1.313833319554493784e+00
1.313833319554493784e+00
1.313833319554493784e+00
1.313833319554493784e+00
1.313833319554493784e+00
1.313833319554493784e+00
1.313833319554493784e+00
1.313833319554493784e+00
1.313833319554493784e+00
1.313833319554493784e+00
1.313833319554493784e+00
1.313833319554493784e+00
1.313833319554493784e+00
1.313833319554493784e+00
1.313833319554493784e+00
1.313833319554493784e+00
1.313833319554493784e+00
1.379854822713650453e+00
1.379854822713650453e+00
1.379854822713650453e+00
1.379854822713650453e+00
1.379854822713650453e+00
1.379854822713650453e+00
1.379854822713650453e+00
1.379854822713650453e+00
1.379854822713650453e+00
1.379854822713650453e+00
1.379854822713650453e+00
1.379854822713650453e+00
1.379854822713650453e+00
1.379854822713650453e+00
1.379854822713650453e+00
1.379854822713650453e+00
1.379854822713650453e+00
1.379854822713650453e+00
