-4.713475274311735852e-01
-1.997545251181715720e-01
-8.989434974415063673e-01
-9.573982356346111278e-01
-8.651353233401355425e-01
-6.412605711268593023e-01
-4.179535471201424990e+00
-9.410647429817616816e-01
-2.370190771890287873e-01
-8.676919863289971335e-01
-1.008794361088671598e+00
-1.314862850269198136e+00
-1.243151807894917082e+00
-7.344170393523784535e-01
-1.143393648515853567e+00
-1.185370834357195147e+00
-9.893676070907705400e-01
-1.280966921803944558e+00
-1.282836165214858326e+00
-2.753650216289671437e+00
-2.741145711172348509e+00
-2.625458149982202283e+00
-3.128823861300638498e+00
-3.179261012504985828e+00
-3.140602592179291275e+00
-3.128369611339265166e+00
-3.084757936941518786e+00
-3.129226384220501700e+00
-3.138081950285855459e+00
-3.113602530956926628e+00
-3.124617762763375772e+00
-3.327369147049540565e+00
-5.100337056897489951e+00
-5.208582908286349067e+00
-4.937591515456547064e+00
-6.027019605923650936e+00
-7.504247356743060315e+00
-7.400555720425995965e+00
-7.369826358091199126e+00
-7.273351506897633989e+00
-7.147163069749022490e+00
-7.150791287026971865e+00
-7.148539644939742033e+00
-7.118985784701046704e+00
-7.231820093551829309e+00
-7.191383678221455078e+00
-7.128939750286080290e+00
-7.475058264923391427e+00
-7.556499492615572855e+00
-7.209471891605740090e+00
