6.367140412330627441e-01 5.325281620025634766e-01 7.544399499893188477e-01 8.344513177871704102e-01
9.490386843681335449e-01 7.684520483016967773e-01 4.585838317871093750e-02 3.469657301902770996e-01
1.211800575256347656e-01 8.522801399230957031e-01 5.087914466857910156e-01 5.987743139266967773e-01
6.140698194503784180e-01 8.527429699897766113e-01 7.231978178024291992e-01 6.289448738098144531e-01
9.792503118515014648e-01 3.878723978996276855e-01 7.928010821342468262e-01 8.477482199668884277e-01
3.256961703300476074e-01 3.985341191291809082e-01 5.998897552490234375e-02 1.236490607261657715e-01
4.232617020606994629e-01 6.919968128204345703e-02 4.274269342422485352e-01 6.845360398292541504e-01
2.976986765861511230e-01 6.655830740928649902e-01 9.635109305381774902e-01 9.432247877120971680e-01
7.274885177612304688e-01 5.242112874984741211e-01 9.565327763557434082e-01 8.311106562614440918e-01
8.269346952438354492e-01 5.994548201560974121e-01 1.355886459350585938e-01 1.700611710548400879e-01
9.349727630615234375e-01 4.807466268539428711e-02 4.668200016021728516e-01 4.458127021789550781e-01
8.439476490020751953e-01 7.404875755310058594e-01 8.737939596176147461e-02 1.425849199295043945e-01
4.314057230949401855e-01 4.255897998809814453e-01 2.865821123123168945e-01 9.585143327713012695e-01
8.045354485511779785e-01 2.419112324714660645e-01 7.163915634155273438e-01 5.844112634658813477e-01
3.695046901702880859e-01 4.500611424446105957e-01 7.463850975036621094e-01 2.809038758277893066e-01
6.931919455528259277e-01 7.583196163177490234e-01 8.488613963127136230e-01 9.699309468269348145e-01
9.648385047912597656e-01 7.708290219306945801e-01 5.051279067993164062e-01 5.083433985710144043e-01
3.040310740470886230e-01 1.977801918983459473e-01 8.695638179779052734e-01 7.553250193595886230e-01
6.898455023765563965e-01 8.668890595436096191e-01 8.630675673484802246e-01 9.332116842269897461e-01
4.510150551795959473e-01 4.430082440376281738e-01 1.711083054542541504e-01 2.744300365447998047e-01
6.651381850242614746e-01 8.180964589118957520e-01 6.294866800308227539e-01 6.434083580970764160e-01
7.449350953102111816e-01 7.071089744567871094e-01 1.656551361083984375e-01 5.066651105880737305e-02
5.023615956306457520e-01 9.264351725578308105e-01 2.082877755165100098e-01 1.218761801719665527e-01
3.409655690193176270e-01 5.025565028190612793e-01 3.649574518203735352e-02 6.024837493896484375e-01
5.353643894195556641e-01 9.755148291587829590e-01 9.270130395889282227e-01 3.853399157524108887e-01
2.274879813194274902e-01 3.357082605361938477e-02 2.707654237747192383e-02 8.417372703552246094e-01
3.316419124603271484e-01 8.287045955657958984e-01 5.256385207176208496e-01 8.311584591865539551e-01
2.050235867500305176e-01 1.174808144569396973e-01 3.095266819000244141e-01 4.385086894035339355e-01
6.587193012237548828e-01 1.624181866645812988e-01 3.223729133605957031e-01 3.908387422561645508e-01
5.744960904121398926e-01 1.060541868209838867e-01 8.991889357566833496e-01 6.628176569938659668e-01
5.069622993469238281e-01 7.390554547309875488e-01 6.210159659385681152e-01 4.047084450721740723e-01
1.767146587371826172e-02 3.917248249053955078e-01 6.840482354164123535e-01 2.631136178970336914e-01
2.088899612426757812e-01 3.160968422889709473e-01 4.589520692825317383e-01 2.322607636451721191e-01
2.216143608093261719e-01 6.322727799415588379e-01 7.596457004547119141e-02 6.028614640235900879e-01
6.814380884170532227e-01 4.203898310661315918e-01 8.817392587661743164e-01 1.580858230590820312e-01
2.754531502723693848e-01 7.426058650016784668e-01 5.961861014366149902e-01 7.507390379905700684e-01
9.520238041877746582e-01 1.186132431030273438e-04 3.513188958168029785e-01 2.953603863716125488e-01
6.302586197853088379e-01 1.362665295600891113e-01 3.073316812515258789e-02 3.299793004989624023e-01
9.990846514701843262e-01 9.075359702110290527e-01 8.719623088836669922e-01 4.881277084350585938e-01
2.980872392654418945e-01 9.859634041786193848e-01 2.027827501296997070e-01 1.972396969795227051e-01
3.653372526168823242e-01 4.249513149261474609e-03 8.263191580772399902e-01 9.700402021408081055e-01
5.230731368064880371e-01 5.256695747375488281e-01 3.842716813087463379e-01 3.520268201828002930e-02
7.663370370864868164e-01 5.303082466125488281e-01 6.301683187484741211e-02 8.521357774734497070e-01
9.675374627113342285e-01 6.900756359100341797e-01 6.269118785858154297e-01 6.041110754013061523e-01
7.508879899978637695e-01 8.727034330368041992e-01 1.058735847473144531e-01 6.180613040924072266e-01
2.427292466163635254e-01 4.780768156051635742e-01 5.119714140892028809e-01 3.627884387969970703e-01
2.551690936088562012e-01 8.574184179306030273e-01 5.389075279235839844e-01 4.364497065544128418e-01
4.950296282768249512e-01 9.069694876670837402e-01 7.499597668647766113e-01 1.899833679199218750e-01
4.382431507110595703e-01 1.772043108940124512e-01 3.303298950195312500e-01 6.444963812828063965e-01
4.146969318389892578e-02 8.336064815521240234e-01 8.404974341392517090e-01 4.328191280364990234e-01
4.504222273826599121e-01 6.723306775093078613e-01 3.459693193435668945e-01 1.809933185577392578e-01
3.257907032966613770e-01 1.466084718704223633e-01 2.665750384330749512e-01 5.495333671569824219e-01
7.656568884849548340e-01 5.834608674049377441e-01 5.125076174736022949e-01 1.227951645851135254e-01
4.055174589157104492e-01 8.972841501235961914e-02 6.682454347610473633e-01 1.757315993309020996e-01
5.668889880180358887e-01 9.643006324768066406e-01 8.341820836067199707e-01 5.665957331657409668e-01
3.904919028282165527e-01 7.820199131965637207e-01 9.526885151863098145e-01 2.362255454063415527e-01
5.776530504226684570e-01 5.507533550262451172e-01 4.058710932731628418e-01 1.651961803436279297e-01
2.267691493034362793e-01 9.636595845222473145e-01 2.288393974304199219e-01 8.657817840576171875e-01
8.219110369682312012e-01 4.613930583000183105e-01 6.297260522842407227e-02 8.089818358421325684e-01
7.953463196754455566e-01 8.216649293899536133e-02 9.161984920501708984e-02 2.781704664230346680e-01
