6.050714168482018707e-01
-2.964653404056318831e-01
8.626766212144527657e-01
4.680755953291804161e-01
-2.693891874906495509e-01
4.959465978793984320e-01
4.196292196043562850e-01
-4.964068605543838775e-01
8.874245284524101551e-03
8.623265430873708892e-01
-7.023243325528290004e-01
-4.842773871770409411e-01
1.835526534895815853e+00
1.110405585967140230e+00
2.505957944518301117e-01
3.871895516143247784e-01
7.760026075621466735e-01
9.038084901254589409e-01
-2.725253901603270079e-01
9.384162129473482272e-01
9.497183744629724700e-01
9.531573906872122803e-01
1.036514035955716784e+00
4.236149054281479476e-02
3.655218278854911462e-01
2.900044868564194411e-01
8.306344392890028239e-01
8.159606573558407794e-01
4.140006844330231806e-01
8.842268493108346172e-01
1.156295257928392273e+00
8.867056537272244299e-01
-4.632128815883469752e-02
3.383540589528162279e-01
1.357618940521735096e-01
7.530406875179530557e-01
1.122326392696354702e+00
-1.151782229247314548e-01
2.182676450481752795e-01
1.219675354098943565e+00
2.606231605293977127e-01
9.572733380011116955e-01
6.393892637244120714e-01
5.169673823423424908e-02
7.987802690795117178e-01
5.870628623497935461e-01
1.052071283044459182e+00
6.981460307301119439e-01
9.344836747408449273e-01
-7.164809670175931178e-02
2.241403266302593456e-01
-1.442600447830375832e-01
4.928981536039216960e-01
3.971800015919660920e-01
5.093962878407973793e-01
-6.255638397618601410e-02
7.936092248484641898e-01
1.592519215428632728e-01
5.153590321784303763e-01
6.564314287846247931e-01
1.194676441578685688e+00
-2.441974176427371690e-01
3.983233384553924727e-01
3.582351858331013217e-01
-1.219077614110508079e-01
6.441179465652042690e-01
5.504461561526305946e-01
1.091884237014679515e+00
8.055794540621989686e-02
-3.837982772000425591e-02
8.208172860269042914e-01
6.910880186296624039e-01
8.742503858396938332e-01
7.802103972680254351e-01
-4.247182312771428658e-01
7.988948280994154771e-01
2.917737561956461612e-01
7.866590839947421587e-01
-1.690098173234882428e-01
1.008611475215648312e-01
6.225731435120107626e-02
1.629890931640255447e-01
2.083336865118931569e-01
5.244943968766303533e-01
1.905673794973516966e-01
-2.684370512849182377e-02
2.636961848853096591e-01
1.117803993271778262e+00
4.130647870889790352e-01
8.715017584097101144e-02
9.812949078771582290e-02
8.204810437633816012e-01
1.375650328405842782e+00
2.491197380943845074e-01
1.774557549369764065e-01
-5.942566220737799387e-01
5.740544615007120433e-01
9.641593180453922329e-01
6.586754196133943751e-01
9.627655566256100306e-01
7.615873180869892067e-02
4.824316463501107655e-01
3.010409169630754445e-01
9.428956616938573010e-01
1.688318094826017912e-01
1.269418843919756679e+00
-7.472018401779469132e-02
6.853161107435905564e-01
-1.441885873199049428e-01
7.778355115388795316e-01
