9.174227908072579707e-01 5.653381588052432960e-01 0.000000000000000000e+00 0.000000000000000000e+00 0.000000000000000000e+00 1.000000000000000000e+00
8.006462438495833833e-01 1.000000000000000000e+00 1.311384636134169113e-01 0.000000000000000000e+00 0.000000000000000000e+00 1.000000000000000000e+00
6.885512403813985882e-01 1.000000000000000000e+00 4.854704453246872498e-01 0.000000000000000000e+00 0.000000000000000000e+00 1.000000000000000000e+00
6.918222037885036757e-01 1.000000000000000000e+00 4.844957425235686399e-01 0.000000000000000000e+00 0.000000000000000000e+00 1.000000000000000000e+00
7.150550834394139299e-01 1.000000000000000000e+00 5.211967042496657987e-01 0.000000000000000000e+00 0.000000000000000000e+00 1.000000000000000000e+00
6.271113094558466994e-01 1.000000000000000000e+00 2.695047145690606522e-02 0.000000000000000000e+00 0.000000000000000000e+00 1.000000000000000000e+00
6.767598810578453472e-01 1.000000000000000000e+00 1.359172126492238786e-01 0.000000000000000000e+00 0.000000000000000000e+00 1.000000000000000000e+00
7.108627484554399523e-01 1.000000000000000000e+00 9.466924440611799996e-02 0.000000000000000000e+00 0.000000000000000000e+00 1.000000000000000000e+00
6.501064917558807554e-01 1.000000000000000000e+00 4.140176788796355589e-02 0.000000000000000000e+00 0.000000000000000000e+00 1.000000000000000000e+00
5.645983714701817702e-01 1.000000000000000000e+00 0.000000000000000000e+00 0.000000000000000000e+00 0.000000000000000000e+00 1.000000000000000000e+00
0.000000000000000000e+00 1.000000000000000000e+00 0.000000000000000000e+00 0.000000000000000000e+00 0.000000000000000000e+00 1.000000000000000000e+00
2.187251765427285499e-01 1.000000000000000000e+00 0.000000000000000000e+00 0.000000000000000000e+00 0.000000000000000000e+00 1.000000000000000000e+00
2.204246432929741484e-01 1.000000000000000000e+00 0.000000000000000000e+00 0.000000000000000000e+00 0.000000000000000000e+00 1.000000000000000000e+00
2.208791687336951470e-01 1.000000000000000000e+00 0.000000000000000000e+00 0.000000000000000000e+00 0.000000000000000000e+00 1.000000000000000000e+00
2.305663555494127659e-01 1.000000000000000000e+00 0.000000000000000000e+00 0.000000000000000000e+00 0.000000000000000000e+00 1.000000000000000000e+00
2.304221072775143320e-01 1.000000000000000000e+00 0.000000000000000000e+00 0.000000000000000000e+00 0.000000000000000000e+00 1.000000000000000000e+00
2.296523434791333529e-01 1.000000000000000000e+00 0.000000000000000000e+00 0.000000000000000000e+00 0.000000000000000000e+00 1.000000000000000000e+00
2.272241440893918718e-01 9.791093679589253362e-01 0.000000000000000000e+00 0.000000000000000000e+00 0.000000000000000000e+00 1.000000000000000000e+00
2.278725409110908262e-01 9.849767098479976779e-01 0.000000000000000000e+00 0.000000000000000000e+00 0.000000000000000000e+00 1.000000000000000000e+00
2.271886900640894547e-01 9.791811926657691956e-01 0.000000000000000000e+00 0.000000000000000000e+00 0.000000000000000000e+00 1.000000000000000000e+00
2.264518553529764333e-01 9.767867009817683410e-01 0.000000000000000000e+00 0.000000000000000000e+00 0.000000000000000000e+00 1.000000000000000000e+00
2.292861063781127529e-01 9.899463411856341821e-01 0.000000000000000000e+00 0.000000000000000000e+00 0.000000000000000000e+00 1.000000000000000000e+00
2.293640401896541725e-01 9.912794091790552153e-01 0.000000000000000000e+00 0.000000000000000000e+00 0.000000000000000000e+00 1.000000000000000000e+00
2.294109051689290357e-01 9.901175748604161830e-01 0.000000000000000000e+00 0.000000000000000000e+00 0.000000000000000000e+00 1.000000000000000000e+00
2.306814279070314166e-01 9.924520839384431969e-01 0.000000000000000000e+00 0.000000000000000000e+00 0.000000000000000000e+00 1.000000000000000000e+00
2.283469739956249800e-01 9.851299375545621295e-01 0.000000000000000000e+00 0.000000000000000000e+00 0.000000000000000000e+00 1.000000000000000000e+00
2.276280984340476043e-01 9.829655452102181723e-01 0.000000000000000000e+00 0.000000000000000000e+00 0.000000000000000000e+00 1.000000000000000000e+00
2.282512462848296231e-01 9.870667473993861574e-01 0.000000000000000000e+00 0.000000000000000000e+00 0.000000000000000000e+00 1.000000000000000000e+00
2.294351273882022091e-01 9.888870455115337244e-01 0.000000000000000000e+00 0.000000000000000000e+00 0.000000000000000000e+00 1.000000000000000000e+00
2.291455257505151111e-01 9.880864845158071619e-01 0.000000000000000000e+00 0.000000000000000000e+00 0.000000000000000000e+00 1.000000000000000000e+00
2.297898808089825773e-01 9.922368909740751919e-01 0.000000000000000000e+00 0.000000000000000000e+00 0.000000000000000000e+00 1.000000000000000000e+00
2.324328892779195521e-01 1.000000000000000000e+00 0.000000000000000000e+00 0.000000000000000000e+00 0.000000000000000000e+00 1.000000000000000000e+00
2.323756018448067673e-01 1.000000000000000000e+00 0.000000000000000000e+00 0.000000000000000000e+00 0.000000000000000000e+00 1.000000000000000000e+00
2.324573537339052753e-01 1.000000000000000000e+00 0.000000000000000000e+00 0.000000000000000000e+00 0.000000000000000000e+00 1.000000000000000000e+00
2.252477200409006841e-01 9.748528078061489133e-01 0.000000000000000000e+00 8.248153473298348859e-02 0.000000000000000000e+00 1.000000000000000000e+00
2.302349458968467044e-01 9.535577286182853607e-01 0.000000000000000000e+00 0.000000000000000000e+00 0.000000000000000000e+00 1.000000000000000000e+00
2.300546588724600716e-01 9.494350952656266385e-01 0.000000000000000000e+00 0.000000000000000000e+00 0.000000000000000000e+00 1.000000000000000000e+00
2.292849224520828177e-01 9.499478833357024588e-01 0.000000000000000000e+00 0.000000000000000000e+00 0.000000000000000000e+00 1.000000000000000000e+00
2.292051362327501285e-01 9.499993375892584746e-01 0.000000000000000000e+00 0.000000000000000000e+00 0.000000000000000000e+00 1.000000000000000000e+00
2.307443158623004587e-01 9.523779655705598701e-01 0.000000000000000000e+00 0.000000000000000000e+00 0.000000000000000000e+00 1.000000000000000000e+00
2.299642005757176200e-01 9.647865889439292131e-01 0.000000000000000000e+00 0.000000000000000000e+00 0.000000000000000000e+00 1.000000000000000000e+00
2.303660883760003386e-01 9.634602788563784159e-01 0.000000000000000000e+00 0.000000000000000000e+00 0.000000000000000000e+00 1.000000000000000000e+00
2.308555271524837804e-01 9.584361874258535696e-01 0.000000000000000000e+00 0.000000000000000000e+00 0.000000000000000000e+00 1.000000000000000000e+00
2.302103115166881375e-01 9.280342107061192447e-01 0.000000000000000000e+00 0.000000000000000000e+00 0.000000000000000000e+00 1.000000000000000000e+00
2.303361273821125099e-01 9.255065520628393827e-01 0.000000000000000000e+00 0.000000000000000000e+00 0.000000000000000000e+00 1.000000000000000000e+00
2.305237436212262125e-01 9.243714290596318772e-01 0.000000000000000000e+00 0.000000000000000000e+00 0.000000000000000000e+00 1.000000000000000000e+00
2.294559936797714306e-01 9.228536927032354731e-01 0.000000000000000000e+00 0.000000000000000000e+00 0.000000000000000000e+00 1.000000000000000000e+00
2.254369332156233585e-01 9.291538295421195581e-01 0.000000000000000000e+00 0.000000000000000000e+00 0.000000000000000000e+00 1.000000000000000000e+00
2.233019916421806195e-01 8.978885088175555529e-01 0.000000000000000000e+00 0.000000000000000000e+00 0.000000000000000000e+00 1.000000000000000000e+00
2.231090014445150371e-01 8.986458471941625170e-01 0.000000000000000000e+00 0.000000000000000000e+00 0.000000000000000000e+00 1.000000000000000000e+00
2.250603647941883112e-01 8.992453964520981113e-01 0.000000000000000000e+00 0.000000000000000000e+00 0.000000000000000000e+00 1.000000000000000000e+00
2.268567468097200945e-01 9.018050266047066277e-01 0.000000000000000000e+00 0.000000000000000000e+00 0.000000000000000000e+00 1.000000000000000000e+00
2.261961992201617921e-01 9.037275397074115979e-01 0.000000000000000000e+00 0.000000000000000000e+00 0.000000000000000000e+00 1.000000000000000000e+00
2.253513077466314241e-01 9.028912383781737550e-01 0.000000000000000000e+00 0.000000000000000000e+00 0.000000000000000000e+00 1.000000000000000000e+00
2.254620279410567418e-01 9.020238067923471714e-01 0.000000000000000000e+00 0.000000000000000000e+00 0.000000000000000000e+00 1.000000000000000000e+00
2.248943233858139157e-01 9.080962341741009025e-01 0.000000000000000000e+00 0.000000000000000000e+00 0.000000000000000000e+00 1.000000000000000000e+00
2.245396963385733191e-01 9.066704650968494539e-01 0.000000000000000000e+00 0.000000000000000000e+00 0.000000000000000000e+00 1.000000000000000000e+00
2.251948041348293683e-01 9.136447537034527722e-01 0.000000000000000000e+00 0.000000000000000000e+00 0.000000000000000000e+00 1.000000000000000000e+00
2.304799369693652233e-01 9.158269970850035913e-01 0.000000000000000000e+00 0.000000000000000000e+00 0.000000000000000000e+00 1.000000000000000000e+00
2.298901097445024966e-01 9.152375018728937661e-01 0.000000000000000000e+00 0.000000000000000000e+00 0.000000000000000000e+00 1.000000000000000000e+00
2.296761732239507581e-01 9.141659026643784713e-01 0.000000000000000000e+00 0.000000000000000000e+00 0.000000000000000000e+00 1.000000000000000000e+00
2.183632154204130094e-01 9.281493561419416061e-01 0.000000000000000000e+00 1.025221553368476368e-01 0.000000000000000000e+00 1.000000000000000000e+00
2.203974291306270705e-01 9.436300049689055891e-01 0.000000000000000000e+00 7.792586345042933071e-02 0.000000000000000000e+00 1.000000000000000000e+00
2.153100491916142001e-01 9.456966634388802584e-01 0.000000000000000000e+00 8.474389009302892017e-02 0.000000000000000000e+00 1.000000000000000000e+00
2.198605536993987475e-01 9.425025927068082510e-01 0.000000000000000000e+00 7.765993552773402253e-02 0.000000000000000000e+00 1.000000000000000000e+00
2.187550349753251966e-01 9.559805910546443908e-01 0.000000000000000000e+00 9.907065341809813408e-02 0.000000000000000000e+00 1.000000000000000000e+00
2.184603940547930889e-01 9.587125252468469139e-01 0.000000000000000000e+00 9.542498897577753048e-02 0.000000000000000000e+00 1.000000000000000000e+00
2.159619659235278988e-01 9.604016069957181934e-01 0.000000000000000000e+00 1.001111477410253914e-01 0.000000000000000000e+00 1.000000000000000000e+00
2.113757317759531740e-01 9.464261352842596731e-01 0.000000000000000000e+00 6.983137218600816987e-02 0.000000000000000000e+00 1.000000000000000000e+00
2.105998324500196195e-01 9.456545604684719608e-01 0.000000000000000000e+00 6.926724626797547968e-02 0.000000000000000000e+00 1.000000000000000000e+00
2.121836718446914460e-01 9.472059499227967194e-01 0.000000000000000000e+00 6.997426054856094313e-02 0.000000000000000000e+00 1.000000000000000000e+00
2.126448828545692560e-01 9.496215195651621643e-01 0.000000000000000000e+00 7.322906754515182137e-02 0.000000000000000000e+00 1.000000000000000000e+00
2.129422404163458793e-01 9.470590639560645396e-01 0.000000000000000000e+00 6.794680854459633768e-02 0.000000000000000000e+00 1.000000000000000000e+00
2.131572326867765266e-01 9.434432361527347322e-01 0.000000000000000000e+00 5.884854883394956271e-02 0.000000000000000000e+00 1.000000000000000000e+00
2.097844745658530574e-01 9.512523720514149961e-01 0.000000000000000000e+00 9.114821825859445448e-02 0.000000000000000000e+00 1.000000000000000000e+00
2.118812729997310018e-01 9.638123130847168207e-01 0.000000000000000000e+00 1.016893878448308919e-01 0.000000000000000000e+00 1.000000000000000000e+00
2.133527536200679198e-01 9.660940624894829298e-01 0.000000000000000000e+00 9.552814317700497604e-02 0.000000000000000000e+00 1.000000000000000000e+00
2.175716549491378549e-01 9.508309529389585846e-01 0.000000000000000000e+00 6.495786074443059277e-02 0.000000000000000000e+00 1.000000000000000000e+00
2.130317462254402161e-01 9.433765166618131026e-01 0.000000000000000000e+00 4.621969679446939760e-02 0.000000000000000000e+00 1.000000000000000000e+00
2.131203330313207744e-01 9.433183628359007589e-01 0.000000000000000000e+00 4.698685798083819531e-02 0.000000000000000000e+00 1.000000000000000000e+00
2.076927391696258840e-01 9.419589733456538161e-01 0.000000000000000000e+00 9.528606685911029592e-03 0.000000000000000000e+00 1.000000000000000000e+00
2.101452135528749932e-01 9.444137093469504585e-01 0.000000000000000000e+00 1.357922512781920173e-02 0.000000000000000000e+00 1.000000000000000000e+00
2.103230903139690910e-01 9.445986952791946001e-01 0.000000000000000000e+00 1.586341130886226997e-02 0.000000000000000000e+00 1.000000000000000000e+00
2.101949423204082512e-01 9.448914887516943750e-01 0.000000000000000000e+00 0.000000000000000000e+00 0.000000000000000000e+00 1.000000000000000000e+00
2.111372832745258277e-01 9.455247824075461160e-01 0.000000000000000000e+00 0.000000000000000000e+00 0.000000000000000000e+00 1.000000000000000000e+00
2.113868272406673743e-01 9.477394212091857506e-01 0.000000000000000000e+00 5.312208586430458568e-03 0.000000000000000000e+00 1.000000000000000000e+00
2.142547392179746102e-01 9.471342943055841568e-01 0.000000000000000000e+00 2.280913411518234457e-02 0.000000000000000000e+00 1.000000000000000000e+00
2.138093639308709104e-01 9.469055201539794409e-01 0.000000000000000000e+00 2.027779462413899572e-02 0.000000000000000000e+00 1.000000000000000000e+00
2.147410797094257973e-01 9.417887673169483831e-01 0.000000000000000000e+00 7.872567170158377425e-02 0.000000000000000000e+00 1.000000000000000000e+00
2.132373187638378076e-01 9.397244529684535275e-01 0.000000000000000000e+00 7.864523352870453343e-02 0.000000000000000000e+00 1.000000000000000000e+00
2.172037347808786212e-01 9.441066135460770559e-01 0.000000000000000000e+00 9.509663473491998531e-02 0.000000000000000000e+00 1.000000000000000000e+00
2.173491200025007009e-01 9.445616093563932170e-01 0.000000000000000000e+00 9.264605475167116133e-02 0.000000000000000000e+00 1.000000000000000000e+00
2.147376493910304607e-01 9.412102487596507583e-01 0.000000000000000000e+00 7.299435699274137157e-02 0.000000000000000000e+00 1.000000000000000000e+00
2.130169046811021538e-01 9.415805993670398610e-01 0.000000000000000000e+00 6.649920918492968624e-02 0.000000000000000000e+00 1.000000000000000000e+00
2.125182444981226215e-01 9.410295315502692493e-01 0.000000000000000000e+00 6.599272010061613125e-02 0.000000000000000000e+00 1.000000000000000000e+00
2.119327577047386557e-01 9.400938069743178804e-01 0.000000000000000000e+00 6.635864688958000024e-02 0.000000000000000000e+00 1.000000000000000000e+00
2.113394980520137134e-01 9.394619766652815285e-01 0.000000000000000000e+00 6.860946160995139154e-02 0.000000000000000000e+00 1.000000000000000000e+00
2.134793967405464177e-01 9.463556842788674039e-01 0.000000000000000000e+00 5.731285993733924167e-02 0.000000000000000000e+00 1.000000000000000000e+00
2.109306166952958916e-01 9.467877299847181627e-01 0.000000000000000000e+00 3.444411486918538129e-02 0.000000000000000000e+00 1.000000000000000000e+00
2.072424343718212436e-01 9.432443312574860794e-01 0.000000000000000000e+00 2.670818048627873406e-02 0.000000000000000000e+00 1.000000000000000000e+00
