9.623628462772245706e-01
9.623628462772245706e-01
9.623628462772245706e-01
9.623628462772245706e-01
1.145210772011085343e+00
1.234731311533791676e+00
1.234731311533791676e+00
1.310152393247184355e+00
1.322752325409477514e+00
1.368801927170410604e+00
1.384332060699555722e+00
1.384332060699555722e+00
1.384332060699555722e+00
1.384332060699555722e+00
1.384332060699555722e+00
1.384332060699555722e+00
1.388588831933402323e+00
1.388588831933402323e+00
1.388588831933402323e+00
1.388588831933402323e+00
1.388588831933402323e+00
1.391150209772042512e+00
1.391150209772042512e+00
1.391150209772042512e+00
1.391150209772042512e+00
1.391150209772042512e+00
1.391150209772042512e+00
1.391150209772042512e+00
1.391150209772042512e+00
1.391150209772042512e+00
1.391150209772042512e+00
1.423951991501575920e+00
1.423951991501575920e+00
1.423951991501575920e+00
1.423951991501575920e+00
1.423951991501575920e+00
1.423951991501575920e+00
1.441466071194613452e+00
1.441466071194613452e+00
1.441466071194613452e+00
1.441466071194613452e+00
1.441466071194613452e+00
1.441466071194613452e+00
1.441466071194613452e+00
1.441466071194613452e+00
1.441466071194613452e+00
1.441466071194613452e+00
1.441466071194613452e+00
1.441466071194613452e+00
1.475322272113162025e+00
1.475322272113162025e+00
1.475322272113162025e+00
1.514370681044865385e+00
1.514370681044865385e+00
1.514370681044865385e+00
1.514370681044865385e+00
1.514370681044865385e+00
1.514370681044865385e+00
1.514370681044865385e+00
1.514370681044865385e+00
1.518584423361537095e+00
1.518584423361537095e+00
1.518584423361537095e+00
1.518584423361537095e+00
1.518584423361537095e+00
1.518584423361537095e+00
1.518584423361537095e+00
1.518584423361537095e+00
1.518584423361537095e+00
1.518584423361537095e+00
1.518584423361537095e+00
1.518584423361537095e+00
1.518584423361537095e+00
1.518584423361537095e+00
1.523994021962134182e+00
1.523994021962134182e+00
1.523994021962134182e+00
1.523994021962134182e+00
1.523994021962134182e+00
1.523994021962134182e+00
1.523994021962134182e+00
1.523994021962134182e+00
1.524320654749572679e+00
1.524320654749572679e+00
1.530550219965137515e+00
1.530550219965137515e+00
1.530550219965137515e+00
1.530550219965137515e+00
1.530550219965137515e+00
1.530550219965137515e+00
1.530550219965137515e+00
1.530550219965137515e+00
1.530550219965137515e+00
1.530550219965137515e+00
1.530550219965137515e+00
1.530550219965137515e+00
1.530550219965137515e+00
1.530550219965137515e+00
1.530550219965137515e+00
1.530550219965137515e+00
