8.163862228393554688e-01 2.196268439292907715e-01 5.523898005485534668e-01 8.793517947196960449e-01 6.968564987182617188e-01 6.774110198020935059e-01
1.000000000000000000e+00 0.000000000000000000e+00 5.685460567474365234e-01 1.000000000000000000e+00 1.000000000000000000e+00 1.506323814392089844e-01
1.000000000000000000e+00 0.000000000000000000e+00 5.685460567474365234e-01 1.000000000000000000e+00 1.000000000000000000e+00 1.506323814392089844e-01
1.000000000000000000e+00 0.000000000000000000e+00 0.000000000000000000e+00 0.000000000000000000e+00 1.000000000000000000e+00 0.000000000000000000e+00
1.000000000000000000e+00 0.000000000000000000e+00 0.000000000000000000e+00 0.000000000000000000e+00 1.000000000000000000e+00 0.000000000000000000e+00
1.000000000000000000e+00 0.000000000000000000e+00 0.000000000000000000e+00 0.000000000000000000e+00 1.000000000000000000e+00 0.000000000000000000e+00
1.000000000000000000e+00 0.000000000000000000e+00 0.000000000000000000e+00 0.000000000000000000e+00 1.000000000000000000e+00 0.000000000000000000e+00
1.000000000000000000e+00 2.210473418235778809e-01 6.879663467407226562e-01 5.544553399085998535e-01 1.000000000000000000e+00 0.000000000000000000e+00
1.000000000000000000e+00 2.210473418235778809e-01 6.879663467407226562e-01 5.544553399085998535e-01 1.000000000000000000e+00 0.000000000000000000e+00
1.000000000000000000e+00 2.210473418235778809e-01 6.879663467407226562e-01 5.544553399085998535e-01 1.000000000000000000e+00 0.000000000000000000e+00
1.000000000000000000e+00 2.210473418235778809e-01 6.879663467407226562e-01 5.544553399085998535e-01 1.000000000000000000e+00 0.000000000000000000e+00
1.000000000000000000e+00 2.210473418235778809e-01 6.879663467407226562e-01 5.544553399085998535e-01 1.000000000000000000e+00 0.000000000000000000e+00
1.000000000000000000e+00 2.210473418235778809e-01 6.879663467407226562e-01 5.544553399085998535e-01 1.000000000000000000e+00 0.000000000000000000e+00
1.000000000000000000e+00 8.250404596328735352e-01 1.000000000000000000e+00 1.000000000000000000e+00 1.000000000000000000e+00 0.000000000000000000e+00
1.000000000000000000e+00 8.250404596328735352e-01 1.000000000000000000e+00 1.000000000000000000e+00 1.000000000000000000e+00 0.000000000000000000e+00
1.000000000000000000e+00 0.000000000000000000e+00 6.603168249130249023e-01 0.000000000000000000e+00 1.000000000000000000e+00 0.000000000000000000e+00
1.000000000000000000e+00 0.000000000000000000e+00 6.603168249130249023e-01 0.000000000000000000e+00 1.000000000000000000e+00 0.000000000000000000e+00
1.000000000000000000e+00 0.000000000000000000e+00 6.603168249130249023e-01 0.000000000000000000e+00 1.000000000000000000e+00 0.000000000000000000e+00
1.000000000000000000e+00 0.000000000000000000e+00 6.603168249130249023e-01 0.000000000000000000e+00 1.000000000000000000e+00 0.000000000000000000e+00
1.000000000000000000e+00 0.000000000000000000e+00 6.603168249130249023e-01 0.000000000000000000e+00 1.000000000000000000e+00 0.000000000000000000e+00
1.000000000000000000e+00 0.000000000000000000e+00 6.603168249130249023e-01 0.000000000000000000e+00 1.000000000000000000e+00 0.000000000000000000e+00
1.000000000000000000e+00 0.000000000000000000e+00 6.603168249130249023e-01 0.000000000000000000e+00 1.000000000000000000e+00 0.000000000000000000e+00
1.000000000000000000e+00 0.000000000000000000e+00 6.603168249130249023e-01 0.000000000000000000e+00 1.000000000000000000e+00 0.000000000000000000e+00
1.000000000000000000e+00 0.000000000000000000e+00 6.603168249130249023e-01 0.000000000000000000e+00 1.000000000000000000e+00 0.000000000000000000e+00
1.000000000000000000e+00 0.000000000000000000e+00 6.603168249130249023e-01 0.000000000000000000e+00 1.000000000000000000e+00 0.000000000000000000e+00
1.000000000000000000e+00 0.000000000000000000e+00 6.721493601799011230e-01 0.000000000000000000e+00 9.282923340797424316e-01 0.000000000000000000e+00
1.000000000000000000e+00 0.000000000000000000e+00 6.721493601799011230e-01 0.000000000000000000e+00 9.282923340797424316e-01 0.000000000000000000e+00
1.000000000000000000e+00 0.000000000000000000e+00 7.103567123413085938e-01 0.000000000000000000e+00 8.007003068923950195e-01 0.000000000000000000e+00
1.000000000000000000e+00 0.000000000000000000e+00 6.985014677047729492e-01 0.000000000000000000e+00 8.153627514839172363e-01 0.000000000000000000e+00
1.000000000000000000e+00 0.000000000000000000e+00 6.985014677047729492e-01 0.000000000000000000e+00 8.153627514839172363e-01 0.000000000000000000e+00
1.000000000000000000e+00 0.000000000000000000e+00 6.985014677047729492e-01 0.000000000000000000e+00 8.153627514839172363e-01 0.000000000000000000e+00
1.000000000000000000e+00 0.000000000000000000e+00 6.985014677047729492e-01 0.000000000000000000e+00 8.153627514839172363e-01 0.000000000000000000e+00
1.000000000000000000e+00 0.000000000000000000e+00 6.985014677047729492e-01 0.000000000000000000e+00 8.153627514839172363e-01 0.000000000000000000e+00
1.000000000000000000e+00 0.000000000000000000e+00 6.985014677047729492e-01 0.000000000000000000e+00 8.153627514839172363e-01 0.000000000000000000e+00
1.000000000000000000e+00 0.000000000000000000e+00 6.985014677047729492e-01 0.000000000000000000e+00 8.153627514839172363e-01 0.000000000000000000e+00
1.000000000000000000e+00 0.000000000000000000e+00 6.985014677047729492e-01 0.000000000000000000e+00 8.153627514839172363e-01 0.000000000000000000e+00
1.000000000000000000e+00 0.000000000000000000e+00 6.985014677047729492e-01 0.000000000000000000e+00 8.153627514839172363e-01 0.000000000000000000e+00
1.000000000000000000e+00 0.000000000000000000e+00 6.985014677047729492e-01 0.000000000000000000e+00 8.153627514839172363e-01 0.000000000000000000e+00
1.000000000000000000e+00 0.000000000000000000e+00 6.985014677047729492e-01 0.000000000000000000e+00 8.153627514839172363e-01 0.000000000000000000e+00
1.000000000000000000e+00 0.000000000000000000e+00 6.985014677047729492e-01 0.000000000000000000e+00 8.153627514839172363e-01 0.000000000000000000e+00
1.000000000000000000e+00 0.000000000000000000e+00 6.985014677047729492e-01 0.000000000000000000e+00 8.153627514839172363e-01 0.000000000000000000e+00
1.000000000000000000e+00 0.000000000000000000e+00 6.985014677047729492e-01 0.000000000000000000e+00 8.153627514839172363e-01 0.000000000000000000e+00
1.000000000000000000e+00 0.000000000000000000e+00 6.985014677047729492e-01 0.000000000000000000e+00 8.153627514839172363e-01 0.000000000000000000e+00
1.000000000000000000e+00 0.000000000000000000e+00 6.985014677047729492e-01 0.000000000000000000e+00 8.153627514839172363e-01 0.000000000000000000e+00
1.000000000000000000e+00 0.000000000000000000e+00 6.985014677047729492e-01 0.000000000000000000e+00 8.153627514839172363e-01 0.000000000000000000e+00
1.000000000000000000e+00 0.000000000000000000e+00 6.985014677047729492e-01 0.000000000000000000e+00 8.153627514839172363e-01 0.000000000000000000e+00
1.000000000000000000e+00 0.000000000000000000e+00 6.985014677047729492e-01 0.000000000000000000e+00 8.153627514839172363e-01 0.000000000000000000e+00
1.000000000000000000e+00 0.000000000000000000e+00 6.985014677047729492e-01 0.000000000000000000e+00 8.153627514839172363e-01 0.000000000000000000e+00
1.000000000000000000e+00 0.000000000000000000e+00 6.985014677047729492e-01 0.000000000000000000e+00 8.153627514839172363e-01 0.000000000000000000e+00
1.000000000000000000e+00 0.000000000000000000e+00 6.985014677047729492e-01 0.000000000000000000e+00 8.153627514839172363e-01 0.000000000000000000e+00
1.000000000000000000e+00 0.000000000000000000e+00 6.985014677047729492e-01 0.000000000000000000e+00 8.153627514839172363e-01 0.000000000000000000e+00
1.000000000000000000e+00 0.000000000000000000e+00 6.985014677047729492e-01 0.000000000000000000e+00 8.153627514839172363e-01 0.000000000000000000e+00
1.000000000000000000e+00 0.000000000000000000e+00 6.985014677047729492e-01 0.000000000000000000e+00 8.153627514839172363e-01 0.000000000000000000e+00
1.000000000000000000e+00 0.000000000000000000e+00 6.985014677047729492e-01 0.000000000000000000e+00 8.153627514839172363e-01 0.000000000000000000e+00
1.000000000000000000e+00 0.000000000000000000e+00 6.985014677047729492e-01 0.000000000000000000e+00 8.153627514839172363e-01 0.000000000000000000e+00
1.000000000000000000e+00 0.000000000000000000e+00 6.985014677047729492e-01 0.000000000000000000e+00 8.153627514839172363e-01 0.000000000000000000e+00
1.000000000000000000e+00 0.000000000000000000e+00 6.985014677047729492e-01 0.000000000000000000e+00 8.153627514839172363e-01 0.000000000000000000e+00
1.000000000000000000e+00 0.000000000000000000e+00 6.985014677047729492e-01 0.000000000000000000e+00 8.153627514839172363e-01 0.000000000000000000e+00
1.000000000000000000e+00 0.000000000000000000e+00 6.985014677047729492e-01 0.000000000000000000e+00 8.153627514839172363e-01 0.000000000000000000e+00
1.000000000000000000e+00 0.000000000000000000e+00 6.985014677047729492e-01 0.000000000000000000e+00 8.153627514839172363e-01 0.000000000000000000e+00
1.000000000000000000e+00 0.000000000000000000e+00 6.985014677047729492e-01 0.000000000000000000e+00 8.153627514839172363e-01 0.000000000000000000e+00
1.000000000000000000e+00 0.000000000000000000e+00 6.985014677047729492e-01 0.000000000000000000e+00 8.153627514839172363e-01 0.000000000000000000e+00
1.000000000000000000e+00 0.000000000000000000e+00 6.985014677047729492e-01 0.000000000000000000e+00 8.153627514839172363e-01 0.000000000000000000e+00
1.000000000000000000e+00 0.000000000000000000e+00 6.985014677047729492e-01 0.000000000000000000e+00 8.153627514839172363e-01 0.000000000000000000e+00
1.000000000000000000e+00 0.000000000000000000e+00 6.985014677047729492e-01 0.000000000000000000e+00 8.153627514839172363e-01 0.000000000000000000e+00
1.000000000000000000e+00 0.000000000000000000e+00 6.985014677047729492e-01 0.000000000000000000e+00 8.153627514839172363e-01 0.000000000000000000e+00
1.000000000000000000e+00 0.000000000000000000e+00 6.985014677047729492e-01 0.000000000000000000e+00 8.153627514839172363e-01 0.000000000000000000e+00
1.000000000000000000e+00 0.000000000000000000e+00 6.985014677047729492e-01 0.000000000000000000e+00 8.153627514839172363e-01 0.000000000000000000e+00
1.000000000000000000e+00 0.000000000000000000e+00 6.985014677047729492e-01 0.000000000000000000e+00 8.153627514839172363e-01 0.000000000000000000e+00
1.000000000000000000e+00 0.000000000000000000e+00 6.985014677047729492e-01 0.000000000000000000e+00 8.153627514839172363e-01 0.000000000000000000e+00
1.000000000000000000e+00 0.000000000000000000e+00 6.985014677047729492e-01 0.000000000000000000e+00 8.153627514839172363e-01 0.000000000000000000e+00
1.000000000000000000e+00 0.000000000000000000e+00 6.985014677047729492e-01 0.000000000000000000e+00 8.153627514839172363e-01 0.000000000000000000e+00
1.000000000000000000e+00 0.000000000000000000e+00 6.985014677047729492e-01 0.000000000000000000e+00 8.153627514839172363e-01 0.000000000000000000e+00
1.000000000000000000e+00 0.000000000000000000e+00 6.985014677047729492e-01 0.000000000000000000e+00 8.153627514839172363e-01 0.000000000000000000e+00
1.000000000000000000e+00 0.000000000000000000e+00 6.985014677047729492e-01 0.000000000000000000e+00 8.153627514839172363e-01 0.000000000000000000e+00
1.000000000000000000e+00 0.000000000000000000e+00 6.985014677047729492e-01 0.000000000000000000e+00 8.153627514839172363e-01 0.000000000000000000e+00
1.000000000000000000e+00 0.000000000000000000e+00 6.985014677047729492e-01 0.000000000000000000e+00 8.153627514839172363e-01 0.000000000000000000e+00
1.000000000000000000e+00 0.000000000000000000e+00 6.985014677047729492e-01 0.000000000000000000e+00 8.153627514839172363e-01 0.000000000000000000e+00
1.000000000000000000e+00 0.000000000000000000e+00 6.985014677047729492e-01 0.000000000000000000e+00 8.153627514839172363e-01 0.000000000000000000e+00
1.000000000000000000e+00 0.000000000000000000e+00 6.985014677047729492e-01 0.000000000000000000e+00 8.153627514839172363e-01 0.000000000000000000e+00
1.000000000000000000e+00 0.000000000000000000e+00 6.985014677047729492e-01 0.000000000000000000e+00 8.153627514839172363e-01 0.000000000000000000e+00
1.000000000000000000e+00 0.000000000000000000e+00 6.985014677047729492e-01 0.000000000000000000e+00 8.153627514839172363e-01 0.000000000000000000e+00
1.000000000000000000e+00 0.000000000000000000e+00 6.985014677047729492e-01 0.000000000000000000e+00 8.153627514839172363e-01 0.000000000000000000e+00
1.000000000000000000e+00 0.000000000000000000e+00 6.985014677047729492e-01 0.000000000000000000e+00 8.153627514839172363e-01 0.000000000000000000e+00
1.000000000000000000e+00 0.000000000000000000e+00 6.985014677047729492e-01 0.000000000000000000e+00 8.153627514839172363e-01 0.000000000000000000e+00
1.000000000000000000e+00 0.000000000000000000e+00 6.985014677047729492e-01 0.000000000000000000e+00 8.153627514839172363e-01 0.000000000000000000e+00
1.000000000000000000e+00 0.000000000000000000e+00 6.985014677047729492e-01 0.000000000000000000e+00 8.153627514839172363e-01 0.000000000000000000e+00
1.000000000000000000e+00 0.000000000000000000e+00 6.985014677047729492e-01 0.000000000000000000e+00 8.153627514839172363e-01 0.000000000000000000e+00
1.000000000000000000e+00 0.000000000000000000e+00 6.985014677047729492e-01 0.000000000000000000e+00 8.153627514839172363e-01 0.000000000000000000e+00
1.000000000000000000e+00 0.000000000000000000e+00 6.985014677047729492e-01 0.000000000000000000e+00 8.153627514839172363e-01 0.000000000000000000e+00
1.000000000000000000e+00 0.000000000000000000e+00 6.985014677047729492e-01 0.000000000000000000e+00 8.153627514839172363e-01 0.000000000000000000e+00
1.000000000000000000e+00 0.000000000000000000e+00 6.985014677047729492e-01 0.000000000000000000e+00 8.153627514839172363e-01 0.000000000000000000e+00
1.000000000000000000e+00 0.000000000000000000e+00 6.985014677047729492e-01 0.000000000000000000e+00 8.153627514839172363e-01 0.000000000000000000e+00
1.000000000000000000e+00 0.000000000000000000e+00 6.985014677047729492e-01 0.000000000000000000e+00 8.153627514839172363e-01 0.000000000000000000e+00
1.000000000000000000e+00 0.000000000000000000e+00 6.985014677047729492e-01 0.000000000000000000e+00 8.153627514839172363e-01 0.000000000000000000e+00
1.000000000000000000e+00 0.000000000000000000e+00 6.985014677047729492e-01 0.000000000000000000e+00 8.153627514839172363e-01 0.000000000000000000e+00
1.000000000000000000e+00 0.000000000000000000e+00 6.985014677047729492e-01 0.000000000000000000e+00 8.153627514839172363e-01 0.000000000000000000e+00
1.000000000000000000e+00 0.000000000000000000e+00 6.985014677047729492e-01 0.000000000000000000e+00 8.153627514839172363e-01 0.000000000000000000e+00
1.000000000000000000e+00 0.000000000000000000e+00 6.985014677047729492e-01 0.000000000000000000e+00 8.153627514839172363e-01 0.000000000000000000e+00
1.000000000000000000e+00 0.000000000000000000e+00 6.985014677047729492e-01 0.000000000000000000e+00 8.153627514839172363e-01 0.000000000000000000e+00
