6.936720293183622488e-01
7.344803105550673505e-01
7.344803105550673505e-01
7.344803105550673505e-01
7.686199659370737125e-01
7.686199659370737125e-01
7.686199659370737125e-01
7.686199659370737125e-01
7.686199659370737125e-01
1.010701476168558877e+00
1.179872525875620637e+00
1.179872525875620637e+00
1.179872525875620637e+00
1.241284666027686168e+00
1.315023924875173833e+00
1.315023924875173833e+00
1.315023924875173833e+00
1.315023924875173833e+00
1.315023924875173833e+00
1.315023924875173833e+00
1.473789710456838931e+00
1.490985900310629830e+00
1.490985900310629830e+00
1.490985900310629830e+00
1.490985900310629830e+00
1.490985900310629830e+00
1.490985900310629830e+00
1.490985900310629830e+00
1.490985900310629830e+00
1.490985900310629830e+00
1.490985900310629830e+00
1.490985900310629830e+00
1.582828622632316051e+00
1.582828622632316051e+00
1.582828622632316051e+00
1.582828622632316051e+00
1.582828622632316051e+00
1.582828622632316051e+00
1.582828622632316051e+00
1.582828622632316051e+00
1.582828622632316051e+00
1.582828622632316051e+00
1.582828622632316051e+00
1.582828622632316051e+00
1.582828622632316051e+00
1.582828622632316051e+00
1.582828622632316051e+00
1.582828622632316051e+00
1.582828622632316051e+00
1.582828622632316051e+00
1.582828622632316051e+00
1.582828622632316051e+00
1.582828622632316051e+00
1.582828622632316051e+00
1.582828622632316051e+00
1.582828622632316051e+00
1.582828622632316051e+00
1.582828622632316051e+00
1.582828622632316051e+00
1.582828622632316051e+00
1.582828622632316051e+00
1.582828622632316051e+00
1.582828622632316051e+00
1.582828622632316051e+00
1.582828622632316051e+00
1.582828622632316051e+00
1.582828622632316051e+00
1.582828622632316051e+00
1.582828622632316051e+00
1.582828622632316051e+00
1.582828622632316051e+00
1.582828622632316051e+00
1.582828622632316051e+00
1.582828622632316051e+00
1.582828622632316051e+00
1.582828622632316051e+00
1.582828622632316051e+00
1.582828622632316051e+00
1.582828622632316051e+00
1.585671710683037805e+00
1.585671710683037805e+00
1.585671710683037805e+00
1.585671710683037805e+00
1.585671710683037805e+00
1.585671710683037805e+00
1.585671710683037805e+00
1.585671710683037805e+00
1.585671710683037805e+00
1.585671710683037805e+00
1.585671710683037805e+00
1.585671710683037805e+00
1.585671710683037805e+00
1.585671710683037805e+00
1.585671710683037805e+00
1.585671710683037805e+00
1.585671710683037805e+00
1.585671710683037805e+00
1.585671710683037805e+00
1.585671710683037805e+00
1.585671710683037805e+00
