9.533448228760004195e-01
9.410735818865489932e-01
9.398536360908278375e-01
9.997115979215486226e-01
1.247862020136905503e+00
1.328770967173222406e+00
1.342685453729937528e+00
8.001947755036943333e-01
1.075396972938645224e+00
1.226516560223308794e+00
1.276989945153364836e+00
1.082441693205985711e+00
1.086426315747273552e+00
1.169141117313297951e+00
1.320977051923740264e+00
1.511821598102736752e+00
1.511549113796666788e+00
1.511161785397139301e+00
1.471170743831733851e+00
1.506830970160396355e+00
1.514038846812798100e+00
1.572156968934469434e+00
1.597871273372039269e+00
1.573617708711182450e+00
1.591186553233755907e+00
1.592542644603581081e+00
1.590012547928758346e+00
1.594994631194828871e+00
1.592739550369051571e+00
1.592253890306276176e+00
1.592011242810835725e+00
1.590236039853407668e+00
1.595876749618852175e+00
1.593249649340807927e+00
1.595485480967401060e+00
1.597287445980703602e+00
1.594388709135124316e+00
1.594268927917110057e+00
1.594261245409447136e+00
1.593846335244077039e+00
1.592413271681726972e+00
1.588376765526686718e+00
1.595651944453609028e+00
1.594232231115114917e+00
1.592964135958562011e+00
1.592866644193103642e+00
1.592987764011452256e+00
1.594460530190105585e+00
1.594689484141683877e+00
1.594749299868677195e+00
1.594777510055911618e+00
1.595117438920832686e+00
1.595423196513874764e+00
1.595644545943338155e+00
1.595629748086061062e+00
1.595872552297535441e+00
1.595737452305571402e+00
1.595305579727419820e+00
1.595293943997518005e+00
1.595369437288608250e+00
1.595613410950507127e+00
1.595609014486015997e+00
1.595575697089355760e+00
1.595507323737481276e+00
1.595469490349261665e+00
1.595271803095291041e+00
1.595755095815946101e+00
1.595745918806374952e+00
1.595696832755027383e+00
1.595437027832510513e+00
1.595618658882969720e+00
1.595579046632125797e+00
1.595575694991532290e+00
1.595437849134866415e+00
1.595429475745973491e+00
1.595435909621344628e+00
1.595915225634215728e+00
1.595965066186826986e+00
1.595931990877123008e+00
1.596258701262345259e+00
1.596040152094098996e+00
1.596017743956649415e+00
1.596113714871324696e+00
1.596097970531694443e+00
1.596103731557612315e+00
1.596111547153443722e+00
1.596030327106799263e+00
1.596015580850310922e+00
1.596111763465414057e+00
1.580851756289845644e+00
1.596148971351723844e+00
1.596156781407344738e+00
1.596131013007520139e+00
1.596185797785957705e+00
1.596518775569773174e+00
1.596504547453275968e+00
1.596402265529278441e+00
1.596538902674036642e+00
1.596801221886912536e+00
1.596620394651179442e+00
