7.518347397382039166e-01
8.163514754822537300e-01
9.607263300355305402e-01
7.498901501336495690e-01
6.194387418038810322e-01
5.452049360270270206e-01
1.185129101377603744e+00
8.959299457736611405e-01
8.777735937997519500e-01
1.042801297375661740e+00
7.557839419869368802e-01
8.287037241827197587e-01
8.143586729680858394e-01
8.659232326631299825e-01
4.742559601341768127e-01
1.201926990919369942e+00
1.457101660481674443e+00
1.490226732106026075e+00
1.532560254894139717e+00
1.544224362413037177e+00
1.528216248973100377e+00
6.915000411227802957e-01
1.408957343002732010e+00
6.273911825235312101e-01
1.054042003466641786e+00
8.936456551122300418e-01
1.564904418148165277e+00
1.791611007324342975e+00
1.903398338952327684e+00
1.795762263328604336e+00
5.102932413910585829e-01
1.868025040475473020e+00
1.954866997329761213e+00
1.917739515394444316e+00
5.740102922900105487e-01
1.275243883957387414e+00
1.950425031211665328e+00
1.951231078699353194e+00
1.882233601406903656e+00
1.952853908394471372e+00
1.950054061305896758e+00
1.953711429776548547e+00
1.511836361863311051e+00
1.950190876976282794e+00
1.296822386689044926e+00
8.990929682879880147e-01
1.168296549812268825e+00
7.139216819259777136e-01
9.811235043062522809e-01
8.480005453392156500e-01
1.833868681696000147e+00
6.240127256423387836e-01
1.054528007151319891e+00
1.359124760908769325e+00
9.416428240117298287e-01
1.362713962515405441e+00
1.953796376797554357e+00
1.926545340295121367e+00
9.323176938173838302e-01
1.088138906472724710e+00
1.201961218674602705e+00
1.207220119503724431e+00
1.142149774080562175e+00
1.259989827473049884e+00
1.113156500070518806e+00
1.561700645599351400e+00
1.611473240220742564e+00
6.550787036700471688e-01
8.267887595679327406e-01
1.789414332543948882e+00
1.379046935380108252e+00
1.093826012955258387e+00
1.822386461210127928e+00
1.892368093819995156e+00
7.476294149941256073e-01
1.447712334005515800e+00
1.491798201652373201e+00
6.982319188976003899e-01
1.221412304926366321e+00
1.389378095552200598e+00
8.598806537686478624e-01
4.320504686582896103e-01
1.065287496071831264e+00
4.092235942832622708e-01
4.950559357448391373e-01
1.307578204140141809e+00
1.089739118860563405e+00
1.042702356572960953e+00
1.055946821300145055e+00
8.840937996837714419e-01
6.573816446084876919e-01
1.087303560862395102e+00
8.598326933087266921e-01
9.483283380013012298e-01
1.158721529543051965e+00
1.432573018799846221e+00
9.747633699197112422e-01
6.696054269800659764e-01
1.018747344828597523e+00
8.805586680750441264e-01
7.568904743043329830e-01
1.153128852693943385e+00
1.112130204498414487e+00
1.017609412264768309e+00
1.415340195727066597e+00
1.025324603898529086e+00
1.148912245295931278e+00
1.238435592763478477e+00
1.029701201763776774e+00
1.870255277906242020e+00
