-1.357482870426527599e+00
-1.022591494517955946e-01
-1.068510713292039060e+00
1.617971557432802965e-01
-8.729753865518006251e-01
-6.902842596145617460e-01
3.055297452017096127e-01
-1.682321539395710275e+00
-1.238359096060188014e+00
-1.290282726454085260e+00
-1.534441230009966350e-01
-1.246072727893357268e-01
1.227449704839086164e-01
2.101661302765919503e-01
3.242912098138042154e-01
6.460159097650637339e-01
7.826939039630698147e-01
6.846079738632819822e-01
1.750587646744131698e-01
-2.242414294386215201e-01
2.129681373024790436e-01
-7.203614879458575260e-01
9.012148430427047163e-02
-1.037368190346285690e+00
3.624921074519783515e-01
-3.814940832664354131e-01
-1.745257209916538099e-01
-4.830771722014884362e-01
5.772755674604022058e-01
7.602353605000290449e-01
1.531688653034246617e-02
4.384744666357807685e-01
-6.803041462284791230e-01
3.727687451965156495e-01
-7.540106054939244018e-02
3.190716482896370776e-01
8.179201759912045899e-01
-9.156639869993082881e-02
2.825967689288778617e-01
1.811419420391542356e-01
2.232685377743870436e-01
4.619934523889701605e-01
-8.299718830971518635e-01
1.015625833620187879e-01
1.307180075277657449e-01
6.236634377303333920e-01
-8.304401652769977105e-01
-6.566835329014990563e-01
2.871338048422440448e-01
-6.006859585671844304e-01
8.241254171679474050e-01
-3.599893782955996269e-01
8.141881958125145591e-01
-6.042958601388139783e-01
3.030147034100667547e-01
-1.240825864670165313e-01
1.819251873912277606e-01
-9.834784064176591567e-01
-5.386994461695790992e-01
-2.511130684171031802e-01
8.179063878072183602e-01
2.998696981030024022e-01
-1.395038038613091169e+00
-5.111950237132695252e-01
-1.027875408549294711e-02
-7.393504833551874933e-01
4.557263839453362664e-02
8.031849551426926137e-01
-4.248617979608552697e-01
-1.018477739322085629e-01
-1.918944197254502937e+00
-7.816838188806053411e-01
4.755680439946043947e-01
-9.326741152634454579e-02
-1.933613527616790506e+00
3.728609491876466731e-02
8.425284525817783310e-01
-2.816874978311569855e-01
-2.729224225429682793e-01
-4.665022137573705541e-01
-9.298329975477710452e-01
-1.854230346075762537e-01
-2.527369102992174654e-01
4.034646353127491203e-02
4.799236983322175965e-01
-2.396613467446893075e-01
1.144756350656729316e-01
-6.432119996122598327e-02
-3.358654200946791235e-01
-1.278434182540930442e+00
-4.329642436533316929e-01
-1.696007229705379094e-01
-4.935902473544727664e-01
1.187310629774984694e-01
-7.053963792246857878e-01
-1.636703363911387932e+00
-1.257102841293279427e-01
-1.176797855650899838e-01
3.873124422115614696e-01
-3.881039853971112730e-01
-1.611338801597958392e+00
-1.480653791910979677e-02
-1.082613072897671058e+00
-2.474600493768113196e-01
-2.160613714745230340e-01
8.969505470035188388e-02
-4.611367876811005573e-01
-1.026700609681173715e-01
-5.112093365658473276e-01
3.282103111080517110e-01
