-1.131532311954406150e-01
6.248985529684879525e-01
3.381356632158727393e-01
2.554379389153477176e-01
-7.376388854756546487e-02
3.920982919156004720e-01
5.511264465205498730e-01
1.225164914409711675e-01
1.095142452423712720e-02
-2.731178390119448074e-01
7.686879206356062033e-01
7.231188783362867412e-01
1.917341360631618641e-01
-3.626280416064148748e-01
4.376209691302340721e-01
3.251047029488758344e-01
-6.558019403232351330e-02
6.126725832475908851e-01
4.827574863057210730e-01
5.108032835741954658e-01
1.004930902375045898e+00
-3.914439294999544350e-02
6.810422199867846027e-01
-4.411631670388207471e-01
-6.959717019329978438e-01
7.655862221991638350e-01
3.080229493404811336e-01
-9.703712138033601664e-02
8.370367356708221518e-01
4.062952966076586736e-01
5.518590291369572798e-01
3.632136744434034115e-01
2.213733546653924300e-01
-3.700266573876126452e-01
4.559583648926110455e-01
-1.173293558031830580e-01
-4.237143548522217529e-01
5.554896040560304282e-01
-6.838781824084105843e-01
6.483696964686723740e-01
2.022031214942447697e-01
6.335165605952159940e-01
1.103112035686131698e+00
8.648710365781142606e-01
3.751099603620054457e-01
3.222828814258034413e-02
3.625466969118187888e-01
-2.164773523132098587e-01
8.428193332310689456e-01
5.747550736082243095e-01
6.069905927690325553e-01
3.021495645305795619e-01
5.383157785095360470e-01
6.852893344922048602e-01
3.079465450661328374e-01
1.878602259592765389e-01
8.384322956203007493e-01
-6.201442196337064727e-02
-1.079660823648139201e-01
-4.476971836575328045e-01
-2.360401688346682458e-01
-3.978255619853496849e-01
8.568307081497169575e-01
7.632279236825481039e-01
7.200237860760713704e-02
4.988533777020060511e-01
6.770733779992896828e-01
2.038270838157688614e-01
2.986023394014143406e-01
4.649704485584348346e-01
2.473432334589030224e-01
7.894712783901962627e-01
1.052766727369776723e+00
6.664909024987706321e-01
1.553486931134280269e-01
-3.147161043361932364e-01
4.043399110446954658e-02
-1.450903285859700409e-01
-2.307087746360668157e-01
6.822338530329786765e-01
8.372397791192687233e-01
-4.049158420324263097e-01
4.942265397021374795e-01
7.786762852240176613e-01
1.044356339440859482e-01
4.051855785942598542e-01
-6.847654241093334426e-02
5.215433163660468940e-01
5.106191652264673309e-01
8.462741256202485629e-02
-1.359330240048354788e-01
4.791653219790306117e-01
6.776298988595997885e-01
7.251908637987330986e-02
-5.524348238991753091e-01
-3.061681771579064515e-01
-1.733043292624637799e-02
8.417312878943992160e-01
3.934778101469021960e-02
3.363654612121114162e-01
4.453014429851296918e-01
5.510788878453323214e-01
1.066123590172414759e-01
-2.989823095192455371e-01
4.998752116530544853e-01
-6.585584546489618996e-01
2.239082119424790907e-01
3.014043412809789269e-01
2.848754739445423789e-01
2.082603509874890457e-01
