0.000000000000000000e+00 1.000000000000000000e+00 7.220560477257427223e-01 0.000000000000000000e+00
0.000000000000000000e+00 1.000000000000000000e+00 5.489688875453950789e-01 0.000000000000000000e+00
0.000000000000000000e+00 9.983329068829751574e-01 6.772197972002736988e-01 0.000000000000000000e+00
0.000000000000000000e+00 1.000000000000000000e+00 9.852330775629175585e-01 0.000000000000000000e+00
1.937436902484174495e-01 0.000000000000000000e+00 0.000000000000000000e+00 0.000000000000000000e+00
5.887987725722762522e-02 1.000000000000000000e+00 7.625219797737550209e-01 0.000000000000000000e+00
0.000000000000000000e+00 1.000000000000000000e+00 1.806871512581386396e-01 0.000000000000000000e+00
0.000000000000000000e+00 0.000000000000000000e+00 0.000000000000000000e+00 2.619474295594364510e-01
0.000000000000000000e+00 1.000000000000000000e+00 7.324919608505079394e-01 0.000000000000000000e+00
0.000000000000000000e+00 1.000000000000000000e+00 6.538889444391294825e-01 0.000000000000000000e+00
0.000000000000000000e+00 9.990741198001854562e-01 6.991826311260330717e-01 0.000000000000000000e+00
0.000000000000000000e+00 0.000000000000000000e+00 0.000000000000000000e+00 0.000000000000000000e+00
0.000000000000000000e+00 5.576350624016952057e-02 0.000000000000000000e+00 0.000000000000000000e+00
0.000000000000000000e+00 1.089167692991090397e-01 0.000000000000000000e+00 0.000000000000000000e+00
0.000000000000000000e+00 0.000000000000000000e+00 0.000000000000000000e+00 0.000000000000000000e+00
0.000000000000000000e+00 0.000000000000000000e+00 0.000000000000000000e+00 0.000000000000000000e+00
0.000000000000000000e+00 0.000000000000000000e+00 0.000000000000000000e+00 0.000000000000000000e+00
0.000000000000000000e+00 0.000000000000000000e+00 0.000000000000000000e+00 0.000000000000000000e+00
0.000000000000000000e+00 0.000000000000000000e+00 3.495592662601352402e-02 0.000000000000000000e+00
0.000000000000000000e+00 0.000000000000000000e+00 4.405380352760066703e-02 0.000000000000000000e+00
0.000000000000000000e+00 0.000000000000000000e+00 4.438605526653869454e-02 0.000000000000000000e+00
0.000000000000000000e+00 0.000000000000000000e+00 4.052554214993553394e-02 0.000000000000000000e+00
0.000000000000000000e+00 0.000000000000000000e+00 4.708150790472997310e-02 0.000000000000000000e+00
0.000000000000000000e+00 0.000000000000000000e+00 4.761552435776651021e-02 0.000000000000000000e+00
0.000000000000000000e+00 0.000000000000000000e+00 4.602966642599429919e-02 0.000000000000000000e+00
0.000000000000000000e+00 0.000000000000000000e+00 4.659377340498047082e-02 0.000000000000000000e+00
0.000000000000000000e+00 0.000000000000000000e+00 4.546102663181295078e-02 0.000000000000000000e+00
0.000000000000000000e+00 0.000000000000000000e+00 4.546595249318111098e-02 0.000000000000000000e+00
0.000000000000000000e+00 0.000000000000000000e+00 4.527071082180837702e-02 0.000000000000000000e+00
0.000000000000000000e+00 0.000000000000000000e+00 4.538979330214084479e-02 0.000000000000000000e+00
0.000000000000000000e+00 0.000000000000000000e+00 4.434110933466112875e-02 0.000000000000000000e+00
0.000000000000000000e+00 0.000000000000000000e+00 4.428157797765020637e-02 0.000000000000000000e+00
0.000000000000000000e+00 0.000000000000000000e+00 4.403451909975326928e-02 0.000000000000000000e+00
0.000000000000000000e+00 0.000000000000000000e+00 4.429458327379271615e-02 0.000000000000000000e+00
0.000000000000000000e+00 5.867460411508778062e-01 2.554704875439164913e-01 0.000000000000000000e+00
0.000000000000000000e+00 5.905614852473579646e-01 2.526277459631673938e-01 0.000000000000000000e+00
0.000000000000000000e+00 0.000000000000000000e+00 4.501208898912695960e-02 0.000000000000000000e+00
0.000000000000000000e+00 0.000000000000000000e+00 4.451594039269783643e-02 0.000000000000000000e+00
0.000000000000000000e+00 0.000000000000000000e+00 4.465310750866147149e-02 0.000000000000000000e+00
0.000000000000000000e+00 0.000000000000000000e+00 4.452663741244172052e-02 0.000000000000000000e+00
0.000000000000000000e+00 0.000000000000000000e+00 4.455163215693361961e-02 0.000000000000000000e+00
0.000000000000000000e+00 6.064374184408281021e-01 2.473571442737155512e-01 0.000000000000000000e+00
0.000000000000000000e+00 0.000000000000000000e+00 4.448782672190804144e-02 0.000000000000000000e+00
0.000000000000000000e+00 0.000000000000000000e+00 4.469523311154797313e-02 0.000000000000000000e+00
0.000000000000000000e+00 6.225128361508234232e-01 2.624106456381717911e-01 0.000000000000000000e+00
0.000000000000000000e+00 6.133339158102573130e-01 2.573420919661411066e-01 0.000000000000000000e+00
0.000000000000000000e+00 6.260446820127710810e-01 2.675658941307422212e-01 0.000000000000000000e+00
0.000000000000000000e+00 0.000000000000000000e+00 4.450917759119134287e-02 0.000000000000000000e+00
0.000000000000000000e+00 0.000000000000000000e+00 4.470863841461918814e-02 0.000000000000000000e+00
0.000000000000000000e+00 0.000000000000000000e+00 4.586579394065019855e-02 0.000000000000000000e+00
