9.689872860908508301e-01 2.722726464271545410e-01 4.889160394668579102e-02 6.370051503181457520e-01 1.096222400665283203e-01 2.081940770149230957e-01
6.067617535591125488e-01 9.878321886062622070e-01 7.142818570137023926e-01 1.704608798027038574e-01 4.357396364212036133e-01 4.071428775787353516e-01
6.295461058616638184e-01 8.514774441719055176e-01 9.669340848922729492e-01 1.795747280120849609e-01 1.547735929489135742e-02 8.725360035896301270e-01
5.969151854515075684e-01 9.545080065727233887e-01 8.131424784660339355e-01 4.899311065673828125e-02 3.710647225379943848e-01 3.512189984321594238e-01
1.337323188781738281e-01 7.785017490386962891e-01 1.533340811729431152e-01 9.995263814926147461e-01 5.797945261001586914e-01 5.474127531051635742e-01
2.541183829307556152e-01 1.423153877258300781e-01 5.270231962203979492e-01 6.270445585250854492e-01 4.459425806999206543e-01 2.804133296012878418e-01
8.935860395431518555e-01 1.256004571914672852e-01 2.993335723876953125e-01 9.081566333770751953e-02 1.421882510185241699e-01 3.208930492401123047e-01
6.379423141479492188e-01 2.785639762878417969e-01 9.009198546409606934e-01 5.025434494018554688e-02 5.868631601333618164e-01 8.085709214210510254e-01
7.805885672569274902e-01 6.317120790481567383e-02 2.181404829025268555e-01 9.945790767669677734e-01 2.043271064758300781e-01 9.387111663818359375e-02
3.401198387145996094e-01 5.935617685317993164e-01 2.958124279975891113e-01 2.830311059951782227e-01 9.404257535934448242e-01 1.701484322547912598e-01
9.967944025993347168e-01 9.599843025207519531e-01 1.300272345542907715e-01 6.981350779533386230e-01 4.925037026405334473e-01 3.130149245262145996e-01
1.925057172775268555e-01 4.855406880378723145e-01 1.340696215629577637e-01 5.730772614479064941e-01 1.105492711067199707e-01 3.382117748260498047e-01
2.555887103080749512e-01 9.120225906372070312e-02 3.006429672241210938e-01 8.541081547737121582e-01 8.493695259094238281e-01 8.551290631294250488e-01
4.700151681900024414e-01 6.099084615707397461e-01 2.478313446044921875e-01 5.289652347564697266e-01 7.892776131629943848e-01 4.890915155410766602e-01
6.648092269897460938e-01 8.822979927062988281e-01 1.492747068405151367e-01 7.322329282760620117e-01 4.769515991210937500e-02 8.994311690330505371e-01
7.582370638847351074e-01 8.849858641624450684e-01 6.454792618751525879e-01 4.075551629066467285e-01 1.701869964599609375e-01 5.034040808677673340e-01
2.805535197257995605e-01 1.625469923019409180e-01 9.323995709419250488e-01 9.386361241340637207e-01 3.990248441696166992e-01 8.437659740447998047e-01
8.231510519981384277e-01 6.241132616996765137e-01 5.017177462577819824e-01 4.500258564949035645e-01 9.061229228973388672e-02 8.653221726417541504e-01
8.354281187057495117e-01 8.822236061096191406e-01 4.020905494689941406e-02 5.319561958312988281e-01 7.474721670150756836e-01 3.684548735618591309e-01
1.185560226440429688e-01 6.027150750160217285e-01 9.565134048461914062e-01 5.706933736801147461e-01 3.360897302627563477e-02 1.861376762390136719e-01
5.873194932937622070e-01 9.646558761596679688e-02 8.207608461380004883e-01 6.211974024772644043e-01 6.292033195495605469e-02 2.657684087753295898e-01
8.546734452247619629e-01 5.237779021263122559e-01 1.959114074707031250e-01 7.349539399147033691e-01 5.654875636100769043e-01 5.664069652557373047e-01
9.407338500022888184e-01 8.025489449501037598e-01 3.670461773872375488e-01 8.995992541313171387e-01 8.666850924491882324e-01 8.183278441429138184e-01
8.649876713752746582e-01 5.841854810714721680e-01 1.932519078254699707e-01 3.267987966537475586e-01 3.155779838562011719e-01 9.652662277221679688e-02
6.465063095092773438e-01 6.446937918663024902e-01 9.666425585746765137e-01 2.822982668876647949e-01 5.057509541511535645e-01 3.302071690559387207e-01
5.385607481002807617e-01 3.320822715759277344e-01 5.451286435127258301e-01 5.430045127868652344e-01 3.992975354194641113e-01 5.403564572334289551e-01
9.079431295394897461e-01 6.885930895805358887e-01 2.031683325767517090e-01 1.927902698516845703e-01 9.317893981933593750e-01 9.143363833427429199e-01
2.387484908103942871e-01 4.558265209197998047e-03 8.430797457695007324e-01 8.817098736763000488e-01 3.831956386566162109e-01 5.498535633087158203e-01
1.531781554222106934e-01 1.344676017761230469e-01 9.082053303718566895e-01 9.385724067687988281e-01 3.935024142265319824e-01 7.719712853431701660e-01
3.738448023796081543e-01 7.756165862083435059e-01 7.371585369110107422e-01 3.728670477867126465e-01 6.848362088203430176e-01 2.389200329780578613e-01
5.813385248184204102e-01 9.860682487487792969e-02 4.812522530555725098e-01 6.675078868865966797e-01 9.615923762321472168e-01 2.640395760536193848e-01
3.965352177619934082e-01 5.961745977401733398e-01 3.101165294647216797e-01 1.306103467941284180e-01 9.188809394836425781e-01 4.278239607810974121e-01
8.971675038337707520e-01 9.229465126991271973e-01 6.133491396903991699e-01 6.273663043975830078e-01 5.441715121269226074e-01 3.744611740112304688e-01
7.520627975463867188e-02 2.801580429077148438e-01 1.146664023399353027e-01 9.915900826454162598e-01 9.886170625686645508e-01 4.405554533004760742e-01
2.362306714057922363e-01 5.047228932380676270e-01 4.031009674072265625e-01 6.421832442283630371e-01 5.413604974746704102e-01 9.356390237808227539e-01
2.939581871032714844e-03 6.113650202751159668e-01 2.749369740486145020e-01 3.904892206192016602e-01 7.108888030052185059e-01 8.776438832283020020e-01
5.981244444847106934e-01 6.105889678001403809e-01 3.323156237602233887e-01 1.451223492622375488e-01 8.379490375518798828e-01 4.341577887535095215e-01
6.366125345230102539e-01 8.306826353073120117e-01 7.721778154373168945e-01 7.850913405418395996e-01 4.225077629089355469e-01 3.975428938865661621e-01
9.909904003143310547e-02 5.117328166961669922e-01 8.528876304626464844e-02 3.479344248771667480e-01 6.141461730003356934e-01 6.112883687019348145e-01
6.550374031066894531e-01 1.501638889312744141e-01 2.125758528709411621e-01 6.487292051315307617e-02 2.433224916458129883e-01 9.846901893615722656e-01
6.810039281845092773e-01 6.110222339630126953e-01 8.128223419189453125e-01 8.101599216461181641e-01 7.844709753990173340e-01 9.480553865432739258e-01
5.448544025421142578e-01 3.153235316276550293e-01 8.591202497482299805e-01 1.982683539390563965e-01 7.388265132904052734e-01 4.110258817672729492e-01
1.878954768180847168e-01 9.450233578681945801e-01 7.782011032104492188e-01 8.759827017784118652e-01 7.469233274459838867e-01 6.788453459739685059e-01
3.686215877532958984e-01 2.184408903121948242e-02 8.683362603187561035e-01 8.235381245613098145e-01 4.900160431861877441e-01 2.830517292022705078e-01
9.486154913902282715e-01 4.595070481300354004e-01 2.813158631324768066e-01 7.945591807365417480e-01 1.029756665229797363e-01 9.908887743949890137e-01
2.109628319740295410e-01 9.034303426742553711e-01 4.162757992744445801e-01 4.368640184402465820e-01 1.461021304130554199e-01 4.282380938529968262e-01
2.745670080184936523e-02 1.293149590492248535e-01 8.486579060554504395e-01 7.847899794578552246e-01 4.389585852622985840e-01 3.410855531692504883e-01
2.720476388931274414e-01 3.036308884620666504e-01 2.938608527183532715e-01 7.992718219757080078e-01 6.234800219535827637e-01 9.331265091896057129e-01
6.697212457656860352e-01 3.648608922958374023e-01 2.446714043617248535e-01 4.022229313850402832e-01 7.992067337036132812e-01 7.116473317146301270e-01
7.675946950912475586e-01 9.918295741081237793e-01 3.738105893135070801e-01 5.248409509658813477e-02 4.285295605659484863e-01 3.440115451812744141e-01
5.481221079826354980e-01 4.173582196235656738e-01 1.880975961685180664e-01 5.634452700614929199e-01 7.808817625045776367e-01 9.095362424850463867e-01
8.619372844696044922e-01 1.236419677734375000e-01 9.464119672775268555e-01 3.871834278106689453e-02 6.917058825492858887e-01 6.079314947128295898e-01
1.062138080596923828e-01 7.614344954490661621e-01 7.899124622344970703e-01 2.531848549842834473e-01 9.618858098983764648e-01 2.498202323913574219e-01
3.452357649803161621e-01 7.721769809722900391e-02 5.990967750549316406e-01 9.821057319641113281e-02 6.719409227371215820e-01 1.736938953399658203e-03
7.070314884185791016e-01 9.935438632965087891e-02 6.001979112625122070e-02 9.357942938804626465e-01 8.455916047096252441e-01 4.386105537414550781e-01
7.854731082916259766e-01 3.793777823448181152e-01 7.582030296325683594e-01 4.787569046020507812e-01 3.233015537261962891e-01 7.951596975326538086e-01
8.205082416534423828e-01 3.805652260780334473e-01 7.272031903266906738e-01 1.270976066589355469e-01 3.092983961105346680e-01 6.417655348777770996e-01
3.353163003921508789e-01 1.203181743621826172e-01 4.346157908439636230e-01 6.776511073112487793e-01 1.329990029335021973e-01 5.723403096199035645e-01
8.950783014297485352e-01 4.771586060523986816e-01 9.883661866188049316e-01 6.548655033111572266e-01 9.056710004806518555e-01 6.473397612571716309e-01
3.378217220306396484e-01 7.581424713134765625e-01 6.068647503852844238e-01 9.848959445953369141e-01 6.248296499252319336e-01 3.177274465560913086e-01
4.951882362365722656e-02 1.661812663078308105e-01 7.901695370674133301e-01 7.915933728218078613e-01 4.852796792984008789e-01 5.423921942710876465e-01
1.650969982147216797e-01 4.093624949455261230e-01 8.954279422760009766e-01 6.076465845108032227e-01 2.964248657226562500e-01 8.995904326438903809e-01
2.721318006515502930e-01 6.654834747314453125e-01 9.645733833312988281e-01 6.467089653015136719e-01 6.456885337829589844e-01 5.794461965560913086e-01
5.365639925003051758e-02 3.294187784194946289e-02 6.482337713241577148e-01 9.462307095527648926e-01 6.426887512207031250e-01 4.472357630729675293e-01
5.361266136169433594e-01 2.578620910644531250e-01 2.735128402709960938e-01 1.678438186645507812e-01 6.625934839248657227e-01 2.714548110961914062e-01
9.099471569061279297e-01 5.912817120552062988e-01 8.339660763740539551e-01 3.155457973480224609e-01 9.109333753585815430e-01 6.158018112182617188e-01
4.552000761032104492e-02 7.924513220787048340e-01 6.633205413818359375e-01 3.976073861122131348e-01 7.043028473854064941e-01 4.267015457153320312e-01
4.852694272994995117e-02 6.409155726432800293e-01 9.494364857673645020e-01 3.697600960731506348e-01 8.616762161254882812e-01 8.381220102310180664e-01
6.148625016212463379e-01 3.944941163063049316e-01 9.966090917587280273e-01 3.616026043891906738e-01 1.333370208740234375e-01 6.102800965309143066e-01
3.881595730781555176e-01 7.436964511871337891e-01 1.863411068916320801e-01 9.913458824157714844e-01 9.382735490798950195e-01 5.972726941108703613e-01
8.936303257942199707e-01 4.090825319290161133e-01 5.946585536003112793e-01 1.871987581253051758e-01 3.903670310974121094e-01 1.659443378448486328e-01
4.208843111991882324e-01 4.984502196311950684e-01 8.036618232727050781e-01 7.355949282646179199e-01 4.518868923187255859e-01 5.137453079223632812e-01
7.433586716651916504e-01 2.847045660018920898e-02 1.237988471984863281e-02 1.316222548484802246e-01 2.588318586349487305e-01 8.125932812690734863e-01
7.612888813018798828e-01 8.337825536727905273e-02 1.272778511047363281e-01 7.504518628120422363e-01 4.081902503967285156e-01 5.033766627311706543e-01
6.808102726936340332e-01 1.232297420501708984e-01 7.561523318290710449e-01 3.738174438476562500e-01 2.145587205886840820e-01 5.945503711700439453e-01
5.648171901702880859e-01 6.926682591438293457e-01 4.070887565612792969e-01 7.729179859161376953e-01 4.256848096847534180e-01 2.289391756057739258e-01
4.710475802421569824e-01 2.150813937187194824e-01 7.540715932846069336e-01 8.894523382186889648e-01 2.196284532546997070e-01 1.352529525756835938e-01
4.849873781204223633e-01 8.986054062843322754e-01 7.376881837844848633e-01 2.825905084609985352e-01 9.201017022132873535e-01 7.818645238876342773e-02
7.759081125259399414e-01 1.324964165687561035e-01 2.256390452384948730e-01 4.065207242965698242e-01 1.087270975112915039e-01 8.669273853302001953e-01
2.127486467361450195e-01 4.851980209350585938e-01 1.781218647956848145e-01 7.455642819404602051e-01 9.599250555038452148e-01 3.918676972389221191e-01
6.741330623626708984e-01 5.473867654800415039e-01 1.164588332176208496e-01 3.498858213424682617e-01 6.070203185081481934e-01 9.653254747390747070e-01
9.903019666671752930e-01 6.052222251892089844e-01 6.983571648597717285e-01 6.711160540580749512e-01 3.131797909736633301e-01 4.078335762023925781e-01
8.588224649429321289e-02 4.618871808052062988e-01 2.992585301399230957e-01 8.679622411727905273e-01 8.301604986190795898e-01 5.800020694732666016e-02
3.623188734054565430e-01 2.445151209831237793e-01 2.713149785995483398e-01 1.393017172813415527e-01 5.296565294265747070e-01 4.555191993713378906e-01
4.403504729270935059e-01 6.435788869857788086e-01 6.898888349533081055e-01 3.327763080596923828e-01 6.478186845779418945e-01 4.399561285972595215e-01
4.952723979949951172e-01 2.413177490234375000e-01 8.715121150016784668e-01 2.087144255638122559e-01 9.870249032974243164e-02 5.363223552703857422e-01
5.121334195137023926e-01 8.586761951446533203e-01 4.822428822517395020e-01 9.970030784606933594e-01 7.882444262504577637e-01 1.826800704002380371e-01
8.661347627639770508e-02 5.323438048362731934e-01 7.846623063087463379e-01 7.521926164627075195e-01 7.185815572738647461e-01 6.499946713447570801e-01
4.998697638511657715e-01 9.306133389472961426e-01 6.852337121963500977e-01 8.479396104812622070e-01 5.846134424209594727e-01 7.897137403488159180e-01
3.344476222991943359e-03 7.161844372749328613e-01 8.585954308509826660e-01 4.431836605072021484e-01 3.936958312988281250e-01 2.203291654586791992e-01
6.160511374473571777e-01 5.188168883323669434e-01 7.817885279655456543e-01 9.082149863243103027e-01 8.481739759445190430e-01 8.167433142662048340e-01
3.930163979530334473e-01 8.403700590133666992e-02 8.350628018379211426e-01 5.298244357109069824e-01 6.832126975059509277e-01 4.653554558753967285e-01
3.760207891464233398e-01 3.032358288764953613e-01 1.406918168067932129e-01 9.454048871994018555e-01 2.318981289863586426e-01 8.011102080345153809e-01
5.480107665061950684e-01 7.701563835144042969e-01 4.243620634078979492e-01 7.925449013710021973e-01 1.599788665771484375e-04 1.953067183494567871e-01
9.155476093292236328e-01 1.722017526626586914e-01 4.621472954750061035e-01 1.957223415374755859e-01 9.582008123397827148e-01 4.082771539688110352e-01
5.622363090515136719e-01 7.992154359817504883e-02 8.056771755218505859e-02 9.850642085075378418e-01 5.485951900482177734e-01 5.969934463500976562e-01
4.386005401611328125e-01 8.974550366401672363e-01 4.405695796012878418e-01 5.962759852409362793e-01 8.257740139961242676e-01 5.210588574409484863e-01
6.794385313987731934e-01 8.626766800880432129e-01 2.014920115470886230e-01 1.644307374954223633e-01 5.991410613059997559e-01 2.496931552886962891e-01
7.502996921539306641e-01 2.397357225418090820e-01 5.552417635917663574e-01 6.434832215309143066e-01 1.826027035713195801e-01 8.639820218086242676e-01
8.115774393081665039e-02 7.673487067222595215e-01 2.942749261856079102e-01 3.748975992202758789e-01 2.290861606597900391e-01 1.781799793243408203e-01
1.565080881118774414e-02 7.051444649696350098e-01 4.295784831047058105e-01 2.936978340148925781e-01 9.486413598060607910e-01 1.644688844680786133e-01
9.519388675689697266e-01 7.566601037979125977e-02 4.913163781166076660e-01 3.513669967651367188e-01 9.455037713050842285e-01 7.020878791809082031e-01
8.905368447303771973e-01 6.609017252922058105e-01 8.540439605712890625e-01 1.404961347579956055e-01 4.477691650390625000e-02 6.235898137092590332e-01
6.374009251594543457e-01 3.914521336555480957e-01 9.368805289268493652e-01 1.881285309791564941e-01 7.615679502487182617e-01 1.856521368026733398e-01
7.517083287239074707e-01 3.780829906463623047e-01 1.321823596954345703e-01 1.471332907676696777e-01 7.793475389480590820e-01 6.176204681396484375e-01
2.904416322708129883e-01 2.020605206489562988e-01 4.862235784530639648e-01 3.203575611114501953e-01 2.737541794776916504e-01 5.473187565803527832e-01
8.879283666610717773e-01 6.428182125091552734e-01 2.045741081237792969e-01 2.451729178428649902e-01 1.041245460510253906e-01 9.935140609741210938e-03
4.081394076347351074e-01 2.533093094825744629e-01 4.495493769645690918e-01 5.049840211868286133e-01 5.589665174484252930e-01 3.115686178207397461e-01
3.889991641044616699e-01 6.027925610542297363e-01 4.734444618225097656e-01 6.680026650428771973e-01 4.589350223541259766e-01 7.456725835800170898e-01
1.891448497772216797e-01 3.159517645835876465e-01 1.737800240516662598e-01 2.918102741241455078e-01 6.713033914566040039e-01 9.423028826713562012e-01
