1.939335465431213379e-01 8.198333978652954102e-01 3.603764772415161133e-01 4.080302715301513672e-01 4.291880130767822266e-02 7.690894007682800293e-01
3.169615268707275391e-01 3.550574779510498047e-01 2.736051678657531738e-01 7.655680179595947266e-03 4.296408891677856445e-01 2.124999761581420898e-01
2.498583197593688965e-01 3.589999675750732422e-02 6.242739558219909668e-01 2.341116070747375488e-01 2.285794019699096680e-01 4.920705556869506836e-01
4.984496831893920898e-01 6.082957983016967773e-02 1.811940073966979980e-01 2.992455363273620605e-01 3.601756691932678223e-01 5.019560456275939941e-01
6.969493627548217773e-02 6.445785164833068848e-01 8.488962054252624512e-01 2.068706154823303223e-01 3.415826559066772461e-01 7.308139801025390625e-01
8.465083241462707520e-01 3.371510505676269531e-01 3.864517807960510254e-01 5.921387076377868652e-01 6.902999281883239746e-01 8.635544180870056152e-01
4.158502817153930664e-01 1.220125555992126465e-01 4.182598590850830078e-01 4.868476986885070801e-01 2.733797430992126465e-01 7.301384210586547852e-01
9.136521816253662109e-01 8.153690099716186523e-01 1.488987207412719727e-01 3.310691714286804199e-01 2.747642397880554199e-01 9.778889417648315430e-01
1.072682738304138184e-01 1.643597483634948730e-01 5.011730790138244629e-01 1.414394378662109375e-02 6.733597517013549805e-01 1.407777667045593262e-01
8.369959592819213867e-01 7.025776505470275879e-01 4.257630705833435059e-01 9.114702343940734863e-01 3.913667798042297363e-01 3.745174407958984375e-02
2.703032350857175747e-01 0.000000000000000000e+00 0.000000000000000000e+00 9.247645914241111598e-01 0.000000000000000000e+00 2.412955157781646390e-02
1.000000000000000000e+00 8.301979050918932845e-01 4.864705383742947142e-01 1.000000000000000000e+00 0.000000000000000000e+00 3.280949663519570625e-01
1.000000000000000000e+00 0.000000000000000000e+00 7.902937762042619996e-01 1.000000000000000000e+00 1.000000000000000000e+00 2.155301902234618150e-01
1.000000000000000000e+00 0.000000000000000000e+00 3.312537674785949182e-01 1.000000000000000000e+00 1.000000000000000000e+00 2.576264757112122217e-01
1.000000000000000000e+00 0.000000000000000000e+00 8.538537562427134242e-01 6.025200691947319998e-01 5.127642284999381350e-02 9.095615825655516129e-02
6.237956516611472546e-01 1.000000000000000000e+00 9.387805931654557012e-01 1.000000000000000000e+00 2.565874380896678852e-01 1.221885831950854234e-01
1.000000000000000000e+00 1.000000000000000000e+00 1.000000000000000000e+00 1.000000000000000000e+00 1.000000000000000000e+00 0.000000000000000000e+00
1.000000000000000000e+00 8.349146665820501578e-01 5.798617024732943825e-01 7.422857629198530427e-01 2.561275193125121530e-01 2.258740713226577435e-01
0.000000000000000000e+00 0.000000000000000000e+00 3.931624044976881893e-01 3.879733105616611222e-01 0.000000000000000000e+00 0.000000000000000000e+00
0.000000000000000000e+00 1.000000000000000000e+00 0.000000000000000000e+00 1.000000000000000000e+00 1.000000000000000000e+00 6.993155473132945943e-01
1.000000000000000000e+00 0.000000000000000000e+00 7.514112329758106945e-01 1.000000000000000000e+00 0.000000000000000000e+00 0.000000000000000000e+00
1.000000000000000000e+00 0.000000000000000000e+00 1.000000000000000000e+00 1.000000000000000000e+00 1.000000000000000000e+00 2.817125432393439710e-01
0.000000000000000000e+00 0.000000000000000000e+00 1.000000000000000000e+00 1.000000000000000000e+00 1.000000000000000000e+00 1.347714874046668232e-01
1.000000000000000000e+00 0.000000000000000000e+00 8.656947324803357935e-01 1.000000000000000000e+00 0.000000000000000000e+00 3.105247273293995636e-01
1.000000000000000000e+00 0.000000000000000000e+00 0.000000000000000000e+00 0.000000000000000000e+00 0.000000000000000000e+00 0.000000000000000000e+00
1.000000000000000000e+00 0.000000000000000000e+00 1.000000000000000000e+00 1.000000000000000000e+00 1.000000000000000000e+00 0.000000000000000000e+00
8.121564442591356903e-01 1.000000000000000000e+00 4.361038392957932719e-01 1.000000000000000000e+00 0.000000000000000000e+00 0.000000000000000000e+00
1.000000000000000000e+00 7.228969356483387898e-01 6.750522892640521411e-01 1.000000000000000000e+00 0.000000000000000000e+00 0.000000000000000000e+00
1.000000000000000000e+00 6.716514219968952037e-01 6.104790003330661241e-01 1.000000000000000000e+00 0.000000000000000000e+00 0.000000000000000000e+00
1.000000000000000000e+00 3.957705506996379019e-01 8.953062264958472349e-01 1.000000000000000000e+00 4.772460360626779030e-01 0.000000000000000000e+00
0.000000000000000000e+00 0.000000000000000000e+00 0.000000000000000000e+00 0.000000000000000000e+00 0.000000000000000000e+00 9.022416616909016973e-01
1.000000000000000000e+00 0.000000000000000000e+00 8.826661751809138368e-01 5.983078698604360479e-01 1.000000000000000000e+00 6.232727954275397303e-02
1.000000000000000000e+00 9.153625036105748070e-01 7.448291018049597589e-01 1.000000000000000000e+00 0.000000000000000000e+00 0.000000000000000000e+00
1.000000000000000000e+00 6.336935889291607227e-01 0.000000000000000000e+00 4.970759357240590037e-01 0.000000000000000000e+00 0.000000000000000000e+00
1.000000000000000000e+00 0.000000000000000000e+00 0.000000000000000000e+00 0.000000000000000000e+00 1.000000000000000000e+00 1.000000000000000000e+00
1.874912514840936517e-01 1.000000000000000000e+00 0.000000000000000000e+00 3.524207101617897742e-01 0.000000000000000000e+00 0.000000000000000000e+00
1.000000000000000000e+00 3.924677369302651542e-01 2.320375586402182722e-01 4.629615290355708068e-01 0.000000000000000000e+00 0.000000000000000000e+00
1.000000000000000000e+00 4.116575700106110958e-01 0.000000000000000000e+00 3.043117173375006201e-01 0.000000000000000000e+00 2.672129093134933964e-01
1.000000000000000000e+00 9.856303855723473895e-01 0.000000000000000000e+00 1.000000000000000000e+00 0.000000000000000000e+00 0.000000000000000000e+00
1.000000000000000000e+00 8.945549930199536703e-01 0.000000000000000000e+00 1.000000000000000000e+00 0.000000000000000000e+00 0.000000000000000000e+00
1.000000000000000000e+00 0.000000000000000000e+00 1.000000000000000000e+00 1.000000000000000000e+00 1.000000000000000000e+00 1.000000000000000000e+00
1.000000000000000000e+00 9.899694383908396178e-01 0.000000000000000000e+00 1.000000000000000000e+00 0.000000000000000000e+00 1.454688155892720769e-01
1.000000000000000000e+00 1.000000000000000000e+00 0.000000000000000000e+00 1.000000000000000000e+00 1.000000000000000000e+00 0.000000000000000000e+00
0.000000000000000000e+00 1.000000000000000000e+00 0.000000000000000000e+00 1.000000000000000000e+00 0.000000000000000000e+00 1.000000000000000000e+00
1.000000000000000000e+00 3.699926218559964619e-01 1.000000000000000000e+00 0.000000000000000000e+00 0.000000000000000000e+00 0.000000000000000000e+00
0.000000000000000000e+00 0.000000000000000000e+00 0.000000000000000000e+00 1.000000000000000000e+00 1.000000000000000000e+00 1.000000000000000000e+00
1.000000000000000000e+00 4.022500546597606030e-01 9.439840027932439037e-01 1.000000000000000000e+00 1.000000000000000000e+00 1.888997253339891880e-01
9.651544773951172829e-01 4.884419487789273262e-01 2.095118258148431778e-02 2.053073532879352570e-01 9.803772801533341408e-01 3.559011686593294144e-02
8.828496253117918968e-01 1.896037207916378975e-01 3.709622751921415329e-01 3.518172539770603180e-02 4.233730211853981018e-02 6.030080113559961319e-01
1.000000000000000000e+00 0.000000000000000000e+00 0.000000000000000000e+00 0.000000000000000000e+00 0.000000000000000000e+00 6.569954431290154773e-01
1.000000000000000000e+00 0.000000000000000000e+00 0.000000000000000000e+00 1.000000000000000000e+00 5.063801228568922674e-01 1.000000000000000000e+00
1.000000000000000000e+00 7.347790632757558171e-01 1.000000000000000000e+00 1.000000000000000000e+00 0.000000000000000000e+00 0.000000000000000000e+00
1.000000000000000000e+00 0.000000000000000000e+00 0.000000000000000000e+00 0.000000000000000000e+00 0.000000000000000000e+00 9.643363561982617460e-01
1.000000000000000000e+00 9.776046986410539263e-01 0.000000000000000000e+00 1.000000000000000000e+00 1.368857656555474978e-01 0.000000000000000000e+00
8.801915100320416574e-01 8.997045027802992312e-01 5.253345250938303845e-01 9.626243542010349818e-01 9.637058502457640508e-01 6.571884379942662946e-01
1.000000000000000000e+00 0.000000000000000000e+00 0.000000000000000000e+00 3.108947658794327107e-01 0.000000000000000000e+00 6.847942227282078909e-01
1.000000000000000000e+00 7.051135258453012922e-01 1.000000000000000000e+00 1.000000000000000000e+00 0.000000000000000000e+00 0.000000000000000000e+00
1.000000000000000000e+00 0.000000000000000000e+00 0.000000000000000000e+00 1.000000000000000000e+00 0.000000000000000000e+00 1.000000000000000000e+00
1.000000000000000000e+00 7.552294510972978880e-01 1.000000000000000000e+00 1.000000000000000000e+00 0.000000000000000000e+00 0.000000000000000000e+00
1.000000000000000000e+00 6.966545744806387219e-01 1.000000000000000000e+00 1.000000000000000000e+00 0.000000000000000000e+00 0.000000000000000000e+00
