4.264873757787390751e-01
4.264873757787390751e-01
7.498138472636722840e-01
7.498138472636722840e-01
7.498138472636722840e-01
7.498138472636722840e-01
7.498138472636722840e-01
7.498138472636722840e-01
7.498138472636722840e-01
7.498138472636722840e-01
7.498138472636722840e-01
7.498138472636722840e-01
7.498138472636722840e-01
7.498138472636722840e-01
7.498138472636722840e-01
7.498138472636722840e-01
7.498138472636722840e-01
1.282909024092567796e+00
1.282909024092567796e+00
1.282909024092567796e+00
1.282909024092567796e+00
1.282909024092567796e+00
1.282909024092567796e+00
1.282909024092567796e+00
1.282909024092567796e+00
1.282909024092567796e+00
1.282909024092567796e+00
1.282909024092567796e+00
1.282909024092567796e+00
1.282909024092567796e+00
1.282909024092567796e+00
1.282909024092567796e+00
1.282909024092567796e+00
1.282909024092567796e+00
1.282909024092567796e+00
1.282909024092567796e+00
1.282909024092567796e+00
1.282909024092567796e+00
1.282909024092567796e+00
1.282909024092567796e+00
1.282909024092567796e+00
1.282909024092567796e+00
1.282909024092567796e+00
1.282909024092567796e+00
1.282909024092567796e+00
1.282909024092567796e+00
1.282909024092567796e+00
1.282909024092567796e+00
1.282909024092567796e+00
1.282909024092567796e+00
1.282909024092567796e+00
1.282909024092567796e+00
1.282909024092567796e+00
1.282909024092567796e+00
1.282909024092567796e+00
1.282909024092567796e+00
1.282909024092567796e+00
1.282909024092567796e+00
1.282909024092567796e+00
1.282909024092567796e+00
1.282909024092567796e+00
1.282909024092567796e+00
1.282909024092567796e+00
1.282909024092567796e+00
1.282909024092567796e+00
1.282909024092567796e+00
1.282909024092567796e+00
1.282909024092567796e+00
1.282909024092567796e+00
1.282909024092567796e+00
1.282909024092567796e+00
1.282909024092567796e+00
1.282909024092567796e+00
1.282909024092567796e+00
1.282909024092567796e+00
1.282909024092567796e+00
1.282909024092567796e+00
1.282909024092567796e+00
1.282909024092567796e+00
1.282909024092567796e+00
1.282909024092567796e+00
1.282909024092567796e+00
1.282909024092567796e+00
1.282909024092567796e+00
1.282909024092567796e+00
1.282909024092567796e+00
1.282909024092567796e+00
1.282909024092567796e+00
1.282909024092567796e+00
1.282909024092567796e+00
1.282909024092567796e+00
1.282909024092567796e+00
1.282909024092567796e+00
1.282909024092567796e+00
1.282909024092567796e+00
1.282909024092567796e+00
1.282909024092567796e+00
1.282909024092567796e+00
1.282909024092567796e+00
1.282909024092567796e+00
