4.797735810279846191e-01 6.023266911506652832e-01 9.776993989944458008e-01 8.206824064254760742e-01 2.054193019866943359e-01 5.381088256835937500e-01
7.112303376197814941e-01 9.803348779678344727e-01 7.227707505226135254e-01 1.907544732093811035e-01 1.032137870788574219e-02 4.162617325782775879e-01
7.112303376197814941e-01 9.803348779678344727e-01 7.227707505226135254e-01 1.907544732093811035e-01 1.032137870788574219e-02 4.162617325782775879e-01
7.112303376197814941e-01 9.803348779678344727e-01 7.227707505226135254e-01 1.907544732093811035e-01 1.032137870788574219e-02 4.162617325782775879e-01
7.112303376197814941e-01 9.803348779678344727e-01 7.227707505226135254e-01 1.907544732093811035e-01 1.032137870788574219e-02 4.162617325782775879e-01
7.112303376197814941e-01 9.803348779678344727e-01 7.227707505226135254e-01 1.907544732093811035e-01 1.032137870788574219e-02 4.162617325782775879e-01
7.112303376197814941e-01 9.803348779678344727e-01 7.227707505226135254e-01 1.907544732093811035e-01 1.032137870788574219e-02 4.162617325782775879e-01
7.112303376197814941e-01 9.803348779678344727e-01 7.227707505226135254e-01 1.907544732093811035e-01 1.032137870788574219e-02 4.162617325782775879e-01
7.112303376197814941e-01 9.803348779678344727e-01 7.227707505226135254e-01 1.907544732093811035e-01 1.032137870788574219e-02 4.162617325782775879e-01
7.112303376197814941e-01 9.803348779678344727e-01 7.227707505226135254e-01 1.907544732093811035e-01 1.032137870788574219e-02 4.162617325782775879e-01
7.112303376197814941e-01 9.803348779678344727e-01 7.227707505226135254e-01 1.907544732093811035e-01 1.032137870788574219e-02 4.162617325782775879e-01
7.112303376197814941e-01 9.803348779678344727e-01 7.227707505226135254e-01 1.907544732093811035e-01 1.032137870788574219e-02 4.162617325782775879e-01
7.112303376197814941e-01 9.803348779678344727e-01 7.227707505226135254e-01 1.907544732093811035e-01 1.032137870788574219e-02 4.162617325782775879e-01
7.112303376197814941e-01 9.803348779678344727e-01 7.227707505226135254e-01 1.907544732093811035e-01 1.032137870788574219e-02 4.162617325782775879e-01
7.112303376197814941e-01 9.803348779678344727e-01 7.227707505226135254e-01 1.907544732093811035e-01 1.032137870788574219e-02 4.162617325782775879e-01
7.112303376197814941e-01 9.803348779678344727e-01 7.227707505226135254e-01 1.907544732093811035e-01 1.032137870788574219e-02 4.162617325782775879e-01
7.112303376197814941e-01 9.803348779678344727e-01 7.227707505226135254e-01 1.907544732093811035e-01 1.032137870788574219e-02 4.162617325782775879e-01
4.577649235725402832e-01 9.226318597793579102e-01 9.545289278030395508e-01 1.789737343788146973e-01 1.353767514228820801e-01 2.893145680427551270e-01
4.577649235725402832e-01 9.226318597793579102e-01 9.545289278030395508e-01 1.789737343788146973e-01 1.353767514228820801e-01 2.893145680427551270e-01
4.577649235725402832e-01 9.226318597793579102e-01 9.545289278030395508e-01 1.789737343788146973e-01 1.353767514228820801e-01 2.893145680427551270e-01
4.577649235725402832e-01 9.226318597793579102e-01 9.545289278030395508e-01 1.789737343788146973e-01 1.353767514228820801e-01 2.893145680427551270e-01
4.577649235725402832e-01 9.226318597793579102e-01 9.545289278030395508e-01 1.789737343788146973e-01 1.353767514228820801e-01 2.893145680427551270e-01
4.577649235725402832e-01 9.226318597793579102e-01 9.545289278030395508e-01 1.789737343788146973e-01 1.353767514228820801e-01 2.893145680427551270e-01
4.577649235725402832e-01 9.226318597793579102e-01 9.545289278030395508e-01 1.789737343788146973e-01 1.353767514228820801e-01 2.893145680427551270e-01
4.577649235725402832e-01 9.226318597793579102e-01 9.545289278030395508e-01 1.789737343788146973e-01 1.353767514228820801e-01 2.893145680427551270e-01
4.577649235725402832e-01 9.226318597793579102e-01 9.545289278030395508e-01 1.789737343788146973e-01 1.353767514228820801e-01 2.893145680427551270e-01
4.577649235725402832e-01 9.226318597793579102e-01 9.545289278030395508e-01 1.789737343788146973e-01 1.353767514228820801e-01 2.893145680427551270e-01
4.577649235725402832e-01 9.226318597793579102e-01 9.545289278030395508e-01 1.789737343788146973e-01 1.353767514228820801e-01 2.893145680427551270e-01
4.577649235725402832e-01 9.226318597793579102e-01 9.545289278030395508e-01 1.789737343788146973e-01 1.353767514228820801e-01 2.893145680427551270e-01
4.577649235725402832e-01 9.226318597793579102e-01 9.545289278030395508e-01 1.789737343788146973e-01 1.353767514228820801e-01 2.893145680427551270e-01
4.577649235725402832e-01 9.226318597793579102e-01 9.545289278030395508e-01 1.789737343788146973e-01 1.353767514228820801e-01 2.893145680427551270e-01
4.577649235725402832e-01 9.226318597793579102e-01 9.545289278030395508e-01 1.789737343788146973e-01 1.353767514228820801e-01 2.893145680427551270e-01
4.577649235725402832e-01 9.226318597793579102e-01 9.545289278030395508e-01 1.789737343788146973e-01 1.353767514228820801e-01 2.893145680427551270e-01
4.577649235725402832e-01 9.226318597793579102e-01 9.545289278030395508e-01 1.789737343788146973e-01 1.353767514228820801e-01 2.893145680427551270e-01
4.577649235725402832e-01 9.226318597793579102e-01 9.545289278030395508e-01 1.789737343788146973e-01 1.353767514228820801e-01 2.893145680427551270e-01
4.577649235725402832e-01 9.226318597793579102e-01 9.545289278030395508e-01 1.789737343788146973e-01 1.353767514228820801e-01 2.893145680427551270e-01
4.577649235725402832e-01 9.226318597793579102e-01 9.545289278030395508e-01 1.789737343788146973e-01 1.353767514228820801e-01 2.893145680427551270e-01
4.577649235725402832e-01 9.226318597793579102e-01 9.545289278030395508e-01 1.789737343788146973e-01 1.353767514228820801e-01 2.893145680427551270e-01
4.577649235725402832e-01 9.226318597793579102e-01 9.545289278030395508e-01 1.789737343788146973e-01 1.353767514228820801e-01 2.893145680427551270e-01
4.577649235725402832e-01 9.226318597793579102e-01 9.545289278030395508e-01 1.789737343788146973e-01 1.353767514228820801e-01 2.893145680427551270e-01
4.577649235725402832e-01 9.226318597793579102e-01 9.545289278030395508e-01 1.789737343788146973e-01 1.353767514228820801e-01 2.893145680427551270e-01
4.577649235725402832e-01 9.226318597793579102e-01 9.545289278030395508e-01 1.789737343788146973e-01 1.353767514228820801e-01 2.893145680427551270e-01
4.577649235725402832e-01 9.226318597793579102e-01 9.545289278030395508e-01 1.789737343788146973e-01 1.353767514228820801e-01 2.893145680427551270e-01
4.577649235725402832e-01 9.226318597793579102e-01 9.545289278030395508e-01 1.789737343788146973e-01 1.353767514228820801e-01 2.893145680427551270e-01
4.577649235725402832e-01 9.226318597793579102e-01 9.545289278030395508e-01 1.789737343788146973e-01 1.353767514228820801e-01 2.893145680427551270e-01
4.577649235725402832e-01 9.226318597793579102e-01 9.545289278030395508e-01 1.789737343788146973e-01 1.353767514228820801e-01 2.893145680427551270e-01
4.577649235725402832e-01 9.226318597793579102e-01 9.545289278030395508e-01 1.789737343788146973e-01 1.353767514228820801e-01 2.893145680427551270e-01
4.577649235725402832e-01 9.226318597793579102e-01 9.545289278030395508e-01 1.789737343788146973e-01 1.353767514228820801e-01 2.893145680427551270e-01
4.577649235725402832e-01 9.226318597793579102e-01 9.545289278030395508e-01 1.789737343788146973e-01 1.353767514228820801e-01 2.893145680427551270e-01
4.577649235725402832e-01 9.226318597793579102e-01 9.545289278030395508e-01 1.789737343788146973e-01 1.353767514228820801e-01 2.893145680427551270e-01
