-9.820840184800574413e-01
-1.245956790377982015e+00
-6.259320594966119033e-01
-1.561042961860632072e+00
-1.437455947113473798e+00
-8.790609046485591271e-01
-6.227315850192129965e-01
-2.720950191063025159e-01
-3.444369900363187242e-01
-7.000647138484534793e-01
2.563744987777594742e-01
-1.882159961459763275e+00
-8.790004356751581760e-01
-8.625945902092382322e-01
-9.906832410648710452e-01
-1.583722381493404718e+00
-1.086727886257970344e+00
-8.339145457964022290e-01
-8.560298034903038866e-01
-1.358574249979689341e+00
-1.193757096916867155e+00
-1.007563031980597046e+00
-4.319387891246170841e-01
-9.940190865403145670e-01
-4.433323699517435768e-01
-1.109897656722555137e+00
3.273507740170690239e-01
-3.028921667563132525e-01
-9.885688252190488745e-01
-1.797210461936841863e+00
-7.830889215600904674e-01
-5.640428519435988219e-01
-1.307958691826192510e+00
-9.038570813706129359e-01
-1.299571719974688955e-01
-3.872846720564734890e-01
-1.346677859523650045e-01
-2.560999918455630908e-01
-5.270336128393898756e-01
-1.346090681360752495e+00
-1.008238799293754262e+00
-1.548342979147752096e+00
-1.059389146569099438e+00
-1.569258285798657004e+00
-1.542010218164931779e+00
-4.544705948369072157e-01
-7.057651511510062425e-01
-9.457882397777539474e-01
-1.601893985245201601e-01
-3.648793162643989008e-01
-5.985776741413589841e-01
-8.821475572781286578e-01
-2.610334702505958115e-01
-8.679781092941901699e-01
-5.453498387532336178e-01
-7.614045487361243980e-01
-1.748475552190644544e+00
-1.121425558141849743e+00
-8.630123217027900751e-01
-8.853540552031105015e-01
