7.655907521806762928e-01
7.655907521806762928e-01
1.020647216235631483e+00
1.020647216235631483e+00
1.029417318388329283e+00
1.029417318388329283e+00
1.080653698123132944e+00
1.080653698123132944e+00
1.080653698123132944e+00
1.080653698123132944e+00
1.080653698123132944e+00
1.080653698123132944e+00
1.080653698123132944e+00
1.080653698123132944e+00
1.080653698123132944e+00
1.080653698123132944e+00
1.080653698123132944e+00
1.080653698123132944e+00
1.080653698123132944e+00
1.080653698123132944e+00
1.080653698123132944e+00
1.080653698123132944e+00
1.080653698123132944e+00
1.080653698123132944e+00
1.080653698123132944e+00
1.080653698123132944e+00
1.080653698123132944e+00
1.080653698123132944e+00
1.080653698123132944e+00
1.080653698123132944e+00
1.080653698123132944e+00
1.080653698123132944e+00
1.080653698123132944e+00
1.080653698123132944e+00
1.080653698123132944e+00
1.080653698123132944e+00
1.080653698123132944e+00
1.080653698123132944e+00
1.080653698123132944e+00
1.080653698123132944e+00
1.080653698123132944e+00
1.080653698123132944e+00
1.080653698123132944e+00
1.080653698123132944e+00
1.080653698123132944e+00
1.080653698123132944e+00
1.080653698123132944e+00
1.080653698123132944e+00
1.080653698123132944e+00
1.080653698123132944e+00
1.080653698123132944e+00
1.080653698123132944e+00
1.080653698123132944e+00
1.080653698123132944e+00
1.080653698123132944e+00
1.080653698123132944e+00
1.080653698123132944e+00
1.080653698123132944e+00
1.080653698123132944e+00
1.080653698123132944e+00
1.080653698123132944e+00
1.080653698123132944e+00
1.080653698123132944e+00
1.080653698123132944e+00
1.080653698123132944e+00
1.080653698123132944e+00
1.080653698123132944e+00
1.080653698123132944e+00
1.080653698123132944e+00
1.080653698123132944e+00
1.080653698123132944e+00
1.080653698123132944e+00
1.080653698123132944e+00
1.080653698123132944e+00
1.080653698123132944e+00
1.080653698123132944e+00
1.080653698123132944e+00
1.080653698123132944e+00
1.080653698123132944e+00
1.080653698123132944e+00
1.080653698123132944e+00
1.080653698123132944e+00
1.080653698123132944e+00
1.080653698123132944e+00
1.080653698123132944e+00
1.080653698123132944e+00
1.080653698123132944e+00
1.080653698123132944e+00
1.080653698123132944e+00
1.080653698123132944e+00
1.080653698123132944e+00
1.080653698123132944e+00
1.080653698123132944e+00
1.080653698123132944e+00
1.080653698123132944e+00
1.080653698123132944e+00
1.080653698123132944e+00
1.080653698123132944e+00
1.080653698123132944e+00
1.080653698123132944e+00
