4.455816021128751747e-01
4.455816021128751747e-01
4.455816021128751747e-01
4.455816021128751747e-01
4.455816021128751747e-01
4.455816021128751747e-01
4.455816021128751747e-01
6.717232907884790327e-01
6.717232907884790327e-01
8.122148484573585847e-01
9.239667387053572822e-01
9.326976304940921558e-01
9.326976304940921558e-01
1.027918397704303821e+00
1.027918397704303821e+00
1.027918397704303821e+00
1.027918397704303821e+00
1.154044758232628975e+00
1.154044758232628975e+00
1.177653455512327918e+00
1.177653455512327918e+00
1.177653455512327918e+00
1.200767651566965633e+00
1.200767651566965633e+00
1.248240226874051784e+00
1.248240226874051784e+00
1.248240226874051784e+00
1.248240226874051784e+00
1.248240226874051784e+00
1.248240226874051784e+00
1.248240226874051784e+00
1.248240226874051784e+00
1.248240226874051784e+00
1.248240226874051784e+00
1.248240226874051784e+00
1.248240226874051784e+00
1.248240226874051784e+00
1.248240226874051784e+00
1.248240226874051784e+00
1.248240226874051784e+00
1.248240226874051784e+00
1.248240226874051784e+00
1.248240226874051784e+00
1.248240226874051784e+00
1.248240226874051784e+00
1.248240226874051784e+00
1.248240226874051784e+00
1.248240226874051784e+00
1.248240226874051784e+00
1.248240226874051784e+00
