8.398040533065795898e-01 7.184134125709533691e-01 5.237020850181579590e-01 8.200378417968750000e-01 1.751028299331665039e-01 6.955053210258483887e-01
8.398040533065795898e-01 7.184134125709533691e-01 5.237020850181579590e-01 8.200378417968750000e-01 1.751028299331665039e-01 6.955053210258483887e-01
8.398040533065795898e-01 7.184134125709533691e-01 5.237020850181579590e-01 8.200378417968750000e-01 1.751028299331665039e-01 6.955053210258483887e-01
8.398040533065795898e-01 7.184134125709533691e-01 5.237020850181579590e-01 8.200378417968750000e-01 1.751028299331665039e-01 6.955053210258483887e-01
8.398040533065795898e-01 7.184134125709533691e-01 5.237020850181579590e-01 8.200378417968750000e-01 1.751028299331665039e-01 6.955053210258483887e-01
8.398040533065795898e-01 7.184134125709533691e-01 5.237020850181579590e-01 8.200378417968750000e-01 1.751028299331665039e-01 6.955053210258483887e-01
8.398040533065795898e-01 7.184134125709533691e-01 5.237020850181579590e-01 8.200378417968750000e-01 1.751028299331665039e-01 6.955053210258483887e-01
5.737756192684173584e-02 9.588164687156677246e-01 2.391987890005111694e-01 9.169628620147705078e-01 8.868915438652038574e-01 3.556882590055465698e-02
1.431995183229446411e-01 9.996703267097473145e-01 6.379948258399963379e-01 7.944339513778686523e-01 7.466316819190979004e-01 8.043635636568069458e-02
1.431995183229446411e-01 9.996703267097473145e-01 6.379948258399963379e-01 7.944339513778686523e-01 7.466316819190979004e-01 8.043635636568069458e-02
1.431995183229446411e-01 9.996703267097473145e-01 6.379948258399963379e-01 7.944339513778686523e-01 7.466316819190979004e-01 8.043635636568069458e-02
1.431995183229446411e-01 9.996703267097473145e-01 6.379948258399963379e-01 7.944339513778686523e-01 7.466316819190979004e-01 8.043635636568069458e-02
1.431995183229446411e-01 9.996703267097473145e-01 6.379948258399963379e-01 7.944339513778686523e-01 7.466316819190979004e-01 8.043635636568069458e-02
1.431995183229446411e-01 9.996703267097473145e-01 6.379948258399963379e-01 7.944339513778686523e-01 7.466316819190979004e-01 8.043635636568069458e-02
1.343551576137542725e-01 9.841486215591430664e-01 7.578612864017486572e-02 9.812652468681335449e-01 3.258733823895454407e-02 1.135917380452156067e-02
1.343551576137542725e-01 9.841486215591430664e-01 7.578612864017486572e-02 9.812652468681335449e-01 3.258733823895454407e-02 1.135917380452156067e-02
1.343551576137542725e-01 9.841486215591430664e-01 7.578612864017486572e-02 9.812652468681335449e-01 3.258733823895454407e-02 1.135917380452156067e-02
1.343551576137542725e-01 9.841486215591430664e-01 7.578612864017486572e-02 9.812652468681335449e-01 3.258733823895454407e-02 1.135917380452156067e-02
1.343551576137542725e-01 9.841486215591430664e-01 7.578612864017486572e-02 9.812652468681335449e-01 3.258733823895454407e-02 1.135917380452156067e-02
1.343551576137542725e-01 9.841486215591430664e-01 7.578612864017486572e-02 9.812652468681335449e-01 3.258733823895454407e-02 1.135917380452156067e-02
1.343551576137542725e-01 9.841486215591430664e-01 7.578612864017486572e-02 9.812652468681335449e-01 3.258733823895454407e-02 1.135917380452156067e-02
1.343551576137542725e-01 9.841486215591430664e-01 7.578612864017486572e-02 9.812652468681335449e-01 3.258733823895454407e-02 1.135917380452156067e-02
1.343551576137542725e-01 9.841486215591430664e-01 7.578612864017486572e-02 9.812652468681335449e-01 3.258733823895454407e-02 1.135917380452156067e-02
1.343551576137542725e-01 9.841486215591430664e-01 7.578612864017486572e-02 9.812652468681335449e-01 3.258733823895454407e-02 1.135917380452156067e-02
1.343551576137542725e-01 9.841486215591430664e-01 7.578612864017486572e-02 9.812652468681335449e-01 3.258733823895454407e-02 1.135917380452156067e-02
1.343551576137542725e-01 9.841486215591430664e-01 7.578612864017486572e-02 9.812652468681335449e-01 3.258733823895454407e-02 1.135917380452156067e-02
1.343551576137542725e-01 9.841486215591430664e-01 7.578612864017486572e-02 9.812652468681335449e-01 3.258733823895454407e-02 1.135917380452156067e-02
1.343551576137542725e-01 9.841486215591430664e-01 7.578612864017486572e-02 9.812652468681335449e-01 3.258733823895454407e-02 1.135917380452156067e-02
1.343551576137542725e-01 9.841486215591430664e-01 7.578612864017486572e-02 9.812652468681335449e-01 3.258733823895454407e-02 1.135917380452156067e-02
1.343551576137542725e-01 9.841486215591430664e-01 7.578612864017486572e-02 9.812652468681335449e-01 3.258733823895454407e-02 1.135917380452156067e-02
1.343551576137542725e-01 9.841486215591430664e-01 7.578612864017486572e-02 9.812652468681335449e-01 3.258733823895454407e-02 1.135917380452156067e-02
1.343551576137542725e-01 9.841486215591430664e-01 7.578612864017486572e-02 9.812652468681335449e-01 3.258733823895454407e-02 1.135917380452156067e-02
1.343551576137542725e-01 9.841486215591430664e-01 7.578612864017486572e-02 9.812652468681335449e-01 3.258733823895454407e-02 1.135917380452156067e-02
1.343551576137542725e-01 9.841486215591430664e-01 7.578612864017486572e-02 9.812652468681335449e-01 3.258733823895454407e-02 1.135917380452156067e-02
3.192011266946792603e-02 7.339844703674316406e-01 2.747229635715484619e-01 1.000000000000000000e+00 0.000000000000000000e+00 1.679391562938690186e-01
3.192011266946792603e-02 7.339844703674316406e-01 2.747229635715484619e-01 1.000000000000000000e+00 0.000000000000000000e+00 1.679391562938690186e-01
3.192011266946792603e-02 7.339844703674316406e-01 2.747229635715484619e-01 1.000000000000000000e+00 0.000000000000000000e+00 1.679391562938690186e-01
3.192011266946792603e-02 7.339844703674316406e-01 2.747229635715484619e-01 1.000000000000000000e+00 0.000000000000000000e+00 1.679391562938690186e-01
3.192011266946792603e-02 7.339844703674316406e-01 2.747229635715484619e-01 1.000000000000000000e+00 0.000000000000000000e+00 1.679391562938690186e-01
3.192011266946792603e-02 7.339844703674316406e-01 2.747229635715484619e-01 1.000000000000000000e+00 0.000000000000000000e+00 1.679391562938690186e-01
3.192011266946792603e-02 7.339844703674316406e-01 2.747229635715484619e-01 1.000000000000000000e+00 0.000000000000000000e+00 1.679391562938690186e-01
3.192011266946792603e-02 7.339844703674316406e-01 2.747229635715484619e-01 1.000000000000000000e+00 0.000000000000000000e+00 1.679391562938690186e-01
3.192011266946792603e-02 7.339844703674316406e-01 2.747229635715484619e-01 1.000000000000000000e+00 0.000000000000000000e+00 1.679391562938690186e-01
0.000000000000000000e+00 9.788837432861328125e-01 4.378203451633453369e-01 1.000000000000000000e+00 0.000000000000000000e+00 0.000000000000000000e+00
0.000000000000000000e+00 9.788837432861328125e-01 4.378203451633453369e-01 1.000000000000000000e+00 0.000000000000000000e+00 0.000000000000000000e+00
0.000000000000000000e+00 9.788837432861328125e-01 4.378203451633453369e-01 1.000000000000000000e+00 0.000000000000000000e+00 0.000000000000000000e+00
0.000000000000000000e+00 9.788837432861328125e-01 4.378203451633453369e-01 1.000000000000000000e+00 0.000000000000000000e+00 0.000000000000000000e+00
0.000000000000000000e+00 9.788837432861328125e-01 4.378203451633453369e-01 1.000000000000000000e+00 0.000000000000000000e+00 0.000000000000000000e+00
0.000000000000000000e+00 9.788837432861328125e-01 4.378203451633453369e-01 1.000000000000000000e+00 0.000000000000000000e+00 0.000000000000000000e+00
0.000000000000000000e+00 1.000000000000000000e+00 5.638864040374755859e-01 9.996481537818908691e-01 0.000000000000000000e+00 0.000000000000000000e+00
0.000000000000000000e+00 1.000000000000000000e+00 5.638864040374755859e-01 9.996481537818908691e-01 0.000000000000000000e+00 0.000000000000000000e+00
0.000000000000000000e+00 1.000000000000000000e+00 5.638864040374755859e-01 9.996481537818908691e-01 0.000000000000000000e+00 0.000000000000000000e+00
0.000000000000000000e+00 1.000000000000000000e+00 5.638864040374755859e-01 9.996481537818908691e-01 0.000000000000000000e+00 0.000000000000000000e+00
0.000000000000000000e+00 1.000000000000000000e+00 5.638864040374755859e-01 9.996481537818908691e-01 0.000000000000000000e+00 0.000000000000000000e+00
0.000000000000000000e+00 1.000000000000000000e+00 5.638864040374755859e-01 9.996481537818908691e-01 0.000000000000000000e+00 0.000000000000000000e+00
0.000000000000000000e+00 1.000000000000000000e+00 5.638864040374755859e-01 9.996481537818908691e-01 0.000000000000000000e+00 0.000000000000000000e+00
0.000000000000000000e+00 1.000000000000000000e+00 5.638864040374755859e-01 9.996481537818908691e-01 0.000000000000000000e+00 0.000000000000000000e+00
0.000000000000000000e+00 1.000000000000000000e+00 5.638864040374755859e-01 9.996481537818908691e-01 0.000000000000000000e+00 0.000000000000000000e+00
0.000000000000000000e+00 1.000000000000000000e+00 5.638864040374755859e-01 9.996481537818908691e-01 0.000000000000000000e+00 0.000000000000000000e+00
0.000000000000000000e+00 1.000000000000000000e+00 5.638864040374755859e-01 9.996481537818908691e-01 0.000000000000000000e+00 0.000000000000000000e+00
0.000000000000000000e+00 1.000000000000000000e+00 4.616639316082000732e-01 1.000000000000000000e+00 7.879374921321868896e-02 0.000000000000000000e+00
0.000000000000000000e+00 1.000000000000000000e+00 4.616639316082000732e-01 1.000000000000000000e+00 7.879374921321868896e-02 0.000000000000000000e+00
0.000000000000000000e+00 1.000000000000000000e+00 4.616639316082000732e-01 1.000000000000000000e+00 7.879374921321868896e-02 0.000000000000000000e+00
0.000000000000000000e+00 1.000000000000000000e+00 4.616639316082000732e-01 1.000000000000000000e+00 7.879374921321868896e-02 0.000000000000000000e+00
0.000000000000000000e+00 1.000000000000000000e+00 4.616639316082000732e-01 1.000000000000000000e+00 7.879374921321868896e-02 0.000000000000000000e+00
0.000000000000000000e+00 1.000000000000000000e+00 4.616639316082000732e-01 1.000000000000000000e+00 7.879374921321868896e-02 0.000000000000000000e+00
0.000000000000000000e+00 1.000000000000000000e+00 4.616639316082000732e-01 1.000000000000000000e+00 7.879374921321868896e-02 0.000000000000000000e+00
0.000000000000000000e+00 1.000000000000000000e+00 4.616639316082000732e-01 1.000000000000000000e+00 7.879374921321868896e-02 0.000000000000000000e+00
0.000000000000000000e+00 1.000000000000000000e+00 4.616639316082000732e-01 1.000000000000000000e+00 7.879374921321868896e-02 0.000000000000000000e+00
0.000000000000000000e+00 1.000000000000000000e+00 4.616639316082000732e-01 1.000000000000000000e+00 7.879374921321868896e-02 0.000000000000000000e+00
0.000000000000000000e+00 1.000000000000000000e+00 4.616639316082000732e-01 1.000000000000000000e+00 7.879374921321868896e-02 0.000000000000000000e+00
0.000000000000000000e+00 1.000000000000000000e+00 4.616639316082000732e-01 1.000000000000000000e+00 7.879374921321868896e-02 0.000000000000000000e+00
0.000000000000000000e+00 1.000000000000000000e+00 4.616639316082000732e-01 1.000000000000000000e+00 7.879374921321868896e-02 0.000000000000000000e+00
0.000000000000000000e+00 1.000000000000000000e+00 4.616639316082000732e-01 1.000000000000000000e+00 7.879374921321868896e-02 0.000000000000000000e+00
0.000000000000000000e+00 1.000000000000000000e+00 4.616639316082000732e-01 1.000000000000000000e+00 7.879374921321868896e-02 0.000000000000000000e+00
0.000000000000000000e+00 1.000000000000000000e+00 4.616639316082000732e-01 1.000000000000000000e+00 7.879374921321868896e-02 0.000000000000000000e+00
0.000000000000000000e+00 1.000000000000000000e+00 4.616639316082000732e-01 1.000000000000000000e+00 7.879374921321868896e-02 0.000000000000000000e+00
0.000000000000000000e+00 1.000000000000000000e+00 4.616639316082000732e-01 1.000000000000000000e+00 7.879374921321868896e-02 0.000000000000000000e+00
0.000000000000000000e+00 1.000000000000000000e+00 4.616639316082000732e-01 1.000000000000000000e+00 7.879374921321868896e-02 0.000000000000000000e+00
0.000000000000000000e+00 1.000000000000000000e+00 4.616639316082000732e-01 1.000000000000000000e+00 7.879374921321868896e-02 0.000000000000000000e+00
0.000000000000000000e+00 1.000000000000000000e+00 4.616639316082000732e-01 1.000000000000000000e+00 7.879374921321868896e-02 0.000000000000000000e+00
0.000000000000000000e+00 1.000000000000000000e+00 4.616639316082000732e-01 1.000000000000000000e+00 7.879374921321868896e-02 0.000000000000000000e+00
0.000000000000000000e+00 1.000000000000000000e+00 4.616639316082000732e-01 1.000000000000000000e+00 7.879374921321868896e-02 0.000000000000000000e+00
0.000000000000000000e+00 1.000000000000000000e+00 4.616639316082000732e-01 1.000000000000000000e+00 7.879374921321868896e-02 0.000000000000000000e+00
0.000000000000000000e+00 1.000000000000000000e+00 4.616639316082000732e-01 1.000000000000000000e+00 7.879374921321868896e-02 0.000000000000000000e+00
0.000000000000000000e+00 1.000000000000000000e+00 4.616639316082000732e-01 1.000000000000000000e+00 7.879374921321868896e-02 0.000000000000000000e+00
0.000000000000000000e+00 1.000000000000000000e+00 4.616639316082000732e-01 1.000000000000000000e+00 7.879374921321868896e-02 0.000000000000000000e+00
0.000000000000000000e+00 1.000000000000000000e+00 4.616639316082000732e-01 1.000000000000000000e+00 7.879374921321868896e-02 0.000000000000000000e+00
0.000000000000000000e+00 1.000000000000000000e+00 4.616639316082000732e-01 1.000000000000000000e+00 7.879374921321868896e-02 0.000000000000000000e+00
0.000000000000000000e+00 1.000000000000000000e+00 4.616639316082000732e-01 1.000000000000000000e+00 7.879374921321868896e-02 0.000000000000000000e+00
0.000000000000000000e+00 1.000000000000000000e+00 4.616639316082000732e-01 1.000000000000000000e+00 7.879374921321868896e-02 0.000000000000000000e+00
0.000000000000000000e+00 1.000000000000000000e+00 4.616639316082000732e-01 1.000000000000000000e+00 7.879374921321868896e-02 0.000000000000000000e+00
0.000000000000000000e+00 1.000000000000000000e+00 4.616639316082000732e-01 1.000000000000000000e+00 7.879374921321868896e-02 0.000000000000000000e+00
0.000000000000000000e+00 1.000000000000000000e+00 4.616639316082000732e-01 1.000000000000000000e+00 7.879374921321868896e-02 0.000000000000000000e+00
0.000000000000000000e+00 1.000000000000000000e+00 4.616639316082000732e-01 1.000000000000000000e+00 7.879374921321868896e-02 0.000000000000000000e+00
0.000000000000000000e+00 1.000000000000000000e+00 4.616639316082000732e-01 1.000000000000000000e+00 7.879374921321868896e-02 0.000000000000000000e+00
0.000000000000000000e+00 1.000000000000000000e+00 4.616639316082000732e-01 1.000000000000000000e+00 7.879374921321868896e-02 0.000000000000000000e+00
0.000000000000000000e+00 1.000000000000000000e+00 4.616639316082000732e-01 1.000000000000000000e+00 7.879374921321868896e-02 0.000000000000000000e+00
0.000000000000000000e+00 1.000000000000000000e+00 4.616639316082000732e-01 1.000000000000000000e+00 7.879374921321868896e-02 0.000000000000000000e+00
0.000000000000000000e+00 1.000000000000000000e+00 4.616639316082000732e-01 1.000000000000000000e+00 7.879374921321868896e-02 0.000000000000000000e+00
