1.038175590825531458e+00
1.342718161263182219e+00
1.438199357371887199e+00
1.479986387442931761e+00
1.065643056843019298e+00
6.484415385612474214e-01
5.210986933492235407e-01
8.689158919304952322e-01
9.650799130340449450e-01
1.042444717141466581e+00
1.017510518681779885e+00
9.919120432832223555e-01
8.711338838650726224e-01
7.790436714441439925e-01
7.159735504601936196e-01
7.048632833216340599e-01
1.414058533485162084e+00
1.431220356962253693e+00
1.414710389370156696e+00
1.401836521514172373e+00
1.412805734069940256e+00
1.452258039358742092e+00
1.465126003399480403e+00
1.464595766625195195e+00
1.477017970671550717e+00
1.449513784932044747e+00
1.447424750739365384e+00
1.447952967363790311e+00
1.467848416846669668e+00
1.467626070138901007e+00
1.466617552420969695e+00
1.493037712399879258e+00
1.489334307175815830e+00
1.498726530462081152e+00
1.501040273903285982e+00
1.528783304004534438e+00
1.533221160257606686e+00
1.499599019816125089e+00
1.534090877999751745e+00
1.534024745039151760e+00
1.533661246622456176e+00
1.534275465984049402e+00
1.533864623690115669e+00
1.524750828943047143e+00
1.524997836211260394e+00
1.531283846619586830e+00
1.532091507286163168e+00
1.479525049442194540e+00
1.490597510271950643e+00
1.481384039428300436e+00
1.488842202336527532e+00
1.505770611176830753e+00
1.495091002954725745e+00
1.542457091245595491e+00
1.551146998811813393e+00
1.543082678255289997e+00
1.543086485056390122e+00
1.547297699797876236e+00
1.543284494527154438e+00
1.553959817185379233e+00
1.540796033712727997e+00
1.513479778487185623e+00
1.514451778710633301e+00
1.495582920483451872e+00
1.492169117237934994e+00
1.488850876074059748e+00
1.497655689408146529e+00
1.490103201694687796e+00
1.499700836431176132e+00
1.516657345189486694e+00
1.515445419167612551e+00
1.529265180592218609e+00
1.517115063859771684e+00
1.514259757830258346e+00
1.514551407606535394e+00
1.516309692209382831e+00
1.505375581162785581e+00
1.506953955364604081e+00
1.474097477848558491e+00
1.470111840650421442e+00
1.468175240139413695e+00
1.483142252645547554e+00
1.488557673732386899e+00
1.486093389148135824e+00
1.472352289248159529e+00
1.488742557769724417e+00
1.489194187937748604e+00
1.493548294579887248e+00
1.492717430933437894e+00
1.488355667602893284e+00
1.491025367306152649e+00
1.485779888265626569e+00
1.483922383447464632e+00
1.488831761266802944e+00
1.492603953051087728e+00
1.494259504609464884e+00
1.515616428797038173e+00
1.513251057426861168e+00
1.506872646783846248e+00
1.500727526623690133e+00
