0.000000000000000000e+00 1.000000000000000000e+00 1.000000000000000000e+00 1.486740601499951173e-02 0.000000000000000000e+00 3.557520417670240742e-01
0.000000000000000000e+00 1.000000000000000000e+00 7.569829130630223446e-01 0.000000000000000000e+00 0.000000000000000000e+00 1.362983282182224642e-01
0.000000000000000000e+00 1.000000000000000000e+00 6.138849700842137214e-01 0.000000000000000000e+00 0.000000000000000000e+00 9.293234437420200278e-02
0.000000000000000000e+00 1.000000000000000000e+00 5.188802349785833767e-01 0.000000000000000000e+00 0.000000000000000000e+00 9.148861644742305177e-02
0.000000000000000000e+00 1.000000000000000000e+00 1.000000000000000000e+00 0.000000000000000000e+00 0.000000000000000000e+00 1.706922087305675073e-01
0.000000000000000000e+00 1.000000000000000000e+00 1.000000000000000000e+00 0.000000000000000000e+00 0.000000000000000000e+00 8.813341170716747497e-01
0.000000000000000000e+00 1.000000000000000000e+00 1.000000000000000000e+00 0.000000000000000000e+00 0.000000000000000000e+00 1.000000000000000000e+00
0.000000000000000000e+00 1.000000000000000000e+00 1.000000000000000000e+00 0.000000000000000000e+00 0.000000000000000000e+00 6.523537197882420813e-01
0.000000000000000000e+00 1.000000000000000000e+00 1.000000000000000000e+00 0.000000000000000000e+00 0.000000000000000000e+00 5.213338161799779824e-01
0.000000000000000000e+00 1.000000000000000000e+00 1.000000000000000000e+00 0.000000000000000000e+00 0.000000000000000000e+00 3.563112709065357486e-01
4.099081513100917562e-02 1.000000000000000000e+00 1.000000000000000000e+00 0.000000000000000000e+00 0.000000000000000000e+00 3.609747653990766914e-01
8.265428395725511745e-02 1.000000000000000000e+00 1.000000000000000000e+00 0.000000000000000000e+00 0.000000000000000000e+00 3.562319669392549071e-01
1.427328454110863565e-01 1.000000000000000000e+00 1.000000000000000000e+00 1.359867567596421412e-01 0.000000000000000000e+00 4.483916083659899576e-01
2.978160152293671259e-01 1.000000000000000000e+00 1.000000000000000000e+00 1.078321252205319408e-01 0.000000000000000000e+00 4.697618143391075751e-01
4.571524642652012860e-01 1.000000000000000000e+00 1.000000000000000000e+00 1.003375529081745789e-03 0.000000000000000000e+00 4.831890686607529517e-01
4.558050682410275667e-01 1.000000000000000000e+00 1.000000000000000000e+00 4.976528924746532849e-03 0.000000000000000000e+00 4.535463087974651586e-01
0.000000000000000000e+00 1.000000000000000000e+00 5.798074307123639581e-01 1.176380606490007030e-01 0.000000000000000000e+00 3.018155943753496606e-01
0.000000000000000000e+00 1.000000000000000000e+00 2.848693453053371960e-01 2.169181367214693956e-01 0.000000000000000000e+00 2.678643081720252228e-01
0.000000000000000000e+00 1.000000000000000000e+00 1.520596897988640561e-01 2.462580338896456222e-01 0.000000000000000000e+00 2.160543721772667791e-01
0.000000000000000000e+00 1.000000000000000000e+00 1.174557531521646520e-01 2.536298909386941469e-01 0.000000000000000000e+00 2.195701984053300415e-01
0.000000000000000000e+00 1.000000000000000000e+00 9.122703685507271842e-02 2.537250669612401976e-01 0.000000000000000000e+00 1.601387335279136903e-01
0.000000000000000000e+00 1.000000000000000000e+00 2.077738326155400550e-01 2.216966218762412011e-01 0.000000000000000000e+00 1.673733088983200834e-01
0.000000000000000000e+00 1.000000000000000000e+00 2.881091667416749713e-01 1.935699861094598573e-01 0.000000000000000000e+00 2.042860302171400633e-01
0.000000000000000000e+00 1.000000000000000000e+00 2.613668168134540837e-01 1.971360393861369409e-01 0.000000000000000000e+00 1.944607471828745382e-01
0.000000000000000000e+00 1.000000000000000000e+00 1.013536870746312296e-01 1.655909949054931718e-01 0.000000000000000000e+00 6.091050200799762171e-02
0.000000000000000000e+00 1.000000000000000000e+00 0.000000000000000000e+00 1.745749263012517372e-01 0.000000000000000000e+00 0.000000000000000000e+00
0.000000000000000000e+00 1.000000000000000000e+00 0.000000000000000000e+00 1.791633317335353803e-01 0.000000000000000000e+00 0.000000000000000000e+00
0.000000000000000000e+00 1.000000000000000000e+00 0.000000000000000000e+00 1.780172361196076525e-01 0.000000000000000000e+00 0.000000000000000000e+00
0.000000000000000000e+00 1.000000000000000000e+00 0.000000000000000000e+00 1.246766818448783315e-01 0.000000000000000000e+00 0.000000000000000000e+00
0.000000000000000000e+00 1.000000000000000000e+00 0.000000000000000000e+00 1.254458625536145344e-01 0.000000000000000000e+00 0.000000000000000000e+00
0.000000000000000000e+00 1.000000000000000000e+00 0.000000000000000000e+00 1.288568501822461299e-01 0.000000000000000000e+00 0.000000000000000000e+00
0.000000000000000000e+00 1.000000000000000000e+00 7.593060766214720925e-02 5.559664626006250582e-02 0.000000000000000000e+00 0.000000000000000000e+00
0.000000000000000000e+00 1.000000000000000000e+00 5.896658565987126371e-02 7.086186522563416024e-02 0.000000000000000000e+00 0.000000000000000000e+00
0.000000000000000000e+00 1.000000000000000000e+00 1.349189102394413864e-01 9.247788217911384612e-02 0.000000000000000000e+00 0.000000000000000000e+00
0.000000000000000000e+00 1.000000000000000000e+00 1.513423893368484319e-01 9.093532941357891641e-02 0.000000000000000000e+00 0.000000000000000000e+00
0.000000000000000000e+00 6.714478603681000024e-01 0.000000000000000000e+00 3.106264949526208602e-03 0.000000000000000000e+00 0.000000000000000000e+00
0.000000000000000000e+00 7.041946766380935419e-01 4.832190225966546786e-03 0.000000000000000000e+00 0.000000000000000000e+00 0.000000000000000000e+00
0.000000000000000000e+00 9.470345786057193793e-01 0.000000000000000000e+00 5.877867121090720598e-02 0.000000000000000000e+00 0.000000000000000000e+00
0.000000000000000000e+00 7.276856215485631996e-01 0.000000000000000000e+00 2.292569716420091597e-03 0.000000000000000000e+00 0.000000000000000000e+00
0.000000000000000000e+00 7.299211941234233780e-01 0.000000000000000000e+00 9.391348760546756533e-03 0.000000000000000000e+00 0.000000000000000000e+00
0.000000000000000000e+00 7.185294869494526226e-01 0.000000000000000000e+00 0.000000000000000000e+00 0.000000000000000000e+00 0.000000000000000000e+00
0.000000000000000000e+00 7.319990603114295835e-01 0.000000000000000000e+00 0.000000000000000000e+00 0.000000000000000000e+00 0.000000000000000000e+00
0.000000000000000000e+00 7.222603640956634097e-01 0.000000000000000000e+00 0.000000000000000000e+00 0.000000000000000000e+00 0.000000000000000000e+00
0.000000000000000000e+00 6.456163278264842598e-01 0.000000000000000000e+00 0.000000000000000000e+00 0.000000000000000000e+00 0.000000000000000000e+00
0.000000000000000000e+00 6.469677707652391474e-01 0.000000000000000000e+00 0.000000000000000000e+00 0.000000000000000000e+00 0.000000000000000000e+00
0.000000000000000000e+00 7.524130778098100381e-01 0.000000000000000000e+00 5.131016966712741850e-02 0.000000000000000000e+00 0.000000000000000000e+00
0.000000000000000000e+00 7.495244876953820468e-01 0.000000000000000000e+00 4.442842489047581916e-02 0.000000000000000000e+00 0.000000000000000000e+00
0.000000000000000000e+00 4.885894570902483136e-01 0.000000000000000000e+00 0.000000000000000000e+00 0.000000000000000000e+00 0.000000000000000000e+00
0.000000000000000000e+00 5.197458324909387528e-01 0.000000000000000000e+00 0.000000000000000000e+00 0.000000000000000000e+00 0.000000000000000000e+00
0.000000000000000000e+00 4.936859564283512802e-01 0.000000000000000000e+00 0.000000000000000000e+00 0.000000000000000000e+00 0.000000000000000000e+00
0.000000000000000000e+00 5.146626709831250146e-01 0.000000000000000000e+00 0.000000000000000000e+00 0.000000000000000000e+00 0.000000000000000000e+00
0.000000000000000000e+00 5.671491085475581784e-01 0.000000000000000000e+00 0.000000000000000000e+00 0.000000000000000000e+00 0.000000000000000000e+00
0.000000000000000000e+00 5.330715474512407459e-01 0.000000000000000000e+00 0.000000000000000000e+00 0.000000000000000000e+00 0.000000000000000000e+00
0.000000000000000000e+00 8.236337592932830853e-01 2.400461597844000261e-01 5.222526931528349153e-03 0.000000000000000000e+00 0.000000000000000000e+00
0.000000000000000000e+00 7.934479876434128442e-01 2.950180374630634317e-01 0.000000000000000000e+00 0.000000000000000000e+00 7.301538112767883004e-02
0.000000000000000000e+00 7.221139252006670839e-01 2.262078624106354241e-01 0.000000000000000000e+00 0.000000000000000000e+00 0.000000000000000000e+00
0.000000000000000000e+00 7.215093935945747772e-01 2.253178697381434115e-01 0.000000000000000000e+00 0.000000000000000000e+00 0.000000000000000000e+00
0.000000000000000000e+00 7.203416350264573165e-01 2.498583646350886756e-01 0.000000000000000000e+00 0.000000000000000000e+00 3.564286888146685900e-02
0.000000000000000000e+00 7.015914021075921880e-01 2.255252688958198082e-01 0.000000000000000000e+00 0.000000000000000000e+00 1.333076418655067610e-02
0.000000000000000000e+00 7.319818328913092476e-01 2.499545997483426374e-01 0.000000000000000000e+00 0.000000000000000000e+00 9.845161420221154591e-02
0.000000000000000000e+00 6.851868294107250623e-01 1.358408361542815523e-01 0.000000000000000000e+00 0.000000000000000000e+00 0.000000000000000000e+00
0.000000000000000000e+00 5.949652668325018379e-01 0.000000000000000000e+00 0.000000000000000000e+00 0.000000000000000000e+00 0.000000000000000000e+00
0.000000000000000000e+00 5.987548000257928438e-01 0.000000000000000000e+00 0.000000000000000000e+00 0.000000000000000000e+00 0.000000000000000000e+00
0.000000000000000000e+00 5.345607551413192882e-01 0.000000000000000000e+00 0.000000000000000000e+00 0.000000000000000000e+00 0.000000000000000000e+00
0.000000000000000000e+00 5.167258913834150702e-01 3.234793763253000776e-02 0.000000000000000000e+00 0.000000000000000000e+00 0.000000000000000000e+00
0.000000000000000000e+00 5.095404472017666109e-01 2.186962347279158489e-02 0.000000000000000000e+00 0.000000000000000000e+00 0.000000000000000000e+00
0.000000000000000000e+00 5.304071862000429016e-01 4.262264144895668017e-02 0.000000000000000000e+00 0.000000000000000000e+00 0.000000000000000000e+00
0.000000000000000000e+00 5.117455827085871656e-01 2.822239881488541879e-02 0.000000000000000000e+00 0.000000000000000000e+00 0.000000000000000000e+00
0.000000000000000000e+00 5.472998350317593852e-01 0.000000000000000000e+00 0.000000000000000000e+00 0.000000000000000000e+00 0.000000000000000000e+00
0.000000000000000000e+00 6.076585882842371333e-01 0.000000000000000000e+00 0.000000000000000000e+00 0.000000000000000000e+00 0.000000000000000000e+00
0.000000000000000000e+00 6.027108404637804284e-01 0.000000000000000000e+00 0.000000000000000000e+00 0.000000000000000000e+00 0.000000000000000000e+00
0.000000000000000000e+00 6.736857038668951914e-01 0.000000000000000000e+00 0.000000000000000000e+00 0.000000000000000000e+00 0.000000000000000000e+00
0.000000000000000000e+00 6.095650668941947625e-01 0.000000000000000000e+00 0.000000000000000000e+00 0.000000000000000000e+00 0.000000000000000000e+00
0.000000000000000000e+00 5.980000682012726054e-01 0.000000000000000000e+00 0.000000000000000000e+00 0.000000000000000000e+00 0.000000000000000000e+00
0.000000000000000000e+00 5.991476054755688896e-01 0.000000000000000000e+00 0.000000000000000000e+00 0.000000000000000000e+00 0.000000000000000000e+00
0.000000000000000000e+00 6.062247570909733430e-01 0.000000000000000000e+00 0.000000000000000000e+00 0.000000000000000000e+00 0.000000000000000000e+00
0.000000000000000000e+00 5.658110936665183832e-01 0.000000000000000000e+00 0.000000000000000000e+00 0.000000000000000000e+00 0.000000000000000000e+00
0.000000000000000000e+00 5.712013348078910369e-01 0.000000000000000000e+00 0.000000000000000000e+00 0.000000000000000000e+00 0.000000000000000000e+00
0.000000000000000000e+00 4.739482637518205865e-01 0.000000000000000000e+00 0.000000000000000000e+00 0.000000000000000000e+00 0.000000000000000000e+00
0.000000000000000000e+00 4.633848563609171967e-01 0.000000000000000000e+00 0.000000000000000000e+00 0.000000000000000000e+00 0.000000000000000000e+00
0.000000000000000000e+00 4.582989897840798466e-01 0.000000000000000000e+00 0.000000000000000000e+00 0.000000000000000000e+00 0.000000000000000000e+00
0.000000000000000000e+00 5.015325581677041455e-01 0.000000000000000000e+00 0.000000000000000000e+00 0.000000000000000000e+00 2.107224949723000146e-02
0.000000000000000000e+00 5.151170006183966033e-01 0.000000000000000000e+00 0.000000000000000000e+00 0.000000000000000000e+00 1.066516894061788484e-02
0.000000000000000000e+00 5.088896512055814947e-01 0.000000000000000000e+00 0.000000000000000000e+00 0.000000000000000000e+00 1.582889166073989801e-02
3.565113647231266114e-02 5.361245607847430206e-01 0.000000000000000000e+00 0.000000000000000000e+00 0.000000000000000000e+00 3.000608313857909808e-03
1.455117855632986901e-02 5.434355969020578936e-01 0.000000000000000000e+00 0.000000000000000000e+00 0.000000000000000000e+00 0.000000000000000000e+00
1.314002942083940771e-02 5.418669072193861291e-01 0.000000000000000000e+00 0.000000000000000000e+00 0.000000000000000000e+00 0.000000000000000000e+00
0.000000000000000000e+00 5.284419551228445311e-01 0.000000000000000000e+00 0.000000000000000000e+00 0.000000000000000000e+00 0.000000000000000000e+00
1.035162340094917350e-03 5.279992953242153009e-01 0.000000000000000000e+00 0.000000000000000000e+00 0.000000000000000000e+00 0.000000000000000000e+00
0.000000000000000000e+00 5.132646583251261330e-01 0.000000000000000000e+00 0.000000000000000000e+00 0.000000000000000000e+00 0.000000000000000000e+00
0.000000000000000000e+00 5.209946131796430180e-01 0.000000000000000000e+00 0.000000000000000000e+00 0.000000000000000000e+00 0.000000000000000000e+00
0.000000000000000000e+00 5.059368282392227023e-01 0.000000000000000000e+00 0.000000000000000000e+00 0.000000000000000000e+00 0.000000000000000000e+00
0.000000000000000000e+00 5.007235334246178393e-01 0.000000000000000000e+00 0.000000000000000000e+00 0.000000000000000000e+00 0.000000000000000000e+00
0.000000000000000000e+00 5.146326210542596646e-01 0.000000000000000000e+00 0.000000000000000000e+00 0.000000000000000000e+00 0.000000000000000000e+00
0.000000000000000000e+00 5.272768914317859101e-01 0.000000000000000000e+00 0.000000000000000000e+00 0.000000000000000000e+00 1.306393309410532576e-02
0.000000000000000000e+00 5.321875599699337211e-01 0.000000000000000000e+00 0.000000000000000000e+00 0.000000000000000000e+00 1.291484426714954899e-02
0.000000000000000000e+00 6.034005620134694770e-01 0.000000000000000000e+00 0.000000000000000000e+00 0.000000000000000000e+00 0.000000000000000000e+00
0.000000000000000000e+00 5.940844513748878564e-01 0.000000000000000000e+00 0.000000000000000000e+00 0.000000000000000000e+00 0.000000000000000000e+00
0.000000000000000000e+00 5.709207233291331285e-01 0.000000000000000000e+00 0.000000000000000000e+00 0.000000000000000000e+00 0.000000000000000000e+00
0.000000000000000000e+00 5.505593967359120322e-01 0.000000000000000000e+00 0.000000000000000000e+00 0.000000000000000000e+00 0.000000000000000000e+00
