1.959903859264733761e+00
1.425968476150405229e+00
1.384797860218001553e+00
1.390597217919853801e+00
1.111999933099231397e+00
1.109975109849719255e+00
1.616926025178822890e+00
1.673333160233730910e+00
1.661854790818779293e+00
1.651275510719785844e+00
1.669999825150658035e+00
1.669131950721437496e+00
-8.931312425780481012e-01
-1.025103564522745092e+00
-1.019748088001783293e+00
-1.038117380435877646e+00
-1.034870483594197088e+00
-1.299476235398747903e+00
-1.358444335243427004e+00
-1.569239964595832593e+00
-1.558768344299668263e+00
-1.569003096806189879e+00
-1.542805453351559386e+00
-1.585819545576077960e+00
-1.565835909567881989e+00
-1.799058486818033487e+00
-1.818158945106192581e+00
-1.838306683462725521e+00
-1.880159309136562484e+00
-2.059555087987578581e+00
-2.180624196648229596e+00
-2.190296404416256948e+00
-2.169833790290686348e+00
-2.156669503320546966e+00
-2.137865282565466707e+00
-2.131320702634744713e+00
-2.342143059646383030e+00
-2.347854972726596934e+00
-2.350246383890970847e+00
-2.351787765897527027e+00
-2.350939410278902297e+00
-2.349686693824072581e+00
-2.377927798585185215e+00
-2.378125801525730942e+00
-2.377760411183310829e+00
-2.391576552963784241e+00
-2.718878171161921209e+00
-2.675973946173956453e+00
-3.624097267649338594e+00
-6.976109796305968835e+00
-7.177761174452665927e+00
-7.216355368604502551e+00
-7.443777036004321168e+00
-7.477353724349879549e+00
-8.172838898585354173e+00
-7.919586647890616504e+00
-8.229754519228537291e+00
-8.072934404038100809e+00
-8.096598151372464969e+00
-8.036469053044321242e+00
-8.158990046232778681e+00
-8.358440202319737722e+00
-8.472044446951899843e+00
-8.524462974956257710e+00
-8.513307253243199924e+00
-8.677970473937431706e+00
-8.652244433294164594e+00
-7.181989901620399408e+00
-6.958569256922376489e+00
-8.801247758819524591e+00
-8.694546537161576438e+00
-8.641490351228600986e+00
-8.440697204881935534e+00
-8.432687977394063950e+00
-8.444474815913311616e+00
-8.687766564170008365e+00
-8.608901471939486072e+00
-8.698651937290945213e+00
-8.984619832949945817e+00
-8.878562718920282038e+00
-8.861173838955576088e+00
-8.853702141082381516e+00
-9.728120677803879346e+00
-9.606876400848308961e+00
-9.570074256795823686e+00
-9.750936680660762690e+00
-9.512390322634686868e+00
-9.569573004041766140e+00
-9.559040336333120891e+00
-9.664111397942335202e+00
-9.753769243858146254e+00
-9.877573996868326489e+00
-9.750337187440869968e+00
-9.729998067126702566e+00
-9.683029506396364283e+00
-9.585251688693720240e+00
-9.784560788222538719e+00
-2.155100350254806507e+00
-1.003370057768670520e+01
-9.885819100400299320e+00
