-1.290413152428928623e+00
-6.690239716053114627e-01
-6.335047270453809665e-01
-6.384199748545271724e-01
-4.317353911553568624e-01
-4.304340880315101203e-01
-8.543123405878881860e-01
-9.161649249174961263e-01
-9.032941417813031837e-01
-8.915616360734786028e-01
-9.124119968796615687e-01
-9.114369271196063327e-01
1.249713234697751307e-01
1.356804515090999641e-01
1.352728270144460399e-01
1.366619293918264477e-01
1.364182489824809497e-01
1.538951371463672391e-01
1.571989502023160568e-01
1.675366124801619949e-01
1.670728741159468178e-01
1.675261763204823895e-01
1.663565435314532936e-01
1.682609843657134896e-01
1.673863954281695210e-01
1.765818331945591124e-01
1.772441673224544878e-01
1.779292417465427600e-01
1.793089755483314174e-01
1.846103911230716765e-01
1.876868481250310583e-01
1.879169337521356953e-01
1.874275224675935048e-01
1.871073324758241174e-01
1.866425915820206782e-01
1.864787831992268108e-01
1.912520516607811583e-01
1.913678914015244925e-01
1.914161939603252760e-01
1.914472661682697086e-01
1.914301703752352424e-01
1.914048994961098649e-01
1.919669860547764673e-01
1.919708711641799070e-01
1.919637010672514132e-01
1.922330017173391470e-01
1.976363047749992996e-01
1.970245862292639427e-01
2.059466218323827980e-01
2.113927916514708738e-01
2.114288792739612566e-01
2.114349943486601990e-01
2.114666066110206244e-01
2.114706942394695699e-01
2.115306878613007480e-01
2.115134777765911855e-01
2.115339916154170274e-01
2.115244139799404288e-01
2.115259571713601905e-01
2.115219632950385287e-01
2.115298551370932700e-01
2.115408031453155924e-01
2.115461295026317967e-01
2.115483904235815893e-01
2.115479191309431184e-01
2.115543688996520399e-01
2.115534298855714368e-01
2.114295608670715421e-01
2.113892948825713825e-01
2.115585480649205818e-01
2.115549612624263998e-01
2.115530301395278368e-01
2.115447197027762183e-01
2.115443523542672732e-01
2.115448919469370970e-01
2.115547201592158089e-01
2.115517921721997430e-01
2.115551064623092115e-01
2.115638849143628986e-01
2.115609180475478690e-01
2.115604008722637985e-01
2.115601758738797633e-01
2.115777945090344669e-01
2.115761694038204854e-01
2.115756358586005637e-01
2.115780789033752662e-01
2.115747590474219841e-01
2.115756284552091637e-01
2.115754720287158497e-01
2.115769611293336627e-01
2.115781137597491646e-01
2.115795446889734421e-01
2.115780715135869849e-01
2.115778181558757853e-01
2.115772130138366958e-01
2.115758582775637275e-01
2.115784863656242076e-01
1.870688846349400358e-01
2.115811140940037083e-01
2.115796338400495746e-01
