9.314002990722656250e-01 6.442591547966003418e-01 5.926229953765869141e-01 3.153973817825317383e-02 1.024053096771240234e-01 9.675455689430236816e-01
9.314002990722656250e-01 6.442591547966003418e-01 5.926229953765869141e-01 3.153973817825317383e-02 1.024053096771240234e-01 9.675455689430236816e-01
9.314002990722656250e-01 6.442591547966003418e-01 5.926229953765869141e-01 3.153973817825317383e-02 1.024053096771240234e-01 9.675455689430236816e-01
9.314002990722656250e-01 6.442591547966003418e-01 5.926229953765869141e-01 3.153973817825317383e-02 1.024053096771240234e-01 9.675455689430236816e-01
9.314002990722656250e-01 6.442591547966003418e-01 5.926229953765869141e-01 3.153973817825317383e-02 1.024053096771240234e-01 9.675455689430236816e-01
9.314002990722656250e-01 6.442591547966003418e-01 5.926229953765869141e-01 3.153973817825317383e-02 1.024053096771240234e-01 9.675455689430236816e-01
9.314002990722656250e-01 6.442591547966003418e-01 5.926229953765869141e-01 3.153973817825317383e-02 1.024053096771240234e-01 9.675455689430236816e-01
9.314002990722656250e-01 6.442591547966003418e-01 5.926229953765869141e-01 3.153973817825317383e-02 1.024053096771240234e-01 9.675455689430236816e-01
9.314002990722656250e-01 6.442591547966003418e-01 5.926229953765869141e-01 3.153973817825317383e-02 1.024053096771240234e-01 9.675455689430236816e-01
9.314002990722656250e-01 6.442591547966003418e-01 5.926229953765869141e-01 3.153973817825317383e-02 1.024053096771240234e-01 9.675455689430236816e-01
9.314002990722656250e-01 6.442591547966003418e-01 5.926229953765869141e-01 3.153973817825317383e-02 1.024053096771240234e-01 9.675455689430236816e-01
9.314002990722656250e-01 6.442591547966003418e-01 5.926229953765869141e-01 3.153973817825317383e-02 1.024053096771240234e-01 9.675455689430236816e-01
9.314002990722656250e-01 6.442591547966003418e-01 5.926229953765869141e-01 3.153973817825317383e-02 1.024053096771240234e-01 9.675455689430236816e-01
9.314002990722656250e-01 6.442591547966003418e-01 5.926229953765869141e-01 3.153973817825317383e-02 1.024053096771240234e-01 9.675455689430236816e-01
9.314002990722656250e-01 6.442591547966003418e-01 5.926229953765869141e-01 3.153973817825317383e-02 1.024053096771240234e-01 9.675455689430236816e-01
9.314002990722656250e-01 6.442591547966003418e-01 5.926229953765869141e-01 3.153973817825317383e-02 1.024053096771240234e-01 9.675455689430236816e-01
9.314002990722656250e-01 6.442591547966003418e-01 5.926229953765869141e-01 3.153973817825317383e-02 1.024053096771240234e-01 9.675455689430236816e-01
9.314002990722656250e-01 6.442591547966003418e-01 5.926229953765869141e-01 3.153973817825317383e-02 1.024053096771240234e-01 9.675455689430236816e-01
9.314002990722656250e-01 6.442591547966003418e-01 5.926229953765869141e-01 3.153973817825317383e-02 1.024053096771240234e-01 9.675455689430236816e-01
9.314002990722656250e-01 6.442591547966003418e-01 5.926229953765869141e-01 3.153973817825317383e-02 1.024053096771240234e-01 9.675455689430236816e-01
9.314002990722656250e-01 6.442591547966003418e-01 5.926229953765869141e-01 3.153973817825317383e-02 1.024053096771240234e-01 9.675455689430236816e-01
9.314002990722656250e-01 6.442591547966003418e-01 5.926229953765869141e-01 3.153973817825317383e-02 1.024053096771240234e-01 9.675455689430236816e-01
9.314002990722656250e-01 6.442591547966003418e-01 5.926229953765869141e-01 3.153973817825317383e-02 1.024053096771240234e-01 9.675455689430236816e-01
9.314002990722656250e-01 6.442591547966003418e-01 5.926229953765869141e-01 3.153973817825317383e-02 1.024053096771240234e-01 9.675455689430236816e-01
9.314002990722656250e-01 6.442591547966003418e-01 5.926229953765869141e-01 3.153973817825317383e-02 1.024053096771240234e-01 9.675455689430236816e-01
9.314002990722656250e-01 6.442591547966003418e-01 5.926229953765869141e-01 3.153973817825317383e-02 1.024053096771240234e-01 9.675455689430236816e-01
9.314002990722656250e-01 6.442591547966003418e-01 5.926229953765869141e-01 3.153973817825317383e-02 1.024053096771240234e-01 9.675455689430236816e-01
9.314002990722656250e-01 6.442591547966003418e-01 5.926229953765869141e-01 3.153973817825317383e-02 1.024053096771240234e-01 9.675455689430236816e-01
9.314002990722656250e-01 6.442591547966003418e-01 5.926229953765869141e-01 3.153973817825317383e-02 1.024053096771240234e-01 9.675455689430236816e-01
9.314002990722656250e-01 6.442591547966003418e-01 5.926229953765869141e-01 3.153973817825317383e-02 1.024053096771240234e-01 9.675455689430236816e-01
9.314002990722656250e-01 6.442591547966003418e-01 5.926229953765869141e-01 3.153973817825317383e-02 1.024053096771240234e-01 9.675455689430236816e-01
9.314002990722656250e-01 6.442591547966003418e-01 5.926229953765869141e-01 3.153973817825317383e-02 1.024053096771240234e-01 9.675455689430236816e-01
9.314002990722656250e-01 6.442591547966003418e-01 5.926229953765869141e-01 3.153973817825317383e-02 1.024053096771240234e-01 9.675455689430236816e-01
9.314002990722656250e-01 6.442591547966003418e-01 5.926229953765869141e-01 3.153973817825317383e-02 1.024053096771240234e-01 9.675455689430236816e-01
9.314002990722656250e-01 6.442591547966003418e-01 5.926229953765869141e-01 3.153973817825317383e-02 1.024053096771240234e-01 9.675455689430236816e-01
9.314002990722656250e-01 6.442591547966003418e-01 5.926229953765869141e-01 3.153973817825317383e-02 1.024053096771240234e-01 9.675455689430236816e-01
9.314002990722656250e-01 6.442591547966003418e-01 5.926229953765869141e-01 3.153973817825317383e-02 1.024053096771240234e-01 9.675455689430236816e-01
6.742708683013916016e-01 2.918392419815063477e-02 6.175577640533447266e-02 1.239565610885620117e-01 8.621993660926818848e-01 4.509863257408142090e-01
6.742708683013916016e-01 2.918392419815063477e-02 6.175577640533447266e-02 1.239565610885620117e-01 8.621993660926818848e-01 4.509863257408142090e-01
6.742708683013916016e-01 2.918392419815063477e-02 6.175577640533447266e-02 1.239565610885620117e-01 8.621993660926818848e-01 4.509863257408142090e-01
6.742708683013916016e-01 2.918392419815063477e-02 6.175577640533447266e-02 1.239565610885620117e-01 8.621993660926818848e-01 4.509863257408142090e-01
6.742708683013916016e-01 2.918392419815063477e-02 6.175577640533447266e-02 1.239565610885620117e-01 8.621993660926818848e-01 4.509863257408142090e-01
6.742708683013916016e-01 2.918392419815063477e-02 6.175577640533447266e-02 1.239565610885620117e-01 8.621993660926818848e-01 4.509863257408142090e-01
6.742708683013916016e-01 2.918392419815063477e-02 6.175577640533447266e-02 1.239565610885620117e-01 8.621993660926818848e-01 4.509863257408142090e-01
6.742708683013916016e-01 2.918392419815063477e-02 6.175577640533447266e-02 1.239565610885620117e-01 8.621993660926818848e-01 4.509863257408142090e-01
6.742708683013916016e-01 2.918392419815063477e-02 6.175577640533447266e-02 1.239565610885620117e-01 8.621993660926818848e-01 4.509863257408142090e-01
6.742708683013916016e-01 2.918392419815063477e-02 6.175577640533447266e-02 1.239565610885620117e-01 8.621993660926818848e-01 4.509863257408142090e-01
9.272550344467163086e-01 2.474707365036010742e-01 6.343105435371398926e-01 2.886249423027038574e-01 6.708120703697204590e-01 7.117558717727661133e-01
9.272550344467163086e-01 2.474707365036010742e-01 6.343105435371398926e-01 2.886249423027038574e-01 6.708120703697204590e-01 7.117558717727661133e-01
9.272550344467163086e-01 2.474707365036010742e-01 6.343105435371398926e-01 2.886249423027038574e-01 6.708120703697204590e-01 7.117558717727661133e-01
