7.623988796145240165e-01
8.263560852073330576e-01
9.822472488841058613e-01
9.867316738991722680e-01
9.866924155264702456e-01
1.203997238010991788e+00
9.688837404368604300e-01
1.477236139254642033e+00
1.521709054609134748e+00
1.533347387431386100e+00
1.543822458920950824e+00
1.544055880564666694e+00
1.364194147848354355e+00
1.544131680344474455e+00
1.544100860127168406e+00
1.544094889363014644e+00
1.544118067016895246e+00
1.503693245652057753e+00
1.895719613514603941e+00
1.837058693888430128e+00
1.952244800722667151e+00
1.902245513761715134e+00
1.955198747865669828e+00
1.955676495080612476e+00
1.955675482314565894e+00
1.955683233822814504e+00
1.955665714730692173e+00
1.955633990965088165e+00
1.955652253841044352e+00
1.955647116732345037e+00
1.955656142239157402e+00
1.955646029921117579e+00
1.955652994732650862e+00
1.955680106788024508e+00
1.955678870157110172e+00
1.955678006278350534e+00
1.955684938952205965e+00
1.955686296222933773e+00
1.955681374027952613e+00
1.955685267971424945e+00
1.955682151583385764e+00
1.955689163305273981e+00
1.955689162887311872e+00
1.955688027027770115e+00
1.955664451396483150e+00
1.955681750008405384e+00
1.955622974498576916e+00
1.955624962458292426e+00
1.955629880658385833e+00
1.955624863628106613e+00
1.955668251907824118e+00
1.955662740570832447e+00
1.955686390002222552e+00
1.955687678466769164e+00
1.955649401947611832e+00
1.955644043025002610e+00
1.955621286025265526e+00
1.955608934261174880e+00
1.955621852801868288e+00
1.955613328649593363e+00
1.955065908284154608e+00
1.955196697135385575e+00
1.955217201018808026e+00
1.954568244867210813e+00
1.954722297402505138e+00
1.954564512502463547e+00
1.954552833994140482e+00
1.954550478907803646e+00
1.954529703417843711e+00
1.954723479613585724e+00
1.954755680644638671e+00
1.954763838989711733e+00
1.954754073969679595e+00
1.954743147814798743e+00
1.954740823883227119e+00
1.954785682121363610e+00
1.954773070902247945e+00
1.954711010192410559e+00
1.954716116628739231e+00
1.954712352891719407e+00
1.954675903534069503e+00
1.954655309813789543e+00
1.954629317024195068e+00
1.954761875506420887e+00
1.954800708230229223e+00
1.954757768688515807e+00
1.954882239152697432e+00
1.954805078599192836e+00
1.954899789733636428e+00
1.954961431839338903e+00
1.954959421677862741e+00
1.954947542915681957e+00
1.955008951066022460e+00
1.954872132028762977e+00
1.954848742388473282e+00
1.954656310188809698e+00
1.954677778812124789e+00
1.954667592979378199e+00
1.954644346843302571e+00
1.954655826773565419e+00
