2.414706255876245322e+00
2.414706255876245322e+00
2.414706255876245322e+00
2.414706255876245322e+00
2.414706255876245322e+00
2.414706255876245322e+00
2.500143431791062909e+00
2.500143431791062909e+00
2.536322647019262799e+00
2.536322647019262799e+00
2.536322647019262799e+00
2.536322647019262799e+00
2.536322647019262799e+00
2.536322647019262799e+00
2.536322647019262799e+00
2.581497861178676967e+00
2.581497861178676967e+00
2.584218230776078595e+00
2.595416984454958165e+00
2.595416984454958165e+00
2.595416984454958165e+00
2.595416984454958165e+00
2.595416984454958165e+00
2.595416984454958165e+00
2.595416984454958165e+00
2.595416984454958165e+00
2.595416984454958165e+00
2.595416984454958165e+00
2.595416984454958165e+00
2.596966651986227337e+00
2.596966651986227337e+00
2.596966651986227337e+00
2.596966651986227337e+00
2.596966651986227337e+00
2.596966651986227337e+00
2.596966651986227337e+00
2.596966651986227337e+00
2.596966651986227337e+00
2.596966651986227337e+00
2.596966651986227337e+00
2.596966651986227337e+00
2.596966651986227337e+00
2.596966651986227337e+00
2.596966651986227337e+00
2.596966651986227337e+00
2.596966651986227337e+00
2.596966651986227337e+00
2.596966651986227337e+00
2.596966651986227337e+00
2.596966651986227337e+00
