-9.820840184800567751e-01
-1.245956790377981349e+00
-6.259320594966119033e-01
-1.561042961860632294e+00
-1.437455947113473798e+00
-8.790609046485589051e-01
-6.227315850192128854e-01
-2.720950191063034596e-01
-3.444369900363183357e-01
-7.000647138484532572e-01
-5.748638733542750234e-01
-3.922400150685354525e-01
-7.490649144509349266e-01
1.372017793617249515e-01
4.926042086337086845e-01
1.028406172933803708e-01
4.941955349724636015e-02
5.099920691211821122e-01
1.309470873680201319e-01
-4.802547882722728589e-01
-9.310223070854550809e-03
-5.325219768300717416e-01
4.938328079081444333e-02
-8.204254354450464248e-01
-7.290018909460085350e-01
-7.288696778090341111e-01
-1.591263129563687262e-01
-1.625792809415524953e+00
5.623609512117229148e-01
5.674455751539936310e-03
3.366062179319718739e-01
-2.902375695584744064e-01
5.703766751300498594e-02
-3.192697098305297132e-01
5.434205001107725863e-01
8.675466305608824369e-01
1.321290349352638449e-01
8.964340312006576772e-01
-1.202357663415474009e+00
-3.616468769579810338e-01
-9.010613630209668434e-01
-9.204185212552759010e-01
-1.243817104720146727e+00
-8.550243521573854810e-01
-1.464360723351107452e-02
-8.179685461024068793e-01
-6.447413035238888090e-01
-1.976926941066149412e-01
8.380543547178685992e-01
-9.869002647568941855e-01
-7.842059657192221866e-01
8.988605479404372378e-01
3.513571022969294022e-01
6.400819912725341787e-01
-3.521253004717883606e-02
8.914404855980324616e-01
-1.491362013997812985e+00
-4.372052826195373942e-01
-8.936947535606527548e-01
-3.998736705418809434e-01
-2.374619134206591986e-01
-1.205207249114956580e+00
-1.363689478792543097e+00
-3.859101696615544475e-01
-1.001052417141789497e-01
3.699031975816307050e-01
-1.360808172696708507e+00
1.081088911895021348e-01
-1.353127556124683051e-01
-1.447114192946345579e+00
3.296153116956477280e-01
-1.040059928803335199e-01
-9.028302468304558737e-01
-1.452209332850813883e+00
-1.239249391382270415e+00
-4.739882943785531100e-01
-1.431070718306481915e-02
-9.233681840072587299e-01
-2.101269098760004006e+00
3.110225794949183498e-01
9.030509935005255340e-01
2.051714706355717288e-02
-5.893219140231479303e-01
-9.002638988526006081e-01
-1.102773521239735821e+00
-1.242195907541586930e+00
-9.874345178399420719e-01
6.428913003303570184e-01
1.999481553455842997e-01
-1.186947638093726942e+00
-1.953952815914024921e+00
-1.285874797073293774e+00
-3.785833377607878969e-01
-7.699363921027216895e-01
-1.917993082352272172e+00
-2.152097845139614662e+00
-2.965209054902605557e-01
-8.942725017867063642e-01
-7.717492104818520771e-01
-1.985594730471497371e+00
-1.742828071868640916e-01
-9.279859424015172165e-01
3.520062001969176402e-02
-1.231491769140619308e+00
2.126605412527202144e-01
-5.403898281636685397e-01
-1.148300433908964191e-01
-1.008654500102935447e+00
-1.444905441986578776e+00
-3.009367264710676171e-01
