3.792446851730346680e-01 6.823536753654479980e-01 7.916285395622253418e-01 4.437498450279235840e-01 8.027722835540771484e-01 8.768521547317504883e-01
3.871794939041137695e-01 3.014280796051025391e-01 1.956551074981689453e-01 8.760565519332885742e-01 8.094454407691955566e-01 7.832960486412048340e-01
5.145698785781860352e-01 4.594699740409851074e-01 9.266183376312255859e-01 7.693230509757995605e-01 5.789792537689208984e-02 7.203215956687927246e-01
5.308418273925781250e-01 9.679166674613952637e-01 4.182754158973693848e-01 2.937409281730651855e-01 6.947423815727233887e-01 6.607576012611389160e-01
4.179403781890869141e-01 6.868404150009155273e-01 8.941632509231567383e-01 4.843397140502929688e-01 9.574314951896667480e-01 6.137965321540832520e-01
3.176665306091308594e-01 1.254737377166748047e-03 2.020998001098632812e-01 4.657812714576721191e-01 3.508689403533935547e-01 2.057123184204101562e-02
3.441833853721618652e-01 1.748071908950805664e-01 4.618656635284423828e-01 7.347851991653442383e-01 2.036986351013183594e-01 9.480472207069396973e-01
4.473912715911865234e-01 3.767857551574707031e-01 3.111017942428588867e-01 1.732321381568908691e-01 5.652239322662353516e-01 9.858494400978088379e-01
2.940368652343750000e-02 6.300278306007385254e-01 3.596836924552917480e-01 5.606815814971923828e-01 7.052901983261108398e-01 1.997715234756469727e-01
4.244134426116943359e-01 6.990611553192138672e-03 7.848197817802429199e-01 1.201210618019104004e-01 3.113381862640380859e-01 9.102283120155334473e-01
1.000000000000000000e+00 0.000000000000000000e+00 0.000000000000000000e+00 0.000000000000000000e+00 0.000000000000000000e+00 1.000000000000000000e+00
0.000000000000000000e+00 1.715123802423477173e-01 0.000000000000000000e+00 1.724421679973602295e-01 1.200862303376197815e-01 1.000000000000000000e+00
1.000000000000000000e+00 3.423055708408355713e-01 0.000000000000000000e+00 1.000000000000000000e+00 1.418596482835710049e-03 0.000000000000000000e+00
0.000000000000000000e+00 0.000000000000000000e+00 2.035169899463653564e-01 0.000000000000000000e+00 1.461976766586303711e-01 1.000000000000000000e+00
0.000000000000000000e+00 0.000000000000000000e+00 1.000000000000000000e+00 0.000000000000000000e+00 1.000000000000000000e+00 0.000000000000000000e+00
0.000000000000000000e+00 0.000000000000000000e+00 1.000000000000000000e+00 1.000000000000000000e+00 5.708084702491760254e-01 0.000000000000000000e+00
0.000000000000000000e+00 0.000000000000000000e+00 5.874197483062744141e-01 0.000000000000000000e+00 1.000000000000000000e+00 0.000000000000000000e+00
0.000000000000000000e+00 0.000000000000000000e+00 3.552093803882598877e-01 1.000000000000000000e+00 0.000000000000000000e+00 1.000000000000000000e+00
2.147610336542129517e-01 4.699200689792633057e-01 1.601501554250717163e-02 9.830667972564697266e-01 9.928649663925170898e-01 7.846648991107940674e-02
1.000000000000000000e+00 0.000000000000000000e+00 1.000000000000000000e+00 0.000000000000000000e+00 1.000000000000000000e+00 0.000000000000000000e+00
0.000000000000000000e+00 0.000000000000000000e+00 0.000000000000000000e+00 0.000000000000000000e+00 0.000000000000000000e+00 0.000000000000000000e+00
0.000000000000000000e+00 5.660196542739868164e-01 4.818476736545562744e-01 0.000000000000000000e+00 0.000000000000000000e+00 1.000000000000000000e+00
0.000000000000000000e+00 0.000000000000000000e+00 1.000000000000000000e+00 1.300224661827087402e-01 1.000000000000000000e+00 0.000000000000000000e+00
0.000000000000000000e+00 0.000000000000000000e+00 4.954198747873306274e-02 1.000000000000000000e+00 1.557557284832000732e-01 1.000000000000000000e+00
9.902073740959167480e-01 0.000000000000000000e+00 4.742107391357421875e-01 1.000000000000000000e+00 0.000000000000000000e+00 1.000000000000000000e+00
0.000000000000000000e+00 0.000000000000000000e+00 5.102567672729492188e-01 1.000000000000000000e+00 0.000000000000000000e+00 0.000000000000000000e+00
0.000000000000000000e+00 0.000000000000000000e+00 7.978256344795227051e-01 0.000000000000000000e+00 0.000000000000000000e+00 0.000000000000000000e+00
0.000000000000000000e+00 0.000000000000000000e+00 0.000000000000000000e+00 0.000000000000000000e+00 1.000000000000000000e+00 0.000000000000000000e+00
9.920731186866760254e-01 5.963422060012817383e-01 1.724811196327209473e-01 1.184063255786895752e-01 9.985321164131164551e-01 4.052256792783737183e-02
1.000000000000000000e+00 1.000000000000000000e+00 0.000000000000000000e+00 0.000000000000000000e+00 0.000000000000000000e+00 1.000000000000000000e+00
1.000000000000000000e+00 0.000000000000000000e+00 4.112678766250610352e-01 0.000000000000000000e+00 0.000000000000000000e+00 0.000000000000000000e+00
0.000000000000000000e+00 1.000000000000000000e+00 1.607530564069747925e-01 1.000000000000000000e+00 0.000000000000000000e+00 1.000000000000000000e+00
0.000000000000000000e+00 0.000000000000000000e+00 0.000000000000000000e+00 0.000000000000000000e+00 8.781527876853942871e-01 0.000000000000000000e+00
1.059285402297973633e-01 7.842664420604705811e-02 1.468320041894912720e-01 2.111038193106651306e-02 8.627418875694274902e-01 4.214316308498382568e-01
1.401295661926269531e-01 8.814904093742370605e-01 1.213835030794143677e-01 8.991681784391403198e-02 4.839018732309341431e-02 1.599027812480926514e-01
2.720883488655090332e-02 5.697525143623352051e-01 2.867861650884151459e-03 2.764006853103637695e-01 9.496082663536071777e-01 5.841239094734191895e-01
1.000000000000000000e+00 0.000000000000000000e+00 0.000000000000000000e+00 0.000000000000000000e+00 4.787563979625701904e-01 2.428233772516250610e-01
8.611830472946166992e-01 2.271398156881332397e-02 9.440337419509887695e-01 2.932867407798767090e-01 9.632325768470764160e-01 8.397624492645263672e-01
9.959669709205627441e-01 8.906489610671997070e-01 9.450530409812927246e-01 5.788880586624145508e-01 6.285237669944763184e-01 2.825501561164855957e-02
8.735486268997192383e-01 7.814332842826843262e-02 9.248779416084289551e-01 8.387976884841918945e-01 8.919996023178100586e-02 7.451872527599334717e-02
9.611311554908752441e-01 5.356044769287109375e-01 4.117247462272644043e-01 8.517201542854309082e-01 1.721047759056091309e-01 9.583662152290344238e-01
1.300683896988630295e-02 2.049068920314311981e-02 3.728618621826171875e-01 6.128776669502258301e-01 2.194302082061767578e-01 7.010649442672729492e-01
1.942108124494552612e-01 7.475446164608001709e-02 8.481571674346923828e-01 8.803094625473022461e-01 7.994570732116699219e-01 9.506975412368774414e-01
3.710696995258331299e-01 9.882850646972656250e-01 9.370275139808654785e-01 9.434963464736938477e-01 1.109196245670318604e-01 6.477244496345520020e-01
6.325956434011459351e-02 5.709964036941528320e-01 9.921965003013610840e-01 1.282331347465515137e-01 2.344373017549514771e-01 1.949479430913925171e-01
2.867681384086608887e-01 7.524158060550689697e-02 2.065478265285491943e-01 6.276093721389770508e-01 3.823057562112808228e-02 5.862035155296325684e-01
4.043881222605705261e-02 6.831342354416847229e-03 2.967240288853645325e-02 6.820414215326309204e-02 7.399556636810302734e-01 3.133920431137084961e-01
8.994090557098388672e-01 9.403775930404663086e-01 9.268476963043212891e-01 8.860715478658676147e-02 1.874320954084396362e-01 9.583885073661804199e-01
1.189620941877365112e-01 3.146906197071075439e-02 9.867576360702514648e-01 1.411625295877456665e-01 7.990221381187438965e-01 8.189399838447570801e-01
7.051308453083038330e-02 9.319953322410583496e-01 8.105697631835937500e-01 2.492483854293823242e-01 9.537472724914550781e-01 6.443676352500915527e-02
7.837538421154022217e-02 1.259615272283554077e-02 2.155812233686447144e-01 9.205966442823410034e-02 8.406666517257690430e-01 9.982887506484985352e-01
1.143632177263498306e-02 2.882923185825347900e-02 9.939512610435485840e-01 6.128919124603271484e-01 6.598978489637374878e-02 7.838159203529357910e-01
7.515708915889263153e-03 1.818053424358367920e-02 5.827262997627258301e-01 7.335329651832580566e-01 9.930882453918457031e-01 3.295217454433441162e-01
8.735867738723754883e-01 1.843178831040859222e-02 9.489150643348693848e-01 8.974004387855529785e-01 4.416649341583251953e-01 6.858477592468261719e-01
3.976653888821601868e-02 8.728672564029693604e-02 5.574241876602172852e-01 9.200296401977539062e-01 1.836760640144348145e-01 8.995876908302307129e-01
2.323042452335357666e-01 3.493059054017066956e-02 7.794858813285827637e-01 9.303376674652099609e-01 9.085092544555664062e-01 2.174120768904685974e-02
5.356382727622985840e-01 5.368350073695182800e-03 7.635134458541870117e-02 9.954701066017150879e-01 5.277251005172729492e-01 3.760265409946441650e-01
2.569341361522674561e-01 1.620673388242721558e-02 8.497011065483093262e-01 4.145322740077972412e-02 7.047816514968872070e-01 2.895313203334808350e-01
9.978967905044555664e-01 9.846768975257873535e-01 7.008385062217712402e-01 1.202173344790935516e-02 1.897224225103855133e-02 3.026304394006729126e-02
4.006930440664291382e-02 4.938976094126701355e-02 2.118644416332244873e-01 5.021477937698364258e-01 7.491558194160461426e-01 5.433169007301330566e-02
9.841392040252685547e-01 8.929395675659179688e-01 2.382363379001617432e-02 9.689877033233642578e-01 5.164689421653747559e-01 4.930619522929191589e-02
5.316559672355651855e-01 7.919626235961914062e-01 9.975791573524475098e-01 3.323179483413696289e-02 9.471337199211120605e-01 8.018720149993896484e-02
2.344478964805603027e-01 9.823498725891113281e-01 1.735640130937099457e-02 9.767242074012756348e-01 2.111161649227142334e-01 7.583895325660705566e-02
6.771376729011535645e-01 9.059348702430725098e-01 1.231645699590444565e-02 9.181536436080932617e-01 8.145082592964172363e-01 9.939177036285400391e-01
6.867817044258117676e-02 9.283049106597900391e-01 4.200014844536781311e-02 2.086084894835948944e-02 4.610857367515563965e-01 8.297510147094726562e-01
9.482550621032714844e-01 9.494182653725147247e-03 8.659828305244445801e-01 1.607649773359298706e-02 4.787743091583251953e-02 7.451309561729431152e-01
1.644288599491119385e-01 9.465983510017395020e-01 4.735483229160308838e-01 9.484376311302185059e-01 9.030289053916931152e-01 2.680766023695468903e-02
8.022725582122802734e-03 1.234105695039033890e-02 1.670221388339996338e-01 1.248515304177999496e-02 5.953698158264160156e-01 2.815123200416564941e-01
8.510077595710754395e-01 4.798799753189086914e-02 1.314875483512878418e-02 1.420357525348663330e-01 5.457489490509033203e-01 9.342942833900451660e-01
2.958820387721061707e-02 8.989995121955871582e-01 9.216725230216979980e-01 9.276441335678100586e-01 7.912917733192443848e-01 3.900008648633956909e-02
9.970296621322631836e-01 2.341494113206863403e-01 9.495486021041870117e-01 9.941793084144592285e-01 3.625920116901397705e-01 9.257202148437500000e-01
8.704473972320556641e-01 7.857457995414733887e-01 7.368870973587036133e-01 9.898324012756347656e-01 9.430557489395141602e-01 5.456046015024185181e-02
1.082646846771240234e-01 1.863896846771240234e-02 8.188956230878829956e-02 1.369146406650543213e-01 3.715838789939880371e-01 8.964895606040954590e-01
1.068383008241653442e-01 3.065713942050933838e-01 2.771973609924316406e-02 7.889287546277046204e-03 3.317207843065261841e-02 3.768851235508918762e-02
7.747196555137634277e-01 8.861775398254394531e-01 1.591296494007110596e-02 8.186018094420433044e-04 3.009251356124877930e-01 5.953105688095092773e-01
3.299817740917205811e-01 5.983137711882591248e-02 6.881155967712402344e-01 9.669967293739318848e-01 5.277552828192710876e-02 9.364786744117736816e-01
3.688104152679443359e-01 4.194650352001190186e-01 3.869449794292449951e-01 3.541957736015319824e-01 9.743221998214721680e-01 6.784760951995849609e-01
8.601182103157043457e-01 9.421600699424743652e-01 7.603771686553955078e-01 7.882957458496093750e-01 9.665375351905822754e-01 4.555289819836616516e-02
1.005043983459472656e-01 9.172908216714859009e-02 5.829823389649391174e-02 9.910081624984741211e-01 2.661092206835746765e-03 5.823757126927375793e-02
1.189435739070177078e-02 5.613935738801956177e-02 3.062237612903118134e-02 9.668119549751281738e-01 6.461197137832641602e-01 6.693892180919647217e-03
6.554746627807617188e-02 2.542348578572273254e-03 2.565773017704486847e-02 3.216338157653808594e-01 8.377528786659240723e-01 9.343444108963012695e-01
2.145529985427856445e-01 6.015750765800476074e-01 3.734488487243652344e-01 7.731903195381164551e-01 7.762287557125091553e-02 3.587249517440795898e-01
9.540522098541259766e-02 8.785806298255920410e-01 9.841306805610656738e-01 2.655054070055484772e-02 8.177895545959472656e-01 9.748979806900024414e-01
8.580421209335327148e-01 9.911184906959533691e-01 8.632196187973022461e-01 9.892390370368957520e-01 9.000358581542968750e-01 8.487580418586730957e-01
9.722054600715637207e-01 8.189292997121810913e-02 9.666410684585571289e-01 9.362332820892333984e-01 5.751622468233108521e-02 7.969623804092407227e-01
8.296542167663574219e-01 4.375087469816207886e-02 8.739455342292785645e-01 9.970168471336364746e-01 2.248148471117019653e-01 9.783856272697448730e-01
6.245824694633483887e-01 2.793588340282440186e-01 2.459103912115097046e-01 1.187377274036407471e-01 5.401411652565002441e-01 9.947630167007446289e-01
7.104321718215942383e-01 8.271180391311645508e-01 9.529121518135070801e-01 5.211044549942016602e-01 4.748279228806495667e-02 5.872963666915893555e-01
2.696647122502326965e-02 8.989108800888061523e-01 1.533633377403020859e-02 2.948620021343231201e-01 8.852643370628356934e-01 2.069931477308273315e-02
6.670422554016113281e-01 9.917095899581909180e-01 1.573972702026367188e-01 3.862631022930145264e-01 8.125246316194534302e-02 6.424943208694458008e-01
5.061275959014892578e-01 4.382077977061271667e-02 3.523985669016838074e-02 6.046732515096664429e-02 9.767123460769653320e-01 5.700383707880973816e-02
8.515145182609558105e-01 2.127640321850776672e-02 8.768643140792846680e-01 6.927697658538818359e-01 3.482319787144660950e-02 9.598945379257202148e-01
1.998079866170883179e-01 8.659663200378417969e-01 4.935572147369384766e-01 5.030808448791503906e-01 8.151043057441711426e-01 8.270094394683837891e-01
2.358198761940002441e-01 6.721260547637939453e-01 1.807857006788253784e-01 6.953735947608947754e-01 4.999299645423889160e-01 1.770041882991790771e-01
5.935502648353576660e-01 2.678335607051849365e-01 4.004550278186798096e-01 4.962674677371978760e-01 5.914992094039916992e-01 8.051578998565673828e-01
6.660524606704711914e-01 7.977349758148193359e-01 1.481557488441467285e-01 9.213836193084716797e-01 5.938180685043334961e-01 8.156113028526306152e-01
4.416900873184204102e-01 5.496197342872619629e-01 9.230890274047851562e-01 1.601813137531280518e-01 6.687235236167907715e-01 3.249870836734771729e-01
4.047985374927520752e-02 2.744216918945312500e-01 9.832251071929931641e-01 7.364535331726074219e-01 7.048760056495666504e-01 6.588046550750732422e-01
4.478422924876213074e-02 4.729649797081947327e-02 7.402817606925964355e-01 9.579157233238220215e-01 6.271777302026748657e-02 9.879898428916931152e-01
8.981101214885711670e-03 6.295957565307617188e-01 5.410619378089904785e-01 1.559100449085235596e-01 2.353051453828811646e-01 4.399396777153015137e-01
8.640007376670837402e-01 9.261047840118408203e-01 9.826564788818359375e-01 1.411099079996347427e-02 9.047427177429199219e-01 9.483216404914855957e-01
3.218846321105957031e-01 1.221294477581977844e-01 5.270946621894836426e-01 9.973894357681274414e-01 7.103040814399719238e-01 2.296382635831832886e-01
8.532330989837646484e-01 1.890496015548706055e-01 4.128904044628143311e-01 3.605521619319915771e-01 1.185976490378379822e-01 4.599067941308021545e-02
4.895995557308197021e-01 7.244285941123962402e-01 8.130156397819519043e-01 1.540490239858627319e-01 1.975294351577758789e-01 2.196482867002487183e-01
8.738357424736022949e-01 4.432098865509033203e-01 3.230950832366943359e-01 7.589868307113647461e-01 1.502746343612670898e-01 8.315263390541076660e-01
7.150468826293945312e-01 6.660352349281311035e-01 2.298781126737594604e-01 3.083391487598419189e-01 5.281942486763000488e-01 5.129902958869934082e-01
1.419815570116043091e-01 2.127964049577713013e-02 9.964479207992553711e-01 9.965395927429199219e-01 3.912595659494400024e-02 5.014383196830749512e-01
8.302696943283081055e-01 1.267119944095611572e-01 3.415021300315856934e-01 9.857009053230285645e-01 9.065538644790649414e-01 8.611188828945159912e-02
3.558312058448791504e-01 4.657505154609680176e-01 9.827890992164611816e-01 9.431140422821044922e-01 2.769931554794311523e-01 6.372370719909667969e-01
2.000558748841285706e-02 1.657833755016326904e-01 6.177828311920166016e-01 1.386948227882385254e-01 8.787712454795837402e-01 8.187682032585144043e-01
