7.034697551626262202e-01
7.034697551626262202e-01
7.034697551626262202e-01
7.034697551626262202e-01
7.048954098420248116e-01
9.067760881117101768e-01
9.067760881117101768e-01
9.067760881117101768e-01
9.067760881117101768e-01
9.067760881117101768e-01
9.067760881117101768e-01
9.067760881117101768e-01
9.067760881117101768e-01
9.067760881117101768e-01
9.067760881117101768e-01
9.067760881117101768e-01
9.067760881117101768e-01
9.266031990434088206e-01
9.266031990434088206e-01
9.266031990434088206e-01
9.266031990434088206e-01
9.266031990434088206e-01
9.266031990434088206e-01
9.266031990434088206e-01
9.266031990434088206e-01
9.266031990434088206e-01
9.266031990434088206e-01
9.266031990434088206e-01
9.266031990434088206e-01
9.266031990434088206e-01
9.266031990434088206e-01
9.266031990434088206e-01
9.266031990434088206e-01
9.266031990434088206e-01
9.266031990434088206e-01
9.266031990434088206e-01
9.266031990434088206e-01
9.266031990434088206e-01
9.266031990434088206e-01
9.266031990434088206e-01
9.266031990434088206e-01
9.266031990434088206e-01
9.266031990434088206e-01
9.266031990434088206e-01
9.266031990434088206e-01
9.266031990434088206e-01
9.266031990434088206e-01
9.266031990434088206e-01
9.266031990434088206e-01
9.266031990434088206e-01
9.266031990434088206e-01
9.266031990434088206e-01
9.266031990434088206e-01
9.266031990434088206e-01
9.266031990434088206e-01
9.266031990434088206e-01
9.266031990434088206e-01
9.266031990434088206e-01
9.266031990434088206e-01
9.266031990434088206e-01
9.266031990434088206e-01
9.266031990434088206e-01
9.266031990434088206e-01
9.266031990434088206e-01
9.266031990434088206e-01
9.266031990434088206e-01
9.266031990434088206e-01
9.266031990434088206e-01
9.266031990434088206e-01
9.266031990434088206e-01
9.266031990434088206e-01
9.266031990434088206e-01
9.266031990434088206e-01
9.266031990434088206e-01
9.266031990434088206e-01
9.266031990434088206e-01
9.266031990434088206e-01
9.266031990434088206e-01
9.266031990434088206e-01
9.266031990434088206e-01
9.266031990434088206e-01
9.266031990434088206e-01
9.266031990434088206e-01
9.266031990434088206e-01
9.266031990434088206e-01
9.266031990434088206e-01
9.266031990434088206e-01
9.266031990434088206e-01
9.266031990434088206e-01
9.266031990434088206e-01
9.266031990434088206e-01
9.266031990434088206e-01
9.266031990434088206e-01
9.266031990434088206e-01
9.266031990434088206e-01
9.266031990434088206e-01
9.266031990434088206e-01
9.266031990434088206e-01
9.266031990434088206e-01
9.266031990434088206e-01
