2.838342785835266113e-01 1.552439928054809570e-01 9.906226396560668945e-01 7.344980239868164062e-01
7.136076092720031738e-01 1.847991943359375000e-01 2.118980288505554199e-01 2.139008045196533203e-02
7.691358923912048340e-01 3.766570687294006348e-01 7.364149689674377441e-01 1.028383374214172363e-01
8.737677335739135742e-01 9.397341609001159668e-01 2.666306495666503906e-01 8.172355890274047852e-01
1.801097393035888672e-01 1.895614862442016602e-01 4.334939718246459961e-01 5.341806411743164062e-01
8.220940828323364258e-02 6.011193394660949707e-01 3.465414643287658691e-01 1.531248688697814941e-01
5.256583094596862793e-01 3.263084888458251953e-01 7.623340487480163574e-01 9.781594276428222656e-01
9.637175202369689941e-01 5.078215599060058594e-01 4.785096645355224609e-02 6.295972466468811035e-01
4.961925148963928223e-01 6.677114367485046387e-01 7.370131015777587891e-01 7.810859084129333496e-01
4.588988423347473145e-01 6.027672886848449707e-01 3.592476844787597656e-01 5.045372843742370605e-01
8.551397919654846191e-01 1.713469624519348145e-01 1.820558309555053711e-02 9.270781278610229492e-02
7.989371418952941895e-01 7.977604866027832031e-03 3.772844076156616211e-01 6.605703234672546387e-01
6.131268143653869629e-01 9.456789493560791016e-01 1.021193861961364746e-01 5.259767174720764160e-01
5.123710632324218750e-02 9.603109359741210938e-01 2.221226096153259277e-01 6.808183193206787109e-01
2.694450020790100098e-01 6.581351161003112793e-01 3.719733953475952148e-01 8.575987219810485840e-01
7.178013324737548828e-01 1.475887298583984375e-01 4.626419544219970703e-01 3.253734111785888672e-02
5.591154098510742188e-02 8.227248787879943848e-01 2.784953713417053223e-01 3.891161680221557617e-01
5.000282526016235352e-01 7.514052987098693848e-01 1.667613983154296875e-01 9.555745124816894531e-01
7.324290275573730469e-01 1.473748683929443359e-02 5.589417219161987305e-01 9.253399372100830078e-01
2.870696187019348145e-01 4.021443128585815430e-01 7.393744587898254395e-01 3.700946569442749023e-01
7.052344083786010742e-01 7.633661627769470215e-01 3.316009044647216797e-01 2.304952144622802734e-01
2.709987759590148926e-01 1.870871186256408691e-01 6.992747187614440918e-01 2.987710237503051758e-01
1.680018305778503418e-01 4.065434932708740234e-01 4.945419430732727051e-01 3.969033360481262207e-01
1.973315477371215820e-01 6.409447789192199707e-01 4.281336069107055664e-02 2.600258588790893555e-02
9.781696796417236328e-01 6.882716417312622070e-01 2.595855593681335449e-01 1.567029953002929688e-01
1.075230836868286133e-01 3.709867596626281738e-01 3.502291440963745117e-01 2.872340679168701172e-01
9.438223838806152344e-01 2.011495828628540039e-01 5.950766205787658691e-01 2.181977629661560059e-01
4.529520869255065918e-01 1.597973704338073730e-01 6.177780628204345703e-01 3.865176439285278320e-01
9.929645657539367676e-01 5.085803270339965820e-01 3.171551227569580078e-01 8.741328716278076172e-01
6.954457759857177734e-01 2.894401550292968750e-02 5.866418480873107910e-01 9.339256882667541504e-01
3.227418661117553711e-01 6.760126352310180664e-02 7.782675623893737793e-01 5.724246501922607422e-01
6.227734088897705078e-01 5.278434753417968750e-01 9.773896336555480957e-01 7.298561930656433105e-01
1.549118757247924805e-01 7.082858085632324219e-01 5.375733375549316406e-01 9.157517552375793457e-01
2.028766274452209473e-01 7.233672738075256348e-01 7.357165813446044922e-01 1.172703504562377930e-01
3.427041172981262207e-01 2.017291188240051270e-01 4.989135265350341797e-02 3.415436148643493652e-01
6.180340051651000977e-01 2.536389231681823730e-01 8.654782176017761230e-01 5.348727703094482422e-01
1.385353803634643555e-01 9.157407879829406738e-01 2.715790271759033203e-01 5.668156743049621582e-01
5.054283738136291504e-01 8.480423688888549805e-02 6.915826201438903809e-01 8.957928419113159180e-01
3.563297986984252930e-01 2.471200227737426758e-01 8.001329302787780762e-01 1.365401744842529297e-01
8.987290859222412109e-01 7.291203737258911133e-01 1.547908186912536621e-01 3.176845908164978027e-01
5.134678483009338379e-01 7.583433985710144043e-01 9.530478119850158691e-01 6.937042474746704102e-01
2.449922561645507812e-01 9.713991880416870117e-01 7.799488902091979980e-01 2.043207883834838867e-01
1.392748355865478516e-01 5.832160711288452148e-01 4.817381501197814941e-01 5.568600893020629883e-01
7.066658735275268555e-01 1.080182790756225586e-01 2.877538800239562988e-01 2.889186143875122070e-02
4.499279260635375977e-01 1.625086665153503418e-01 2.355943918228149414e-01 6.367688179016113281e-01
5.237661600112915039e-01 7.118281722068786621e-01 4.676232933998107910e-01 5.193674564361572266e-02
9.055981040000915527e-01 8.779188394546508789e-01 1.381564140319824219e-02 9.771400094032287598e-01
7.997713088989257812e-01 8.551707267761230469e-01 8.418635129928588867e-01 9.757526516914367676e-01
5.528054237365722656e-01 5.821732878684997559e-01 5.848751664161682129e-01 2.018210291862487793e-01
2.392817139625549316e-01 8.182793855667114258e-01 2.412185668945312500e-01 7.838754057884216309e-01
8.898379206657409668e-01 1.372574567794799805e-01 8.029437065124511719e-01 9.741216897964477539e-01
2.496804594993591309e-01 8.113145828247070312e-02 3.654199838638305664e-01 2.775855660438537598e-01
7.514538168907165527e-01 2.759992480278015137e-01 8.733304738998413086e-01 7.962386012077331543e-01
1.638013124465942383e-01 6.525524258613586426e-01 4.691956043243408203e-01 2.932159304618835449e-01
4.242694377899169922e-02 2.586153149604797363e-01 1.008226871490478516e-01 3.587017059326171875e-01
8.475761413574218750e-01 2.260061502456665039e-01 5.081069469451904297e-02 5.544505715370178223e-01
5.066113471984863281e-01 6.062520742416381836e-01 8.344983458518981934e-01 8.769125342369079590e-01
8.984060287475585938e-01 1.602305769920349121e-01 9.049779772758483887e-01 7.841600179672241211e-01
2.395761013031005859e-02 7.321379184722900391e-01 8.982187509536743164e-01 2.913208007812500000e-01
3.379734754562377930e-01 2.735221982002258301e-01 7.155262231826782227e-01 9.504919648170471191e-01
1.734630465507507324e-01 5.664193630218505859e-01 1.774399280548095703e-01 6.564006209373474121e-01
4.242426156997680664e-02 8.656985163688659668e-01 1.239019036293029785e-01 5.596561431884765625e-01
9.985629320144653320e-01 1.074987053871154785e-01 4.654681682586669922e-01 8.350430727005004883e-01
5.078470110893249512e-01 7.573164105415344238e-01 9.064636826515197754e-01 7.497133612632751465e-01
1.751312613487243652e-01 2.436464428901672363e-01 8.617955446243286133e-02 8.179426193237304688e-03
8.804044127464294434e-01 2.310912013053894043e-01 6.244248151779174805e-02 4.314517378807067871e-01
8.505163192749023438e-01 9.483033418655395508e-02 8.737280368804931641e-01 7.175096273422241211e-01
2.659629583358764648e-01 8.049501776695251465e-01 6.496614813804626465e-01 9.448477029800415039e-01
2.624781131744384766e-01 2.166523933410644531e-01 2.753162384033203125e-02 2.730573415756225586e-01
1.185935139656066895e-01 6.642597913742065430e-01 8.140627741813659668e-01 4.314615726470947266e-01
2.856619954109191895e-01 6.348783969879150391e-01 2.010887265205383301e-01 9.340968728065490723e-01
4.307694435119628906e-01 1.200631260871887207e-01 3.749728202819824219e-01 7.905654311180114746e-01
3.863232731819152832e-01 1.089374423027038574e-01 5.490449666976928711e-01 7.274529933929443359e-01
6.525459289550781250e-01 2.365981340408325195e-01 3.240206837654113770e-01 7.272562980651855469e-01
3.254261016845703125e-01 4.916060566902160645e-01 7.007384300231933594e-02 3.828600049018859863e-01
8.748711347579956055e-01 6.470449566841125488e-01 5.110193490982055664e-01 2.007387280464172363e-01
2.305420637130737305e-01 1.891512274742126465e-01 5.222415328025817871e-01 7.838058471679687500e-02
3.944414854049682617e-02 1.254155635833740234e-01 2.292789816856384277e-01 9.257770180702209473e-01
5.451290607452392578e-01 6.428638100624084473e-01 6.083146333694458008e-01 9.802798032760620117e-01
5.037186145782470703e-01 7.822020053863525391e-01 9.370763301849365234e-01 5.533941984176635742e-01
2.858225703239440918e-01 5.265341401100158691e-01 5.245614051818847656e-02 2.752996683120727539e-01
2.972983717918395996e-01 6.760762333869934082e-01 7.099922895431518555e-01 3.593128323554992676e-01
3.974024057388305664e-01 6.940979957580566406e-01 4.989899992942810059e-01 6.582117080688476562e-01
3.066030740737915039e-01 4.361765384674072266e-01 4.712896943092346191e-01 1.793141365051269531e-01
5.290573835372924805e-01 9.769545793533325195e-01 7.580034136772155762e-01 2.247729301452636719e-01
7.422382831573486328e-01 1.650723814964294434e-01 5.119222402572631836e-01 1.541221141815185547e-02
5.975260734558105469e-01 6.398711204528808594e-01 5.362024307250976562e-01 6.913179755210876465e-01
7.778758406639099121e-01 2.029947042465209961e-01 9.982817769050598145e-01 6.083419322967529297e-01
3.879408240318298340e-01 7.696505784988403320e-01 8.121430873870849609e-02 1.635164022445678711e-01
5.131303071975708008e-01 2.180950641632080078e-01 1.163184046745300293e-01 2.513269782066345215e-01
9.522406458854675293e-01 5.158819556236267090e-01 5.332543253898620605e-01 3.398240208625793457e-01
1.320624351501464844e-02 4.453301429748535156e-02 6.091220378875732422e-01 1.644298434257507324e-01
2.022856473922729492e-01 5.789766311645507812e-01 8.221411108970642090e-01 3.629345893859863281e-01
5.204364061355590820e-01 1.423281431198120117e-02 4.553785324096679688e-01 5.224242210388183594e-01
9.821543097496032715e-01 1.345350742340087891e-01 5.010352134704589844e-01 5.262326598167419434e-01
1.681452989578247070e-01 3.172781467437744141e-01 4.296430945396423340e-01 2.658441066741943359e-01
5.548094511032104492e-01 7.165012955665588379e-01 7.144070267677307129e-01 2.344647049903869629e-01
8.104339241981506348e-01 3.948205709457397461e-02 2.064493298530578613e-01 3.613658547401428223e-01
1.777946949005126953e-01 9.385512471199035645e-01 1.489523649215698242e-01 9.192805886268615723e-01
3.068600296974182129e-01 4.101618528366088867e-01 6.547030210494995117e-01 6.667663455009460449e-01
2.948082685470581055e-01 6.028548479080200195e-01 2.927748560905456543e-01 4.586943984031677246e-01
4.678791761398315430e-01 5.872265100479125977e-01 1.335586309432983398e-01 2.314091920852661133e-01
1.721335053443908691e-01 3.618903756141662598e-01 8.146720528602600098e-01 6.020879745483398438e-02
5.983597040176391602e-01 9.914350509643554688e-02 8.235061168670654297e-02 8.696634173393249512e-01
6.311593055725097656e-01 5.600801110267639160e-01 6.604951620101928711e-02 3.421585559844970703e-01
3.298163414001464844e-01 7.889004349708557129e-01 8.942294120788574219e-02 5.542642474174499512e-01
9.934574365615844727e-01 3.160773515701293945e-01 1.340774893760681152e-01 6.916173100471496582e-01
5.524839162826538086e-01 2.826381325721740723e-01 9.802191257476806641e-01 5.289286971092224121e-01
9.543556571006774902e-01 3.914618492126464844e-01 8.066883683204650879e-01 4.557098746299743652e-01
5.966679453849792480e-01 1.131577491760253906e-01 6.724681258201599121e-01 5.568864941596984863e-01
