5.156285870069777788e-01
5.199245112578354533e-01
4.740018968074259376e-01
5.352218913504174225e-01
7.915828370403483749e-01
7.847464096322811500e-01
7.916293991641091266e-01
7.916313126284548751e-01
7.916319787599674918e-01
7.916366755751926831e-01
7.916381026822933986e-01
7.916368155146376040e-01
7.916332811627637689e-01
7.916352013067886606e-01
7.916394866126764684e-01
7.916423444641186302e-01
7.916423834735447640e-01
7.916419822675870854e-01
7.916419111357836380e-01
7.916411158925464875e-01
7.916430066132686960e-01
7.916443090651544834e-01
7.916428700168336441e-01
7.916427209194987213e-01
7.916417594637269461e-01
7.916403248222821931e-01
7.916410198267563869e-01
7.916432682741660898e-01
7.916032933403456262e-01
7.916011888847230837e-01
7.915997121054515473e-01
7.915834822152002515e-01
7.915838369327501400e-01
7.915860269550173411e-01
7.915794553873706230e-01
7.915619955567897437e-01
7.915602218538111412e-01
7.915586232881850481e-01
7.915956892497713060e-01
7.915912071564950026e-01
7.915758115300474129e-01
7.915624371527844039e-01
7.915554267829655322e-01
7.914913719372433931e-01
7.914702541497578014e-01
7.914629037175302528e-01
7.915262261226636564e-01
7.916185539217346356e-01
7.916306356138783640e-01
7.916302688159743139e-01
7.916274088810244525e-01
7.916493729394080692e-01
7.916494141171156462e-01
7.916494898198043195e-01
7.916493962784512117e-01
7.916494702192465871e-01
7.916481628613686317e-01
7.916421785918277276e-01
7.916386694759175446e-01
7.915630597088110232e-01
7.915836803494173957e-01
7.916086969189207734e-01
7.915970272373202832e-01
7.915845637016145631e-01
7.915712637654455097e-01
7.915968377007999157e-01
7.916434510536710656e-01
7.916484789245065157e-01
7.916480194222900169e-01
7.916473074610722582e-01
7.916343900742779383e-01
7.916386331188921544e-01
7.916396082287432412e-01
7.916393727779669209e-01
7.916460522955853785e-01
7.916445951890991317e-01
7.916480886123142824e-01
7.916481359320345357e-01
7.916489815514701212e-01
7.916488119209452723e-01
7.916380214200225973e-01
7.916336773872802990e-01
7.916368671267797197e-01
7.916455882216060225e-01
7.916457482965553183e-01
7.916476764623403550e-01
7.916466921677487445e-01
7.916468741331331715e-01
7.922191709397375936e-01
7.922143685209809272e-01
7.922176582629396613e-01
7.922234214706289634e-01
7.922221716805866176e-01
7.917000024944425007e-01
7.919121650900472487e-01
7.915914414784395170e-01
7.916078794211220959e-01
7.916060074841336780e-01
7.915834418475722334e-01
7.915832280855807923e-01
