1.000000000000000000e+00 1.000000000000000000e+00 0.000000000000000000e+00 1.000000000000000000e+00 1.000000000000000000e+00 1.000000000000000000e+00
1.000000000000000000e+00 1.000000000000000000e+00 0.000000000000000000e+00 1.000000000000000000e+00 1.000000000000000000e+00 3.654636776390229325e-01
1.000000000000000000e+00 1.000000000000000000e+00 0.000000000000000000e+00 1.000000000000000000e+00 1.000000000000000000e+00 3.974334503999693013e-01
1.000000000000000000e+00 1.000000000000000000e+00 0.000000000000000000e+00 1.000000000000000000e+00 1.000000000000000000e+00 4.158123069228381596e-01
1.000000000000000000e+00 1.000000000000000000e+00 7.316169587468061009e-01 1.000000000000000000e+00 1.000000000000000000e+00 1.000000000000000000e+00
1.000000000000000000e+00 1.000000000000000000e+00 6.878340911410447678e-01 1.000000000000000000e+00 1.000000000000000000e+00 9.221719172908584561e-01
1.000000000000000000e+00 1.000000000000000000e+00 1.000000000000000000e+00 1.000000000000000000e+00 1.000000000000000000e+00 1.000000000000000000e+00
1.000000000000000000e+00 1.000000000000000000e+00 5.423608082611784953e-01 1.000000000000000000e+00 1.000000000000000000e+00 1.000000000000000000e+00
1.000000000000000000e+00 1.000000000000000000e+00 5.697956508076772453e-01 1.000000000000000000e+00 1.000000000000000000e+00 1.000000000000000000e+00
1.000000000000000000e+00 1.000000000000000000e+00 5.297500253252541702e-01 1.000000000000000000e+00 1.000000000000000000e+00 1.000000000000000000e+00
1.000000000000000000e+00 1.000000000000000000e+00 5.679446837753825417e-01 1.000000000000000000e+00 1.000000000000000000e+00 1.000000000000000000e+00
1.000000000000000000e+00 1.000000000000000000e+00 5.452961972765111298e-01 1.000000000000000000e+00 1.000000000000000000e+00 1.000000000000000000e+00
1.000000000000000000e+00 1.000000000000000000e+00 4.763356991660118167e-01 1.000000000000000000e+00 1.000000000000000000e+00 1.000000000000000000e+00
1.000000000000000000e+00 1.000000000000000000e+00 5.860318338815562189e-01 1.000000000000000000e+00 1.000000000000000000e+00 4.557795214047697385e-01
1.000000000000000000e+00 8.700564108892108184e-01 4.635018167499510011e-01 1.000000000000000000e+00 1.000000000000000000e+00 1.973150695616013583e-01
1.000000000000000000e+00 7.985077323959181017e-01 6.431484694310322103e-01 1.000000000000000000e+00 1.000000000000000000e+00 5.664459655594203946e-01
1.000000000000000000e+00 7.900434538361723602e-01 6.441930613668801486e-01 1.000000000000000000e+00 1.000000000000000000e+00 5.583312420892230232e-01
1.000000000000000000e+00 8.105163584172677682e-01 6.760331396256885617e-01 1.000000000000000000e+00 1.000000000000000000e+00 5.489739019359894945e-01
1.000000000000000000e+00 8.263092296487911659e-01 6.977933631077127830e-01 1.000000000000000000e+00 1.000000000000000000e+00 5.789940727814383292e-01
1.000000000000000000e+00 8.416714050281792758e-01 6.000420106832070610e-01 1.000000000000000000e+00 1.000000000000000000e+00 5.646600606383215259e-01
1.000000000000000000e+00 9.133246004072609336e-01 5.614641598120346799e-01 1.000000000000000000e+00 1.000000000000000000e+00 5.160958234204345851e-01
1.000000000000000000e+00 9.029482836554321157e-01 5.515524104260816074e-01 1.000000000000000000e+00 1.000000000000000000e+00 5.168758687595631507e-01
1.000000000000000000e+00 9.607972771577616422e-01 5.882855224792812310e-01 1.000000000000000000e+00 1.000000000000000000e+00 5.525002590131867786e-01
1.000000000000000000e+00 9.990157220155206907e-01 5.482044336592919453e-01 1.000000000000000000e+00 1.000000000000000000e+00 5.474794720395014247e-01
1.000000000000000000e+00 1.000000000000000000e+00 5.558681084785607185e-01 1.000000000000000000e+00 1.000000000000000000e+00 5.307965050846085164e-01
1.000000000000000000e+00 1.000000000000000000e+00 5.801048736619902613e-01 1.000000000000000000e+00 1.000000000000000000e+00 4.911148786366276719e-01
1.000000000000000000e+00 9.801466292990776985e-01 5.968305604201803449e-01 1.000000000000000000e+00 1.000000000000000000e+00 5.184801531007299236e-01
1.000000000000000000e+00 9.983822332727008142e-01 5.831896594465427741e-01 1.000000000000000000e+00 1.000000000000000000e+00 5.126620116473893374e-01
1.000000000000000000e+00 9.799444531541416925e-01 5.208182763091534495e-01 1.000000000000000000e+00 1.000000000000000000e+00 5.824517258504434691e-01
1.000000000000000000e+00 9.784877996216581053e-01 5.210141167495092596e-01 1.000000000000000000e+00 1.000000000000000000e+00 5.736215844729017910e-01
1.000000000000000000e+00 9.139733707880853819e-01 5.016851933281565312e-01 1.000000000000000000e+00 1.000000000000000000e+00 3.703240401046516417e-01
7.917000543416767844e-01 1.000000000000000000e+00 5.275643656295667672e-01 1.000000000000000000e+00 1.000000000000000000e+00 5.842168107678923361e-01
7.981091316747859210e-01 9.963894563901934953e-01 5.184927263703213995e-01 1.000000000000000000e+00 1.000000000000000000e+00 5.824199199613099287e-01
9.651572034157434032e-01 9.300343484710075215e-01 4.157759468669049996e-01 1.000000000000000000e+00 1.000000000000000000e+00 5.753402735154895531e-01
9.252430948208094641e-01 9.658086462064143785e-01 4.316012591454047032e-01 1.000000000000000000e+00 1.000000000000000000e+00 5.447297686172855036e-01
1.000000000000000000e+00 1.000000000000000000e+00 4.506322499979263374e-01 1.000000000000000000e+00 1.000000000000000000e+00 7.286371206021908797e-01
1.000000000000000000e+00 1.000000000000000000e+00 4.762459887276035975e-01 1.000000000000000000e+00 1.000000000000000000e+00 6.632089227929501840e-01
1.000000000000000000e+00 1.000000000000000000e+00 4.916008585742136505e-01 1.000000000000000000e+00 1.000000000000000000e+00 6.692744122872033019e-01
1.000000000000000000e+00 1.000000000000000000e+00 4.929132212208652830e-01 1.000000000000000000e+00 1.000000000000000000e+00 6.713832410194304767e-01
1.000000000000000000e+00 1.000000000000000000e+00 4.502332433690102165e-01 1.000000000000000000e+00 1.000000000000000000e+00 6.782010106028244500e-01
1.000000000000000000e+00 1.000000000000000000e+00 4.540026662546718383e-01 1.000000000000000000e+00 1.000000000000000000e+00 6.820200598057182262e-01
1.000000000000000000e+00 1.000000000000000000e+00 4.490907856226687422e-01 1.000000000000000000e+00 1.000000000000000000e+00 6.908645639531940663e-01
1.000000000000000000e+00 1.000000000000000000e+00 4.475757268427812408e-01 1.000000000000000000e+00 1.000000000000000000e+00 6.915380043273698929e-01
1.000000000000000000e+00 1.000000000000000000e+00 4.454377822106123652e-01 1.000000000000000000e+00 1.000000000000000000e+00 7.137493371342092940e-01
1.000000000000000000e+00 1.000000000000000000e+00 4.440539317307694023e-01 1.000000000000000000e+00 1.000000000000000000e+00 7.161520445486012632e-01
1.000000000000000000e+00 1.000000000000000000e+00 4.229982725934358645e-01 1.000000000000000000e+00 1.000000000000000000e+00 7.150382597594541201e-01
1.000000000000000000e+00 1.000000000000000000e+00 4.242826255404991698e-01 1.000000000000000000e+00 1.000000000000000000e+00 7.175880099837459447e-01
1.000000000000000000e+00 1.000000000000000000e+00 4.462971893249963462e-01 1.000000000000000000e+00 1.000000000000000000e+00 7.021766547566226091e-01
1.000000000000000000e+00 1.000000000000000000e+00 4.447495052750038425e-01 1.000000000000000000e+00 1.000000000000000000e+00 7.041595797634676579e-01
1.000000000000000000e+00 1.000000000000000000e+00 4.433779940773316941e-01 1.000000000000000000e+00 1.000000000000000000e+00 7.028258243026932472e-01
1.000000000000000000e+00 9.989423476833493298e-01 4.585738162264211271e-01 1.000000000000000000e+00 1.000000000000000000e+00 7.448921952918685641e-01
1.000000000000000000e+00 9.761256442277481682e-01 4.560509150205365736e-01 1.000000000000000000e+00 1.000000000000000000e+00 7.111675107305955867e-01
1.000000000000000000e+00 9.149713385974850288e-01 4.071729895919148912e-01 1.000000000000000000e+00 1.000000000000000000e+00 6.906744606959156485e-01
1.000000000000000000e+00 8.593787399878924926e-01 1.904907562943923549e-01 1.000000000000000000e+00 1.000000000000000000e+00 5.102138092000301217e-01
1.000000000000000000e+00 8.444330620301800927e-01 1.460647889254604870e-01 1.000000000000000000e+00 1.000000000000000000e+00 4.922604824807084167e-01
1.000000000000000000e+00 8.456055610800140565e-01 1.444281496383992558e-01 1.000000000000000000e+00 1.000000000000000000e+00 4.917307011472941691e-01
1.000000000000000000e+00 8.451413152297346798e-01 1.382590646908182785e-01 1.000000000000000000e+00 1.000000000000000000e+00 4.906233092943008689e-01
1.000000000000000000e+00 8.463788912993619462e-01 2.221749195717049319e-01 1.000000000000000000e+00 1.000000000000000000e+00 5.490264063057921362e-01
1.000000000000000000e+00 8.260632851771680940e-01 1.513299940487022321e-01 1.000000000000000000e+00 1.000000000000000000e+00 5.072339401583495500e-01
1.000000000000000000e+00 8.425803736590565807e-01 6.430295412514536180e-02 1.000000000000000000e+00 1.000000000000000000e+00 4.591400908902627531e-01
1.000000000000000000e+00 8.607315176615486507e-01 8.981182696381992403e-02 1.000000000000000000e+00 1.000000000000000000e+00 4.787697014936235784e-01
1.000000000000000000e+00 8.492205701461384981e-01 6.027504589592402873e-02 1.000000000000000000e+00 1.000000000000000000e+00 4.553441638392971558e-01
1.000000000000000000e+00 8.243665272721427684e-01 6.578553029007297437e-02 1.000000000000000000e+00 1.000000000000000000e+00 5.395424528736005865e-01
1.000000000000000000e+00 8.201357748944881898e-01 5.322534645526352109e-02 1.000000000000000000e+00 1.000000000000000000e+00 5.075534460197100861e-01
1.000000000000000000e+00 8.003719993159952306e-01 1.492365099896184565e-02 1.000000000000000000e+00 1.000000000000000000e+00 5.169979680032399383e-01
1.000000000000000000e+00 7.949194469476461578e-01 0.000000000000000000e+00 1.000000000000000000e+00 1.000000000000000000e+00 4.909354111299911727e-01
1.000000000000000000e+00 8.116966705828015938e-01 0.000000000000000000e+00 1.000000000000000000e+00 1.000000000000000000e+00 4.808465533227464506e-01
1.000000000000000000e+00 8.322596255185843450e-01 1.510154368010486747e-01 1.000000000000000000e+00 1.000000000000000000e+00 5.230471892439988446e-01
1.000000000000000000e+00 8.365124060902132674e-01 1.685125429116812734e-01 1.000000000000000000e+00 1.000000000000000000e+00 5.344428140452791576e-01
1.000000000000000000e+00 8.377240477545985220e-01 1.699632979607400562e-01 1.000000000000000000e+00 1.000000000000000000e+00 5.371926385174251584e-01
1.000000000000000000e+00 8.591997109308019409e-01 2.516710141985256111e-01 1.000000000000000000e+00 1.000000000000000000e+00 5.494288879375603951e-01
1.000000000000000000e+00 8.407240325297895556e-01 3.177590613463892044e-01 1.000000000000000000e+00 1.000000000000000000e+00 5.590510761991375199e-01
1.000000000000000000e+00 8.427255876575119320e-01 3.183975780435063241e-01 1.000000000000000000e+00 1.000000000000000000e+00 5.602782176562846050e-01
1.000000000000000000e+00 8.350833729182094434e-01 3.329535537716893367e-01 1.000000000000000000e+00 1.000000000000000000e+00 5.980233750055669040e-01
1.000000000000000000e+00 8.380180937184364964e-01 3.217401932011367260e-01 1.000000000000000000e+00 1.000000000000000000e+00 5.910045728442834267e-01
1.000000000000000000e+00 8.415881977079339160e-01 3.427839300843748549e-01 1.000000000000000000e+00 1.000000000000000000e+00 6.003110042924652001e-01
1.000000000000000000e+00 8.244294910967862045e-01 3.270557962718004252e-01 1.000000000000000000e+00 1.000000000000000000e+00 5.779136871094563421e-01
1.000000000000000000e+00 8.186117426166023003e-01 3.290042704882800706e-01 1.000000000000000000e+00 1.000000000000000000e+00 5.832321311969816957e-01
1.000000000000000000e+00 8.178008540772555568e-01 3.290139871777363334e-01 1.000000000000000000e+00 1.000000000000000000e+00 5.867732327311808715e-01
1.000000000000000000e+00 8.210020066993584109e-01 3.009171260690662320e-01 1.000000000000000000e+00 1.000000000000000000e+00 5.742870408007344496e-01
1.000000000000000000e+00 8.206527747595560029e-01 3.016728769963350487e-01 1.000000000000000000e+00 1.000000000000000000e+00 5.662097444124580825e-01
1.000000000000000000e+00 8.212074666707053217e-01 2.912975917662437575e-01 1.000000000000000000e+00 1.000000000000000000e+00 5.655840236118534481e-01
1.000000000000000000e+00 8.215063813159730888e-01 2.898048021037787358e-01 1.000000000000000000e+00 1.000000000000000000e+00 5.642190175779777661e-01
1.000000000000000000e+00 8.111534612838368075e-01 2.318153308815871505e-01 1.000000000000000000e+00 1.000000000000000000e+00 5.380559089676119067e-01
1.000000000000000000e+00 8.051336277079024217e-01 2.281499453502952024e-01 1.000000000000000000e+00 1.000000000000000000e+00 5.328070766793652213e-01
1.000000000000000000e+00 8.004596670238662837e-01 2.327061388845994838e-01 1.000000000000000000e+00 1.000000000000000000e+00 5.328274260655478933e-01
1.000000000000000000e+00 8.213636050132873123e-01 2.908899613987140920e-01 1.000000000000000000e+00 1.000000000000000000e+00 5.466415395735058080e-01
1.000000000000000000e+00 8.222080167546661489e-01 3.054843501486911861e-01 1.000000000000000000e+00 1.000000000000000000e+00 5.518096705873986041e-01
1.000000000000000000e+00 8.260580408473429115e-01 3.182204286107480073e-01 1.000000000000000000e+00 1.000000000000000000e+00 5.659813320506014156e-01
1.000000000000000000e+00 8.254578873770683778e-01 3.236943169141380250e-01 1.000000000000000000e+00 1.000000000000000000e+00 5.665908400660308875e-01
1.000000000000000000e+00 8.299793490833377030e-01 3.169976924433524079e-01 1.000000000000000000e+00 1.000000000000000000e+00 5.627342921662196185e-01
1.000000000000000000e+00 8.140628502501416897e-01 2.922397885557083130e-01 1.000000000000000000e+00 1.000000000000000000e+00 5.433853750635010416e-01
1.000000000000000000e+00 8.142529165816365655e-01 2.894514169006557891e-01 1.000000000000000000e+00 1.000000000000000000e+00 5.431432054554833355e-01
1.000000000000000000e+00 8.088608289821878072e-01 2.824371472452046339e-01 1.000000000000000000e+00 1.000000000000000000e+00 5.395487838196998398e-01
1.000000000000000000e+00 8.088850875758862857e-01 2.863355811365519421e-01 1.000000000000000000e+00 1.000000000000000000e+00 5.410462894080888541e-01
1.000000000000000000e+00 8.107465719590857267e-01 2.881423109386920256e-01 1.000000000000000000e+00 1.000000000000000000e+00 5.533134012510803057e-01
1.000000000000000000e+00 8.109538404708911408e-01 2.805073573613181548e-01 1.000000000000000000e+00 1.000000000000000000e+00 5.477115977959889914e-01
1.000000000000000000e+00 8.013182044059792286e-01 2.992126617200112637e-01 1.000000000000000000e+00 1.000000000000000000e+00 5.509674285251661141e-01
1.000000000000000000e+00 8.042477306634172596e-01 3.006907068493207547e-01 1.000000000000000000e+00 1.000000000000000000e+00 5.497196288566682520e-01
1.000000000000000000e+00 8.061609474031319333e-01 2.925407515543340109e-01 1.000000000000000000e+00 1.000000000000000000e+00 5.468306394867377129e-01
