1.029131034971460523e-01
4.339128526162813193e-01
7.285692616461765247e-01
1.034117761592017848e+00
1.026823901948035855e+00
1.055624068215853528e+00
1.055049448262747491e+00
1.055012992246985082e+00
9.534671475901667081e-01
1.095836452904755509e+00
1.095552777041002068e+00
1.095452437894556930e+00
1.095643725842182281e+00
1.095913435162308325e+00
1.095762148024427063e+00
1.098188539983385725e+00
1.098382705645905455e+00
1.098251854056098153e+00
1.098267640392426081e+00
1.098246956058654966e+00
1.098312331635180605e+00
1.098296374080160120e+00
1.098317350671801362e+00
1.098342758220659077e+00
1.098315216190988597e+00
1.098318561261419468e+00
1.098327544970705727e+00
1.098313711203666054e+00
1.098316887790714791e+00
1.098318797834142657e+00
1.098146122669540592e+00
1.086971615180413853e+00
1.098149295750895149e+00
1.098471929644685208e+00
1.098509242295794275e+00
1.098526699945529650e+00
1.098522257829556370e+00
1.098517442144181677e+00
1.098662915938779960e+00
1.098647402218721592e+00
1.098635310611137506e+00
1.087542304995221754e+00
1.087545203240400049e+00
1.098676809396856413e+00
1.098645921129613345e+00
1.087484781633831554e+00
1.098633014269691177e+00
1.098622728322873332e+00
1.098615190678017273e+00
1.098650393123053348e+00
1.098674775380417801e+00
1.087358892899912499e+00
1.098704281460197718e+00
1.098616651448267811e+00
1.087472053992481369e+00
1.087471131296839255e+00
1.098604409741243293e+00
1.098739833685263179e+00
1.098739191960745654e+00
1.098734216408720821e+00
1.098732771336002889e+00
1.098717463691283758e+00
1.098724473197365770e+00
1.098666017983030097e+00
1.098651253703971875e+00
1.087319375135217259e+00
1.098641874158510889e+00
1.098617247768817640e+00
1.098615130959789798e+00
1.098610998036180675e+00
1.098600851946827994e+00
1.098554190347826420e+00
1.098568646712145380e+00
1.098555375169827819e+00
1.098476737193380348e+00
1.098475362645440434e+00
1.087135803852163463e+00
1.087130517759179238e+00
1.098421454655429841e+00
1.098424932841910229e+00
1.098420327495492010e+00
1.098426654920714229e+00
1.098397022630808850e+00
1.098262039064905160e+00
1.098262779438626824e+00
1.098254654279996689e+00
1.097988336982252289e+00
1.087527538946892136e+00
1.097954395295728691e+00
1.087596985459380772e+00
1.097967095793763059e+00
1.097968099112631268e+00
1.087690109245553538e+00
1.097780308979727781e+00
1.098719829907995438e+00
1.087691210046441537e+00
1.098717776538984836e+00
1.087745216364685685e+00
1.098717933524426371e+00
1.098717272500554953e+00
