4.896455822988466933e-01
4.896455822988466933e-01
4.896455822988466933e-01
4.896455822988466933e-01
4.896455822988466933e-01
4.896455822988466933e-01
4.896455822988466933e-01
4.896455822988466933e-01
7.754874303171391814e-01
7.754874303171391814e-01
7.754874303171391814e-01
7.754874303171391814e-01
7.754874303171391814e-01
7.754874303171391814e-01
7.754874303171391814e-01
8.433846218339589029e-01
8.433846218339589029e-01
8.433846218339589029e-01
8.433846218339589029e-01
8.433846218339589029e-01
8.433846218339589029e-01
8.433846218339589029e-01
9.070313482139137351e-01
9.070313482139137351e-01
9.070313482139137351e-01
9.070313482139137351e-01
9.070313482139137351e-01
9.070313482139137351e-01
9.070313482139137351e-01
9.070313482139137351e-01
9.070313482139137351e-01
9.070313482139137351e-01
9.070313482139137351e-01
9.070313482139137351e-01
9.070313482139137351e-01
9.070313482139137351e-01
9.070313482139137351e-01
9.070313482139137351e-01
9.070313482139137351e-01
9.070313482139137351e-01
9.070313482139137351e-01
9.070313482139137351e-01
9.070313482139137351e-01
9.070313482139137351e-01
9.070313482139137351e-01
1.071530127326020043e+00
1.226869396979337612e+00
1.226869396979337612e+00
1.226869396979337612e+00
1.250902761122411722e+00
