8.466899110979989596e-01
1.374408792275416680e+00
1.531395363075312988e+00
1.604921763598786910e+00
1.577248648873551318e+00
1.566855142886460550e+00
1.563215254655109021e+00
1.563425495585890168e+00
1.573934879600375147e+00
1.573876545624427692e+00
1.576475954166209448e+00
1.576069074649677493e+00
1.578590474034564206e+00
1.576979069253667820e+00
1.574504208794630600e+00
1.575903693854380005e+00
1.575645139389254545e+00
1.574918195658904230e+00
1.565929633445244606e+00
1.558389429152678307e+00
1.575786506796364339e+00
1.578686749947831647e+00
1.578066680485648909e+00
1.578544853852503538e+00
1.577031749526636606e+00
1.579041930982131525e+00
1.577290180581310874e+00
1.585599851880188371e+00
1.585558716885634434e+00
1.584338304830586797e+00
1.560410740630904680e+00
1.579583330626740612e+00
1.578885876044826775e+00
1.566278123953579016e+00
1.572870269286990919e+00
1.575026556036430492e+00
1.562156792735232003e+00
1.559112341140520330e+00
1.551451775921817600e+00
1.548666623254096431e+00
1.553310601553284931e+00
1.577462110822811070e+00
1.633889515834332951e+00
1.633479896187347791e+00
1.634554773651543114e+00
1.634686763765040407e+00
1.634174592278706095e+00
1.634167719017832532e+00
1.631935708544548280e+00
1.631961577305133027e+00
1.632056609973166594e+00
1.632806280019999612e+00
1.633382091083986465e+00
1.633403002099534707e+00
1.633220953308997414e+00
1.635234806760168080e+00
1.635257086597124321e+00
1.635267455438833117e+00
1.635268428845445765e+00
1.635271445895442266e+00
1.635274261233353288e+00
1.635274554600256058e+00
1.635285725998508743e+00
1.635009223351960639e+00
1.635027400610927106e+00
1.635020438211158389e+00
1.635035528404424898e+00
1.635067147917370622e+00
1.635269339604370042e+00
1.635285962499535284e+00
1.635273448276592045e+00
1.635272344005664458e+00
1.635225937009439301e+00
1.635204394406590822e+00
1.635183560494505972e+00
1.635159902524333964e+00
1.635282066942912893e+00
1.635248136311990175e+00
1.635236814813574746e+00
1.635254450427015005e+00
1.635263733180194023e+00
1.635262286350382288e+00
1.635284634787559144e+00
1.635235625643816526e+00
1.635240997370708271e+00
1.635236852074870573e+00
1.635247433939910566e+00
1.635248067087712531e+00
1.635252500383571839e+00
1.635225994395549387e+00
1.635225755306241702e+00
1.635222853738601101e+00
1.635230345194307322e+00
1.635225459659686020e+00
1.635238626153469710e+00
1.635234684751169398e+00
1.635153533679368554e+00
1.635181279591556347e+00
1.635168049144712032e+00
1.635205880458609595e+00
