2.152945663315365188e+00
2.270439381024309089e+00
1.826942189617099643e+00
1.444396850101654639e+00
1.727798291162030209e+00
1.730653572613034763e+00
1.693421006327027412e+00
2.382364747548841422e+00
2.185943860856068621e+00
1.999655775978201433e+00
1.832645506032042793e+00
1.694709906128397892e+00
2.225537782470724757e+00
2.270454502463371771e+00
2.471550667775105126e+00
2.432889283934642322e+00
2.014651262955832856e+00
2.103328020796258357e+00
2.318291246858886989e+00
2.014195409395952652e+00
1.548489308478089965e+00
2.218470613193221919e+00
2.004291730200675747e+00
2.408116574534696852e+00
1.792732153171390452e+00
2.584006214098351961e+00
2.274873089751617616e+00
2.370981823767916552e+00
1.822612869996061313e+00
1.306690800346275161e+00
2.363303112155675123e+00
2.853819958780515975e+00
1.592769156670629016e+00
2.879680761029535851e+00
2.750801425177956006e+00
1.943173703299204913e+00
2.410743854119104856e+00
2.146687168870884399e+00
2.255786726514923402e+00
2.721374457741968733e+00
2.577681774189616526e+00
2.926036549490320215e+00
1.609394685567023364e+00
1.853194650089075690e+00
2.667477557989847092e+00
2.359913167197562167e+00
1.967347555498947020e+00
2.308587191679777995e+00
2.710797846675033540e+00
1.829986827135323457e+00
2.152120481140072705e+00
1.880420202773076754e+00
2.932239035737492117e+00
2.252436812328928450e+00
2.145110445541646094e+00
2.038998524831165948e+00
1.562404989443203940e+00
1.859803423708108472e+00
1.618075784565731645e+00
2.152460088726968479e+00
1.767805314570775943e+00
1.804621667933203888e+00
2.455651786446329865e+00
2.070172242783642425e+00
2.079980903599830455e+00
1.982949560925134636e+00
2.929956856654410746e+00
2.204845534323192524e+00
1.828789937190048231e+00
1.766409546272925235e+00
2.913287721793845542e+00
2.316358476816016587e+00
1.301281564449186634e+00
1.969374817566549085e+00
8.119433106056126448e-01
1.663865841015238045e+00
2.907905614467371613e+00
1.812519029408528493e+00
2.106953697329551733e+00
1.343293968098417723e+00
2.628186392994686038e+00
1.327055601550018338e+00
1.960517846834359368e+00
1.215955069711725622e+00
2.036111504488755219e+00
2.205395881408851455e+00
2.072871375715708009e+00
1.724364726872023246e+00
1.844815674076668133e+00
1.685690571576879959e+00
2.000022613822625139e+00
2.858451338014505794e+00
1.213292644260654640e+00
2.013902883936606436e+00
1.829983226561437304e+00
1.813593848715539636e+00
1.957680957358432616e+00
2.146919677571309748e+00
1.986067402304990459e+00
2.274754451922271770e+00
1.294867597792314307e+00
2.398760703755406176e+00
1.642382945187532917e+00
2.352042157850131154e+00
2.076359551940489823e+00
1.064026989077880625e+00
1.769257605950620649e+00
2.523007016075669906e+00
2.027781848955451771e+00
1.574003937427219002e+00
