3.829472099345010427e-01
3.829472099345010427e-01
3.829472099345010427e-01
3.829472099345010427e-01
3.829472099345010427e-01
3.829472099345010427e-01
3.829472099345010427e-01
3.829472099345010427e-01
3.829472099345010427e-01
3.829472099345010427e-01
3.829472099345010427e-01
3.829472099345010427e-01
3.829472099345010427e-01
3.829472099345010427e-01
3.829472099345010427e-01
3.829472099345010427e-01
3.829472099345010427e-01
3.829472099345010427e-01
3.829472099345010427e-01
3.829472099345010427e-01
3.829472099345010427e-01
3.829472099345010427e-01
6.160434976101082372e-01
6.160434976101082372e-01
6.160434976101082372e-01
6.160434976101082372e-01
6.160434976101082372e-01
6.160434976101082372e-01
6.160434976101082372e-01
6.160434976101082372e-01
6.160434976101082372e-01
6.160434976101082372e-01
6.160434976101082372e-01
6.160434976101082372e-01
6.160434976101082372e-01
6.160434976101082372e-01
6.160434976101082372e-01
6.160434976101082372e-01
6.441961910419587989e-01
6.441961910419587989e-01
6.441961910419587989e-01
6.441961910419587989e-01
6.441961910419587989e-01
6.441961910419587989e-01
6.441961910419587989e-01
6.441961910419587989e-01
6.441961910419587989e-01
6.441961910419587989e-01
8.886259750907009591e-01
8.886259750907009591e-01
8.886259750907009591e-01
8.886259750907009591e-01
8.886259750907009591e-01
8.886259750907009591e-01
8.886259750907009591e-01
8.886259750907009591e-01
8.886259750907009591e-01
8.886259750907009591e-01
8.886259750907009591e-01
8.886259750907009591e-01
8.886259750907009591e-01
8.886259750907009591e-01
8.886259750907009591e-01
8.886259750907009591e-01
8.886259750907009591e-01
8.886259750907009591e-01
8.886259750907009591e-01
8.886259750907009591e-01
8.886259750907009591e-01
8.886259750907009591e-01
8.886259750907009591e-01
8.886259750907009591e-01
8.886259750907009591e-01
8.886259750907009591e-01
8.886259750907009591e-01
8.886259750907009591e-01
8.886259750907009591e-01
8.886259750907009591e-01
8.886259750907009591e-01
8.886259750907009591e-01
8.886259750907009591e-01
8.886259750907009591e-01
8.886259750907009591e-01
8.886259750907009591e-01
8.886259750907009591e-01
8.886259750907009591e-01
8.886259750907009591e-01
8.886259750907009591e-01
8.886259750907009591e-01
8.886259750907009591e-01
8.886259750907009591e-01
8.886259750907009591e-01
8.886259750907009591e-01
8.886259750907009591e-01
8.886259750907009591e-01
8.886259750907009591e-01
8.886259750907009591e-01
8.886259750907009591e-01
8.886259750907009591e-01
8.886259750907009591e-01
