3.298356933080747733e-01 1.000000000000000000e+00 1.000000000000000000e+00 2.273755665671876591e-01 9.532663267818521913e-01 0.000000000000000000e+00
3.601443499226963385e-01 8.275614253742159532e-01 1.000000000000000000e+00 0.000000000000000000e+00 8.825985797648001618e-01 0.000000000000000000e+00
3.988233967825804971e-01 1.000000000000000000e+00 1.000000000000000000e+00 5.359313430318412425e-02 8.002411681548697864e-01 0.000000000000000000e+00
6.337994277168481627e-01 1.000000000000000000e+00 1.000000000000000000e+00 1.465130566323881167e-01 1.000000000000000000e+00 3.494618634182872913e-02
6.506521977821628777e-01 1.000000000000000000e+00 1.000000000000000000e+00 1.758467503297537204e-01 1.000000000000000000e+00 0.000000000000000000e+00
6.424344126553475087e-01 1.000000000000000000e+00 1.000000000000000000e+00 2.925867289059838616e-01 1.000000000000000000e+00 0.000000000000000000e+00
8.197951172539413855e-01 1.000000000000000000e+00 1.000000000000000000e+00 1.097605726522468683e-01 1.000000000000000000e+00 0.000000000000000000e+00
1.244313471957103484e-01 1.581360082018613000e-01 1.000000000000000000e+00 1.000000000000000000e+00 1.000000000000000000e+00 9.861791094831473536e-01
6.649522192416350563e-01 0.000000000000000000e+00 3.277263247263268453e-01 0.000000000000000000e+00 1.000000000000000000e+00 0.000000000000000000e+00
0.000000000000000000e+00 0.000000000000000000e+00 1.000000000000000000e+00 1.000000000000000000e+00 9.709568805310672124e-01 8.318263839295457762e-01
0.000000000000000000e+00 0.000000000000000000e+00 1.000000000000000000e+00 9.865459921275459010e-01 9.893562220681689778e-01 8.656917291170662665e-01
0.000000000000000000e+00 1.000000000000000000e+00 1.000000000000000000e+00 7.079951991646094012e-01 1.000000000000000000e+00 1.000000000000000000e+00
0.000000000000000000e+00 1.000000000000000000e+00 1.000000000000000000e+00 7.130760914005396245e-01 1.000000000000000000e+00 1.000000000000000000e+00
0.000000000000000000e+00 1.000000000000000000e+00 8.991826815979715448e-01 0.000000000000000000e+00 1.000000000000000000e+00 3.496099824323559146e-02
0.000000000000000000e+00 1.000000000000000000e+00 8.883624210249932984e-01 0.000000000000000000e+00 1.000000000000000000e+00 4.812813866907456051e-02
0.000000000000000000e+00 1.000000000000000000e+00 8.739128726037734829e-01 0.000000000000000000e+00 1.000000000000000000e+00 6.406054525689994228e-02
4.226104048790695900e-01 3.621654423870380723e-01 1.000000000000000000e+00 0.000000000000000000e+00 6.578182771757025149e-01 1.000000000000000000e+00
0.000000000000000000e+00 0.000000000000000000e+00 8.814765826123266423e-01 0.000000000000000000e+00 5.152325507346331435e-01 1.000000000000000000e+00
0.000000000000000000e+00 0.000000000000000000e+00 9.580943621917592523e-01 0.000000000000000000e+00 6.052973367696353746e-01 1.000000000000000000e+00
0.000000000000000000e+00 0.000000000000000000e+00 1.000000000000000000e+00 5.553598801951890179e-02 7.435025817986113950e-01 9.496697125839284048e-01
0.000000000000000000e+00 0.000000000000000000e+00 8.978458833880248458e-01 0.000000000000000000e+00 5.375497261863959597e-01 1.000000000000000000e+00
0.000000000000000000e+00 2.060953451483034105e-01 8.746368885739708166e-01 0.000000000000000000e+00 4.774659510350081071e-01 1.000000000000000000e+00
0.000000000000000000e+00 0.000000000000000000e+00 1.000000000000000000e+00 0.000000000000000000e+00 7.861977384943006353e-01 9.125467745388353702e-01
0.000000000000000000e+00 0.000000000000000000e+00 1.000000000000000000e+00 3.946194068519948139e-01 1.000000000000000000e+00 7.136746180212730772e-01
0.000000000000000000e+00 1.000000000000000000e+00 1.000000000000000000e+00 1.233263441416262568e-01 6.935796968055738532e-01 1.000000000000000000e+00
0.000000000000000000e+00 1.000000000000000000e+00 1.000000000000000000e+00 1.460054469253111720e-01 6.075035880574499725e-01 1.000000000000000000e+00
0.000000000000000000e+00 1.000000000000000000e+00 1.000000000000000000e+00 1.032998203474009280e-01 5.920211588322927820e-01 1.000000000000000000e+00
0.000000000000000000e+00 8.947010054301473003e-01 1.000000000000000000e+00 9.974852737212665243e-02 6.156422112092095889e-01 1.000000000000000000e+00
0.000000000000000000e+00 9.077030263452527947e-01 1.000000000000000000e+00 1.357815544719160050e-01 6.310733424462279251e-01 1.000000000000000000e+00
0.000000000000000000e+00 0.000000000000000000e+00 7.085769609896007681e-01 0.000000000000000000e+00 0.000000000000000000e+00 1.000000000000000000e+00
0.000000000000000000e+00 2.722180815922868313e-01 7.192627017761168418e-01 0.000000000000000000e+00 0.000000000000000000e+00 1.000000000000000000e+00
0.000000000000000000e+00 2.402733820438429091e-01 6.968402315136632552e-01 0.000000000000000000e+00 0.000000000000000000e+00 1.000000000000000000e+00
1.489256670454028320e-01 9.298814305756120113e-01 1.000000000000000000e+00 0.000000000000000000e+00 9.032070756772729858e-01 6.032289208043072753e-02
1.471898226987346792e-01 9.820781935447099320e-01 1.000000000000000000e+00 0.000000000000000000e+00 9.018513446464229144e-01 7.552144089662546356e-02
8.855841409338305326e-02 7.176975197826752639e-01 9.671464319927117748e-01 0.000000000000000000e+00 9.086704781738916825e-01 0.000000000000000000e+00
0.000000000000000000e+00 0.000000000000000000e+00 8.368169484139410530e-01 8.295833137732818718e-01 1.000000000000000000e+00 3.210686911588653270e-02
0.000000000000000000e+00 0.000000000000000000e+00 7.645952468258500057e-01 8.566516804412572794e-01 1.000000000000000000e+00 3.995610483920167093e-03
0.000000000000000000e+00 0.000000000000000000e+00 7.661172010722908654e-01 7.395706452380137463e-01 1.000000000000000000e+00 1.278109000040998366e-01
5.285694193373162431e-02 1.000000000000000000e+00 6.658337221059446032e-01 0.000000000000000000e+00 1.000000000000000000e+00 0.000000000000000000e+00
7.357323261363532541e-02 8.056896491880498612e-01 6.372539013138479591e-01 2.133078013263325912e-01 1.000000000000000000e+00 0.000000000000000000e+00
0.000000000000000000e+00 3.715541396809451946e-01 6.946789645708482119e-01 5.602830219374236309e-01 1.000000000000000000e+00 0.000000000000000000e+00
0.000000000000000000e+00 3.614772243976718813e-01 7.005815532242318788e-01 5.664353154422370196e-01 1.000000000000000000e+00 0.000000000000000000e+00
0.000000000000000000e+00 4.596724828134084867e-02 9.815677693048918684e-01 5.872599559414459769e-01 1.000000000000000000e+00 1.609920640203665876e-01
0.000000000000000000e+00 3.005641583047595766e-01 6.980104987666290173e-01 5.437884622003206214e-01 1.000000000000000000e+00 0.000000000000000000e+00
0.000000000000000000e+00 3.158822863343943022e-01 6.940273077579764971e-01 5.410593607867022481e-01 1.000000000000000000e+00 0.000000000000000000e+00
0.000000000000000000e+00 7.679009870749593791e-02 9.531164749050301532e-01 5.754951617371905082e-01 1.000000000000000000e+00 1.570067459047665703e-01
0.000000000000000000e+00 3.032630460354927837e-02 1.000000000000000000e+00 5.410032648844573799e-01 1.000000000000000000e+00 2.033395904534294474e-01
0.000000000000000000e+00 3.015878200935718720e-02 1.000000000000000000e+00 5.389186143510464877e-01 1.000000000000000000e+00 1.953183572254421352e-01
0.000000000000000000e+00 0.000000000000000000e+00 1.000000000000000000e+00 5.637143918612010918e-01 1.000000000000000000e+00 2.868070186305641256e-01
0.000000000000000000e+00 9.748068671714082284e-03 1.000000000000000000e+00 5.313342976546442387e-01 1.000000000000000000e+00 2.755716150531630770e-01
0.000000000000000000e+00 9.718078771902607590e-03 1.000000000000000000e+00 5.255716971785083791e-01 1.000000000000000000e+00 2.385131388624803228e-01
2.570813690186806721e-01 1.000000000000000000e+00 7.155414624815935598e-01 0.000000000000000000e+00 1.000000000000000000e+00 2.648334254638377572e-01
2.558535971510813023e-01 1.000000000000000000e+00 7.614961278746855688e-01 4.449602945443665442e-02 1.000000000000000000e+00 2.743567265523334520e-01
2.435804238464251703e-01 1.000000000000000000e+00 7.480520880301807507e-01 6.161489297075784660e-02 1.000000000000000000e+00 2.602945557154913159e-01
2.473606543565633198e-01 1.000000000000000000e+00 7.608932381664348377e-01 0.000000000000000000e+00 1.000000000000000000e+00 2.824702877615007379e-01
0.000000000000000000e+00 0.000000000000000000e+00 1.000000000000000000e+00 3.888439367132228708e-01 1.000000000000000000e+00 2.866437988559695782e-01
0.000000000000000000e+00 0.000000000000000000e+00 1.000000000000000000e+00 3.926780087634016980e-01 1.000000000000000000e+00 2.960006074671925891e-01
2.926505713302586797e-01 1.000000000000000000e+00 7.968582434419972937e-01 0.000000000000000000e+00 1.000000000000000000e+00 3.519162048704592149e-01
2.785939977866965234e-01 1.000000000000000000e+00 7.816483246251899608e-01 0.000000000000000000e+00 1.000000000000000000e+00 3.415033753450860132e-01
0.000000000000000000e+00 0.000000000000000000e+00 1.000000000000000000e+00 3.833461625159590991e-01 1.000000000000000000e+00 2.862961099503321116e-01
0.000000000000000000e+00 0.000000000000000000e+00 9.895339380248189265e-01 3.991797145893717369e-01 1.000000000000000000e+00 2.804509573453270455e-01
0.000000000000000000e+00 0.000000000000000000e+00 9.971805796855480741e-01 4.289451723699718722e-01 1.000000000000000000e+00 3.617105005248339444e-01
0.000000000000000000e+00 0.000000000000000000e+00 9.999901121627501333e-01 3.742391477691716650e-01 1.000000000000000000e+00 3.512811618133620528e-01
0.000000000000000000e+00 0.000000000000000000e+00 1.000000000000000000e+00 3.760469612632317826e-01 1.000000000000000000e+00 3.582986655840708079e-01
0.000000000000000000e+00 0.000000000000000000e+00 1.000000000000000000e+00 3.472679819707976678e-01 1.000000000000000000e+00 3.591377187231693524e-01
0.000000000000000000e+00 0.000000000000000000e+00 1.000000000000000000e+00 3.434889806507390175e-01 1.000000000000000000e+00 3.577529159506809275e-01
0.000000000000000000e+00 0.000000000000000000e+00 1.000000000000000000e+00 3.381258961034142030e-01 1.000000000000000000e+00 3.548837738972812073e-01
0.000000000000000000e+00 0.000000000000000000e+00 1.000000000000000000e+00 3.216470526114001416e-01 1.000000000000000000e+00 3.372916149570959199e-01
0.000000000000000000e+00 0.000000000000000000e+00 1.000000000000000000e+00 3.263830139843962863e-01 1.000000000000000000e+00 3.493645868852990333e-01
0.000000000000000000e+00 0.000000000000000000e+00 1.000000000000000000e+00 3.063132000581560432e-01 1.000000000000000000e+00 3.429781521866319127e-01
0.000000000000000000e+00 0.000000000000000000e+00 1.000000000000000000e+00 2.904915437725292815e-01 1.000000000000000000e+00 2.459234715596334830e-01
0.000000000000000000e+00 0.000000000000000000e+00 1.000000000000000000e+00 2.870297530363982164e-01 1.000000000000000000e+00 2.533724944703737991e-01
0.000000000000000000e+00 0.000000000000000000e+00 1.000000000000000000e+00 2.772133520645285731e-01 1.000000000000000000e+00 2.185145210407936911e-01
0.000000000000000000e+00 0.000000000000000000e+00 1.000000000000000000e+00 2.751817904095226197e-01 1.000000000000000000e+00 2.118898184521675887e-01
0.000000000000000000e+00 0.000000000000000000e+00 1.000000000000000000e+00 2.646823579065262222e-01 1.000000000000000000e+00 2.144262934800577336e-01
0.000000000000000000e+00 0.000000000000000000e+00 1.000000000000000000e+00 2.452908093454241323e-01 1.000000000000000000e+00 1.610027517230968874e-01
0.000000000000000000e+00 0.000000000000000000e+00 1.000000000000000000e+00 2.484442231317624261e-01 1.000000000000000000e+00 1.431122601281757667e-01
0.000000000000000000e+00 0.000000000000000000e+00 1.000000000000000000e+00 2.753144348605254255e-01 1.000000000000000000e+00 1.830388526712778408e-01
0.000000000000000000e+00 0.000000000000000000e+00 1.000000000000000000e+00 2.317593085839241840e-01 1.000000000000000000e+00 9.975603950624752081e-02
0.000000000000000000e+00 0.000000000000000000e+00 1.000000000000000000e+00 2.372788254762996096e-01 1.000000000000000000e+00 1.223461843074069300e-01
0.000000000000000000e+00 0.000000000000000000e+00 1.000000000000000000e+00 2.513771388524388417e-01 1.000000000000000000e+00 1.632620578354972429e-01
0.000000000000000000e+00 0.000000000000000000e+00 1.000000000000000000e+00 2.356339133851848566e-01 1.000000000000000000e+00 1.397750627391681766e-01
0.000000000000000000e+00 0.000000000000000000e+00 1.000000000000000000e+00 2.423024384058002911e-01 1.000000000000000000e+00 1.554389821558570528e-01
0.000000000000000000e+00 0.000000000000000000e+00 1.000000000000000000e+00 2.411490540690330864e-01 1.000000000000000000e+00 1.604630551006704375e-01
0.000000000000000000e+00 0.000000000000000000e+00 1.000000000000000000e+00 1.813876735447484956e-01 1.000000000000000000e+00 1.467483180340790616e-01
0.000000000000000000e+00 0.000000000000000000e+00 1.000000000000000000e+00 1.412727543776325922e-01 1.000000000000000000e+00 8.362950783135082722e-02
0.000000000000000000e+00 0.000000000000000000e+00 1.000000000000000000e+00 2.388199923498053601e-01 1.000000000000000000e+00 1.391993705713943930e-01
0.000000000000000000e+00 0.000000000000000000e+00 1.000000000000000000e+00 2.302104113507137673e-01 1.000000000000000000e+00 9.782578632713430367e-02
0.000000000000000000e+00 0.000000000000000000e+00 1.000000000000000000e+00 2.281925024553778103e-01 1.000000000000000000e+00 9.222649616156898544e-02
0.000000000000000000e+00 0.000000000000000000e+00 1.000000000000000000e+00 2.423823101218965381e-01 1.000000000000000000e+00 1.643185759097043064e-01
1.574588618125942752e-01 1.000000000000000000e+00 9.532350855304508874e-01 0.000000000000000000e+00 1.000000000000000000e+00 3.630625538002596464e-01
0.000000000000000000e+00 0.000000000000000000e+00 1.000000000000000000e+00 2.520483533821090694e-01 1.000000000000000000e+00 1.759502926161441438e-01
0.000000000000000000e+00 0.000000000000000000e+00 1.000000000000000000e+00 2.184661975495296171e-01 1.000000000000000000e+00 1.267902047286605105e-01
1.674572122593161461e-01 1.000000000000000000e+00 9.255098537894999033e-01 0.000000000000000000e+00 1.000000000000000000e+00 3.599703380930707186e-01
0.000000000000000000e+00 0.000000000000000000e+00 1.000000000000000000e+00 2.036370424940541213e-01 1.000000000000000000e+00 1.774177116053707315e-02
0.000000000000000000e+00 0.000000000000000000e+00 1.000000000000000000e+00 1.968936571062359642e-01 1.000000000000000000e+00 3.029117780787716346e-02
0.000000000000000000e+00 0.000000000000000000e+00 1.000000000000000000e+00 1.659433567690467848e-01 1.000000000000000000e+00 5.578808933478242998e-02
0.000000000000000000e+00 0.000000000000000000e+00 1.000000000000000000e+00 1.643361955194044544e-01 1.000000000000000000e+00 0.000000000000000000e+00
0.000000000000000000e+00 0.000000000000000000e+00 1.000000000000000000e+00 1.823021562381976490e-01 1.000000000000000000e+00 6.180794399058390370e-02
0.000000000000000000e+00 0.000000000000000000e+00 1.000000000000000000e+00 1.980246260428434879e-01 1.000000000000000000e+00 2.835260785297403011e-02
