9.932835698127746582e-01 1.195603609085083008e-02 9.289981126785278320e-01 7.095366120338439941e-01
1.140528917312622070e-01 3.651852607727050781e-01 1.192920804023742676e-01 6.237695217132568359e-01
8.197903633117675781e-02 2.573581933975219727e-01 7.693119049072265625e-01 4.897967576980590820e-01
1.096574664115905762e-01 4.876344799995422363e-01 8.715268373489379883e-01 2.308050990104675293e-01
3.421205878257751465e-01 4.592716097831726074e-01 2.157604694366455078e-01 7.465234994888305664e-01
9.448395371437072754e-01 4.167757034301757812e-01 4.365788102149963379e-01 6.505580544471740723e-01
3.407352566719055176e-01 7.486272454261779785e-01 8.470054864883422852e-01 6.583273410797119141e-01
6.203154325485229492e-01 9.953258633613586426e-01 6.597270965576171875e-01 7.699088454246520996e-01
3.147671222686767578e-01 8.137190341949462891e-02 8.416978120803833008e-01 1.565840244293212891e-01
8.839166760444641113e-01 9.269395470619201660e-01 5.002444982528686523e-01 9.078955650329589844e-01
1.000000000000000000e+00 0.000000000000000000e+00 0.000000000000000000e+00 4.309763401277966199e-01
1.000000000000000000e+00 3.171307781810592773e-03 7.812477607852936767e-01 5.419009946806382372e-01
1.000000000000000000e+00 2.081289416225933497e-01 1.000000000000000000e+00 5.820108625827367099e-01
0.000000000000000000e+00 2.768607990833307775e-01 1.574760147510137764e-01 0.000000000000000000e+00
1.000000000000000000e+00 0.000000000000000000e+00 7.345214934658625960e-01 1.000000000000000000e+00
1.000000000000000000e+00 0.000000000000000000e+00 7.514241256433052962e-01 1.000000000000000000e+00
1.000000000000000000e+00 0.000000000000000000e+00 7.928078017893688267e-01 1.000000000000000000e+00
9.592665019550605798e-01 0.000000000000000000e+00 7.845979340135802449e-01 1.000000000000000000e+00
7.841086899859280868e-01 0.000000000000000000e+00 7.921330385456796241e-01 1.000000000000000000e+00
8.779615329570278348e-01 0.000000000000000000e+00 8.123483798861894645e-01 1.000000000000000000e+00
8.656453729528806873e-01 0.000000000000000000e+00 7.389941309602552355e-01 1.000000000000000000e+00
8.464796283361508689e-01 0.000000000000000000e+00 7.071204291904412687e-01 1.000000000000000000e+00
8.536529177631250187e-01 1.510137938287239509e-02 7.160342883078055776e-01 1.000000000000000000e+00
0.000000000000000000e+00 0.000000000000000000e+00 0.000000000000000000e+00 0.000000000000000000e+00
0.000000000000000000e+00 0.000000000000000000e+00 4.100013595619879658e-01 0.000000000000000000e+00
4.601303403246477242e-01 0.000000000000000000e+00 0.000000000000000000e+00 0.000000000000000000e+00
0.000000000000000000e+00 1.000000000000000000e+00 0.000000000000000000e+00 0.000000000000000000e+00
1.000000000000000000e+00 7.304691237492917377e-01 0.000000000000000000e+00 0.000000000000000000e+00
0.000000000000000000e+00 0.000000000000000000e+00 1.000000000000000000e+00 1.000000000000000000e+00
0.000000000000000000e+00 0.000000000000000000e+00 2.973071905236999157e-01 1.000000000000000000e+00
5.771613302830432835e-01 0.000000000000000000e+00 0.000000000000000000e+00 1.000000000000000000e+00
0.000000000000000000e+00 1.000000000000000000e+00 1.000000000000000000e+00 1.000000000000000000e+00
1.000000000000000000e+00 1.000000000000000000e+00 1.000000000000000000e+00 0.000000000000000000e+00
8.469073286707183845e-01 0.000000000000000000e+00 7.041285832583097370e-01 1.000000000000000000e+00
1.000000000000000000e+00 3.903503717023321107e-01 0.000000000000000000e+00 1.000000000000000000e+00
6.338731236755847931e-01 2.320045512169599533e-01 4.190327432006597519e-01 2.079376205801963806e-02
8.960688074762943600e-01 2.456738020241404641e-01 8.381123587735475056e-01 9.886062947713409876e-01
1.118141598999500275e-02 8.539822287857532501e-01 4.758478589355945587e-01 8.830313086509704590e-01
8.919240925461053848e-01 9.365897057577967644e-01 9.609745135530829430e-01 9.193640295416116714e-01
1.687454059720039368e-03 9.535246305167675018e-01 7.337457370012998581e-01 7.426255568861961365e-02
5.728513123467564583e-01 2.551889698952436447e-02 5.598286557942628860e-01 7.568793362006545067e-01
3.459774348884820938e-01 1.576483529061079025e-02 4.428245797753334045e-01 9.966134205460548401e-01
5.849103350192308426e-01 9.557283446192741394e-01 9.690674124285578728e-01 1.747187040746212006e-02
8.508639639561819124e-01 0.000000000000000000e+00 7.177800188827433425e-01 1.000000000000000000e+00
8.361663464456796646e-01 9.834850681945681572e-01 6.291090864688158035e-01 6.295287050306797028e-03
7.912865942344069481e-01 6.473827175796031952e-03 6.483186893165111542e-01 8.676139423623681068e-01
8.409083921654486593e-01 0.000000000000000000e+00 6.964100623543799662e-01 9.144181898365184580e-01
8.370846098287991754e-01 0.000000000000000000e+00 7.071972981823846371e-01 9.100589832798104961e-01
8.288341935522687276e-01 4.573222837960490977e-02 6.911114986814430594e-01 8.808148905401936846e-01
9.775901706889271736e-01 4.520024685189127922e-01 6.529797622933983803e-01 8.680369704961776733e-03
2.800580897028170924e-03 4.754064424657666876e-02 9.174438367816439843e-02 5.506163475457530598e-01
8.841223735362291336e-01 1.468083821237087250e-02 2.094030426815152168e-01 6.299119815230369568e-02
9.848287282511591911e-01 9.767849864438176155e-01 8.214130159467458725e-02 4.510800372809171677e-01
5.151103716343641281e-02 3.425367856398224831e-01 7.465805402025580406e-01 9.911075625568628311e-01
8.437543427571654320e-01 7.598457392305135727e-02 8.988074995577335358e-01 3.080947604030370712e-02
1.196525804698467255e-02 1.090899715200066566e-01 9.899975368753075600e-01 3.674964932724833488e-01
1.099563855677843094e-02 5.592717342078685760e-01 5.543072521686553955e-02 9.869629340246319771e-01
1.213993877172470093e-02 2.246162667870521545e-02 1.474575884640216827e-02 9.690820639953017235e-01
5.205619269981980324e-01 8.980458406731486320e-01 3.601966239511966705e-02 9.848489612340927124e-01
2.496065199375152588e-02 9.112584395334124565e-01 9.540855549275875092e-01 4.031520299613475800e-01
