1.015857458114624023e-01 4.702726602554321289e-01 6.468264460563659668e-01 9.215685725212097168e-01 7.625168561935424805e-01 8.015846610069274902e-01
5.300029516220092773e-01 1.513815522193908691e-01 6.761707663536071777e-01 9.423460960388183594e-01 8.616046309471130371e-01 9.181977510452270508e-01
3.211801052093505859e-01 6.730965971946716309e-01 1.712739467620849609e-01 3.632068634033203125e-03 3.022866249084472656e-01 3.390169143676757812e-02
7.339218854904174805e-01 4.188761711120605469e-01 9.589606523513793945e-02 2.475097775459289551e-01 2.462383508682250977e-01 1.145135760307312012e-01
2.837924361228942871e-01 4.855232238769531250e-01 1.244322061538696289e-01 4.243078827857971191e-01 5.845245718955993652e-01 1.109333634376525879e-01
7.322357296943664551e-01 2.449467182159423828e-01 1.399838924407958984e-01 4.522395730018615723e-01 2.593334913253784180e-01 1.221252679824829102e-01
6.637181043624877930e-01 6.805642247200012207e-01 7.286734580993652344e-01 4.932224750518798828e-02 4.176514148712158203e-01 4.199849963188171387e-01
5.810250639915466309e-01 8.978654146194458008e-01 3.010973930358886719e-01 4.117154479026794434e-01 8.951372504234313965e-01 4.178014397621154785e-01
8.221949338912963867e-01 3.891787528991699219e-01 4.547992348670959473e-01 3.876234292984008789e-01 9.328340291976928711e-01 2.203093171119689941e-01
7.561013102531433105e-01 5.450937747955322266e-01 4.280938506126403809e-01 4.825568199157714844e-02 2.491122484207153320e-01 6.537081599235534668e-01
6.149930010929460789e-01 9.382471056032410939e-01 0.000000000000000000e+00 1.000000000000000000e+00 4.195844223402551143e-01 1.434944467343613750e-01
7.184606766228776031e-01 9.851176901527127772e-01 2.554718201214020365e-02 9.841970999846975099e-01 0.000000000000000000e+00 3.921490920360441723e-02
7.076307296279576997e-01 9.557171410215875573e-01 8.548043494494499128e-02 9.573162971571875790e-01 6.072768534705647037e-03 1.145585975983329924e-01
6.202643229527637914e-01 9.796574349464772791e-01 7.924489052309683368e-01 9.186374492469775443e-01 0.000000000000000000e+00 6.231245375516233920e-02
1.000000000000000000e+00 9.006932604317176017e-01 9.768095123431436155e-02 9.951081411827530365e-01 8.450604691075256358e-01 3.552008162708111261e-01
9.974647179632842864e-01 8.774597690346382928e-01 1.193811020669855866e-01 9.831091510298054503e-01 9.585025345482188763e-01 3.731585310865149219e-01
9.803863916924347999e-01 9.883254013132358740e-01 6.481628592451554871e-02 7.483621250938790048e-01 0.000000000000000000e+00 2.615343694531804264e-01
9.645359706277933931e-01 9.614928147048311668e-01 2.053581636220624951e-02 0.000000000000000000e+00 4.246707108311953416e-01 1.230144232431525236e-01
9.576761244416563956e-01 6.095951762571275578e-01 8.760157362592817243e-02 9.080894433212179928e-01 6.532712084567574018e-02 7.953159206531063008e-02
9.951824068028853887e-01 9.908999149107566851e-01 0.000000000000000000e+00 7.394144766290944304e-01 4.962200699096572937e-02 5.805527877058627162e-01
9.947658569365374071e-01 9.948394753410415570e-01 7.778845496342532556e-03 7.422728844473245324e-01 2.556996453435891881e-01 1.668618203819794976e-01
9.664718588819658507e-01 9.735789805581575029e-01 1.021892980901868836e-01 6.263287756011249874e-01 4.169875537769740514e-02 2.572594468471328111e-01
9.975809643564419460e-01 9.934795749399378817e-01 1.179418746106007708e-03 9.741585918962329949e-01 1.731274057292601226e-02 4.226376880705571826e-01
9.673117910443953527e-01 9.891491822337642459e-01 1.000000000000000000e+00 9.364351955136247518e-01 7.287793746090311109e-02 3.425032820617241458e-01
9.889805489392834437e-01 9.502086644679260674e-01 7.336594254455135883e-03 9.099907298308802517e-01 4.993765110787328626e-02 4.974780347461753016e-01
9.638447837072736668e-01 8.640314425742298132e-01 2.392317386978435462e-02 5.841805281956661267e-01 1.208836953677820680e-01 6.495354074656268795e-01
5.680585841378504863e-01 9.826444039777743056e-01 5.696367189318147367e-02 9.512307564916681057e-01 1.108856172787882344e-01 1.319716505000812223e-01
9.725892814870197300e-01 9.537004873149774742e-01 0.000000000000000000e+00 8.541974037694135546e-01 1.620184297612861091e-01 4.030234414083213035e-01
9.559806105946185850e-01 8.673492218457524716e-01 3.826004978007083168e-01 9.458299123459755764e-01 8.907773025340698370e-02 9.693847994319358952e-01
9.658695390416864868e-01 9.917640947080973435e-01 8.610958696936577006e-01 9.465807162321431267e-01 5.804862824555846734e-02 3.545155537033807813e-01
9.979674011076344886e-01 1.000000000000000000e+00 1.706892658772629764e-03 1.000000000000000000e+00 3.780121065112681308e-03 4.941392916082938958e-01
9.900137508811270859e-01 1.000000000000000000e+00 3.071253605685237975e-01 9.866953853716753375e-01 1.101067330874650266e-02 4.537654631189922405e-01
9.379122137976940721e-01 9.759615545741321396e-01 3.490445149388498036e-01 9.613474776344796968e-01 4.250800096275370726e-02 6.743743133943098655e-01
9.438850470245992996e-01 5.919317597357142136e-01 7.568586897734697061e-02 8.014911339300750948e-01 1.419412058268380572e-01 5.767645596505527328e-01
9.217809765360563956e-01 0.000000000000000000e+00 1.908073636456839306e-01 7.614519887966259004e-01 2.669219172039749566e-01 5.828468478897463889e-01
2.103088845368075027e-02 1.000000000000000000e+00 7.337122533770705501e-02 8.500174459681844041e-01 2.059604148675605872e-01 1.268777047607884123e-01
7.850408276174914990e-01 9.250576973992800101e-01 3.872323721359970383e-01 9.150736161245771605e-01 1.343207604945731437e-01 6.553906412049699259e-01
9.231755070965071974e-01 2.011100318492109185e-01 1.530426284157122840e-01 7.740572231209276177e-01 2.277839441205640192e-01 5.767624587303591399e-01
1.491045249700393982e-01 4.714731733493143784e-01 6.429706335495982694e-01 9.186509625894986319e-01 7.543841131954337476e-01 8.070305447829374534e-01
9.212060111362094239e-02 1.000000000000000000e+00 7.002347643379641662e-02 8.623415790725372787e-01 1.957570389304993386e-01 1.272729770242710667e-01
4.897678092421955398e-01 9.619161398938784746e-01 8.283847674136055605e-01 8.748850459999324425e-01 0.000000000000000000e+00 1.850258383096881412e-02
9.335049010327468588e-01 9.164969170316237257e-01 2.398134958565648067e-01 5.391582044458531620e-01 1.421791568999743183e-01 5.019786573848267208e-01
9.758645623818571480e-01 4.134647290854822077e-01 1.348980940941823248e-01 8.155043710865725881e-01 1.725698564005665736e-01 7.643794766274087937e-01
9.350705135858298211e-01 4.845528591520493200e-01 1.027169977422527081e-01 8.875778377134200259e-01 8.250902763978007481e-02 4.425167173490370670e-02
8.410821463921965835e-01 0.000000000000000000e+00 1.637522778722488304e-01 7.407014491526393574e-01 1.790587390612118912e-01 0.000000000000000000e+00
9.851848771351429113e-01 0.000000000000000000e+00 2.088207667975600923e-01 7.998851098795063397e-01 2.582800974641984992e-01 8.083875661804678092e-01
1.881329685631553672e-01 1.000000000000000000e+00 4.530958884261916397e-01 9.439896890189399814e-01 4.236612931337493948e-01 7.205009264831309101e-01
6.541520035228880481e-01 9.501310597813479308e-01 9.991253252257693562e-01 1.000000000000000000e+00 1.723062308111099061e-01 8.703754137524493117e-01
7.190850983153319609e-01 9.999059311287920027e-01 8.063325395093233761e-01 9.630281809983253227e-01 5.102186578264376882e-02 3.742796556904830485e-01
8.042580861064250186e-01 3.124547157824937860e-01 1.151158243487072769e-01 5.916519403435654967e-01 2.212237191177136297e-01 2.234701638210256358e-01
1.523886722225829826e-01 8.212123077184991793e-01 1.727500299176692455e-01 2.695087075498068807e-01 2.463435737901248646e-01 4.857260074532791794e-02
8.798093640107594871e-01 6.371441691257955231e-01 2.939522553124062632e-01 2.537711984574524404e-01 1.949642717000863723e-01 9.618379302552960697e-01
8.549983239255529721e-01 6.087495597691575111e-02 1.663556969740446756e-01 7.181338562840668960e-01 2.424760942598772062e-01 3.074452741579337678e-01
7.475892251713242009e-01 2.311440235883335248e-01 4.514053859785675527e-01 0.000000000000000000e+00 2.525073274288287539e-01 1.000000000000000000e+00
8.992077648385036204e-01 5.703266811261956670e-01 5.497934247461280788e-02 5.438622345882235809e-01 1.808691395766707510e-01 5.931464527133047948e-01
7.778910585179199533e-01 9.595636890623893134e-02 2.655490404003802429e-01 2.328193289149769196e-01 2.714216971115808730e-01 7.849268025166373786e-01
7.517268040886464497e-01 3.325995490541459043e-01 1.216034961931184988e-01 2.772320657554877554e-01 2.616118079437296795e-01 2.492725685022650906e-01
6.962759613091744626e-01 0.000000000000000000e+00 1.985782901533972578e-01 4.174687274872896370e-01 3.076454662397765105e-01 1.187135643068538693e-01
8.153901789652573395e-01 3.004762366478877511e-01 2.695363948537252141e-01 2.163420156860759169e-01 2.360037936302619710e-01 9.205377300314444566e-01
2.545974659233395387e-01 3.595447440314303300e-02 2.106398567948337408e-01 3.677280302554104541e-01 6.256672349336863670e-01 8.751174024212404756e-02
