-2.353598446681666179e-01
2.314915156603407353e-01
-2.532084045126928640e+00
-5.613182256410267357e+00
-5.613182256410267357e+00
-5.613182256410267357e+00
-5.613182256410267357e+00
-5.613182256410267357e+00
-5.613182256410267357e+00
-5.613182256410267357e+00
-4.943860665847578773e+00
-5.613182256410267357e+00
-6.217789425213516630e+00
-5.865514272274052310e+00
-5.974563801599592772e+00
-1.252390922618068991e+01
-1.227392813092918367e+01
-1.227800571701348886e+01
-1.228236991077234208e+01
-1.225662449112303953e+01
-1.236457390851218996e+01
-1.236829235971378438e+01
-1.235651395439367661e+01
-1.234886880707289514e+01
-1.236548799694416978e+01
-1.237354723874171825e+01
-1.237918104890612980e+01
-1.238674863038402840e+01
-1.245166621124287865e+01
-1.254640335038447319e+01
-1.252150185548151029e+01
-1.247189823632584904e+01
-1.242789946704801451e+01
-1.243357813086436003e+01
-1.245548465611248368e+01
-1.141548246577914227e+01
-1.224584357116434497e+01
-1.226451819562123013e+01
-1.225404844338888743e+01
-1.224273261890258269e+01
-1.132101178442517231e+01
-1.141513533241941225e+01
-1.212612176680281983e+01
-1.209006792286942122e+01
-1.208567186653972314e+01
-1.202269021121696113e+01
-1.205126356400861987e+01
-1.202889711472349887e+01
-1.131003182008977248e+01
-1.132530134105581077e+01
