1.645123780068448394e+00
1.545710731326967791e+00
1.171097892990175193e+00
1.129518338840078462e+00
1.739781726717172461e+00
1.777223533539832312e+00
1.775107055536931489e+00
1.895239271308312157e+00
1.933546585174941157e+00
1.964922221987028594e+00
1.844999909711147801e+00
2.066735764388454299e+00
2.124979947883452791e+00
2.139925235775010481e+00
2.134724552674867937e+00
2.135615087055179995e+00
2.139494489401247090e+00
2.146520032928134647e+00
2.144849189984774807e+00
2.144691871248649573e+00
2.145321794060649268e+00
2.145054714593238376e+00
2.129166093561332573e+00
2.145294275432101383e+00
2.146586913611204128e+00
2.146235780486242195e+00
2.146605513558768941e+00
2.146931335829587173e+00
2.145217093259107699e+00
2.145510439754665821e+00
2.147592805836082253e+00
2.147011709696436732e+00
2.147257731092192756e+00
2.147349885439214567e+00
2.147313419634476084e+00
2.147149075882543112e+00
2.147244658988898713e+00
2.147025064229686198e+00
2.147242681530894703e+00
2.147348781236985360e+00
2.147637004242941572e+00
2.147528572196559793e+00
2.147518521610903619e+00
2.147541975638433520e+00
2.147550972750603915e+00
2.148263968574932736e+00
2.148240499023089001e+00
2.148245458802102270e+00
2.148257295243661602e+00
2.148284817272878566e+00
