3.988412641926673552e-01
7.337139557391774147e-01
7.604040672037454263e-01
7.742087032052250573e-01
4.500790967479083582e-01
7.315203196391161233e-01
7.128876991518728889e-01
1.256606711815206889e+00
1.282298391656985892e+00
1.287948699510602424e+00
1.287954746432326436e+00
1.287954899204692083e+00
1.287954927804126459e+00
1.287954972477198368e+00
1.287954925679197338e+00
1.287954760821423239e+00
1.287954649314004607e+00
1.287954972320683344e+00
1.287954863119630922e+00
1.287954849795732271e+00
1.287954887194172615e+00
1.287954977538994905e+00
1.287954659404047408e+00
1.287952225602052581e+00
1.287954246911600986e+00
1.287954134223685543e+00
1.287951184041254304e+00
1.287950394766171680e+00
1.287953237815783414e+00
1.287953865372781559e+00
1.287950166211577097e+00
1.287950573094888140e+00
1.287953687185254381e+00
1.287954366432572995e+00
1.287954249878239921e+00
1.287954162661011814e+00
1.287954197315685168e+00
1.287954177256521726e+00
1.287953283976668750e+00
1.287953074817440813e+00
1.287953006270564638e+00
1.287950750589144100e+00
1.287954773638259942e+00
1.287944221990631410e+00
1.287944372609272747e+00
1.287944032484164447e+00
1.287940664187829931e+00
1.287940313171421103e+00
1.287949229714225652e+00
1.287951628863089004e+00
