4.264873757787394082e-01
5.411406300244482326e-01
5.411406300244482326e-01
7.602091769436571944e-01
7.602091769436571944e-01
7.602091769436571944e-01
7.602091769436571944e-01
1.235748906478290277e+00
1.235748906478290277e+00
1.287188537096393581e+00
1.287496149575127591e+00
1.287496149575127591e+00
1.287524885686259557e+00
1.287524885686259557e+00
1.287524885686259557e+00
1.287524885686259557e+00
1.287524885686259557e+00
1.287524885686259557e+00
1.287524885686259557e+00
1.287524885686259557e+00
1.287524885686259557e+00
1.287524885686259557e+00
1.287524885686259557e+00
1.287524885686259557e+00
1.287524885686259557e+00
1.287524885686259557e+00
1.287524885686259557e+00
1.287524885686259557e+00
1.287524885686259557e+00
1.287524885686259557e+00
1.287524885686259557e+00
1.287524885686259557e+00
1.287524885686259557e+00
1.287524885686259557e+00
1.287524885686259557e+00
1.287524885686259557e+00
1.287524885686259557e+00
1.287524885686259557e+00
1.287524885686259557e+00
1.287524885686259557e+00
1.287524885686259557e+00
1.287524885686259557e+00
1.287524885686259557e+00
1.287524885686259557e+00
1.287524885686259557e+00
1.287524885686259557e+00
1.287524885686259557e+00
1.287524885686259557e+00
1.287524885686259557e+00
1.287524885686259557e+00
