7.127748727798461914e-01 6.633408665657043457e-01 5.183645486831665039e-01 8.989208936691284180e-02
1.000000000000000000e+00 0.000000000000000000e+00 2.885836660861968994e-01 0.000000000000000000e+00
1.000000000000000000e+00 0.000000000000000000e+00 2.885836660861968994e-01 0.000000000000000000e+00
1.000000000000000000e+00 0.000000000000000000e+00 2.885836660861968994e-01 0.000000000000000000e+00
1.000000000000000000e+00 0.000000000000000000e+00 2.885836660861968994e-01 0.000000000000000000e+00
1.000000000000000000e+00 0.000000000000000000e+00 2.885836660861968994e-01 0.000000000000000000e+00
1.000000000000000000e+00 0.000000000000000000e+00 2.885836660861968994e-01 0.000000000000000000e+00
7.307499647140502930e-01 3.930398523807525635e-01 3.303089737892150879e-01 0.000000000000000000e+00
6.605046987533569336e-01 2.679653465747833252e-01 3.533357381820678711e-01 0.000000000000000000e+00
6.605046987533569336e-01 2.679653465747833252e-01 3.533357381820678711e-01 0.000000000000000000e+00
6.184107065200805664e-01 2.565138638019561768e-01 3.360323905944824219e-01 0.000000000000000000e+00
6.014982461929321289e-01 9.290378540754318237e-02 2.942722141742706299e-01 0.000000000000000000e+00
6.100097298622131348e-01 0.000000000000000000e+00 2.439942061901092529e-01 0.000000000000000000e+00
6.747388243675231934e-01 0.000000000000000000e+00 1.332082152366638184e-01 0.000000000000000000e+00
6.747388243675231934e-01 0.000000000000000000e+00 1.332082152366638184e-01 0.000000000000000000e+00
6.747388243675231934e-01 0.000000000000000000e+00 1.332082152366638184e-01 0.000000000000000000e+00
6.795361042022705078e-01 0.000000000000000000e+00 0.000000000000000000e+00 0.000000000000000000e+00
3.553154170513153076e-01 0.000000000000000000e+00 1.301132440567016602e-01 0.000000000000000000e+00
1.440262049436569214e-01 0.000000000000000000e+00 1.341577321290969849e-01 0.000000000000000000e+00
1.550434976816177368e-01 0.000000000000000000e+00 9.651714563369750977e-02 0.000000000000000000e+00
2.811188250780105591e-02 0.000000000000000000e+00 2.890035696327686310e-02 0.000000000000000000e+00
2.811188250780105591e-02 0.000000000000000000e+00 2.890035696327686310e-02 0.000000000000000000e+00
2.811188250780105591e-02 0.000000000000000000e+00 2.890035696327686310e-02 0.000000000000000000e+00
2.811188250780105591e-02 0.000000000000000000e+00 2.890035696327686310e-02 0.000000000000000000e+00
0.000000000000000000e+00 0.000000000000000000e+00 0.000000000000000000e+00 0.000000000000000000e+00
0.000000000000000000e+00 0.000000000000000000e+00 0.000000000000000000e+00 0.000000000000000000e+00
0.000000000000000000e+00 0.000000000000000000e+00 0.000000000000000000e+00 0.000000000000000000e+00
0.000000000000000000e+00 0.000000000000000000e+00 0.000000000000000000e+00 0.000000000000000000e+00
0.000000000000000000e+00 0.000000000000000000e+00 0.000000000000000000e+00 0.000000000000000000e+00
0.000000000000000000e+00 0.000000000000000000e+00 0.000000000000000000e+00 0.000000000000000000e+00
0.000000000000000000e+00 2.217680662870407104e-01 0.000000000000000000e+00 0.000000000000000000e+00
0.000000000000000000e+00 1.379376500844955444e-01 0.000000000000000000e+00 9.484965354204177856e-02
0.000000000000000000e+00 1.379376500844955444e-01 0.000000000000000000e+00 9.484965354204177856e-02
0.000000000000000000e+00 1.379376500844955444e-01 0.000000000000000000e+00 9.484965354204177856e-02
0.000000000000000000e+00 1.379376500844955444e-01 0.000000000000000000e+00 9.484965354204177856e-02
0.000000000000000000e+00 1.379376500844955444e-01 0.000000000000000000e+00 9.484965354204177856e-02
0.000000000000000000e+00 1.379376500844955444e-01 0.000000000000000000e+00 9.484965354204177856e-02
0.000000000000000000e+00 1.379376500844955444e-01 0.000000000000000000e+00 9.484965354204177856e-02
0.000000000000000000e+00 5.932446569204330444e-02 0.000000000000000000e+00 1.447885930538177490e-01
0.000000000000000000e+00 5.932446569204330444e-02 0.000000000000000000e+00 1.447885930538177490e-01
0.000000000000000000e+00 5.932446569204330444e-02 0.000000000000000000e+00 1.447885930538177490e-01
0.000000000000000000e+00 9.490004181861877441e-02 0.000000000000000000e+00 1.284955143928527832e-01
0.000000000000000000e+00 9.490004181861877441e-02 0.000000000000000000e+00 1.284955143928527832e-01
0.000000000000000000e+00 9.490004181861877441e-02 0.000000000000000000e+00 1.284955143928527832e-01
0.000000000000000000e+00 9.490004181861877441e-02 0.000000000000000000e+00 1.284955143928527832e-01
0.000000000000000000e+00 9.490004181861877441e-02 0.000000000000000000e+00 1.284955143928527832e-01
0.000000000000000000e+00 9.490004181861877441e-02 0.000000000000000000e+00 1.284955143928527832e-01
0.000000000000000000e+00 9.490004181861877441e-02 0.000000000000000000e+00 1.284955143928527832e-01
0.000000000000000000e+00 9.490004181861877441e-02 0.000000000000000000e+00 1.284955143928527832e-01
0.000000000000000000e+00 9.490004181861877441e-02 0.000000000000000000e+00 1.284955143928527832e-01
0.000000000000000000e+00 9.490004181861877441e-02 0.000000000000000000e+00 1.284955143928527832e-01
0.000000000000000000e+00 9.490004181861877441e-02 0.000000000000000000e+00 1.284955143928527832e-01
0.000000000000000000e+00 9.490004181861877441e-02 0.000000000000000000e+00 1.284955143928527832e-01
0.000000000000000000e+00 9.490004181861877441e-02 0.000000000000000000e+00 1.284955143928527832e-01
0.000000000000000000e+00 9.490004181861877441e-02 0.000000000000000000e+00 1.284955143928527832e-01
0.000000000000000000e+00 9.490004181861877441e-02 0.000000000000000000e+00 1.284955143928527832e-01
0.000000000000000000e+00 9.490004181861877441e-02 0.000000000000000000e+00 1.284955143928527832e-01
0.000000000000000000e+00 9.490004181861877441e-02 0.000000000000000000e+00 1.284955143928527832e-01
0.000000000000000000e+00 9.490004181861877441e-02 0.000000000000000000e+00 1.284955143928527832e-01
0.000000000000000000e+00 9.490004181861877441e-02 0.000000000000000000e+00 1.284955143928527832e-01
0.000000000000000000e+00 9.490004181861877441e-02 0.000000000000000000e+00 1.284955143928527832e-01
0.000000000000000000e+00 9.490004181861877441e-02 0.000000000000000000e+00 1.284955143928527832e-01
0.000000000000000000e+00 9.490004181861877441e-02 0.000000000000000000e+00 1.284955143928527832e-01
0.000000000000000000e+00 9.490004181861877441e-02 0.000000000000000000e+00 1.284955143928527832e-01
0.000000000000000000e+00 9.459429979324340820e-02 0.000000000000000000e+00 1.273624449968338013e-01
0.000000000000000000e+00 9.459429979324340820e-02 0.000000000000000000e+00 1.273624449968338013e-01
0.000000000000000000e+00 9.459429979324340820e-02 0.000000000000000000e+00 1.273624449968338013e-01
0.000000000000000000e+00 9.459429979324340820e-02 0.000000000000000000e+00 1.273624449968338013e-01
0.000000000000000000e+00 9.459429979324340820e-02 0.000000000000000000e+00 1.273624449968338013e-01
0.000000000000000000e+00 9.459429979324340820e-02 0.000000000000000000e+00 1.273624449968338013e-01
0.000000000000000000e+00 9.459429979324340820e-02 0.000000000000000000e+00 1.273624449968338013e-01
0.000000000000000000e+00 9.459429979324340820e-02 0.000000000000000000e+00 1.273624449968338013e-01
0.000000000000000000e+00 9.459429979324340820e-02 0.000000000000000000e+00 1.273624449968338013e-01
0.000000000000000000e+00 9.459429979324340820e-02 0.000000000000000000e+00 1.273624449968338013e-01
0.000000000000000000e+00 9.459429979324340820e-02 0.000000000000000000e+00 1.273624449968338013e-01
0.000000000000000000e+00 9.459429979324340820e-02 0.000000000000000000e+00 1.273624449968338013e-01
0.000000000000000000e+00 9.459429979324340820e-02 0.000000000000000000e+00 1.273624449968338013e-01
0.000000000000000000e+00 9.459429979324340820e-02 0.000000000000000000e+00 1.273624449968338013e-01
0.000000000000000000e+00 9.459429979324340820e-02 0.000000000000000000e+00 1.273624449968338013e-01
0.000000000000000000e+00 9.459429979324340820e-02 0.000000000000000000e+00 1.273624449968338013e-01
0.000000000000000000e+00 9.459429979324340820e-02 0.000000000000000000e+00 1.273624449968338013e-01
0.000000000000000000e+00 9.459429979324340820e-02 0.000000000000000000e+00 1.273624449968338013e-01
0.000000000000000000e+00 9.459429979324340820e-02 0.000000000000000000e+00 1.273624449968338013e-01
0.000000000000000000e+00 9.459429979324340820e-02 0.000000000000000000e+00 1.273624449968338013e-01
0.000000000000000000e+00 9.459429979324340820e-02 0.000000000000000000e+00 1.273624449968338013e-01
0.000000000000000000e+00 9.459429979324340820e-02 0.000000000000000000e+00 1.273624449968338013e-01
0.000000000000000000e+00 9.459429979324340820e-02 0.000000000000000000e+00 1.273624449968338013e-01
0.000000000000000000e+00 9.459429979324340820e-02 0.000000000000000000e+00 1.273624449968338013e-01
0.000000000000000000e+00 9.459429979324340820e-02 0.000000000000000000e+00 1.273624449968338013e-01
0.000000000000000000e+00 9.459429979324340820e-02 0.000000000000000000e+00 1.273624449968338013e-01
0.000000000000000000e+00 9.459429979324340820e-02 0.000000000000000000e+00 1.273624449968338013e-01
0.000000000000000000e+00 9.459429979324340820e-02 0.000000000000000000e+00 1.273624449968338013e-01
0.000000000000000000e+00 9.459429979324340820e-02 0.000000000000000000e+00 1.273624449968338013e-01
0.000000000000000000e+00 9.459429979324340820e-02 0.000000000000000000e+00 1.273624449968338013e-01
0.000000000000000000e+00 9.459429979324340820e-02 0.000000000000000000e+00 1.273624449968338013e-01
0.000000000000000000e+00 9.459429979324340820e-02 0.000000000000000000e+00 1.273624449968338013e-01
0.000000000000000000e+00 9.459429979324340820e-02 0.000000000000000000e+00 1.273624449968338013e-01
0.000000000000000000e+00 9.459429979324340820e-02 0.000000000000000000e+00 1.273624449968338013e-01
0.000000000000000000e+00 9.459429979324340820e-02 0.000000000000000000e+00 1.273624449968338013e-01
0.000000000000000000e+00 9.459429979324340820e-02 0.000000000000000000e+00 1.273624449968338013e-01
