1.000000000000000000e+00 0.000000000000000000e+00 3.139986418546458768e-01 0.000000000000000000e+00
6.745000969501138144e-01 0.000000000000000000e+00 3.763862877871056445e-01 0.000000000000000000e+00
1.000000000000000000e+00 1.000000000000000000e+00 3.597177654950822756e-01 0.000000000000000000e+00
9.822512934311721233e-01 2.494385308375121624e-01 3.646082319499434621e-01 0.000000000000000000e+00
1.000000000000000000e+00 1.000000000000000000e+00 3.388782858394995268e-01 1.594368464981527345e-01
1.000000000000000000e+00 1.000000000000000000e+00 3.304330899062481453e-01 1.915483735172893442e-01
7.437381591242158141e-01 3.717526172642761639e-01 3.410579741077814364e-01 0.000000000000000000e+00
7.295756542176562442e-01 3.406501408113419282e-01 3.519454398313100474e-01 0.000000000000000000e+00
6.841834672169181397e-01 3.050532942526846258e-01 3.530273649752200260e-01 0.000000000000000000e+00
6.590859691081774052e-01 3.261528190193555554e-01 3.565817679014699482e-01 0.000000000000000000e+00
6.096401398788073855e-01 1.516956978068811357e-01 3.137309096085527105e-01 0.000000000000000000e+00
6.077593875504824217e-01 0.000000000000000000e+00 2.699563730647548399e-01 0.000000000000000000e+00
6.101974933058265105e-01 0.000000000000000000e+00 2.242312302176184824e-01 0.000000000000000000e+00
6.189205443642922244e-01 0.000000000000000000e+00 1.732901992462025087e-01 0.000000000000000000e+00
6.945495058647463971e-01 0.000000000000000000e+00 7.467523864355928020e-02 0.000000000000000000e+00
5.829395692730540146e-01 0.000000000000000000e+00 1.524629164716048979e-01 0.000000000000000000e+00
6.498165837354065166e-01 0.000000000000000000e+00 0.000000000000000000e+00 0.000000000000000000e+00
1.496160679178078490e-01 0.000000000000000000e+00 1.342362130864224734e-01 0.000000000000000000e+00
1.903480057035057404e-01 0.000000000000000000e+00 1.339120467684548899e-01 0.000000000000000000e+00
1.611334245492650891e-02 0.000000000000000000e+00 2.472653010012097405e-02 0.000000000000000000e+00
0.000000000000000000e+00 0.000000000000000000e+00 0.000000000000000000e+00 0.000000000000000000e+00
0.000000000000000000e+00 0.000000000000000000e+00 0.000000000000000000e+00 0.000000000000000000e+00
0.000000000000000000e+00 0.000000000000000000e+00 0.000000000000000000e+00 0.000000000000000000e+00
0.000000000000000000e+00 0.000000000000000000e+00 0.000000000000000000e+00 0.000000000000000000e+00
0.000000000000000000e+00 0.000000000000000000e+00 0.000000000000000000e+00 0.000000000000000000e+00
0.000000000000000000e+00 0.000000000000000000e+00 0.000000000000000000e+00 0.000000000000000000e+00
0.000000000000000000e+00 0.000000000000000000e+00 0.000000000000000000e+00 0.000000000000000000e+00
0.000000000000000000e+00 0.000000000000000000e+00 0.000000000000000000e+00 0.000000000000000000e+00
0.000000000000000000e+00 2.214282907251128307e-01 0.000000000000000000e+00 0.000000000000000000e+00
0.000000000000000000e+00 2.192530976938881770e-01 0.000000000000000000e+00 0.000000000000000000e+00
4.491589610881707023e-02 1.521707652927692944e-01 0.000000000000000000e+00 2.191957874149906213e-02
0.000000000000000000e+00 1.417153908515737248e-01 0.000000000000000000e+00 1.591729652592381306e-01
0.000000000000000000e+00 1.430158607887395128e-01 0.000000000000000000e+00 1.596777493025114125e-01
0.000000000000000000e+00 1.437705138401907390e-01 0.000000000000000000e+00 1.602734708071694991e-01
0.000000000000000000e+00 1.052718162695771564e-01 0.000000000000000000e+00 1.336585746252414164e-01
5.242486640162844630e-02 9.287782779970567282e-02 0.000000000000000000e+00 1.286078612083665917e-01
4.931770043599779246e-02 9.513933914611244491e-02 0.000000000000000000e+00 1.279633970126485554e-01
0.000000000000000000e+00 1.071846087142746817e-01 0.000000000000000000e+00 1.275935505301413475e-01
0.000000000000000000e+00 8.447300989794052917e-02 0.000000000000000000e+00 1.356132002396250313e-01
0.000000000000000000e+00 8.766335543699531330e-02 0.000000000000000000e+00 1.361449976229877901e-01
0.000000000000000000e+00 8.762533476745193450e-02 0.000000000000000000e+00 1.352082308512938535e-01
0.000000000000000000e+00 8.817972919183419966e-02 0.000000000000000000e+00 1.346445742786485933e-01
0.000000000000000000e+00 8.986804613838268729e-02 0.000000000000000000e+00 1.364567853297210531e-01
0.000000000000000000e+00 9.001049963504735574e-02 0.000000000000000000e+00 1.363495566339717746e-01
0.000000000000000000e+00 9.013407722893708451e-02 0.000000000000000000e+00 1.361324560187522625e-01
0.000000000000000000e+00 9.087632760310883351e-02 0.000000000000000000e+00 1.309661381668402735e-01
0.000000000000000000e+00 9.125543220460063942e-02 0.000000000000000000e+00 1.302300903692512057e-01
0.000000000000000000e+00 9.139348218615740704e-02 0.000000000000000000e+00 1.304302760500304637e-01
0.000000000000000000e+00 9.215157283434907698e-02 0.000000000000000000e+00 1.303037864466746187e-01
0.000000000000000000e+00 9.185211011685566473e-02 0.000000000000000000e+00 1.309259863501802679e-01
0.000000000000000000e+00 9.194522386499758004e-02 0.000000000000000000e+00 1.309859769069035007e-01
0.000000000000000000e+00 9.193071730633912975e-02 0.000000000000000000e+00 1.312658411684182458e-01
0.000000000000000000e+00 9.198833463801692201e-02 0.000000000000000000e+00 1.313064690758043718e-01
0.000000000000000000e+00 9.170978657363204611e-02 0.000000000000000000e+00 1.324077259067700796e-01
0.000000000000000000e+00 9.180693375726184380e-02 0.000000000000000000e+00 1.325013078677697020e-01
0.000000000000000000e+00 9.211973939667836286e-02 0.000000000000000000e+00 1.324012369248420140e-01
0.000000000000000000e+00 8.980823419910111127e-02 0.000000000000000000e+00 1.321486248726387869e-01
0.000000000000000000e+00 8.994289747932285306e-02 0.000000000000000000e+00 1.322189737382441499e-01
0.000000000000000000e+00 8.956426758036331592e-02 0.000000000000000000e+00 1.323395461941752338e-01
0.000000000000000000e+00 8.915154311900834461e-02 0.000000000000000000e+00 1.319027098219678895e-01
0.000000000000000000e+00 8.921871417982946140e-02 0.000000000000000000e+00 1.319850202034131281e-01
0.000000000000000000e+00 9.050330542780819776e-02 0.000000000000000000e+00 1.317889345248816069e-01
0.000000000000000000e+00 9.041818005491421284e-02 0.000000000000000000e+00 1.319752538942307041e-01
0.000000000000000000e+00 9.018603429232104063e-02 0.000000000000000000e+00 1.317612620370620380e-01
0.000000000000000000e+00 9.029205545850275960e-02 0.000000000000000000e+00 1.315481430550264896e-01
0.000000000000000000e+00 9.047305049056822424e-02 0.000000000000000000e+00 1.318137862012738748e-01
0.000000000000000000e+00 9.048935652873436875e-02 0.000000000000000000e+00 1.317254926486252919e-01
0.000000000000000000e+00 9.011068534460230095e-02 0.000000000000000000e+00 1.314321193595689163e-01
0.000000000000000000e+00 9.016254156492978233e-02 0.000000000000000000e+00 1.297103335377462752e-01
0.000000000000000000e+00 9.246751350728148189e-02 0.000000000000000000e+00 1.227804526761600290e-01
0.000000000000000000e+00 9.158603840709564348e-02 0.000000000000000000e+00 1.242683192374455237e-01
0.000000000000000000e+00 9.046055127167659804e-02 0.000000000000000000e+00 1.274702512639523388e-01
0.000000000000000000e+00 9.070996557978540376e-02 0.000000000000000000e+00 1.260701695156023483e-01
0.000000000000000000e+00 9.054760925246811698e-02 0.000000000000000000e+00 1.262194600999473060e-01
0.000000000000000000e+00 9.045187476262159243e-02 0.000000000000000000e+00 1.264568864446742880e-01
0.000000000000000000e+00 9.072080098842696949e-02 0.000000000000000000e+00 1.277859210983286198e-01
0.000000000000000000e+00 9.068210591375346075e-02 0.000000000000000000e+00 1.277434831261177184e-01
0.000000000000000000e+00 9.278642319191528209e-02 0.000000000000000000e+00 1.262554533154263137e-01
0.000000000000000000e+00 9.190619058262583518e-02 0.000000000000000000e+00 1.267856530788669112e-01
0.000000000000000000e+00 9.204175045056249560e-02 0.000000000000000000e+00 1.267972190336342786e-01
0.000000000000000000e+00 9.178656785805430762e-02 0.000000000000000000e+00 1.270695791051563717e-01
0.000000000000000000e+00 9.285543281599341336e-02 0.000000000000000000e+00 1.278172405736224815e-01
0.000000000000000000e+00 9.191540083937681238e-02 0.000000000000000000e+00 1.271291143659824541e-01
0.000000000000000000e+00 8.968917263807724138e-02 0.000000000000000000e+00 1.290812544552125407e-01
0.000000000000000000e+00 8.713213354507767794e-02 0.000000000000000000e+00 1.314700820890540300e-01
0.000000000000000000e+00 8.709267464508439749e-02 0.000000000000000000e+00 1.314790520312795752e-01
0.000000000000000000e+00 8.810368592489377371e-02 0.000000000000000000e+00 1.327032661792620916e-01
0.000000000000000000e+00 8.792525687490562736e-02 0.000000000000000000e+00 1.326721817597417696e-01
0.000000000000000000e+00 8.847336539368301500e-02 0.000000000000000000e+00 1.339747827193268903e-01
0.000000000000000000e+00 8.844199182253222047e-02 0.000000000000000000e+00 1.341061379788607566e-01
0.000000000000000000e+00 8.876053923117516176e-02 0.000000000000000000e+00 1.342564774586584297e-01
0.000000000000000000e+00 8.837468938478401648e-02 0.000000000000000000e+00 1.342799770760663980e-01
0.000000000000000000e+00 8.819038147076833922e-02 0.000000000000000000e+00 1.342766014249109907e-01
0.000000000000000000e+00 8.847427877945511498e-02 0.000000000000000000e+00 1.344893677283347522e-01
0.000000000000000000e+00 8.879036917470474466e-02 0.000000000000000000e+00 1.343821613606038801e-01
0.000000000000000000e+00 8.844173353788201131e-02 0.000000000000000000e+00 1.343104065489645060e-01
0.000000000000000000e+00 8.877555704928703773e-02 0.000000000000000000e+00 1.338228327909400939e-01
0.000000000000000000e+00 8.943757059013834887e-02 0.000000000000000000e+00 1.341597884323592615e-01
0.000000000000000000e+00 9.021221707994121763e-02 0.000000000000000000e+00 1.349916591921706543e-01
0.000000000000000000e+00 9.098365992588171303e-02 0.000000000000000000e+00 1.341889289236483929e-01
