-4.047625964491641248e-02
-4.047625964491641248e-02
-4.047625964491641248e-02
-4.047625964491641248e-02
-4.047625964491641248e-02
-4.047625964491641248e-02
-4.047625964491641248e-02
-4.047625964491641248e-02
-4.047625964491641248e-02
-4.047625964491641248e-02
1.371320530319278252e-01
1.371320530319278252e-01
1.371320530319278252e-01
1.371320530319278252e-01
1.371320530319278252e-01
1.371320530319278252e-01
1.371320530319278252e-01
1.371320530319278252e-01
1.371320530319278252e-01
1.371320530319278252e-01
1.371320530319278252e-01
1.371320530319278252e-01
1.371320530319278252e-01
1.371320530319278252e-01
1.371320530319278252e-01
5.245857667835249760e-01
5.245857667835249760e-01
5.245857667835249760e-01
5.245857667835249760e-01
5.245857667835249760e-01
5.245857667835249760e-01
5.245857667835249760e-01
5.245857667835249760e-01
5.245857667835249760e-01
5.245857667835249760e-01
5.245857667835249760e-01
5.245857667835249760e-01
5.245857667835249760e-01
5.245857667835249760e-01
5.245857667835249760e-01
5.245857667835249760e-01
5.245857667835249760e-01
5.245857667835249760e-01
5.245857667835249760e-01
5.245857667835249760e-01
5.245857667835249760e-01
5.245857667835249760e-01
5.245857667835249760e-01
5.245857667835249760e-01
5.245857667835249760e-01
5.245857667835249760e-01
5.245857667835249760e-01
5.245857667835249760e-01
5.245857667835249760e-01
5.245857667835249760e-01
5.245857667835249760e-01
5.245857667835249760e-01
5.245857667835249760e-01
5.245857667835249760e-01
5.245857667835249760e-01
5.245857667835249760e-01
5.245857667835249760e-01
5.245857667835249760e-01
5.245857667835249760e-01
5.245857667835249760e-01
5.245857667835249760e-01
5.245857667835249760e-01
5.245857667835249760e-01
5.245857667835249760e-01
5.245857667835249760e-01
5.245857667835249760e-01
5.245857667835249760e-01
5.245857667835249760e-01
5.245857667835249760e-01
5.245857667835249760e-01
5.245857667835249760e-01
5.245857667835249760e-01
5.245857667835249760e-01
5.245857667835249760e-01
5.245857667835249760e-01
5.245857667835249760e-01
5.245857667835249760e-01
5.245857667835249760e-01
5.245857667835249760e-01
5.245857667835249760e-01
5.245857667835249760e-01
5.245857667835249760e-01
5.245857667835249760e-01
5.245857667835249760e-01
5.245857667835249760e-01
5.245857667835249760e-01
5.245857667835249760e-01
5.245857667835249760e-01
5.245857667835249760e-01
5.245857667835249760e-01
5.245857667835249760e-01
5.245857667835249760e-01
5.245857667835249760e-01
5.245857667835249760e-01
5.245857667835249760e-01
