0.000000000000000000e+00 1.000000000000000000e+00 1.000000000000000000e+00 9.116415273224472982e-01
0.000000000000000000e+00 1.000000000000000000e+00 1.000000000000000000e+00 1.000000000000000000e+00
0.000000000000000000e+00 1.000000000000000000e+00 1.000000000000000000e+00 1.000000000000000000e+00
0.000000000000000000e+00 1.000000000000000000e+00 1.000000000000000000e+00 1.000000000000000000e+00
1.000000000000000000e+00 0.000000000000000000e+00 1.000000000000000000e+00 0.000000000000000000e+00
2.652317233529508655e-01 4.979182366450841113e-01 1.000000000000000000e+00 1.000000000000000000e+00
2.498786707895829795e-01 1.000000000000000000e+00 1.000000000000000000e+00 1.000000000000000000e+00
2.774985116594074208e-01 1.000000000000000000e+00 1.000000000000000000e+00 1.000000000000000000e+00
4.187329495375854416e-01 0.000000000000000000e+00 1.000000000000000000e+00 1.000000000000000000e+00
2.704258939103232340e-01 1.000000000000000000e+00 1.000000000000000000e+00 1.000000000000000000e+00
3.380405481676680979e-01 1.000000000000000000e+00 7.861683955840208515e-01 1.000000000000000000e+00
5.541566021074141313e-01 1.000000000000000000e+00 8.556322258541112502e-01 1.000000000000000000e+00
3.329871699021510478e-01 1.000000000000000000e+00 8.906956819899559674e-01 1.000000000000000000e+00
2.014796408391424098e-01 1.000000000000000000e+00 7.521649299061791138e-01 1.000000000000000000e+00
1.524037659343191187e-01 1.000000000000000000e+00 7.243824816562204338e-01 1.000000000000000000e+00
2.323146164463070207e-01 1.000000000000000000e+00 7.544311800870285856e-01 1.000000000000000000e+00
2.477703459444265399e-01 1.000000000000000000e+00 7.587945548330141676e-01 1.000000000000000000e+00
0.000000000000000000e+00 1.000000000000000000e+00 6.641291016091029897e-01 1.000000000000000000e+00
0.000000000000000000e+00 1.000000000000000000e+00 6.515215902556178440e-01 1.000000000000000000e+00
5.143862983826791302e-01 1.000000000000000000e+00 9.012556941263879517e-01 1.000000000000000000e+00
4.997804166149270588e-01 1.000000000000000000e+00 8.710772026839306292e-01 1.000000000000000000e+00
4.952653076244091790e-01 1.000000000000000000e+00 8.711228125674200795e-01 1.000000000000000000e+00
5.244511647451052250e-01 1.000000000000000000e+00 8.730456189059808692e-01 1.000000000000000000e+00
1.000000000000000000e+00 0.000000000000000000e+00 9.939322042856975070e-01 0.000000000000000000e+00
1.000000000000000000e+00 0.000000000000000000e+00 9.765816943044042242e-01 0.000000000000000000e+00
6.143965669337709823e-01 1.000000000000000000e+00 9.105603345840762586e-01 1.000000000000000000e+00
5.936787291250229526e-01 1.000000000000000000e+00 8.931801520193625166e-01 1.000000000000000000e+00
5.762959887811848203e-01 1.000000000000000000e+00 8.803167160900415844e-01 1.000000000000000000e+00
5.796941043248510228e-01 1.000000000000000000e+00 8.776706494735290187e-01 1.000000000000000000e+00
5.656248505820128392e-01 1.000000000000000000e+00 8.728927761093183690e-01 1.000000000000000000e+00
5.681195164337553560e-01 1.000000000000000000e+00 8.727426208927561158e-01 1.000000000000000000e+00
5.696327071552430565e-01 1.000000000000000000e+00 8.749863398881171372e-01 1.000000000000000000e+00
5.789939364836551583e-01 1.000000000000000000e+00 8.884214689033391732e-01 1.000000000000000000e+00
8.536413027211066096e-01 1.000000000000000000e+00 9.168408486701238314e-01 1.000000000000000000e+00
8.210201437555882942e-01 1.000000000000000000e+00 9.073685654296862468e-01 1.000000000000000000e+00
7.971432814610140971e-01 1.000000000000000000e+00 8.999499445863583524e-01 1.000000000000000000e+00
8.421156728019405513e-01 1.000000000000000000e+00 9.140223361360777510e-01 1.000000000000000000e+00
6.123941343635067591e-01 1.000000000000000000e+00 8.797550525313923009e-01 1.000000000000000000e+00
7.606608764702464942e-01 1.000000000000000000e+00 9.266306908994912384e-01 1.000000000000000000e+00
6.370841416515830025e-01 1.000000000000000000e+00 9.102800479305509507e-01 1.000000000000000000e+00
6.622234618225210090e-01 9.004375979069164648e-01 9.562154302694214625e-01 1.000000000000000000e+00
6.389596274155924238e-01 8.875103234683724418e-01 9.489251933364954983e-01 1.000000000000000000e+00
6.405540179884289254e-01 8.897924738849499748e-01 9.441284046984933509e-01 1.000000000000000000e+00
6.411140509093957718e-01 8.763501592180089617e-01 9.200546649009589961e-01 1.000000000000000000e+00
6.146955861859479953e-01 8.509013144535395590e-01 9.330055102228547170e-01 1.000000000000000000e+00
6.379829308707082314e-01 8.979619054421744684e-01 9.458254922003571652e-01 1.000000000000000000e+00
6.392094524864907479e-01 9.003045802078495363e-01 9.491012976618737884e-01 1.000000000000000000e+00
7.067057014245176072e-01 9.869472636995253456e-01 9.692911849243087685e-01 1.000000000000000000e+00
6.941364252018786818e-01 9.931775079844774590e-01 9.582700776954251598e-01 1.000000000000000000e+00
1.000000000000000000e+00 1.272907082891526487e-01 1.000000000000000000e+00 0.000000000000000000e+00
1.000000000000000000e+00 2.289126765493274540e-01 1.000000000000000000e+00 0.000000000000000000e+00
1.000000000000000000e+00 2.296694789770901135e-01 1.000000000000000000e+00 0.000000000000000000e+00
1.000000000000000000e+00 2.019277779607568102e-01 1.000000000000000000e+00 0.000000000000000000e+00
1.000000000000000000e+00 1.933833749943202618e-01 1.000000000000000000e+00 0.000000000000000000e+00
1.000000000000000000e+00 1.976165530464480957e-01 1.000000000000000000e+00 0.000000000000000000e+00
6.586882471532397032e-01 1.000000000000000000e+00 9.677215438292290361e-01 1.000000000000000000e+00
6.553002642492368190e-01 1.000000000000000000e+00 9.664128544840364654e-01 1.000000000000000000e+00
6.628397310567584189e-01 1.000000000000000000e+00 9.761317752299133454e-01 1.000000000000000000e+00
6.368081981392451629e-01 1.000000000000000000e+00 9.580132826025119508e-01 1.000000000000000000e+00
5.706133100695878202e-01 1.000000000000000000e+00 9.512974349892597825e-01 1.000000000000000000e+00
5.702536323386804273e-01 1.000000000000000000e+00 9.524274703783295326e-01 1.000000000000000000e+00
5.691543549177705552e-01 1.000000000000000000e+00 9.495234017755989075e-01 1.000000000000000000e+00
5.661426303534167204e-01 1.000000000000000000e+00 9.515938210870207303e-01 1.000000000000000000e+00
5.741908086911314824e-01 1.000000000000000000e+00 9.486103994651788884e-01 1.000000000000000000e+00
5.754428462030364289e-01 1.000000000000000000e+00 9.487018748299804738e-01 1.000000000000000000e+00
5.756716274790880661e-01 1.000000000000000000e+00 9.373118033920028180e-01 1.000000000000000000e+00
5.721491662996560645e-01 1.000000000000000000e+00 9.371953381467059696e-01 1.000000000000000000e+00
5.772381902307909263e-01 1.000000000000000000e+00 9.394636467127628343e-01 1.000000000000000000e+00
5.702616185204489874e-01 1.000000000000000000e+00 9.429355024026585541e-01 1.000000000000000000e+00
5.708036995265025615e-01 1.000000000000000000e+00 9.406570481581093546e-01 1.000000000000000000e+00
5.750995411987791517e-01 1.000000000000000000e+00 9.572030956730167572e-01 1.000000000000000000e+00
6.013166735974595500e-01 1.000000000000000000e+00 9.834682470314035641e-01 1.000000000000000000e+00
6.133080753476970459e-01 1.000000000000000000e+00 9.896439095107026906e-01 1.000000000000000000e+00
6.311210444739434600e-01 1.000000000000000000e+00 9.944882624711569585e-01 1.000000000000000000e+00
6.098412578824871089e-01 1.000000000000000000e+00 9.739806021060860575e-01 1.000000000000000000e+00
6.092336138510764387e-01 1.000000000000000000e+00 9.760254956098757262e-01 1.000000000000000000e+00
6.084758151887904587e-01 1.000000000000000000e+00 9.735108983058167187e-01 1.000000000000000000e+00
5.906453973215001207e-01 1.000000000000000000e+00 9.584659456909828679e-01 1.000000000000000000e+00
5.789528816843937387e-01 1.000000000000000000e+00 9.548360640020725487e-01 1.000000000000000000e+00
5.800626181973091988e-01 1.000000000000000000e+00 9.542565559876494685e-01 1.000000000000000000e+00
5.702218993108769673e-01 1.000000000000000000e+00 9.537201415240650348e-01 1.000000000000000000e+00
5.836190682093258530e-01 1.000000000000000000e+00 9.759440635230142158e-01 1.000000000000000000e+00
5.852830431476332418e-01 1.000000000000000000e+00 9.814202182814577569e-01 1.000000000000000000e+00
5.964713023587306928e-01 1.000000000000000000e+00 9.769311380893017649e-01 1.000000000000000000e+00
5.915563475081402345e-01 1.000000000000000000e+00 9.716940333446639766e-01 1.000000000000000000e+00
5.962624585130466004e-01 1.000000000000000000e+00 9.609637529332250017e-01 1.000000000000000000e+00
5.949606318018951789e-01 1.000000000000000000e+00 9.630741120609441763e-01 1.000000000000000000e+00
5.857596928824782001e-01 1.000000000000000000e+00 9.430429383192124870e-01 1.000000000000000000e+00
5.930444746961772706e-01 1.000000000000000000e+00 9.450239015019057387e-01 1.000000000000000000e+00
5.904817711530163660e-01 1.000000000000000000e+00 9.470457753652735677e-01 1.000000000000000000e+00
5.909442180344076645e-01 1.000000000000000000e+00 9.423753586312673125e-01 1.000000000000000000e+00
5.915506282812516003e-01 1.000000000000000000e+00 9.436065128542967528e-01 1.000000000000000000e+00
6.023216345760756818e-01 1.000000000000000000e+00 9.455606457725406200e-01 1.000000000000000000e+00
6.121203842131658357e-01 1.000000000000000000e+00 9.470525474301879632e-01 1.000000000000000000e+00
5.989176156616098368e-01 1.000000000000000000e+00 9.470622695235496602e-01 1.000000000000000000e+00
5.925988251495913905e-01 1.000000000000000000e+00 9.503204609938720182e-01 1.000000000000000000e+00
5.931056213060709181e-01 1.000000000000000000e+00 9.484818241578824027e-01 1.000000000000000000e+00
5.192431183109912363e-01 1.000000000000000000e+00 9.671384683077898226e-01 1.000000000000000000e+00
5.099871568526502807e-01 1.000000000000000000e+00 9.680320391581510586e-01 1.000000000000000000e+00
5.106060498344947574e-01 1.000000000000000000e+00 9.688893861728959944e-01 1.000000000000000000e+00
