-1.850096486247201133e+00
-3.717229095381768378e+00
-3.697919745270777270e+00
-3.729122048051153993e+00
-2.759992497252459209e+00
-2.760617466253931340e+00
-3.713762075286314968e+00
-3.018323719566930574e+00
-3.622465394941051464e+00
-3.385905725852009773e+00
-3.129569905033065869e+00
-4.031098723345517776e+00
-5.541407345012993702e+00
-5.862498091276258094e+00
-5.925926285787969761e+00
-5.938094390145327139e+00
-6.805761766405930224e+00
-7.597103355333799435e+00
-7.600609486383216762e+00
-7.563317488751449602e+00
-7.697437463996022800e+00
-7.573793894316378505e+00
-7.569912118060922346e+00
-7.612809913202087664e+00
-7.497136227382614315e+00
-7.520621025162679274e+00
-7.542513254546412860e+00
-7.582794611328873557e+00
-7.572349507623227893e+00
-7.581546475666375962e+00
-7.577460304934691138e+00
-7.576963025537089891e+00
-7.750476898013390681e+00
-7.867234675514984232e+00
-7.876246950475446873e+00
-7.885543236865667716e+00
-8.515864629715082401e+00
-8.736315483442993468e+00
-8.625091861546609451e+00
-8.735095025151016657e+00
-8.839807884677547634e+00
-7.950775282680528022e+00
-8.568176075649825307e+00
-8.186332250031584934e+00
-8.263220908238398721e+00
-8.204540638813256237e+00
-8.014158769462879306e+00
-8.204922227830032000e+00
-8.137403577262698917e+00
-8.133173463601298891e+00
