5.769308158280148646e-01 0.000000000000000000e+00 6.301086219625671170e-01 0.000000000000000000e+00 0.000000000000000000e+00 1.000000000000000000e+00
9.439496945276490969e-01 0.000000000000000000e+00 1.000000000000000000e+00 0.000000000000000000e+00 0.000000000000000000e+00 1.000000000000000000e+00
9.627340894370437496e-01 0.000000000000000000e+00 1.000000000000000000e+00 0.000000000000000000e+00 0.000000000000000000e+00 9.872997124614720788e-01
9.493310679538833341e-01 0.000000000000000000e+00 1.000000000000000000e+00 0.000000000000000000e+00 0.000000000000000000e+00 1.000000000000000000e+00
1.000000000000000000e+00 0.000000000000000000e+00 8.757892834978484586e-01 0.000000000000000000e+00 0.000000000000000000e+00 1.000000000000000000e+00
1.000000000000000000e+00 0.000000000000000000e+00 8.758986872099420173e-01 0.000000000000000000e+00 0.000000000000000000e+00 1.000000000000000000e+00
1.000000000000000000e+00 0.000000000000000000e+00 1.000000000000000000e+00 0.000000000000000000e+00 0.000000000000000000e+00 9.785192031167898596e-01
1.000000000000000000e+00 0.000000000000000000e+00 1.000000000000000000e+00 4.144654241061021538e-02 0.000000000000000000e+00 9.332650734944751836e-01
1.000000000000000000e+00 4.765018160039168060e-02 1.000000000000000000e+00 0.000000000000000000e+00 0.000000000000000000e+00 9.591747481421583066e-01
1.000000000000000000e+00 0.000000000000000000e+00 1.000000000000000000e+00 0.000000000000000000e+00 0.000000000000000000e+00 9.099359144747760642e-01
9.587400932756369176e-01 0.000000000000000000e+00 1.000000000000000000e+00 0.000000000000000000e+00 0.000000000000000000e+00 8.706035962666919259e-01
1.000000000000000000e+00 2.668641710596169128e-02 1.000000000000000000e+00 0.000000000000000000e+00 3.019617454951410360e-02 1.000000000000000000e+00
1.000000000000000000e+00 0.000000000000000000e+00 1.000000000000000000e+00 0.000000000000000000e+00 1.820923831289572581e-01 1.000000000000000000e+00
1.000000000000000000e+00 0.000000000000000000e+00 1.000000000000000000e+00 0.000000000000000000e+00 2.129372424344966319e-01 1.000000000000000000e+00
1.000000000000000000e+00 0.000000000000000000e+00 1.000000000000000000e+00 0.000000000000000000e+00 2.244878831556288978e-01 1.000000000000000000e+00
1.000000000000000000e+00 0.000000000000000000e+00 1.000000000000000000e+00 0.000000000000000000e+00 2.290121191770628784e-01 1.000000000000000000e+00
1.000000000000000000e+00 3.320013924956132650e-02 1.000000000000000000e+00 0.000000000000000000e+00 2.391552692987251594e-01 1.000000000000000000e+00
1.000000000000000000e+00 6.581755718813543654e-02 1.000000000000000000e+00 0.000000000000000000e+00 2.505923674315922445e-01 1.000000000000000000e+00
1.000000000000000000e+00 6.797037517726199629e-02 1.000000000000000000e+00 0.000000000000000000e+00 2.514735363181978545e-01 1.000000000000000000e+00
1.000000000000000000e+00 6.671481432113497700e-02 1.000000000000000000e+00 0.000000000000000000e+00 2.516216742449114419e-01 1.000000000000000000e+00
1.000000000000000000e+00 6.586483862952514923e-02 1.000000000000000000e+00 0.000000000000000000e+00 2.487692268890544511e-01 1.000000000000000000e+00
1.000000000000000000e+00 6.655295568014907293e-02 1.000000000000000000e+00 0.000000000000000000e+00 2.513599587036235983e-01 1.000000000000000000e+00
1.000000000000000000e+00 6.626098164543563207e-02 1.000000000000000000e+00 0.000000000000000000e+00 2.513013771638068494e-01 1.000000000000000000e+00
1.000000000000000000e+00 6.605440352185243391e-02 1.000000000000000000e+00 0.000000000000000000e+00 2.504158270036820344e-01 1.000000000000000000e+00
1.000000000000000000e+00 6.947334710645892975e-02 1.000000000000000000e+00 0.000000000000000000e+00 2.538209477494371424e-01 1.000000000000000000e+00
1.000000000000000000e+00 6.882813915716988473e-02 1.000000000000000000e+00 0.000000000000000000e+00 2.531969878199654689e-01 1.000000000000000000e+00
1.000000000000000000e+00 6.844365794832248107e-02 1.000000000000000000e+00 0.000000000000000000e+00 2.526759916967255548e-01 1.000000000000000000e+00
1.000000000000000000e+00 6.828872105533992376e-02 1.000000000000000000e+00 0.000000000000000000e+00 2.519100952743402178e-01 1.000000000000000000e+00
1.000000000000000000e+00 6.822320196415870841e-02 1.000000000000000000e+00 0.000000000000000000e+00 2.520686386126770318e-01 1.000000000000000000e+00
1.000000000000000000e+00 6.819862378429560057e-02 1.000000000000000000e+00 0.000000000000000000e+00 2.518975938368740453e-01 1.000000000000000000e+00
1.000000000000000000e+00 6.838071252009322865e-02 1.000000000000000000e+00 0.000000000000000000e+00 2.520383038237296591e-01 1.000000000000000000e+00
1.000000000000000000e+00 6.839270914623300779e-02 1.000000000000000000e+00 0.000000000000000000e+00 2.520515108631256607e-01 1.000000000000000000e+00
1.000000000000000000e+00 6.821032901384160851e-02 1.000000000000000000e+00 0.000000000000000000e+00 2.489952157796739562e-01 1.000000000000000000e+00
1.000000000000000000e+00 6.666971346983593949e-02 1.000000000000000000e+00 0.000000000000000000e+00 2.461865362779188104e-01 1.000000000000000000e+00
1.000000000000000000e+00 6.663182019090391206e-02 1.000000000000000000e+00 0.000000000000000000e+00 2.460055165417029122e-01 1.000000000000000000e+00
1.000000000000000000e+00 6.784135407308322652e-02 1.000000000000000000e+00 0.000000000000000000e+00 2.465428197989728565e-01 1.000000000000000000e+00
1.000000000000000000e+00 7.789762976809690154e-02 1.000000000000000000e+00 0.000000000000000000e+00 2.424399310028413912e-01 1.000000000000000000e+00
1.000000000000000000e+00 8.209821396676077188e-02 1.000000000000000000e+00 0.000000000000000000e+00 2.413011620860534834e-01 1.000000000000000000e+00
1.000000000000000000e+00 8.228395355732957828e-02 1.000000000000000000e+00 0.000000000000000000e+00 2.423235063397547462e-01 1.000000000000000000e+00
1.000000000000000000e+00 8.427986769404019474e-02 1.000000000000000000e+00 0.000000000000000000e+00 2.415603243280580736e-01 1.000000000000000000e+00
1.000000000000000000e+00 8.202194116861083462e-02 1.000000000000000000e+00 0.000000000000000000e+00 2.404010280019064916e-01 1.000000000000000000e+00
1.000000000000000000e+00 6.594215589237135966e-02 1.000000000000000000e+00 0.000000000000000000e+00 2.442199698195701152e-01 1.000000000000000000e+00
1.000000000000000000e+00 7.268145423018917972e-02 1.000000000000000000e+00 0.000000000000000000e+00 2.393990778930065733e-01 1.000000000000000000e+00
1.000000000000000000e+00 6.822367963557005033e-02 1.000000000000000000e+00 0.000000000000000000e+00 2.418114428420188311e-01 1.000000000000000000e+00
1.000000000000000000e+00 6.846487007499038602e-02 1.000000000000000000e+00 0.000000000000000000e+00 2.407290754399552812e-01 1.000000000000000000e+00
1.000000000000000000e+00 6.760521931458125799e-02 1.000000000000000000e+00 0.000000000000000000e+00 2.410122390917767421e-01 1.000000000000000000e+00
1.000000000000000000e+00 6.618587730225049259e-02 1.000000000000000000e+00 0.000000000000000000e+00 2.432496623883350362e-01 1.000000000000000000e+00
1.000000000000000000e+00 6.817837626657731465e-02 1.000000000000000000e+00 0.000000000000000000e+00 2.414684117941142405e-01 1.000000000000000000e+00
1.000000000000000000e+00 6.817766904957976715e-02 1.000000000000000000e+00 0.000000000000000000e+00 2.425849877489216211e-01 1.000000000000000000e+00
1.000000000000000000e+00 6.787047626679323931e-02 1.000000000000000000e+00 0.000000000000000000e+00 2.424337204841816862e-01 1.000000000000000000e+00
