9.222152583641465284e-01
2.672398768380376821e-01
2.350216343671188701e-01
7.771388374476728700e-01
8.682682303713415983e-01
8.449429407501263256e-01
8.267105907491393291e-01
8.332603111657169714e-01
8.292882358038252688e-01
9.264187262104457421e-01
8.575073994708433123e-01
8.816688608909781788e-01
1.059468544847348204e+00
7.201973473153575611e-01
9.564896056279260650e-01
9.728238231998295182e-01
1.268934558998604079e+00
1.268523024131389620e+00
1.279493508246404510e+00
1.280970371900982396e+00
1.285722778235222741e+00
1.263100776393461189e+00
1.313418043768158849e+00
1.331738251641529258e+00
1.331487804424488663e+00
1.332069152931255829e+00
1.332024588657461983e+00
1.284294904185043773e+00
1.331946138599061857e+00
1.332000667811164885e+00
1.331999174285875664e+00
1.292717137253878601e+00
1.331987166968465530e+00
1.331957689234872344e+00
1.331923039843592615e+00
1.331955676351776807e+00
1.331966785612490600e+00
1.332095656481794510e+00
1.332096519081445773e+00
1.332113144459426302e+00
1.332120192475683140e+00
1.332026607745578684e+00
1.331964561821748383e+00
1.330879021979646026e+00
1.331694380848820636e+00
1.331631298775739491e+00
1.331666301719733436e+00
1.331594976424705479e+00
1.332034234942306883e+00
1.332084087136619743e+00
1.346235181000576819e+00
1.332124267790617989e+00
1.332149994747820809e+00
1.332149319317944558e+00
1.332138084913823128e+00
1.332136768741543964e+00
1.332134462164834332e+00
1.327765787960475841e+00
1.327771008349438731e+00
1.326963866709191642e+00
1.327833931919025101e+00
1.354320388373970729e+00
1.291350779275876270e+00
1.351476209451763388e+00
1.351710304738702462e+00
1.350450827653751462e+00
1.294060387062657025e+00
1.353478017040222969e+00
1.354063927003766210e+00
1.294013888454194960e+00
1.353182694319238877e+00
1.258281332272423336e+00
1.355616136359629742e+00
1.355478896773280706e+00
1.355668119169170627e+00
1.355687718070715864e+00
1.266094131792270705e+00
1.354308887047352306e+00
1.352566574061520699e+00
1.350083924227352572e+00
1.350082814239634388e+00
1.350280600704961032e+00
1.352152548077811378e+00
1.311491411510795846e+00
1.344611418717733153e+00
1.314725967236938464e+00
1.314624858722535095e+00
1.314958003744381099e+00
1.316826554239618474e+00
1.313815145419647390e+00
1.331857731605458062e+00
1.313751226440940556e+00
1.313908083628934520e+00
1.314938754808785415e+00
1.315732883494963312e+00
1.315346781038579271e+00
1.315575760311364473e+00
1.317392942566203873e+00
1.341727133939706107e+00
1.317411581987257385e+00
