2.701967683995019076e-01
8.361920516239832457e-01
8.361920516239832457e-01
1.039797163157174520e+00
1.039797163157174520e+00
1.039797163157174520e+00
1.039797163157174520e+00
1.039797163157174520e+00
1.039797163157174520e+00
1.039797163157174520e+00
1.039797163157174520e+00
1.039797163157174520e+00
1.039797163157174520e+00
1.039797163157174520e+00
1.039797163157174520e+00
1.039797163157174520e+00
1.039797163157174520e+00
1.039797163157174520e+00
1.039797163157174520e+00
1.039797163157174520e+00
1.039797163157174520e+00
1.039797163157174520e+00
1.039797163157174520e+00
1.039797163157174520e+00
1.039797163157174520e+00
1.039797163157174520e+00
1.039797163157174520e+00
1.039797163157174520e+00
1.039797163157174520e+00
1.039797163157174520e+00
1.039797163157174520e+00
1.039797163157174520e+00
1.039797163157174520e+00
1.039797163157174520e+00
1.039797163157174520e+00
1.039797163157174520e+00
1.039797163157174520e+00
1.039797163157174520e+00
1.039797163157174520e+00
1.039797163157174520e+00
1.039797163157174520e+00
1.039797163157174520e+00
1.039797163157174520e+00
1.039797163157174520e+00
1.039797163157174520e+00
1.039797163157174520e+00
1.039797163157174520e+00
1.039797163157174520e+00
1.039797163157174520e+00
1.039797163157174520e+00
1.039797163157174520e+00
1.039797163157174520e+00
1.039797163157174520e+00
1.039797163157174520e+00
1.039797163157174520e+00
1.039797163157174520e+00
1.039797163157174520e+00
1.039797163157174520e+00
1.039797163157174520e+00
1.039797163157174520e+00
1.039797163157174520e+00
1.039797163157174520e+00
1.039797163157174520e+00
1.039797163157174520e+00
1.028401867363680111e+00
1.028401867363680111e+00
1.028401867363680111e+00
1.028401867363680111e+00
1.028401867363680111e+00
1.028401867363680111e+00
1.039797163157174520e+00
1.039797163157174520e+00
1.039797163157174520e+00
1.039797163157174520e+00
1.039797163157174520e+00
1.039797163157174520e+00
1.039797163157174520e+00
1.039797163157174520e+00
1.039797163157174520e+00
1.039797163157174520e+00
1.039797163157174520e+00
1.039797163157174520e+00
1.039797163157174520e+00
1.039797163157174520e+00
1.039797163157174520e+00
1.039797163157174520e+00
1.039797163157174520e+00
1.039797163157174520e+00
1.039797163157174520e+00
1.039797163157174520e+00
1.039797163157174520e+00
1.039797163157174520e+00
1.039797163157174520e+00
1.039797163157174520e+00
1.039797163157174520e+00
1.039797163157174520e+00
1.039797163157174520e+00
1.039797163157174520e+00
1.039797163157174520e+00
1.039797163157174520e+00
