8.361920516239832457e-01
1.032835952159885551e+00
9.885130118633839169e-01
1.039797163157174520e+00
1.038659051620771656e+00
1.039797163157174520e+00
1.039797163157174520e+00
1.039797163157174520e+00
1.039797163157174520e+00
1.039797163157174520e+00
1.039797163157174520e+00
1.039797163157174520e+00
1.039797163157174520e+00
1.039797163157174520e+00
1.010999351164382887e+00
1.007761470714061858e+00
9.760267720723125873e-01
1.033353677405501436e+00
1.032352139691821824e+00
1.030459996847633342e+00
1.030651079845361640e+00
1.030208521583928727e+00
1.036641674858638007e+00
1.036246484888951436e+00
1.033019612799305875e+00
1.031968747043616297e+00
1.036024897338081896e+00
1.039797163157174520e+00
1.039797163157174520e+00
1.039797163157174520e+00
1.039797163157174520e+00
1.039797163157174520e+00
1.039406063970036209e+00
1.039797163157174520e+00
1.039797163157174520e+00
1.039797163157174520e+00
1.035830573911209918e+00
1.032265845815475647e+00
1.037391071544738974e+00
1.036918700188608877e+00
1.035649621715075908e+00
1.039797163157174520e+00
1.039797163157174520e+00
1.039797163157174520e+00
1.039797163157174520e+00
1.027952438694446968e+00
1.027353249575137628e+00
1.038552839076184231e+00
1.039588804331638361e+00
1.039797163157174520e+00
1.036444635792886704e+00
1.032122781092595698e+00
1.037210110159188403e+00
1.035236456541844152e+00
1.030835556921861240e+00
1.039039659875456323e+00
1.038354378581706650e+00
1.039797163157174520e+00
1.039797163157174520e+00
1.039797163157174520e+00
1.039797163157174520e+00
1.039797163157174520e+00
1.030287081972996344e+00
1.029991583419009871e+00
1.029038796661193356e+00
1.029011886659007224e+00
1.028511268626209674e+00
1.028261682893380824e+00
1.028254648541157890e+00
1.028195321006817764e+00
1.031426351156325971e+00
1.051840599401593135e+00
1.051676108665250631e+00
1.051327941625908924e+00
1.051483237686356542e+00
1.051386787054468197e+00
1.051448854929796672e+00
1.051875850081195551e+00
1.050288635246197089e+00
1.051776865588067267e+00
1.052057647731944545e+00
1.051786678950539899e+00
1.039797163157174520e+00
1.052003856857434805e+00
1.052838829707612778e+00
1.039797163157174520e+00
1.053362652558400114e+00
1.053519484764583014e+00
1.039797163157174520e+00
1.053189091303051494e+00
1.052684854655426161e+00
1.052547144922718836e+00
1.052566027047978414e+00
1.052628252765410277e+00
1.053115892285612087e+00
1.046209657850487362e+00
1.046584838937098194e+00
1.046162960893454619e+00
1.046979494237948671e+00
1.044978022225183434e+00
