1.021933555603027344e-02 3.115488290786743164e-01 7.579541206359863281e-02 4.708146452903747559e-01
1.741458483732864423e-02 2.709096292957697064e-02 2.931497173354170593e-01 2.125020256417039788e-01
1.981426833209890947e-03 0.000000000000000000e+00 3.184581592559337232e-03 4.579180145058578955e-01
1.981426833209890947e-03 0.000000000000000000e+00 3.184581592559337232e-03 4.579180145058578955e-01
0.000000000000000000e+00 4.747412075599403590e-04 0.000000000000000000e+00 3.984693072740174702e-01
0.000000000000000000e+00 4.747412075599403590e-04 0.000000000000000000e+00 3.984693072740174702e-01
0.000000000000000000e+00 4.747412075599403590e-04 0.000000000000000000e+00 3.984693072740174702e-01
0.000000000000000000e+00 4.747412075599403590e-04 0.000000000000000000e+00 3.984693072740174702e-01
0.000000000000000000e+00 4.747412075599403590e-04 0.000000000000000000e+00 3.984693072740174702e-01
0.000000000000000000e+00 4.747412075599403590e-04 0.000000000000000000e+00 3.984693072740174702e-01
0.000000000000000000e+00 4.747412075599403590e-04 0.000000000000000000e+00 3.984693072740174702e-01
0.000000000000000000e+00 4.747412075599403590e-04 0.000000000000000000e+00 3.984693072740174702e-01
0.000000000000000000e+00 4.747412075599403590e-04 0.000000000000000000e+00 3.984693072740174702e-01
0.000000000000000000e+00 4.747412075599403590e-04 0.000000000000000000e+00 3.984693072740174702e-01
0.000000000000000000e+00 6.908875162040099827e-02 2.847913974246813092e-03 3.232606391565101545e-01
0.000000000000000000e+00 6.908875162040099827e-02 2.847913974246813092e-03 3.232606391565101545e-01
0.000000000000000000e+00 6.908875162040099827e-02 2.847913974246813092e-03 3.232606391565101545e-01
0.000000000000000000e+00 6.908875162040099827e-02 2.847913974246813092e-03 3.232606391565101545e-01
0.000000000000000000e+00 6.908875162040099827e-02 2.847913974246813092e-03 3.232606391565101545e-01
0.000000000000000000e+00 6.908875162040099827e-02 2.847913974246813092e-03 3.232606391565101545e-01
0.000000000000000000e+00 6.908875162040099827e-02 2.847913974246813092e-03 3.232606391565101545e-01
0.000000000000000000e+00 6.908875162040099827e-02 2.847913974246813092e-03 3.232606391565101545e-01
0.000000000000000000e+00 6.908875162040099827e-02 2.847913974246813092e-03 3.232606391565101545e-01
0.000000000000000000e+00 6.908875162040099827e-02 2.847913974246813092e-03 3.232606391565101545e-01
0.000000000000000000e+00 6.908875162040099827e-02 2.847913974246813092e-03 3.232606391565101545e-01
0.000000000000000000e+00 6.908875162040099827e-02 2.847913974246813092e-03 3.232606391565101545e-01
0.000000000000000000e+00 6.908875162040099827e-02 2.847913974246813092e-03 3.232606391565101545e-01
0.000000000000000000e+00 6.908875162040099827e-02 2.847913974246813092e-03 3.232606391565101545e-01
0.000000000000000000e+00 6.908875162040099827e-02 2.847913974246813092e-03 3.232606391565101545e-01
0.000000000000000000e+00 6.908875162040099827e-02 2.847913974246813092e-03 3.232606391565101545e-01
0.000000000000000000e+00 6.908875162040099827e-02 2.847913974246813092e-03 3.232606391565101545e-01
0.000000000000000000e+00 6.908875162040099827e-02 2.847913974246813092e-03 3.232606391565101545e-01
0.000000000000000000e+00 6.908875162040099827e-02 2.847913974246813092e-03 3.232606391565101545e-01
0.000000000000000000e+00 6.908875162040099827e-02 2.847913974246813092e-03 3.232606391565101545e-01
0.000000000000000000e+00 6.908875162040099827e-02 2.847913974246813092e-03 3.232606391565101545e-01
0.000000000000000000e+00 6.908875162040099827e-02 2.847913974246813092e-03 3.232606391565101545e-01
0.000000000000000000e+00 6.908875162040099827e-02 2.847913974246813092e-03 3.232606391565101545e-01
0.000000000000000000e+00 6.908875162040099827e-02 2.847913974246813092e-03 3.232606391565101545e-01
0.000000000000000000e+00 6.908875162040099827e-02 2.847913974246813092e-03 3.232606391565101545e-01
0.000000000000000000e+00 6.908875162040099827e-02 2.847913974246813092e-03 3.232606391565101545e-01
0.000000000000000000e+00 6.908875162040099827e-02 2.847913974246813092e-03 3.232606391565101545e-01
0.000000000000000000e+00 6.908875162040099827e-02 2.847913974246813092e-03 3.232606391565101545e-01
0.000000000000000000e+00 6.908875162040099827e-02 2.847913974246813092e-03 3.232606391565101545e-01
0.000000000000000000e+00 6.908875162040099827e-02 2.847913974246813092e-03 3.232606391565101545e-01
0.000000000000000000e+00 6.908875162040099827e-02 2.847913974246813092e-03 3.232606391565101545e-01
0.000000000000000000e+00 6.908875162040099827e-02 2.847913974246813092e-03 3.232606391565101545e-01
0.000000000000000000e+00 6.908875162040099827e-02 2.847913974246813092e-03 3.232606391565101545e-01
0.000000000000000000e+00 6.908875162040099827e-02 2.847913974246813092e-03 3.232606391565101545e-01
0.000000000000000000e+00 6.908875162040099827e-02 2.847913974246813092e-03 3.232606391565101545e-01
0.000000000000000000e+00 6.908875162040099827e-02 2.847913974246813092e-03 3.232606391565101545e-01
0.000000000000000000e+00 6.908875162040099827e-02 2.847913974246813092e-03 3.232606391565101545e-01
0.000000000000000000e+00 6.908875162040099827e-02 2.847913974246813092e-03 3.232606391565101545e-01
0.000000000000000000e+00 6.908875162040099827e-02 2.847913974246813092e-03 3.232606391565101545e-01
0.000000000000000000e+00 6.908875162040099827e-02 2.847913974246813092e-03 3.232606391565101545e-01
0.000000000000000000e+00 6.908875162040099827e-02 2.847913974246813092e-03 3.232606391565101545e-01
0.000000000000000000e+00 6.908875162040099827e-02 2.847913974246813092e-03 3.232606391565101545e-01
0.000000000000000000e+00 6.908875162040099827e-02 2.847913974246813092e-03 3.232606391565101545e-01
0.000000000000000000e+00 6.908875162040099827e-02 2.847913974246813092e-03 3.232606391565101545e-01
0.000000000000000000e+00 6.908875162040099827e-02 2.847913974246813092e-03 3.232606391565101545e-01
0.000000000000000000e+00 6.908875162040099827e-02 2.847913974246813092e-03 3.232606391565101545e-01
0.000000000000000000e+00 6.908875162040099827e-02 2.847913974246813092e-03 3.232606391565101545e-01
0.000000000000000000e+00 6.908875162040099827e-02 2.847913974246813092e-03 3.232606391565101545e-01
0.000000000000000000e+00 6.908875162040099827e-02 2.847913974246813092e-03 3.232606391565101545e-01
0.000000000000000000e+00 6.908875162040099827e-02 2.847913974246813092e-03 3.232606391565101545e-01
0.000000000000000000e+00 6.908875162040099827e-02 2.847913974246813092e-03 3.232606391565101545e-01
0.000000000000000000e+00 6.908875162040099827e-02 2.847913974246813092e-03 3.232606391565101545e-01
0.000000000000000000e+00 6.908875162040099827e-02 2.847913974246813092e-03 3.232606391565101545e-01
0.000000000000000000e+00 6.908875162040099827e-02 2.847913974246813092e-03 3.232606391565101545e-01
0.000000000000000000e+00 6.908875162040099827e-02 2.847913974246813092e-03 3.232606391565101545e-01
0.000000000000000000e+00 6.908875162040099827e-02 2.847913974246813092e-03 3.232606391565101545e-01
0.000000000000000000e+00 6.908875162040099827e-02 2.847913974246813092e-03 3.232606391565101545e-01
0.000000000000000000e+00 6.908875162040099827e-02 2.847913974246813092e-03 3.232606391565101545e-01
0.000000000000000000e+00 6.908875162040099827e-02 2.847913974246813092e-03 3.232606391565101545e-01
0.000000000000000000e+00 6.908875162040099827e-02 2.847913974246813092e-03 3.232606391565101545e-01
0.000000000000000000e+00 6.908875162040099827e-02 2.847913974246813092e-03 3.232606391565101545e-01
0.000000000000000000e+00 6.908875162040099827e-02 2.847913974246813092e-03 3.232606391565101545e-01
0.000000000000000000e+00 6.908875162040099827e-02 2.847913974246813092e-03 3.232606391565101545e-01
0.000000000000000000e+00 6.908875162040099827e-02 2.847913974246813092e-03 3.232606391565101545e-01
0.000000000000000000e+00 6.908875162040099827e-02 2.847913974246813092e-03 3.232606391565101545e-01
0.000000000000000000e+00 6.908875162040099827e-02 2.847913974246813092e-03 3.232606391565101545e-01
0.000000000000000000e+00 6.908875162040099827e-02 2.847913974246813092e-03 3.232606391565101545e-01
0.000000000000000000e+00 6.908875162040099827e-02 2.847913974246813092e-03 3.232606391565101545e-01
0.000000000000000000e+00 6.908875162040099827e-02 2.847913974246813092e-03 3.232606391565101545e-01
0.000000000000000000e+00 6.908875162040099827e-02 2.847913974246813092e-03 3.232606391565101545e-01
0.000000000000000000e+00 6.908875162040099827e-02 2.847913974246813092e-03 3.232606391565101545e-01
0.000000000000000000e+00 6.908875162040099827e-02 2.847913974246813092e-03 3.232606391565101545e-01
0.000000000000000000e+00 6.908875162040099827e-02 2.847913974246813092e-03 3.232606391565101545e-01
0.000000000000000000e+00 6.908875162040099827e-02 2.847913974246813092e-03 3.232606391565101545e-01
0.000000000000000000e+00 6.908875162040099827e-02 2.847913974246813092e-03 3.232606391565101545e-01
0.000000000000000000e+00 6.908875162040099827e-02 2.847913974246813092e-03 3.232606391565101545e-01
0.000000000000000000e+00 6.908875162040099827e-02 2.847913974246813092e-03 3.232606391565101545e-01
0.000000000000000000e+00 6.908875162040099827e-02 2.847913974246813092e-03 3.232606391565101545e-01
0.000000000000000000e+00 6.908875162040099827e-02 2.847913974246813092e-03 3.232606391565101545e-01
0.000000000000000000e+00 6.908875162040099827e-02 2.847913974246813092e-03 3.232606391565101545e-01
0.000000000000000000e+00 6.908875162040099827e-02 2.847913974246813092e-03 3.232606391565101545e-01
0.000000000000000000e+00 6.908875162040099827e-02 2.847913974246813092e-03 3.232606391565101545e-01
0.000000000000000000e+00 6.908875162040099827e-02 2.847913974246813092e-03 3.232606391565101545e-01
0.000000000000000000e+00 6.908875162040099827e-02 2.847913974246813092e-03 3.232606391565101545e-01
0.000000000000000000e+00 6.908875162040099827e-02 2.847913974246813092e-03 3.232606391565101545e-01
0.000000000000000000e+00 6.908875162040099827e-02 2.847913974246813092e-03 3.232606391565101545e-01
