1.957508215117378159e+00
1.599775391899443733e+00
1.884045614911457944e+00
1.946415954629495237e+00
1.121641092319774380e+00
2.068906568595323403e+00
2.187626550160088001e+00
2.236886807782223485e+00
2.244954873611076707e+00
2.263806628676393817e+00
2.241377454354268384e+00
2.229026947608933718e+00
2.038726057968915040e+00
1.843758745187523695e+00
2.168606577711644334e+00
2.172061997797269939e+00
2.315999896218142950e+00
2.327631687938987781e+00
2.408495122354901596e+00
2.425819716203921672e+00
2.426274746897197687e+00
2.426057530132732509e+00
2.428340549639885548e+00
2.441962674473709072e+00
2.441296508438044910e+00
2.555620078704073705e+00
2.642043240303724616e+00
2.544033641608915985e+00
2.588344533642351841e+00
2.609688013366191939e+00
2.612531617079880686e+00
2.609247946295704779e+00
2.611712218918578188e+00
2.612210954143174835e+00
2.673623563697846262e+00
2.666217883787138199e+00
2.665507010696850365e+00
2.664053385402715080e+00
2.673950858065873515e+00
2.673523170238214064e+00
2.662973827176504216e+00
2.662078932980748380e+00
2.661361964390752455e+00
2.661320481936002569e+00
2.662088017251612815e+00
2.661544551770380629e+00
2.661773146068890483e+00
2.661365976817271939e+00
2.661686033900903858e+00
2.654906149339528731e+00
2.663115840955739611e+00
2.663008665618157522e+00
2.663079279843850067e+00
2.663475705700962148e+00
2.662987886623930933e+00
2.667759966900735691e+00
2.670910998766758304e+00
2.671128618224706486e+00
2.671123683913958047e+00
2.671299268639615754e+00
2.671278064494281956e+00
2.671311812165283239e+00
2.671859409382610462e+00
2.672147805281637645e+00
2.672262557683886541e+00
2.672222664417140070e+00
2.672155079778169018e+00
2.672126167016746656e+00
2.672341202718806485e+00
2.672305389690700750e+00
2.672255100247229009e+00
2.672234975760177100e+00
2.672433292011272776e+00
2.672488198728924402e+00
2.672430771218416989e+00
2.672395713059885658e+00
2.672379330727269853e+00
2.672333760320727336e+00
2.672551455873407811e+00
2.672763886779368381e+00
2.672691689340209287e+00
2.672678092561070251e+00
2.672646340993541259e+00
2.672960466650641020e+00
2.672908525457467821e+00
2.673015355368746793e+00
2.673004447475470169e+00
2.672971835480541181e+00
2.673002026230754336e+00
2.673075681900326295e+00
2.672867456118463991e+00
2.672866291670011663e+00
2.673087955640906621e+00
2.673097137797037615e+00
2.673083896133249482e+00
2.673015622080305853e+00
2.673353339838101750e+00
2.673338524179385445e+00
2.673337402828770415e+00
2.673321012310364786e+00
