1.946920876730419581e+00
1.946920876730419581e+00
1.946920876730419581e+00
1.946920876730419581e+00
1.964487934826529614e+00
1.964487934826529614e+00
2.194083740513857794e+00
2.194083740513857794e+00
2.235241504341508811e+00
2.235241504341508811e+00
2.235241504341508811e+00
2.235241504341508811e+00
2.235241504341508811e+00
2.247290976129099782e+00
2.247290976129099782e+00
2.247290976129099782e+00
2.320180964430736736e+00
2.403967730648066237e+00
2.403967730648066237e+00
2.403967730648066237e+00
2.411063479566471823e+00
2.411063479566471823e+00
2.411063479566471823e+00
2.411063479566471823e+00
2.411063479566471823e+00
2.464329957496655954e+00
2.478844269541393697e+00
2.478844269541393697e+00
2.478844269541393697e+00
2.478844269541393697e+00
2.478844269541393697e+00
2.595859807850444234e+00
2.595859807850444234e+00
2.595859807850444234e+00
2.595859807850444234e+00
2.673581322241830982e+00
2.673581322241830982e+00
2.673581322241830982e+00
2.673581322241830982e+00
2.673581322241830982e+00
2.673581322241830982e+00
2.673581322241830982e+00
2.673581322241830982e+00
2.673581322241830982e+00
2.673581322241830982e+00
2.673581322241830982e+00
2.673581322241830982e+00
2.673581322241830982e+00
2.673581322241830982e+00
2.673581322241830982e+00
2.673581322241830982e+00
2.673581322241830982e+00
2.673581322241830982e+00
2.673581322241830982e+00
2.673581322241830982e+00
2.673581322241830982e+00
2.673581322241830982e+00
2.673581322241830982e+00
2.673581322241830982e+00
2.673581322241830982e+00
2.673581322241830982e+00
2.673581322241830982e+00
2.673581322241830982e+00
2.673581322241830982e+00
2.673581322241830982e+00
2.673581322241830982e+00
2.673581322241830982e+00
2.673581322241830982e+00
2.673581322241830982e+00
2.673581322241830982e+00
2.673581322241830982e+00
2.673581322241830982e+00
2.673581322241830982e+00
2.673581322241830982e+00
2.673581322241830982e+00
2.673581322241830982e+00
2.673581322241830982e+00
2.673581322241830982e+00
2.673581322241830982e+00
2.673581322241830982e+00
2.673581322241830982e+00
2.673581322241830982e+00
2.673581322241830982e+00
2.673581322241830982e+00
2.673581322241830982e+00
2.673581322241830982e+00
2.673581322241830982e+00
2.673581322241830982e+00
2.673581322241830982e+00
2.673581322241830982e+00
2.673581322241830982e+00
2.673581322241830982e+00
2.673581322241830982e+00
2.673581322241830982e+00
2.673581322241830982e+00
2.673581322241830982e+00
2.673581322241830982e+00
2.673581322241830982e+00
2.673581322241830982e+00
2.673581322241830982e+00
