1.375892926294742247e-01
1.375892926294742247e-01
4.984980450952969377e-01
4.984980450952969377e-01
4.984980450952969377e-01
4.984980450952969377e-01
4.984980450952969377e-01
4.984980450952969377e-01
4.984980450952969377e-01
4.984980450952969377e-01
4.984980450952969377e-01
4.984980450952969377e-01
4.984980450952969377e-01
5.426574022738122061e-01
5.426574022738122061e-01
5.480413133104917733e-01
5.480413133104917733e-01
5.480413133104917733e-01
5.480413133104917733e-01
5.480413133104917733e-01
5.619423781588492872e-01
5.619423781588492872e-01
5.619423781588492872e-01
5.619423781588492872e-01
5.619423781588492872e-01
7.048459027096156682e-01
7.365804681952949906e-01
7.365804681952949906e-01
7.365804681952949906e-01
7.365804681952949906e-01
7.365804681952949906e-01
7.365804681952949906e-01
7.528515568611434672e-01
7.528515568611434672e-01
7.528515568611434672e-01
7.528515568611434672e-01
7.551710189543279217e-01
7.555480319535013978e-01
7.555480319535013978e-01
7.555480319535013978e-01
7.555480319535013978e-01
7.555480319535013978e-01
7.555480319535013978e-01
7.555480319535013978e-01
7.555480319535013978e-01
7.555480319535013978e-01
7.555480319535013978e-01
7.555480319535013978e-01
7.555480319535013978e-01
7.555480319535013978e-01
7.555480319535013978e-01
7.555480319535013978e-01
7.555480319535013978e-01
7.555480319535013978e-01
7.555480319535013978e-01
7.555480319535013978e-01
7.555480319535013978e-01
7.555480319535013978e-01
7.555480319535013978e-01
7.555480319535013978e-01
7.555480319535013978e-01
7.555480319535013978e-01
7.555480319535013978e-01
7.555480319535013978e-01
7.555480319535013978e-01
7.555480319535013978e-01
7.555480319535013978e-01
7.555480319535013978e-01
7.555480319535013978e-01
7.555480319535013978e-01
7.555480319535013978e-01
7.555480319535013978e-01
7.555480319535013978e-01
7.555480319535013978e-01
7.555480319535013978e-01
7.555480319535013978e-01
7.555480319535013978e-01
7.555480319535013978e-01
7.555480319535013978e-01
7.555480319535013978e-01
7.555480319535013978e-01
7.555480319535013978e-01
7.555480319535013978e-01
7.555480319535013978e-01
7.555480319535013978e-01
7.555480319535013978e-01
7.555480319535013978e-01
7.555480319535013978e-01
7.555480319535013978e-01
7.555480319535013978e-01
7.555480319535013978e-01
7.555480319535013978e-01
7.555480319535013978e-01
7.555480319535013978e-01
7.555480319535013978e-01
7.555480319535013978e-01
7.555480319535013978e-01
7.555480319535013978e-01
7.555480319535013978e-01
7.555480319535013978e-01
