0.000000000000000000e+00 0.000000000000000000e+00 1.000000000000000000e+00 0.000000000000000000e+00
0.000000000000000000e+00 0.000000000000000000e+00 1.000000000000000000e+00 0.000000000000000000e+00
1.000000000000000000e+00 0.000000000000000000e+00 9.283321875456280736e-01 0.000000000000000000e+00
0.000000000000000000e+00 0.000000000000000000e+00 1.000000000000000000e+00 1.416791047118346747e-01
9.050201622540146040e-01 0.000000000000000000e+00 1.000000000000000000e+00 9.353280939777554662e-03
0.000000000000000000e+00 0.000000000000000000e+00 1.000000000000000000e+00 1.499524353828390055e-01
0.000000000000000000e+00 0.000000000000000000e+00 1.000000000000000000e+00 8.338319959753724697e-02
0.000000000000000000e+00 0.000000000000000000e+00 1.000000000000000000e+00 6.319557801270610231e-02
0.000000000000000000e+00 0.000000000000000000e+00 1.000000000000000000e+00 6.313184982892569574e-02
0.000000000000000000e+00 0.000000000000000000e+00 1.000000000000000000e+00 7.487083185086608472e-02
5.929388845939844582e-02 0.000000000000000000e+00 1.000000000000000000e+00 0.000000000000000000e+00
1.176042391558747846e-01 0.000000000000000000e+00 1.000000000000000000e+00 0.000000000000000000e+00
1.143529594281700174e-01 0.000000000000000000e+00 1.000000000000000000e+00 0.000000000000000000e+00
1.329745760308149727e-01 0.000000000000000000e+00 1.000000000000000000e+00 0.000000000000000000e+00
0.000000000000000000e+00 1.000000000000000000e+00 4.855923579558173442e-01 1.000000000000000000e+00
0.000000000000000000e+00 0.000000000000000000e+00 4.056067218171945377e-01 1.000000000000000000e+00
0.000000000000000000e+00 1.000000000000000000e+00 3.351929334573807706e-01 1.000000000000000000e+00
0.000000000000000000e+00 1.000000000000000000e+00 3.331369501319927928e-01 1.000000000000000000e+00
0.000000000000000000e+00 6.825789561663528904e-01 5.412337772887038101e-01 9.883272248148289307e-01
0.000000000000000000e+00 6.830978958537708978e-01 5.167333590725993187e-01 9.891614160164894365e-01
0.000000000000000000e+00 6.938021406481417186e-01 5.103094200857171137e-01 9.793310508735036946e-01
0.000000000000000000e+00 6.849081088542076090e-01 5.115552815013614252e-01 9.669398452890333173e-01
0.000000000000000000e+00 6.871136226716002549e-01 5.093833105256410088e-01 9.705335524810930758e-01
0.000000000000000000e+00 6.872480516538392870e-01 5.092715351907854959e-01 9.707386923665770606e-01
0.000000000000000000e+00 6.845923359528318652e-01 5.073015892307606300e-01 9.701310710629720280e-01
2.524904113541269757e-01 3.105255834542059445e-01 1.000000000000000000e+00 0.000000000000000000e+00
3.026934272581067176e-01 3.161455838617754921e-01 1.000000000000000000e+00 0.000000000000000000e+00
3.097528308393542873e-01 3.138178124335654906e-01 1.000000000000000000e+00 0.000000000000000000e+00
2.455345588971881710e-01 2.878347464698602920e-01 1.000000000000000000e+00 0.000000000000000000e+00
2.456103136680389265e-01 2.885280913790294055e-01 1.000000000000000000e+00 0.000000000000000000e+00
2.462821418916441296e-01 2.911519212226146847e-01 1.000000000000000000e+00 0.000000000000000000e+00
2.470071720288604111e-01 2.907903705659993787e-01 1.000000000000000000e+00 0.000000000000000000e+00
2.513568021294065313e-01 2.913627369464443784e-01 1.000000000000000000e+00 0.000000000000000000e+00
2.617528000825635748e-01 2.838443460460116641e-01 1.000000000000000000e+00 0.000000000000000000e+00
2.625109689410392022e-01 2.834925727706006926e-01 1.000000000000000000e+00 0.000000000000000000e+00
2.606316577457909456e-01 2.846490435573070243e-01 1.000000000000000000e+00 0.000000000000000000e+00
2.604893643724563446e-01 2.849415069311687088e-01 1.000000000000000000e+00 0.000000000000000000e+00
2.596492651020604892e-01 2.846826074048747768e-01 1.000000000000000000e+00 0.000000000000000000e+00
2.630500586038732602e-01 2.822369475835163066e-01 1.000000000000000000e+00 0.000000000000000000e+00
2.629606841972674802e-01 2.821930612097036106e-01 1.000000000000000000e+00 0.000000000000000000e+00
2.711495353788339058e-01 2.786954909110019307e-01 1.000000000000000000e+00 0.000000000000000000e+00
2.681685661266824394e-01 2.748802640031687283e-01 1.000000000000000000e+00 0.000000000000000000e+00
2.645271343886855808e-01 2.755713004515049636e-01 1.000000000000000000e+00 0.000000000000000000e+00
2.639329543364642983e-01 2.744448281647972609e-01 1.000000000000000000e+00 0.000000000000000000e+00
2.637455300087659937e-01 2.725004634120434810e-01 1.000000000000000000e+00 0.000000000000000000e+00
2.641901294945862566e-01 2.724270468423303226e-01 1.000000000000000000e+00 0.000000000000000000e+00
2.641761002635286126e-01 2.719797780541013954e-01 1.000000000000000000e+00 0.000000000000000000e+00
2.642315306577528444e-01 2.720064000155165140e-01 1.000000000000000000e+00 0.000000000000000000e+00
2.636400705532384037e-01 2.706963270912779440e-01 1.000000000000000000e+00 0.000000000000000000e+00
2.625344481651710749e-01 2.711827921519200379e-01 1.000000000000000000e+00 0.000000000000000000e+00
2.622403351011219352e-01 2.707042010886013261e-01 1.000000000000000000e+00 0.000000000000000000e+00
2.617547886318304928e-01 2.711085701937815395e-01 1.000000000000000000e+00 0.000000000000000000e+00
2.622050052482881588e-01 2.700215286409402560e-01 1.000000000000000000e+00 0.000000000000000000e+00
2.619056411433065001e-01 2.701317129182723153e-01 1.000000000000000000e+00 0.000000000000000000e+00
2.619373856621410868e-01 2.701398868814784970e-01 1.000000000000000000e+00 0.000000000000000000e+00
2.621749378154701327e-01 2.700893109296769734e-01 1.000000000000000000e+00 0.000000000000000000e+00
2.672041198222276370e-01 2.699950795979091933e-01 1.000000000000000000e+00 0.000000000000000000e+00
2.684393982201445095e-01 2.706210129243543649e-01 1.000000000000000000e+00 0.000000000000000000e+00
2.656816075746272765e-01 2.718815853588270604e-01 1.000000000000000000e+00 0.000000000000000000e+00
2.691058895240839854e-01 2.732118283080490206e-01 1.000000000000000000e+00 0.000000000000000000e+00
2.696633155342063048e-01 2.727329558638581508e-01 1.000000000000000000e+00 0.000000000000000000e+00
2.707012259884756245e-01 2.735361224923218426e-01 1.000000000000000000e+00 0.000000000000000000e+00
2.715286275239910951e-01 2.733363044033002565e-01 1.000000000000000000e+00 0.000000000000000000e+00
2.665146550075331300e-01 2.715570014283718581e-01 1.000000000000000000e+00 0.000000000000000000e+00
2.664865050609494523e-01 2.715867164190381988e-01 1.000000000000000000e+00 0.000000000000000000e+00
2.656685211921445688e-01 2.727235287671552211e-01 1.000000000000000000e+00 0.000000000000000000e+00
2.659958287424764034e-01 2.733606990329892072e-01 1.000000000000000000e+00 0.000000000000000000e+00
2.661924623856166683e-01 2.735764302482836530e-01 1.000000000000000000e+00 0.000000000000000000e+00
2.663300153822429350e-01 2.741353274886916269e-01 1.000000000000000000e+00 0.000000000000000000e+00
2.663234734792400693e-01 2.740191893015598290e-01 1.000000000000000000e+00 0.000000000000000000e+00
2.661106405352767768e-01 2.739514635965659139e-01 1.000000000000000000e+00 0.000000000000000000e+00
2.660809918977121158e-01 2.747292264605570855e-01 1.000000000000000000e+00 0.000000000000000000e+00
2.661218826755682443e-01 2.746738799354632721e-01 1.000000000000000000e+00 0.000000000000000000e+00
2.665035553281101532e-01 2.773678188514386855e-01 1.000000000000000000e+00 0.000000000000000000e+00
2.663613030785003666e-01 2.775124870713162051e-01 1.000000000000000000e+00 0.000000000000000000e+00
2.665855543579332410e-01 2.781049698658068503e-01 1.000000000000000000e+00 0.000000000000000000e+00
2.661969763088861129e-01 2.778745322580759014e-01 1.000000000000000000e+00 0.000000000000000000e+00
2.661085429306626615e-01 2.785713418194227242e-01 1.000000000000000000e+00 0.000000000000000000e+00
2.658945548996585195e-01 2.786253717614629033e-01 1.000000000000000000e+00 0.000000000000000000e+00
2.662941533193684540e-01 2.792619258360137802e-01 1.000000000000000000e+00 0.000000000000000000e+00
2.657312057249738846e-01 2.785547820090242266e-01 1.000000000000000000e+00 0.000000000000000000e+00
2.657099289155843702e-01 2.785239686992792008e-01 1.000000000000000000e+00 0.000000000000000000e+00
2.654403493663455849e-01 2.780825057987587057e-01 1.000000000000000000e+00 0.000000000000000000e+00
2.655622216677764325e-01 2.781562467672122341e-01 1.000000000000000000e+00 0.000000000000000000e+00
2.658088259946011500e-01 2.776330378665241572e-01 1.000000000000000000e+00 0.000000000000000000e+00
2.656578562584988035e-01 2.773995632884618812e-01 1.000000000000000000e+00 0.000000000000000000e+00
2.655649038575087495e-01 2.771723317548647203e-01 1.000000000000000000e+00 0.000000000000000000e+00
2.654073066487007693e-01 2.772567654122046754e-01 1.000000000000000000e+00 0.000000000000000000e+00
2.651831276729288978e-01 2.769718929602016377e-01 1.000000000000000000e+00 0.000000000000000000e+00
2.652100206017061201e-01 2.769302932605262058e-01 1.000000000000000000e+00 0.000000000000000000e+00
2.652938294683901965e-01 2.769642025667135021e-01 1.000000000000000000e+00 0.000000000000000000e+00
2.653903050872483682e-01 2.769263181146677244e-01 1.000000000000000000e+00 0.000000000000000000e+00
2.654081974420751666e-01 2.768142191220143156e-01 1.000000000000000000e+00 0.000000000000000000e+00
2.660703040658183305e-01 2.788227342347507354e-01 1.000000000000000000e+00 0.000000000000000000e+00
2.661070486568281046e-01 2.788527251864353906e-01 1.000000000000000000e+00 0.000000000000000000e+00
2.658158772693315353e-01 2.785832530643844729e-01 1.000000000000000000e+00 0.000000000000000000e+00
2.658627788353363774e-01 2.785700580249328984e-01 1.000000000000000000e+00 0.000000000000000000e+00
2.644774090054751170e-01 2.772860346634044570e-01 1.000000000000000000e+00 0.000000000000000000e+00
2.638883149740691714e-01 2.777693086488056684e-01 1.000000000000000000e+00 0.000000000000000000e+00
2.642369942099325186e-01 2.782873085796579993e-01 1.000000000000000000e+00 0.000000000000000000e+00
