4.569618701934814453e-01 2.408674359321594238e-01 8.680835962295532227e-01 2.530061006546020508e-01
4.569618701934814453e-01 2.408674359321594238e-01 8.680835962295532227e-01 2.530061006546020508e-01
3.392582759261131287e-02 0.000000000000000000e+00 9.875813722610473633e-01 1.877118647098541260e-02
3.392582759261131287e-02 0.000000000000000000e+00 9.875813722610473633e-01 1.877118647098541260e-02
3.392582759261131287e-02 0.000000000000000000e+00 9.875813722610473633e-01 1.877118647098541260e-02
3.392582759261131287e-02 0.000000000000000000e+00 9.875813722610473633e-01 1.877118647098541260e-02
3.392582759261131287e-02 0.000000000000000000e+00 9.875813722610473633e-01 1.877118647098541260e-02
3.392582759261131287e-02 0.000000000000000000e+00 9.875813722610473633e-01 1.877118647098541260e-02
3.392582759261131287e-02 0.000000000000000000e+00 9.875813722610473633e-01 1.877118647098541260e-02
3.392582759261131287e-02 0.000000000000000000e+00 9.875813722610473633e-01 1.877118647098541260e-02
3.392582759261131287e-02 0.000000000000000000e+00 9.875813722610473633e-01 1.877118647098541260e-02
3.392582759261131287e-02 0.000000000000000000e+00 9.875813722610473633e-01 1.877118647098541260e-02
1.716661453247070312e-01 0.000000000000000000e+00 1.000000000000000000e+00 9.702748060226440430e-02
0.000000000000000000e+00 9.838058948516845703e-01 5.080406665802001953e-01 1.000000000000000000e+00
0.000000000000000000e+00 9.838058948516845703e-01 5.080406665802001953e-01 1.000000000000000000e+00
2.058172132819890976e-03 7.377764582633972168e-01 3.867624700069427490e-01 9.202302694320678711e-01
2.058172132819890976e-03 7.377764582633972168e-01 3.867624700069427490e-01 9.202302694320678711e-01
2.058172132819890976e-03 7.377764582633972168e-01 3.867624700069427490e-01 9.202302694320678711e-01
2.058172132819890976e-03 7.377764582633972168e-01 3.867624700069427490e-01 9.202302694320678711e-01
2.058172132819890976e-03 7.377764582633972168e-01 3.867624700069427490e-01 9.202302694320678711e-01
1.644287607632577419e-03 5.246281623840332031e-01 5.719676017761230469e-01 1.000000000000000000e+00
1.644287607632577419e-03 5.246281623840332031e-01 5.719676017761230469e-01 1.000000000000000000e+00
1.644287607632577419e-03 5.246281623840332031e-01 5.719676017761230469e-01 1.000000000000000000e+00
1.644287607632577419e-03 5.246281623840332031e-01 5.719676017761230469e-01 1.000000000000000000e+00
1.644287607632577419e-03 5.246281623840332031e-01 5.719676017761230469e-01 1.000000000000000000e+00
2.242537289857864380e-01 3.423511385917663574e-01 9.941039085388183594e-01 5.702549964189529419e-02
3.875267803668975830e-01 3.389459252357482910e-01 9.975592494010925293e-01 0.000000000000000000e+00
3.875267803668975830e-01 3.389459252357482910e-01 9.975592494010925293e-01 0.000000000000000000e+00
3.875267803668975830e-01 3.389459252357482910e-01 9.975592494010925293e-01 0.000000000000000000e+00
3.875267803668975830e-01 3.389459252357482910e-01 9.975592494010925293e-01 0.000000000000000000e+00
3.875267803668975830e-01 3.389459252357482910e-01 9.975592494010925293e-01 0.000000000000000000e+00
3.875267803668975830e-01 3.389459252357482910e-01 9.975592494010925293e-01 0.000000000000000000e+00
1.931440979242324829e-01 2.668642103672027588e-01 9.982522130012512207e-01 0.000000000000000000e+00
1.931440979242324829e-01 2.668642103672027588e-01 9.982522130012512207e-01 0.000000000000000000e+00
1.931440979242324829e-01 2.668642103672027588e-01 9.982522130012512207e-01 0.000000000000000000e+00
1.931440979242324829e-01 2.668642103672027588e-01 9.982522130012512207e-01 0.000000000000000000e+00
2.845624387264251709e-01 2.440300434827804565e-01 9.993112683296203613e-01 0.000000000000000000e+00
2.845624387264251709e-01 2.440300434827804565e-01 9.993112683296203613e-01 0.000000000000000000e+00
2.845624387264251709e-01 2.440300434827804565e-01 9.993112683296203613e-01 0.000000000000000000e+00
2.845624387264251709e-01 2.440300434827804565e-01 9.993112683296203613e-01 0.000000000000000000e+00
2.845624387264251709e-01 2.440300434827804565e-01 9.993112683296203613e-01 0.000000000000000000e+00
2.845624387264251709e-01 2.440300434827804565e-01 9.993112683296203613e-01 0.000000000000000000e+00
2.845624387264251709e-01 2.440300434827804565e-01 9.993112683296203613e-01 0.000000000000000000e+00
2.845624387264251709e-01 2.440300434827804565e-01 9.993112683296203613e-01 0.000000000000000000e+00
2.845624387264251709e-01 2.440300434827804565e-01 9.993112683296203613e-01 0.000000000000000000e+00
2.845624387264251709e-01 2.440300434827804565e-01 9.993112683296203613e-01 0.000000000000000000e+00
2.845624387264251709e-01 2.440300434827804565e-01 9.993112683296203613e-01 0.000000000000000000e+00
2.845624387264251709e-01 2.440300434827804565e-01 9.993112683296203613e-01 0.000000000000000000e+00
2.845624387264251709e-01 2.440300434827804565e-01 9.993112683296203613e-01 0.000000000000000000e+00
2.845624387264251709e-01 2.440300434827804565e-01 9.993112683296203613e-01 0.000000000000000000e+00
2.845624387264251709e-01 2.440300434827804565e-01 9.993112683296203613e-01 0.000000000000000000e+00
2.845624387264251709e-01 2.440300434827804565e-01 9.993112683296203613e-01 0.000000000000000000e+00
2.845624387264251709e-01 2.440300434827804565e-01 9.993112683296203613e-01 0.000000000000000000e+00
2.845624387264251709e-01 2.440300434827804565e-01 9.993112683296203613e-01 0.000000000000000000e+00
2.845624387264251709e-01 2.440300434827804565e-01 9.993112683296203613e-01 0.000000000000000000e+00
2.845624387264251709e-01 2.440300434827804565e-01 9.993112683296203613e-01 0.000000000000000000e+00
2.845624387264251709e-01 2.440300434827804565e-01 9.993112683296203613e-01 0.000000000000000000e+00
2.845624387264251709e-01 2.440300434827804565e-01 9.993112683296203613e-01 0.000000000000000000e+00
2.845624387264251709e-01 2.440300434827804565e-01 9.993112683296203613e-01 0.000000000000000000e+00
2.845624387264251709e-01 2.440300434827804565e-01 9.993112683296203613e-01 0.000000000000000000e+00
2.845624387264251709e-01 2.440300434827804565e-01 9.993112683296203613e-01 0.000000000000000000e+00
2.845624387264251709e-01 2.440300434827804565e-01 9.993112683296203613e-01 0.000000000000000000e+00
2.845624387264251709e-01 2.440300434827804565e-01 9.993112683296203613e-01 0.000000000000000000e+00
2.845624387264251709e-01 2.440300434827804565e-01 9.993112683296203613e-01 0.000000000000000000e+00
2.845624387264251709e-01 2.440300434827804565e-01 9.993112683296203613e-01 0.000000000000000000e+00
2.845624387264251709e-01 2.440300434827804565e-01 9.993112683296203613e-01 0.000000000000000000e+00
2.845624387264251709e-01 2.440300434827804565e-01 9.993112683296203613e-01 0.000000000000000000e+00
2.845624387264251709e-01 2.440300434827804565e-01 9.993112683296203613e-01 0.000000000000000000e+00
2.845624387264251709e-01 2.440300434827804565e-01 9.993112683296203613e-01 0.000000000000000000e+00
2.845624387264251709e-01 2.440300434827804565e-01 9.993112683296203613e-01 0.000000000000000000e+00
2.845624387264251709e-01 2.440300434827804565e-01 9.993112683296203613e-01 0.000000000000000000e+00
2.845624387264251709e-01 2.440300434827804565e-01 9.993112683296203613e-01 0.000000000000000000e+00
2.845624387264251709e-01 2.440300434827804565e-01 9.993112683296203613e-01 0.000000000000000000e+00
2.845624387264251709e-01 2.440300434827804565e-01 9.993112683296203613e-01 0.000000000000000000e+00
2.845624387264251709e-01 2.440300434827804565e-01 9.993112683296203613e-01 0.000000000000000000e+00
2.845624387264251709e-01 2.440300434827804565e-01 9.993112683296203613e-01 0.000000000000000000e+00
2.845624387264251709e-01 2.440300434827804565e-01 9.993112683296203613e-01 0.000000000000000000e+00
2.845624387264251709e-01 2.440300434827804565e-01 9.993112683296203613e-01 0.000000000000000000e+00
2.845624387264251709e-01 2.440300434827804565e-01 9.993112683296203613e-01 0.000000000000000000e+00
2.845624387264251709e-01 2.440300434827804565e-01 9.993112683296203613e-01 0.000000000000000000e+00
2.845624387264251709e-01 2.440300434827804565e-01 9.993112683296203613e-01 0.000000000000000000e+00
2.845624387264251709e-01 2.440300434827804565e-01 9.993112683296203613e-01 0.000000000000000000e+00
2.845624387264251709e-01 2.440300434827804565e-01 9.993112683296203613e-01 0.000000000000000000e+00
2.845624387264251709e-01 2.440300434827804565e-01 9.993112683296203613e-01 0.000000000000000000e+00
2.845624387264251709e-01 2.440300434827804565e-01 9.993112683296203613e-01 0.000000000000000000e+00
2.845624387264251709e-01 2.440300434827804565e-01 9.993112683296203613e-01 0.000000000000000000e+00
2.845624387264251709e-01 2.440300434827804565e-01 9.993112683296203613e-01 0.000000000000000000e+00
2.845624387264251709e-01 2.440300434827804565e-01 9.993112683296203613e-01 0.000000000000000000e+00
2.845624387264251709e-01 2.440300434827804565e-01 9.993112683296203613e-01 0.000000000000000000e+00
2.845624387264251709e-01 2.440300434827804565e-01 9.993112683296203613e-01 0.000000000000000000e+00
2.845624387264251709e-01 2.440300434827804565e-01 9.993112683296203613e-01 0.000000000000000000e+00
2.845624387264251709e-01 2.440300434827804565e-01 9.993112683296203613e-01 0.000000000000000000e+00
2.845624387264251709e-01 2.440300434827804565e-01 9.993112683296203613e-01 0.000000000000000000e+00
2.728600203990936279e-01 3.307419717311859131e-01 1.000000000000000000e+00 0.000000000000000000e+00
2.728600203990936279e-01 3.307419717311859131e-01 1.000000000000000000e+00 0.000000000000000000e+00
2.845624387264251709e-01 2.440300434827804565e-01 9.993112683296203613e-01 0.000000000000000000e+00
2.845624387264251709e-01 2.440300434827804565e-01 9.993112683296203613e-01 0.000000000000000000e+00
2.845624387264251709e-01 2.440300434827804565e-01 9.993112683296203613e-01 0.000000000000000000e+00
2.728600203990936279e-01 3.307419717311859131e-01 1.000000000000000000e+00 0.000000000000000000e+00
2.728600203990936279e-01 3.307419717311859131e-01 1.000000000000000000e+00 0.000000000000000000e+00
