1.360988698683346154e+00
1.595210366206842423e+00
1.508919989781529747e+00
1.604587965845718278e+00
1.625211854767542707e+00
1.618534331893203282e+00
1.624687298494620569e+00
1.627351866421058224e+00
1.633159940437080682e+00
1.633570377200897816e+00
1.633586584338566627e+00
1.632535089327737721e+00
1.633046983363410476e+00
1.633162232332700858e+00
1.633827723187458281e+00
1.633692854579880782e+00
1.633077858538827032e+00
1.633367932068039430e+00
1.634023020188995590e+00
1.634592638522218699e+00
1.635248204474686551e+00
1.635437817836897789e+00
1.635770903796972542e+00
1.639721432921047439e+00
1.639709800512804350e+00
1.639721849193628733e+00
1.639713365370578213e+00
1.639631386570306271e+00
1.639624136489545192e+00
1.639596364824033481e+00
1.639581814183061148e+00
1.639781142327153107e+00
1.639949347479034314e+00
1.639993063033131415e+00
1.640068601260092462e+00
1.640067184573136716e+00
1.640067704426160011e+00
1.640044108738896611e+00
1.639982919333057509e+00
1.639996097651020390e+00
1.639991032276568061e+00
1.640003407350890452e+00
1.639967091480539541e+00
1.639929286657326957e+00
1.637843807125186846e+00
1.637799233584451120e+00
1.638945972507157567e+00
1.639824622567717327e+00
1.639960085815349355e+00
1.639864926158216774e+00
1.639728587294142503e+00
1.639879068084514113e+00
1.639868585615470664e+00
1.639861296173421135e+00
1.639811672829657674e+00
1.639831466852893271e+00
1.639811270248593189e+00
1.639811743848338388e+00
1.639816500378086017e+00
1.639762248457747873e+00
1.639861900316675225e+00
1.639850249590346642e+00
1.639932733338544057e+00
1.640011476062098295e+00
1.640013867067562359e+00
1.640011636468544198e+00
1.639928048047404108e+00
1.585075602755951163e+00
1.639941471706449994e+00
1.639907081752625562e+00
1.639898173396866055e+00
1.639896160868189456e+00
1.639913290227763554e+00
1.589106519636755532e+00
1.639977228191906944e+00
1.639906389026560607e+00
1.639821371232500047e+00
1.639852967191566480e+00
1.639856247531408906e+00
1.639857068639345661e+00
1.639842508518676301e+00
1.639836418447727873e+00
1.639836424995960940e+00
1.639856058453165621e+00
1.639794812335941376e+00
1.639821699656671461e+00
1.639812322291298141e+00
1.639820156615206193e+00
1.639809831325816258e+00
1.639800578927747665e+00
1.639942765287818238e+00
1.639927665952148228e+00
1.639901491409224699e+00
1.639913177032656266e+00
1.639911980107393141e+00
1.639918763040578709e+00
1.639917561066140950e+00
1.639914041152135793e+00
1.639894386172810581e+00
1.639901414697558346e+00
