2.509605884552001953e-01 4.273635149002075195e-01 6.101644039154052734e-01 2.082411646842956543e-01
1.115739345550537109e-01 9.605214595794677734e-01 5.031353235244750977e-02 5.968099832534790039e-01
3.291694521903991699e-01 8.525507450103759766e-01 3.948408365249633789e-02 4.308475852012634277e-01
4.877750277519226074e-01 6.172242760658264160e-01 1.070690155029296875e-01 4.035702347755432129e-01
7.534330487251281738e-01 2.569813728332519531e-01 5.368750095367431641e-01 7.014245390892028809e-01
9.816000461578369141e-01 9.169834852218627930e-02 8.429497480392456055e-01 8.811035752296447754e-01
3.296644091606140137e-01 6.225371360778808594e-02 5.423910617828369141e-01 5.303668379783630371e-01
6.160748600959777832e-01 5.629321336746215820e-01 2.329438328742980957e-01 6.309801340103149414e-02
4.182426333427429199e-01 3.162586092948913574e-01 8.740851879119873047e-01 9.075233936309814453e-01
4.305280447006225586e-01 5.123654007911682129e-01 5.185580253601074219e-02 2.709897160530090332e-01
6.115729133584711930e-01 2.724690915146731063e-02 9.226846785689327146e-02 1.000000000000000000e+00
6.284607767853477300e-01 9.172044441403313930e-02 2.692431450062021669e-01 9.874680291105624175e-01
6.742911575029558735e-01 0.000000000000000000e+00 0.000000000000000000e+00 9.947416702094362684e-01
8.946259183889881950e-01 9.326024629691008760e-01 0.000000000000000000e+00 5.877131472845934512e-01
6.018556390648267529e-01 1.586961934587054353e-04 0.000000000000000000e+00 9.968387068521058492e-01
6.109100909323904594e-01 1.818002572520369398e-01 8.489512928978779072e-02 1.000000000000000000e+00
1.000000000000000000e+00 1.370537616139438641e-01 7.414263307040634965e-01 1.367924864356044046e-01
9.739260401730361894e-01 2.787746927672452579e-01 1.679754678809345092e-01 1.692446244669820465e-01
9.919301796690209727e-01 7.470845847378190796e-02 2.176471135791927802e-01 4.172271989050255758e-01
9.616529200139962708e-01 7.083530692884364433e-01 6.714359834754706213e-01 2.213879386896459023e-01
4.603848131942568922e-01 1.203094864995952334e-02 0.000000000000000000e+00 9.886632505154567818e-01
3.536456199169911163e-01 1.039936209402109735e-01 2.355746013094822677e-02 8.890780073133996986e-01
1.329297499481716938e-01 1.625024849752635114e-01 2.361463972189289592e-02 9.295979061899896090e-01
8.153374496166519991e-01 9.474440431121256001e-02 6.885532629688280448e-02 8.613272920633702201e-01
6.811654398541956423e-01 8.550907894221914107e-01 4.082058722101862824e-01 1.000000000000000000e+00
8.905896077826090940e-01 9.694068361887857588e-01 1.464739378947592929e-01 1.206357549184069594e-01
9.077747081121148032e-01 1.511601200017010163e-02 2.324375989547506835e-02 3.839865054929429006e-02
5.629618370661804150e-01 8.725884371182825172e-02 3.598810597536913642e-03 9.986911432271490252e-01
9.980570438547472500e-01 5.799164776964453871e-01 1.961771149012370430e-01 3.368030956466538384e-01
9.985924594191651904e-01 7.007902850365910208e-01 1.144357605405369252e-02 2.537386116620096166e-01
9.954995695239928777e-01 5.865887296525301720e-01 4.000840555670609477e-01 2.335252589887178709e-01
9.965348523292728578e-01 4.691179934448178046e-01 3.777891406082143355e-01 4.490013325695446089e-01
9.977700379458067648e-01 7.197514737396892848e-01 3.200130975600636862e-01 3.817750859334796409e-01
9.995515870376290302e-01 6.471296508445795181e-01 2.696161489296304281e-01 4.117993542910495242e-01
1.000000000000000000e+00 7.074426187229104768e-01 2.364397035977480466e-01 4.652602321402974361e-01
9.321921274056617079e-01 8.596682058510548563e-01 2.864023590178106371e-01 7.229228007747670048e-01
1.000000000000000000e+00 9.893923926659120571e-01 1.535974734687391430e-01 3.317713464066589513e-01
9.822224571060376164e-01 2.593512593653369280e-01 5.352723482406628319e-01 3.983647144541181406e-01
9.770838218331412417e-01 5.997738303830951745e-01 0.000000000000000000e+00 1.984537177589388579e-01
9.972837108987409049e-01 6.140134635147590503e-01 1.545730726672869815e-01 4.769461860030643763e-01
1.000000000000000000e+00 6.396595162686283809e-01 4.481446395367446045e-01 4.266763862257971218e-01
9.903212417366507037e-01 4.040633391946202857e-01 6.046926767036896466e-01 4.180005797278988910e-01
9.036922059751387737e-01 3.391816290801032419e-01 9.526679561000456209e-01 3.083252312727571276e-01
9.956757287135362677e-01 7.694449140013509547e-01 1.762130815884866697e-01 3.729214432873220741e-01
1.122050133665532523e-01 1.215224142578524985e-01 6.173545279742370662e-01 9.578828783897243015e-01
9.546436994145697241e-01 5.695681472466304074e-01 2.643933336824021985e-01 5.952839561878954244e-01
8.213940564444589532e-01 6.615589875336436165e-01 2.231100545379231803e-01 3.971794097261353018e-01
9.599320603689225351e-01 9.311645040773053328e-01 0.000000000000000000e+00 3.502390986495091951e-01
8.728754987867529680e-01 0.000000000000000000e+00 5.554770362837817554e-01 4.585366948247192043e-01
9.688911649286243710e-01 1.000000000000000000e+00 5.618891366086430361e-01 2.644822531947170763e-01
0.000000000000000000e+00 3.657170069228175002e-01 5.454680934720396862e-02 8.674869840601157067e-01
9.944079501725339165e-01 6.531745965746607596e-02 4.900938833494491997e-01 7.055543980698922302e-02
6.490369214901756667e-01 5.272282289171231762e-01 2.991360936886240385e-01 9.888602226480777135e-01
4.301738223161578195e-02 8.319364556730513005e-01 9.251943857533554416e-01 8.537218608891006255e-01
1.000000000000000000e+00 8.564400135321468266e-01 6.771470519361147966e-01 5.433636116086936196e-01
9.536580576717220703e-01 9.238745267265925376e-01 7.118894422239787634e-01 2.035336934958383026e-01
8.191864630890496324e-01 2.049861676420727252e-01 1.733151231275165960e-01 7.069293863383495635e-01
3.794442779843298363e-01 9.981774410481825122e-01 9.527049996354949313e-01 3.776838707361437203e-02
1.000000000000000000e+00 5.841641579742301582e-01 6.609297219896036468e-01 5.008965542270203963e-01
9.953995253494626327e-01 5.498629140787100189e-01 8.433252048436611359e-01 5.767770914447356567e-01
