1.000000000000000000e+00 0.000000000000000000e+00 1.000000000000000000e+00 1.000000000000000000e+00 0.000000000000000000e+00 1.937359593567930804e-01
1.000000000000000000e+00 0.000000000000000000e+00 1.000000000000000000e+00 1.000000000000000000e+00 0.000000000000000000e+00 0.000000000000000000e+00
1.000000000000000000e+00 0.000000000000000000e+00 1.000000000000000000e+00 9.816989981966941503e-01 0.000000000000000000e+00 0.000000000000000000e+00
1.000000000000000000e+00 0.000000000000000000e+00 1.000000000000000000e+00 9.809437566019900689e-01 0.000000000000000000e+00 0.000000000000000000e+00
1.000000000000000000e+00 0.000000000000000000e+00 1.000000000000000000e+00 9.286943112638048614e-01 0.000000000000000000e+00 0.000000000000000000e+00
1.000000000000000000e+00 0.000000000000000000e+00 1.000000000000000000e+00 9.405428520429262029e-01 0.000000000000000000e+00 0.000000000000000000e+00
1.000000000000000000e+00 0.000000000000000000e+00 1.000000000000000000e+00 9.271158744750834790e-01 0.000000000000000000e+00 0.000000000000000000e+00
1.000000000000000000e+00 0.000000000000000000e+00 1.000000000000000000e+00 7.352926935136305797e-01 0.000000000000000000e+00 0.000000000000000000e+00
1.000000000000000000e+00 0.000000000000000000e+00 1.000000000000000000e+00 7.512050130448848506e-01 0.000000000000000000e+00 0.000000000000000000e+00
6.465980167177538540e-01 0.000000000000000000e+00 1.000000000000000000e+00 6.219205681037718314e-01 0.000000000000000000e+00 0.000000000000000000e+00
5.112833097368452151e-01 0.000000000000000000e+00 1.000000000000000000e+00 5.428747630826536996e-01 0.000000000000000000e+00 0.000000000000000000e+00
4.125010360766822592e-01 0.000000000000000000e+00 1.000000000000000000e+00 5.269538049800238655e-01 0.000000000000000000e+00 0.000000000000000000e+00
4.220269813006871651e-01 0.000000000000000000e+00 1.000000000000000000e+00 5.249845997681908960e-01 0.000000000000000000e+00 0.000000000000000000e+00
0.000000000000000000e+00 0.000000000000000000e+00 1.000000000000000000e+00 3.538672820909147254e-01 0.000000000000000000e+00 0.000000000000000000e+00
4.946813978575371334e-02 0.000000000000000000e+00 1.000000000000000000e+00 3.488533460575654055e-01 0.000000000000000000e+00 0.000000000000000000e+00
3.078472253478393705e-01 0.000000000000000000e+00 1.000000000000000000e+00 4.838536798696981278e-01 0.000000000000000000e+00 0.000000000000000000e+00
3.114947525629534475e-01 0.000000000000000000e+00 1.000000000000000000e+00 4.721677951628636682e-01 0.000000000000000000e+00 0.000000000000000000e+00
3.821646632936788190e-01 0.000000000000000000e+00 1.000000000000000000e+00 5.033182661019827142e-01 0.000000000000000000e+00 0.000000000000000000e+00
4.031073818764923100e-01 0.000000000000000000e+00 1.000000000000000000e+00 5.191539894673254940e-01 0.000000000000000000e+00 0.000000000000000000e+00
4.021770673384932326e-01 0.000000000000000000e+00 1.000000000000000000e+00 5.182504629798002638e-01 0.000000000000000000e+00 0.000000000000000000e+00
3.974018111071053738e-01 0.000000000000000000e+00 1.000000000000000000e+00 5.145635789563333118e-01 0.000000000000000000e+00 0.000000000000000000e+00
3.848634558367781677e-01 0.000000000000000000e+00 1.000000000000000000e+00 4.983384853724117658e-01 0.000000000000000000e+00 0.000000000000000000e+00
3.862662834260635614e-01 0.000000000000000000e+00 1.000000000000000000e+00 4.990389287178145783e-01 0.000000000000000000e+00 0.000000000000000000e+00
3.862330353648660286e-01 0.000000000000000000e+00 1.000000000000000000e+00 4.988831487157497913e-01 0.000000000000000000e+00 0.000000000000000000e+00
3.863954896503049574e-01 0.000000000000000000e+00 1.000000000000000000e+00 5.005439898208664529e-01 0.000000000000000000e+00 0.000000000000000000e+00
3.854071431195346675e-01 0.000000000000000000e+00 1.000000000000000000e+00 4.921843370405448725e-01 0.000000000000000000e+00 0.000000000000000000e+00
3.869300303426257415e-01 0.000000000000000000e+00 1.000000000000000000e+00 4.965251899467199581e-01 0.000000000000000000e+00 0.000000000000000000e+00
3.903740016621602416e-01 0.000000000000000000e+00 1.000000000000000000e+00 4.952859101268579645e-01 0.000000000000000000e+00 0.000000000000000000e+00
3.918770277711213779e-01 0.000000000000000000e+00 1.000000000000000000e+00 4.915299007142597265e-01 0.000000000000000000e+00 0.000000000000000000e+00
3.929013989288846487e-01 0.000000000000000000e+00 1.000000000000000000e+00 4.928399028720576447e-01 0.000000000000000000e+00 0.000000000000000000e+00
3.930491496553620845e-01 0.000000000000000000e+00 1.000000000000000000e+00 4.929634471275726182e-01 0.000000000000000000e+00 0.000000000000000000e+00
3.938340619972681145e-01 0.000000000000000000e+00 1.000000000000000000e+00 4.913759147423162887e-01 0.000000000000000000e+00 0.000000000000000000e+00
3.935727295916728874e-01 0.000000000000000000e+00 1.000000000000000000e+00 4.944240907648339567e-01 0.000000000000000000e+00 0.000000000000000000e+00
3.925161512903705407e-01 0.000000000000000000e+00 1.000000000000000000e+00 4.957694270883518661e-01 0.000000000000000000e+00 0.000000000000000000e+00
3.924464239205726623e-01 0.000000000000000000e+00 1.000000000000000000e+00 4.951364966821784064e-01 0.000000000000000000e+00 0.000000000000000000e+00
3.921667186314610754e-01 0.000000000000000000e+00 1.000000000000000000e+00 4.955587322067200873e-01 0.000000000000000000e+00 0.000000000000000000e+00
3.870029781139318059e-01 0.000000000000000000e+00 1.000000000000000000e+00 5.010175952389177567e-01 0.000000000000000000e+00 0.000000000000000000e+00
3.847552156896619224e-01 0.000000000000000000e+00 1.000000000000000000e+00 5.018754663596304288e-01 0.000000000000000000e+00 0.000000000000000000e+00
3.848872086084561550e-01 0.000000000000000000e+00 1.000000000000000000e+00 5.019062996419108025e-01 0.000000000000000000e+00 0.000000000000000000e+00
3.848324998043931022e-01 0.000000000000000000e+00 1.000000000000000000e+00 5.019298409415834383e-01 0.000000000000000000e+00 0.000000000000000000e+00
3.837643895883290912e-01 0.000000000000000000e+00 1.000000000000000000e+00 5.016579063273544081e-01 0.000000000000000000e+00 0.000000000000000000e+00
3.841407597135448881e-01 0.000000000000000000e+00 1.000000000000000000e+00 5.014771380831574143e-01 0.000000000000000000e+00 0.000000000000000000e+00
3.836054778855426117e-01 0.000000000000000000e+00 1.000000000000000000e+00 5.013097467342677582e-01 0.000000000000000000e+00 0.000000000000000000e+00
3.829026009789272544e-01 0.000000000000000000e+00 1.000000000000000000e+00 5.024469439240715207e-01 0.000000000000000000e+00 0.000000000000000000e+00
3.822236006568546229e-01 0.000000000000000000e+00 1.000000000000000000e+00 5.020725080644959926e-01 0.000000000000000000e+00 0.000000000000000000e+00
3.825176345013123758e-01 0.000000000000000000e+00 1.000000000000000000e+00 5.023409807867430521e-01 0.000000000000000000e+00 0.000000000000000000e+00
3.837777630514573879e-01 0.000000000000000000e+00 1.000000000000000000e+00 5.033648832745754031e-01 0.000000000000000000e+00 0.000000000000000000e+00
3.844500605056264675e-01 0.000000000000000000e+00 1.000000000000000000e+00 5.041790297022650247e-01 0.000000000000000000e+00 0.000000000000000000e+00
3.856654371605049425e-01 0.000000000000000000e+00 1.000000000000000000e+00 5.054399147555048710e-01 0.000000000000000000e+00 0.000000000000000000e+00
3.867242384533831068e-01 0.000000000000000000e+00 1.000000000000000000e+00 5.065360155960256794e-01 0.000000000000000000e+00 0.000000000000000000e+00
