1.713628172874450684e-01 4.173628091812133789e-01 1.979582905769348145e-01 5.019009113311767578e-02
1.713628172874450684e-01 4.173628091812133789e-01 1.979582905769348145e-01 5.019009113311767578e-02
1.713628172874450684e-01 4.173628091812133789e-01 1.979582905769348145e-01 5.019009113311767578e-02
1.713628172874450684e-01 4.173628091812133789e-01 1.979582905769348145e-01 5.019009113311767578e-02
1.713628172874450684e-01 4.173628091812133789e-01 1.979582905769348145e-01 5.019009113311767578e-02
2.070794323847054696e-01 6.881811583930120824e-01 0.000000000000000000e+00 0.000000000000000000e+00
2.070794323847054696e-01 6.881811583930120824e-01 0.000000000000000000e+00 0.000000000000000000e+00
2.502899182718879567e-01 6.020018611866886360e-01 0.000000000000000000e+00 0.000000000000000000e+00
3.378112348833955392e-01 5.715403313012281661e-01 0.000000000000000000e+00 0.000000000000000000e+00
3.299959064655758056e-01 5.480565090931377448e-01 0.000000000000000000e+00 0.000000000000000000e+00
3.299959064655758056e-01 5.480565090931377448e-01 0.000000000000000000e+00 0.000000000000000000e+00
3.532006729346561791e-01 4.611695507696269569e-01 0.000000000000000000e+00 0.000000000000000000e+00
3.796566637344858663e-01 4.283365882462252805e-01 0.000000000000000000e+00 0.000000000000000000e+00
4.242914730023214509e-01 4.027188057078937566e-01 0.000000000000000000e+00 0.000000000000000000e+00
4.242914730023214509e-01 4.027188057078937566e-01 0.000000000000000000e+00 0.000000000000000000e+00
4.242914730023214509e-01 4.027188057078937566e-01 0.000000000000000000e+00 0.000000000000000000e+00
4.242914730023214509e-01 4.027188057078937566e-01 0.000000000000000000e+00 0.000000000000000000e+00
4.242914730023214509e-01 4.027188057078937566e-01 0.000000000000000000e+00 0.000000000000000000e+00
4.242914730023214509e-01 4.027188057078937566e-01 0.000000000000000000e+00 0.000000000000000000e+00
4.242914730023214509e-01 4.027188057078937566e-01 0.000000000000000000e+00 0.000000000000000000e+00
3.042358724172717355e-01 7.810285776348392384e-01 0.000000000000000000e+00 3.488845706724449935e-01
3.042358724172717355e-01 7.810285776348392384e-01 0.000000000000000000e+00 3.488845706724449935e-01
2.069133219356917852e-01 8.873849739598773656e-01 0.000000000000000000e+00 3.980703685754198307e-01
2.069133219356917852e-01 8.873849739598773656e-01 0.000000000000000000e+00 3.980703685754198307e-01
2.349839960526049487e-01 8.729300935123639471e-01 0.000000000000000000e+00 3.391624861719144124e-01
2.349839960526049487e-01 8.729300935123639471e-01 0.000000000000000000e+00 3.391624861719144124e-01
2.349839960526049487e-01 8.729300935123639471e-01 0.000000000000000000e+00 3.391624861719144124e-01
2.349839960526049487e-01 8.729300935123639471e-01 0.000000000000000000e+00 3.391624861719144124e-01
2.663509695782748654e-01 8.760896418980336220e-01 0.000000000000000000e+00 3.688657887636949684e-01
2.663509695782748654e-01 8.760896418980336220e-01 0.000000000000000000e+00 3.688657887636949684e-01
2.663509695782748654e-01 8.760896418980336220e-01 0.000000000000000000e+00 3.688657887636949684e-01
2.663509695782748654e-01 8.760896418980336220e-01 0.000000000000000000e+00 3.688657887636949684e-01
2.663509695782748654e-01 8.760896418980336220e-01 0.000000000000000000e+00 3.688657887636949684e-01
2.663509695782748654e-01 8.760896418980336220e-01 0.000000000000000000e+00 3.688657887636949684e-01
2.663509695782748654e-01 8.760896418980336220e-01 0.000000000000000000e+00 3.688657887636949684e-01
2.663509695782748654e-01 8.760896418980336220e-01 0.000000000000000000e+00 3.688657887636949684e-01
2.663509695782748654e-01 8.760896418980336220e-01 0.000000000000000000e+00 3.688657887636949684e-01
2.663509695782748654e-01 8.760896418980336220e-01 0.000000000000000000e+00 3.688657887636949684e-01
2.663509695782748654e-01 8.760896418980336220e-01 0.000000000000000000e+00 3.688657887636949684e-01
2.663509695782748654e-01 8.760896418980336220e-01 0.000000000000000000e+00 3.688657887636949684e-01
2.663509695782748654e-01 8.760896418980336220e-01 0.000000000000000000e+00 3.688657887636949684e-01
2.663509695782748654e-01 8.760896418980336220e-01 0.000000000000000000e+00 3.688657887636949684e-01
2.663509695782748654e-01 8.760896418980336220e-01 0.000000000000000000e+00 3.688657887636949684e-01
2.663509695782748654e-01 8.760896418980336220e-01 0.000000000000000000e+00 3.688657887636949684e-01
2.663509695782748654e-01 8.760896418980336220e-01 0.000000000000000000e+00 3.688657887636949684e-01
2.576458602997101499e-01 8.723187436015491514e-01 0.000000000000000000e+00 3.794476250766966041e-01
2.576458602997101499e-01 8.723187436015491514e-01 0.000000000000000000e+00 3.794476250766966041e-01
2.576458602997101499e-01 8.723187436015491514e-01 0.000000000000000000e+00 3.794476250766966041e-01
2.553383329439435911e-01 8.680227196709232595e-01 0.000000000000000000e+00 3.804407662079694052e-01
2.553383329439435911e-01 8.680227196709232595e-01 0.000000000000000000e+00 3.804407662079694052e-01
