1.140378505394302744e+00
8.440763798537734841e-01
1.265920630338277952e+00
4.369290194530595639e-01
1.108965591849673693e+00
1.353660938815163028e+00
6.905736641567350453e-01
1.487618667997299582e+00
1.489077336709543786e+00
1.378630520869213116e+00
1.402958097587889030e+00
1.874044314413961132e+00
7.773916427780864780e-01
1.199343540049582657e+00
1.835502850365741789e+00
1.386631293977855783e+00
9.619135741843174436e-01
5.057260721858614083e-01
8.234347893335385304e-01
1.352699821752402221e+00
1.502056071679408689e+00
6.163753921145274095e-01
1.349657716181337008e+00
1.273214377883864934e+00
5.055151245165202534e-01
9.204742284456125523e-01
1.575936168565255091e+00
1.245301510960285629e+00
2.369206213534049255e+00
1.592502654955362917e+00
1.668700748467278672e+00
7.219205492149578518e-01
1.762021018800153715e+00
1.398248462825161686e+00
6.795185936576491059e-01
9.273952989985475570e-01
8.606794044078156514e-01
1.601756125213810389e+00
1.884131022218554774e-01
1.169761113999752578e+00
1.609729097992668168e+00
2.108754390694919323e+00
1.224324522912754176e+00
1.656771710272184617e+00
9.985509646916909121e-01
2.137828014144917965e+00
1.495592300079549908e+00
1.172179787934803930e+00
1.316378521685807934e+00
1.309864468485823608e+00
9.154240202789630798e-01
1.193461588284074004e+00
1.465378973884424951e+00
8.928840982134514936e-01
1.968478173012111254e+00
9.869853668048070849e-01
9.893742347574514540e-01
1.097936743932749870e+00
1.415039922430097574e+00
1.128378817433969061e+00
1.872333191651021300e+00
1.104358171633211150e+00
1.806361710616499749e+00
1.661688342668846907e+00
1.124551174991371028e+00
1.506074114310051115e+00
6.444444114338886420e-01
1.693950302023566001e+00
1.042287191588287421e+00
7.781587976058494949e-01
1.686256188665103517e+00
1.296887797119318231e+00
7.011086625756637325e-01
9.665249501832527956e-01
1.343749978940414813e+00
7.070939905294616468e-01
1.386825911750402929e+00
1.041569239290948579e+00
1.190691831069080386e+00
9.853397276029927099e-01
5.232438915436479210e-01
7.256293518130261244e-01
1.364680064440436880e+00
1.300514435958942450e+00
2.118645211890631153e+00
1.481819040838228796e+00
1.366401124723545468e+00
1.394953722195133805e+00
7.624292199355492405e-01
6.888192512028141756e-01
9.984876898064996009e-01
7.050355672941792662e-01
1.183650981185581763e+00
1.623190837058159364e+00
1.788310030578931009e+00
2.016935670698370764e+00
1.505230207958228039e+00
8.705955164542964475e-01
1.047575557331666074e+00
6.328524305390806903e-01
7.690736313619286335e-01
9.460607450500484461e-01
8.765352700008695042e-01
7.971986998405110603e-01
7.988246221407182546e-01
1.187894878232494289e+00
1.271573383101119781e+00
1.442647774633226465e+00
2.445489013464630990e+00
9.037139876358217805e-01
