9.533431400509115861e-01
6.048683613133798431e-01
8.590653653144852964e-01
8.637750689083940614e-01
2.162085381314978461e-01
8.757586873209786127e-01
1.446426153617144550e+00
5.973095338855016756e-01
8.427445029429421197e-01
1.041977411605714110e+00
9.130170035259089767e-01
8.957133249848299172e-01
6.646443427073895904e-01
1.091217385050863742e+00
1.058711270984030506e+00
7.998903150205953771e-01
1.342359636281666990e+00
1.194110578572282755e+00
1.496517282617017219e+00
1.478547173179883822e+00
1.469960019137040108e+00
1.492418679390605352e+00
1.440974692672112312e+00
1.472364446077081057e+00
1.402576338493832342e+00
1.420967113292584738e+00
1.384445550596634877e+00
1.206742425200511892e+00
1.226491653641222923e+00
1.294279800746245934e+00
1.285290045624083000e+00
1.236590780562982106e+00
1.440114430085140285e+00
1.425652590251895502e+00
1.440129413630246491e+00
1.433375080668775281e+00
1.284971420613706172e+00
1.450689475171769161e+00
1.445489257871287681e+00
1.437148329697234939e+00
1.067214891640118957e+00
1.453885779584846993e+00
1.448831987354689099e+00
1.459421977728440956e+00
1.464538275192187378e+00
1.485210814507509358e+00
1.465241334598950562e+00
1.459139221197480296e+00
1.456163547553050996e+00
1.445012271304315865e+00
1.429619046216608069e+00
1.429883307292191708e+00
1.423227972451843515e+00
1.414448392624424455e+00
1.445464699772817330e+00
1.417702344534807812e+00
1.432019516814991844e+00
1.431667008006518138e+00
1.430721875577425806e+00
1.393620691384185317e+00
1.451126447796039054e+00
1.365477660548915395e+00
1.344096026759791007e+00
1.370558990909828800e+00
1.399130440431898714e+00
1.401090282264841225e+00
1.474966179416449474e+00
1.022314317757968993e+00
1.394353803608122888e+00
1.430998334361623492e+00
1.432220018289176000e+00
1.422959302796044767e+00
1.439447684358469370e+00
1.440322478249321581e+00
1.427000830057524761e+00
1.427586583151627453e+00
1.431784053550783975e+00
1.432272709326746662e+00
1.432495122147555255e+00
1.440015054088972457e+00
1.351931074240622754e+00
1.465247152019055754e+00
1.343938752366846900e+00
1.336805141278051945e+00
1.520083406448371255e+00
1.514285008398630339e+00
1.521921581409539481e+00
1.521939947256711667e+00
1.522340995553755016e+00
1.521250579441231210e+00
1.523063881981772338e+00
1.517738308565007355e+00
1.524046278969593882e+00
1.523552821924701872e+00
1.527136043740138227e+00
1.524630409182001323e+00
1.528448692682740528e+00
1.527438837509821346e+00
1.529714688131762923e+00
1.525261179557225955e+00
