1.932699084281921387e-01 3.742039203643798828e-01 2.480144500732421875e-01 2.679668068885803223e-01 3.025959134101867676e-01 3.542453050613403320e-01
1.932699084281921387e-01 3.742039203643798828e-01 2.480144500732421875e-01 2.679668068885803223e-01 3.025959134101867676e-01 3.542453050613403320e-01
9.159407615661621094e-01 4.667329192161560059e-01 4.439359903335571289e-02 7.159385085105895996e-01 6.621763110160827637e-01 5.564528703689575195e-01
9.159407615661621094e-01 4.667329192161560059e-01 4.439359903335571289e-02 7.159385085105895996e-01 6.621763110160827637e-01 5.564528703689575195e-01
9.159407615661621094e-01 4.667329192161560059e-01 4.439359903335571289e-02 7.159385085105895996e-01 6.621763110160827637e-01 5.564528703689575195e-01
4.813663959503173828e-01 3.314613699913024902e-01 7.991878390312194824e-01 3.511353731155395508e-01 4.253222346305847168e-01 2.615171670913696289e-02
4.813663959503173828e-01 3.314613699913024902e-01 7.991878390312194824e-01 3.511353731155395508e-01 4.253222346305847168e-01 2.615171670913696289e-02
4.813663959503173828e-01 3.314613699913024902e-01 7.991878390312194824e-01 3.511353731155395508e-01 4.253222346305847168e-01 2.615171670913696289e-02
4.813663959503173828e-01 3.314613699913024902e-01 7.991878390312194824e-01 3.511353731155395508e-01 4.253222346305847168e-01 2.615171670913696289e-02
4.813663959503173828e-01 3.314613699913024902e-01 7.991878390312194824e-01 3.511353731155395508e-01 4.253222346305847168e-01 2.615171670913696289e-02
4.813663959503173828e-01 3.314613699913024902e-01 7.991878390312194824e-01 3.511353731155395508e-01 4.253222346305847168e-01 2.615171670913696289e-02
4.813663959503173828e-01 3.314613699913024902e-01 7.991878390312194824e-01 3.511353731155395508e-01 4.253222346305847168e-01 2.615171670913696289e-02
4.813663959503173828e-01 3.314613699913024902e-01 7.991878390312194824e-01 3.511353731155395508e-01 4.253222346305847168e-01 2.615171670913696289e-02
4.813663959503173828e-01 3.314613699913024902e-01 7.991878390312194824e-01 3.511353731155395508e-01 4.253222346305847168e-01 2.615171670913696289e-02
4.813663959503173828e-01 3.314613699913024902e-01 7.991878390312194824e-01 3.511353731155395508e-01 4.253222346305847168e-01 2.615171670913696289e-02
4.813663959503173828e-01 3.314613699913024902e-01 7.991878390312194824e-01 3.511353731155395508e-01 4.253222346305847168e-01 2.615171670913696289e-02
4.813663959503173828e-01 3.314613699913024902e-01 7.991878390312194824e-01 3.511353731155395508e-01 4.253222346305847168e-01 2.615171670913696289e-02
4.813663959503173828e-01 3.314613699913024902e-01 7.991878390312194824e-01 3.511353731155395508e-01 4.253222346305847168e-01 2.615171670913696289e-02
4.813663959503173828e-01 3.314613699913024902e-01 7.991878390312194824e-01 3.511353731155395508e-01 4.253222346305847168e-01 2.615171670913696289e-02
4.813663959503173828e-01 3.314613699913024902e-01 7.991878390312194824e-01 3.511353731155395508e-01 4.253222346305847168e-01 2.615171670913696289e-02
4.813663959503173828e-01 3.314613699913024902e-01 7.991878390312194824e-01 3.511353731155395508e-01 4.253222346305847168e-01 2.615171670913696289e-02
4.813663959503173828e-01 3.314613699913024902e-01 7.991878390312194824e-01 3.511353731155395508e-01 4.253222346305847168e-01 2.615171670913696289e-02
4.813663959503173828e-01 3.314613699913024902e-01 7.991878390312194824e-01 3.511353731155395508e-01 4.253222346305847168e-01 2.615171670913696289e-02
4.813663959503173828e-01 3.314613699913024902e-01 7.991878390312194824e-01 3.511353731155395508e-01 4.253222346305847168e-01 2.615171670913696289e-02
4.813663959503173828e-01 3.314613699913024902e-01 7.991878390312194824e-01 3.511353731155395508e-01 4.253222346305847168e-01 2.615171670913696289e-02
4.813663959503173828e-01 3.314613699913024902e-01 7.991878390312194824e-01 3.511353731155395508e-01 4.253222346305847168e-01 2.615171670913696289e-02
4.813663959503173828e-01 3.314613699913024902e-01 7.991878390312194824e-01 3.511353731155395508e-01 4.253222346305847168e-01 2.615171670913696289e-02
4.813663959503173828e-01 3.314613699913024902e-01 7.991878390312194824e-01 3.511353731155395508e-01 4.253222346305847168e-01 2.615171670913696289e-02
4.813663959503173828e-01 3.314613699913024902e-01 7.991878390312194824e-01 3.511353731155395508e-01 4.253222346305847168e-01 2.615171670913696289e-02
4.813663959503173828e-01 3.314613699913024902e-01 7.991878390312194824e-01 3.511353731155395508e-01 4.253222346305847168e-01 2.615171670913696289e-02
4.813663959503173828e-01 3.314613699913024902e-01 7.991878390312194824e-01 3.511353731155395508e-01 4.253222346305847168e-01 2.615171670913696289e-02
4.813663959503173828e-01 3.314613699913024902e-01 7.991878390312194824e-01 3.511353731155395508e-01 4.253222346305847168e-01 2.615171670913696289e-02
5.986429452896118164e-01 4.541778564453125000e-02 7.729049921035766602e-01 7.862213850021362305e-01 4.242718815803527832e-01 3.713137507438659668e-01
5.986429452896118164e-01 4.541778564453125000e-02 7.729049921035766602e-01 7.862213850021362305e-01 4.242718815803527832e-01 3.713137507438659668e-01
5.986429452896118164e-01 4.541778564453125000e-02 7.729049921035766602e-01 7.862213850021362305e-01 4.242718815803527832e-01 3.713137507438659668e-01
5.986429452896118164e-01 4.541778564453125000e-02 7.729049921035766602e-01 7.862213850021362305e-01 4.242718815803527832e-01 3.713137507438659668e-01
5.986429452896118164e-01 4.541778564453125000e-02 7.729049921035766602e-01 7.862213850021362305e-01 4.242718815803527832e-01 3.713137507438659668e-01
5.986429452896118164e-01 4.541778564453125000e-02 7.729049921035766602e-01 7.862213850021362305e-01 4.242718815803527832e-01 3.713137507438659668e-01
5.986429452896118164e-01 4.541778564453125000e-02 7.729049921035766602e-01 7.862213850021362305e-01 4.242718815803527832e-01 3.713137507438659668e-01
5.986429452896118164e-01 4.541778564453125000e-02 7.729049921035766602e-01 7.862213850021362305e-01 4.242718815803527832e-01 3.713137507438659668e-01
5.986429452896118164e-01 4.541778564453125000e-02 7.729049921035766602e-01 7.862213850021362305e-01 4.242718815803527832e-01 3.713137507438659668e-01
5.986429452896118164e-01 4.541778564453125000e-02 7.729049921035766602e-01 7.862213850021362305e-01 4.242718815803527832e-01 3.713137507438659668e-01
5.986429452896118164e-01 4.541778564453125000e-02 7.729049921035766602e-01 7.862213850021362305e-01 4.242718815803527832e-01 3.713137507438659668e-01
5.986429452896118164e-01 4.541778564453125000e-02 7.729049921035766602e-01 7.862213850021362305e-01 4.242718815803527832e-01 3.713137507438659668e-01
5.986429452896118164e-01 4.541778564453125000e-02 7.729049921035766602e-01 7.862213850021362305e-01 4.242718815803527832e-01 3.713137507438659668e-01
5.986429452896118164e-01 4.541778564453125000e-02 7.729049921035766602e-01 7.862213850021362305e-01 4.242718815803527832e-01 3.713137507438659668e-01
5.986429452896118164e-01 4.541778564453125000e-02 7.729049921035766602e-01 7.862213850021362305e-01 4.242718815803527832e-01 3.713137507438659668e-01
5.986429452896118164e-01 4.541778564453125000e-02 7.729049921035766602e-01 7.862213850021362305e-01 4.242718815803527832e-01 3.713137507438659668e-01
5.986429452896118164e-01 4.541778564453125000e-02 7.729049921035766602e-01 7.862213850021362305e-01 4.242718815803527832e-01 3.713137507438659668e-01
5.986429452896118164e-01 4.541778564453125000e-02 7.729049921035766602e-01 7.862213850021362305e-01 4.242718815803527832e-01 3.713137507438659668e-01
5.986429452896118164e-01 4.541778564453125000e-02 7.729049921035766602e-01 7.862213850021362305e-01 4.242718815803527832e-01 3.713137507438659668e-01
5.986429452896118164e-01 4.541778564453125000e-02 7.729049921035766602e-01 7.862213850021362305e-01 4.242718815803527832e-01 3.713137507438659668e-01
5.986429452896118164e-01 4.541778564453125000e-02 7.729049921035766602e-01 7.862213850021362305e-01 4.242718815803527832e-01 3.713137507438659668e-01
5.986429452896118164e-01 4.541778564453125000e-02 7.729049921035766602e-01 7.862213850021362305e-01 4.242718815803527832e-01 3.713137507438659668e-01
5.986429452896118164e-01 4.541778564453125000e-02 7.729049921035766602e-01 7.862213850021362305e-01 4.242718815803527832e-01 3.713137507438659668e-01
5.986429452896118164e-01 4.541778564453125000e-02 7.729049921035766602e-01 7.862213850021362305e-01 4.242718815803527832e-01 3.713137507438659668e-01
5.986429452896118164e-01 4.541778564453125000e-02 7.729049921035766602e-01 7.862213850021362305e-01 4.242718815803527832e-01 3.713137507438659668e-01
5.986429452896118164e-01 4.541778564453125000e-02 7.729049921035766602e-01 7.862213850021362305e-01 4.242718815803527832e-01 3.713137507438659668e-01
5.986429452896118164e-01 4.541778564453125000e-02 7.729049921035766602e-01 7.862213850021362305e-01 4.242718815803527832e-01 3.713137507438659668e-01
5.986429452896118164e-01 4.541778564453125000e-02 7.729049921035766602e-01 7.862213850021362305e-01 4.242718815803527832e-01 3.713137507438659668e-01
5.986429452896118164e-01 4.541778564453125000e-02 7.729049921035766602e-01 7.862213850021362305e-01 4.242718815803527832e-01 3.713137507438659668e-01
5.986429452896118164e-01 4.541778564453125000e-02 7.729049921035766602e-01 7.862213850021362305e-01 4.242718815803527832e-01 3.713137507438659668e-01
5.986429452896118164e-01 4.541778564453125000e-02 7.729049921035766602e-01 7.862213850021362305e-01 4.242718815803527832e-01 3.713137507438659668e-01
5.986429452896118164e-01 4.541778564453125000e-02 7.729049921035766602e-01 7.862213850021362305e-01 4.242718815803527832e-01 3.713137507438659668e-01
5.986429452896118164e-01 4.541778564453125000e-02 7.729049921035766602e-01 7.862213850021362305e-01 4.242718815803527832e-01 3.713137507438659668e-01
5.986429452896118164e-01 4.541778564453125000e-02 7.729049921035766602e-01 7.862213850021362305e-01 4.242718815803527832e-01 3.713137507438659668e-01
5.986429452896118164e-01 4.541778564453125000e-02 7.729049921035766602e-01 7.862213850021362305e-01 4.242718815803527832e-01 3.713137507438659668e-01
5.986429452896118164e-01 4.541778564453125000e-02 7.729049921035766602e-01 7.862213850021362305e-01 4.242718815803527832e-01 3.713137507438659668e-01
5.986429452896118164e-01 4.541778564453125000e-02 7.729049921035766602e-01 7.862213850021362305e-01 4.242718815803527832e-01 3.713137507438659668e-01
4.324801564216613770e-01 1.286987066268920898e-01 8.496108055114746094e-01 7.339525222778320312e-01 6.429502367973327637e-01 2.988260984420776367e-01
4.324801564216613770e-01 1.286987066268920898e-01 8.496108055114746094e-01 7.339525222778320312e-01 6.429502367973327637e-01 2.988260984420776367e-01
4.324801564216613770e-01 1.286987066268920898e-01 8.496108055114746094e-01 7.339525222778320312e-01 6.429502367973327637e-01 2.988260984420776367e-01
4.324801564216613770e-01 1.286987066268920898e-01 8.496108055114746094e-01 7.339525222778320312e-01 6.429502367973327637e-01 2.988260984420776367e-01
4.324801564216613770e-01 1.286987066268920898e-01 8.496108055114746094e-01 7.339525222778320312e-01 6.429502367973327637e-01 2.988260984420776367e-01
4.324801564216613770e-01 1.286987066268920898e-01 8.496108055114746094e-01 7.339525222778320312e-01 6.429502367973327637e-01 2.988260984420776367e-01
4.324801564216613770e-01 1.286987066268920898e-01 8.496108055114746094e-01 7.339525222778320312e-01 6.429502367973327637e-01 2.988260984420776367e-01
4.324801564216613770e-01 1.286987066268920898e-01 8.496108055114746094e-01 7.339525222778320312e-01 6.429502367973327637e-01 2.988260984420776367e-01
4.324801564216613770e-01 1.286987066268920898e-01 8.496108055114746094e-01 7.339525222778320312e-01 6.429502367973327637e-01 2.988260984420776367e-01
4.324801564216613770e-01 1.286987066268920898e-01 8.496108055114746094e-01 7.339525222778320312e-01 6.429502367973327637e-01 2.988260984420776367e-01
4.324801564216613770e-01 1.286987066268920898e-01 8.496108055114746094e-01 7.339525222778320312e-01 6.429502367973327637e-01 2.988260984420776367e-01
4.324801564216613770e-01 1.286987066268920898e-01 8.496108055114746094e-01 7.339525222778320312e-01 6.429502367973327637e-01 2.988260984420776367e-01
4.324801564216613770e-01 1.286987066268920898e-01 8.496108055114746094e-01 7.339525222778320312e-01 6.429502367973327637e-01 2.988260984420776367e-01
4.324801564216613770e-01 1.286987066268920898e-01 8.496108055114746094e-01 7.339525222778320312e-01 6.429502367973327637e-01 2.988260984420776367e-01
4.324801564216613770e-01 1.286987066268920898e-01 8.496108055114746094e-01 7.339525222778320312e-01 6.429502367973327637e-01 2.988260984420776367e-01
4.324801564216613770e-01 1.286987066268920898e-01 8.496108055114746094e-01 7.339525222778320312e-01 6.429502367973327637e-01 2.988260984420776367e-01
4.324801564216613770e-01 1.286987066268920898e-01 8.496108055114746094e-01 7.339525222778320312e-01 6.429502367973327637e-01 2.988260984420776367e-01
4.324801564216613770e-01 1.286987066268920898e-01 8.496108055114746094e-01 7.339525222778320312e-01 6.429502367973327637e-01 2.988260984420776367e-01
4.324801564216613770e-01 1.286987066268920898e-01 8.496108055114746094e-01 7.339525222778320312e-01 6.429502367973327637e-01 2.988260984420776367e-01
4.324801564216613770e-01 1.286987066268920898e-01 8.496108055114746094e-01 7.339525222778320312e-01 6.429502367973327637e-01 2.988260984420776367e-01
4.324801564216613770e-01 1.286987066268920898e-01 8.496108055114746094e-01 7.339525222778320312e-01 6.429502367973327637e-01 2.988260984420776367e-01
4.324801564216613770e-01 1.286987066268920898e-01 8.496108055114746094e-01 7.339525222778320312e-01 6.429502367973327637e-01 2.988260984420776367e-01
4.324801564216613770e-01 1.286987066268920898e-01 8.496108055114746094e-01 7.339525222778320312e-01 6.429502367973327637e-01 2.988260984420776367e-01
4.324801564216613770e-01 1.286987066268920898e-01 8.496108055114746094e-01 7.339525222778320312e-01 6.429502367973327637e-01 2.988260984420776367e-01
4.324801564216613770e-01 1.286987066268920898e-01 8.496108055114746094e-01 7.339525222778320312e-01 6.429502367973327637e-01 2.988260984420776367e-01
4.324801564216613770e-01 1.286987066268920898e-01 8.496108055114746094e-01 7.339525222778320312e-01 6.429502367973327637e-01 2.988260984420776367e-01
4.324801564216613770e-01 1.286987066268920898e-01 8.496108055114746094e-01 7.339525222778320312e-01 6.429502367973327637e-01 2.988260984420776367e-01
4.324801564216613770e-01 1.286987066268920898e-01 8.496108055114746094e-01 7.339525222778320312e-01 6.429502367973327637e-01 2.988260984420776367e-01
4.324801564216613770e-01 1.286987066268920898e-01 8.496108055114746094e-01 7.339525222778320312e-01 6.429502367973327637e-01 2.988260984420776367e-01
4.324801564216613770e-01 1.286987066268920898e-01 8.496108055114746094e-01 7.339525222778320312e-01 6.429502367973327637e-01 2.988260984420776367e-01
4.324801564216613770e-01 1.286987066268920898e-01 8.496108055114746094e-01 7.339525222778320312e-01 6.429502367973327637e-01 2.988260984420776367e-01
