3.873132702979245057e-01
8.252942686360323701e-03
1.699260965678054680e-01
-2.153690311964424065e-01
-7.588426768222572560e-01
-6.372056928399040254e-01
-1.189244514353672733e+00
-2.323354049513616459e+00
-2.532733833823964442e+00
-4.039021690831132716e+00
-4.038724911254385930e+00
-3.965816349471036339e+00
-3.982042878704335376e+00
-4.007715009431085385e+00
-4.017201757453237931e+00
-4.174426252279701544e+00
-4.176190107332043766e+00
-4.151236483748794726e+00
-4.177784904208257544e+00
-4.180028339065065879e+00
-4.182674987122684485e+00
-4.183764128131455706e+00
-4.178359382384546628e+00
-4.180985965475395361e+00
-4.177527523396959985e+00
-4.191726867044136995e+00
-4.200716858907547646e+00
-4.343905929253791598e+00
-4.309627912925872550e+00
-4.248433447057819556e+00
-4.234361974061762623e+00
-4.768260875899824391e+00
-4.774678148993675819e+00
-4.777282663917508998e+00
-4.855930969803174513e+00
-4.849723217494280370e+00
-4.844744524624179149e+00
-4.818940206444739971e+00
-4.847432722289952700e+00
-4.920150104841176208e+00
-4.921538235811854456e+00
-4.914077652781942973e+00
-4.965012508650707090e+00
-4.934722100320570348e+00
-4.937008007145283095e+00
-4.913270641980843401e+00
-4.936634059401103336e+00
-4.951424703096153124e+00
-5.487968672139074577e+00
-5.471238149129401762e+00
-5.453922249204316230e+00
-6.592474839344543369e+00
-6.633495660918330650e+00
-6.639217199598132169e+00
-6.623842189264553149e+00
-6.607326519628115236e+00
-6.502885208982785770e+00
-6.533766584947064970e+00
-6.532403758169444075e+00
-6.587598598340447253e+00
-6.566951374991637280e+00
-6.590697682061914975e+00
-6.622958793925548981e+00
-6.618940256067988415e+00
-7.172275902286634697e+00
-7.251829269849515924e+00
-7.272595823233298340e+00
-7.269500325799225671e+00
-7.275025785414607427e+00
-7.284548946504465050e+00
-7.293968376985622726e+00
-7.293652905386050378e+00
-7.294861008502576460e+00
-7.299737133038412651e+00
-7.289233165388147917e+00
-8.351624595551703223e+00
-8.331971870745213948e+00
-8.302147418877520835e+00
-8.255565389516046793e+00
-8.219309026141322860e+00
-8.734210529877779905e+00
-8.724882732093172777e+00
-8.645260342306769985e+00
-8.850090537875114904e+00
-8.817057670398888547e+00
-9.100941804012791181e+00
-9.152762372940987490e+00
-9.143693249918252164e+00
-9.142730450542961407e+00
-9.155621601740772775e+00
-9.099039075588464698e+00
-9.512402731413246215e+00
-9.524021013526596136e+00
-9.688307201453813633e+00
-9.691096709536996201e+00
-9.448199147477369664e+00
-9.380357980951503194e+00
-9.440097297045513258e+00
-9.521976176717405593e+00
-9.651815358109947951e+00
