-9.683839994157802389e-01
-4.841389959843733770e-01
-1.031194843766080727e+00
-7.012155743072996383e-01
-1.300433288455218106e+00
-1.309539217143181222e+00
-1.303922606165450748e+00
-3.833626339554682794e+00
-3.970987618045987322e+00
-5.233740360779112422e+00
-3.791487151661983468e+00
-8.337831075671420233e-01
-8.887055453657903836e-01
-8.397455643219591259e-01
-8.394666022381853665e-01
-3.249391023856822436e+00
-3.110072328834988742e+00
-2.830685450096411593e+00
-3.026756548223931809e+00
-3.009486382291121753e+00
-2.858915219414716269e+00
-2.677569874087540214e+00
-2.644967852499334526e+00
-4.443867518545520312e+00
-1.196770937710615179e+01
-1.239260499546284677e+01
-1.087481980989823249e+01
-5.452077589016305126e+00
-3.974414240751574123e+00
-6.101791333625375735e+00
-6.516203161021216772e+00
-7.297764745601043934e+00
-8.740779227819228225e+00
-7.830984894344991787e+00
-5.733941163788300877e+00
-5.288543548477373513e+00
-5.391288522424511953e+00
-6.735038471659892778e+00
-6.644519605798443251e+00
-7.466442348886081604e+00
-7.416215544861260334e+00
-7.606022447220398774e+00
-7.704432513174701569e+00
-7.851072390890297292e+00
-7.856969038459491905e+00
-7.815516879311476650e+00
-7.548463079346476867e+00
-7.277686821110463278e+00
-7.281236051576470025e+00
-7.085333889878543623e+00
