1.308896689955579840e+00
8.097950435900858057e-01
1.357672351787728715e+00
1.063523421794495105e+00
1.535271788490009115e+00
1.540482266850796256e+00
1.537274010438973937e+00
2.064444885965989851e+00
2.070302968592670378e+00
2.098834000035525893e+00
2.062480412727097701e+00
1.193460948152601286e+00
1.242446827728437286e+00
1.198910037532401995e+00
1.198655817909155763e+00
2.028221468441932629e+00
2.015983175904370484e+00
1.985651347094696595e+00
2.007806861323760295e+00
2.006025103849676139e+00
1.989115051662083911e+00
1.965062062173256630e+00
1.960255998040184577e+00
2.085293858016691981e+00
2.110074835467191434e+00
2.110079470676924362e+00
2.110048284114084183e+00
2.101041467865151446e+00
2.070439064350649616e+00
2.105364051880356691e+00
2.106966828073031373e+00
2.108659590972846942e+00
2.109750761336349978e+00
2.109250027696842444e+00
2.103263563356671639e+00
2.099434171617418077e+00
2.100474464693998122e+00
2.107580326216470290e+00
2.107342722395005641e+00
2.108881341929714992e+00
2.108819175879614427e+00
2.109038570703437809e+00
2.109136947320432220e+00
2.109266697014573477e+00
2.109271527025614823e+00
2.109236961644182617e+00
2.108976380578964527e+00
2.108630617056770795e+00
2.108635781276060328e+00
2.108321460832770722e+00
