1.219058693544664784e+00
1.219058693544664784e+00
1.219058693544664784e+00
1.219058693544664784e+00
1.219058693544664784e+00
1.219058693544664784e+00
1.219058693544664784e+00
1.219058693544664784e+00
1.219058693544664784e+00
1.219058693544664784e+00
1.219058693544664784e+00
1.219058693544664784e+00
1.219058693544664784e+00
1.219058693544664784e+00
1.219058693544664784e+00
1.219058693544664784e+00
1.219058693544664784e+00
1.219058693544664784e+00
1.219058693544664784e+00
1.219058693544664784e+00
1.219058693544664784e+00
1.230814781525971791e+00
1.230814781525971791e+00
1.230814781525971791e+00
1.230814781525971791e+00
1.230814781525971791e+00
1.230814781525971791e+00
1.230814781525971791e+00
1.230814781525971791e+00
1.230814781525971791e+00
1.230814781525971791e+00
1.230814781525971791e+00
1.275378115219172770e+00
1.275378115219172770e+00
1.275378115219172770e+00
1.275378115219172770e+00
1.275378115219172770e+00
1.275378115219172770e+00
1.771933526242958523e+00
1.771933526242958523e+00
1.771933526242958523e+00
1.771933526242958523e+00
1.771933526242958523e+00
1.771933526242958523e+00
1.771933526242958523e+00
1.771933526242958523e+00
1.771933526242958523e+00
1.771933526242958523e+00
1.771933526242958523e+00
1.771933526242958523e+00
1.771933526242958523e+00
1.771933526242958523e+00
1.771933526242958523e+00
1.771933526242958523e+00
1.771933526242958523e+00
1.771933526242958523e+00
1.878811599923799980e+00
1.878811599923799980e+00
1.878811599923799980e+00
1.878811599923799980e+00
1.878811599923799980e+00
1.878811599923799980e+00
1.878811599923799980e+00
1.878811599923799980e+00
1.878811599923799980e+00
1.878811599923799980e+00
1.878811599923799980e+00
1.878811599923799980e+00
1.878811599923799980e+00
1.878811599923799980e+00
1.878811599923799980e+00
1.878811599923799980e+00
1.878811599923799980e+00
1.878811599923799980e+00
1.878811599923799980e+00
1.878811599923799980e+00
1.878811599923799980e+00
1.878811599923799980e+00
1.878811599923799980e+00
1.878811599923799980e+00
1.878811599923799980e+00
1.878811599923799980e+00
1.878811599923799980e+00
1.878811599923799980e+00
1.878811599923799980e+00
1.878811599923799980e+00
1.878811599923799980e+00
1.878811599923799980e+00
1.878811599923799980e+00
1.878811599923799980e+00
1.878811599923799980e+00
1.878811599923799980e+00
1.878811599923799980e+00
1.878811599923799980e+00
1.878811599923799980e+00
1.878811599923799980e+00
1.878811599923799980e+00
1.878811599923799980e+00
1.878811599923799980e+00
1.878811599923799980e+00
