4.799418197890021887e-01
4.799418197890021887e-01
4.799418197890021887e-01
5.301711715120109858e-01
4.817383007090989544e-01
4.961214786161520784e-01
4.456633731946512134e-01
5.144653322000527496e-01
3.952512853507829105e-01
5.400292976250755661e-01
5.411397214096679287e-01
5.446671575653634356e-01
5.479366728035163225e-01
3.380794403533715631e-01
5.340570296823541341e-01
3.368604969513774305e-01
5.477239946828844630e-01
2.554677986350082364e-01
3.794861402692524255e-01
5.733483183438605746e-01
5.908129430251294334e-01
5.179659706716186474e-01
4.874692990776471890e-01
4.875130453828047106e-01
5.295481794291680977e-01
5.704084975174901206e-01
6.137110789326368776e-01
6.103417410783327224e-01
6.107077262923237271e-01
6.105548472711198604e-01
6.933051995933161571e-01
6.128836103264557744e-01
6.933051995933161571e-01
6.129175996856907060e-01
6.927200051640498568e-01
6.933051995933161571e-01
6.115128611589499830e-01
6.122843114301992351e-01
6.121930066660968839e-01
6.122536599383964218e-01
6.112360539263815840e-01
6.933051995933161571e-01
6.107812302066218946e-01
6.933051995933161571e-01
6.130198460798663707e-01
6.128669442699535841e-01
6.122343555725130448e-01
6.134271711677348193e-01
6.121529507098780742e-01
6.933051995933161571e-01
6.133637627352669375e-01
6.138616586260272623e-01
5.797574223235892887e-01
6.160728168024729445e-01
5.758038538084149227e-01
6.235273235300984318e-01
5.779173369899948121e-01
6.237192465278339482e-01
5.763104813925943315e-01
6.139896528250813335e-01
6.933051995933161571e-01
5.764788889031511321e-01
6.142073792986059155e-01
6.933051995933161571e-01
6.141016585467860001e-01
6.933051995933161571e-01
6.139833027942107613e-01
6.136672800119347126e-01
6.107265426804887598e-01
6.933051995933161571e-01
6.933051995933161571e-01
6.143189000685919110e-01
6.144691946539916350e-01
6.933051995933161571e-01
6.149236388020126176e-01
6.933051995933161571e-01
6.148320770523804102e-01
6.148507840543487868e-01
6.136171387239531816e-01
6.135502478403499493e-01
6.933051995933161571e-01
5.821795807560695701e-01
6.139470098555768196e-01
6.933051995933161571e-01
6.138167561761065372e-01
6.302396546910553621e-01
6.933051995933161571e-01
6.933051995933161571e-01
6.134574986956627951e-01
6.126557575442005410e-01
7.458552638802089518e-01
7.455998524053560894e-01
5.888617015202329830e-01
6.138473002415691937e-01
6.141916488348574399e-01
7.437905394807705628e-01
7.438272132958737570e-01
7.437887669272315039e-01
6.138730389018400846e-01
6.134223306259051212e-01
