9.577074382098071936e-01
1.124535800823304399e+00
9.585339077386634266e-01
1.419426580405836358e+00
1.452296983649052908e+00
1.398069969534200263e+00
1.249818146969637667e+00
1.281767693833307797e+00
1.275702286382527140e+00
1.522754632607457248e+00
1.529655500685066283e+00
1.530618326848430577e+00
1.527038106497283554e+00
1.305164688351535540e+00
1.478372101301567154e+00
1.478372101301567154e+00
1.478372101301567154e+00
1.478372101301567154e+00
1.619317810223974696e+00
1.627747606228255206e+00
1.624596326563617632e+00
1.623873548230529984e+00
1.631151404831499452e+00
1.625288749977025660e+00
1.622051382424570143e+00
1.618568429586804802e+00
1.615793210295828342e+00
1.616252381071768829e+00
1.627427419510124373e+00
1.627494071360155559e+00
1.627316428804613357e+00
1.625841302000211819e+00
1.627167125163097694e+00
1.628506857585437784e+00
1.628403236451362313e+00
1.628984020315668690e+00
1.628868455261177184e+00
1.629372484593928805e+00
1.629528491566268888e+00
1.629264902104776036e+00
1.629310382719749040e+00
1.629550938623434364e+00
1.629478017504875087e+00
1.624414937134613268e+00
1.625225636367302329e+00
1.630023101881055148e+00
1.629985783509278363e+00
1.630037695259753727e+00
1.629491695908483750e+00
1.629498452829116317e+00
1.629488941524000811e+00
1.629320771194060713e+00
1.629340067534199576e+00
1.629293668081640778e+00
1.629161637378042649e+00
1.629165757148638871e+00
1.629123575780998756e+00
1.629310469181738164e+00
1.629363830849329453e+00
1.629771685837110740e+00
1.629055353840899389e+00
1.628964064357678598e+00
1.629423799250829585e+00
1.629864669084881701e+00
1.629749042927227221e+00
1.629737704019398770e+00
1.629693900355809522e+00
1.629568402609751221e+00
1.549559533718932514e+00
1.629576901356237340e+00
1.629586026392231712e+00
1.629597007498485794e+00
1.630402910498081948e+00
1.548305747445419156e+00
1.630325392991133215e+00
1.630319653429730398e+00
1.548026402889811637e+00
1.630370539233252369e+00
1.630249037672523160e+00
1.630185515417432507e+00
1.630197354341496485e+00
1.630719230520703666e+00
1.630765950668907394e+00
1.630763764632606083e+00
1.630773702392585678e+00
1.535311622692042910e+00
1.535235447076020998e+00
1.631086568847323282e+00
1.631141448965881091e+00
1.631156515611214441e+00
1.546428506562378402e+00
1.631142895725999686e+00
1.631163614420330754e+00
1.631286170396393231e+00
1.631311514156705833e+00
1.631244620549101132e+00
1.631329102314303947e+00
1.631334760677910278e+00
1.631234753567759821e+00
1.631281886759861077e+00
