8.739246646821587916e-01
8.739246646821587916e-01
1.329904645637575822e+00
1.329904645637575822e+00
1.329904645637575822e+00
1.329904645637575822e+00
1.329904645637575822e+00
1.329904645637575822e+00
1.329904645637575822e+00
1.329904645637575822e+00
1.329904645637575822e+00
1.329904645637575822e+00
1.386077919720708707e+00
1.386077919720708707e+00
1.386077919720708707e+00
1.386077919720708707e+00
1.386077919720708707e+00
1.386077919720708707e+00
1.386077919720708707e+00
1.386077919720708707e+00
1.386077919720708707e+00
1.386077919720708707e+00
1.386077919720708707e+00
1.591304868513700788e+00
1.591304868513700788e+00
1.591304868513700788e+00
1.591304868513700788e+00
1.591304868513700788e+00
1.591304868513700788e+00
1.591304868513700788e+00
1.591304868513700788e+00
1.591304868513700788e+00
1.591304868513700788e+00
1.591304868513700788e+00
1.591304868513700788e+00
1.591304868513700788e+00
1.591304868513700788e+00
1.591304868513700788e+00
1.591304868513700788e+00
1.591304868513700788e+00
1.591304868513700788e+00
1.591304868513700788e+00
1.591304868513700788e+00
1.591304868513700788e+00
1.596550966465831722e+00
1.630946029479512616e+00
1.630946029479512616e+00
1.630946029479512616e+00
1.630946029479512616e+00
1.630946029479512616e+00
1.630946029479512616e+00
1.630946029479512616e+00
1.630946029479512616e+00
1.630946029479512616e+00
1.630946029479512616e+00
1.630946029479512616e+00
1.630946029479512616e+00
1.630946029479512616e+00
1.630946029479512616e+00
1.630946029479512616e+00
1.630946029479512616e+00
1.630946029479512616e+00
1.630946029479512616e+00
1.630946029479512616e+00
1.630946029479512616e+00
1.630946029479512616e+00
1.630946029479512616e+00
1.630946029479512616e+00
1.630946029479512616e+00
1.630946029479512616e+00
1.630946029479512616e+00
1.630946029479512616e+00
1.630946029479512616e+00
1.630946029479512616e+00
1.630946029479512616e+00
1.630946029479512616e+00
1.630946029479512616e+00
1.630946029479512616e+00
1.630946029479512616e+00
1.630946029479512616e+00
1.630946029479512616e+00
1.630946029479512616e+00
1.630946029479512616e+00
1.630946029479512616e+00
1.630946029479512616e+00
1.630946029479512616e+00
1.630946029479512616e+00
1.630946029479512616e+00
1.630946029479512616e+00
1.630946029479512616e+00
1.630946029479512616e+00
1.630946029479512616e+00
1.630946029479512616e+00
1.630946029479512616e+00
1.630946029479512616e+00
1.630946029479512616e+00
1.630946029479512616e+00
1.630946029479512616e+00
1.630946029479512616e+00
1.630946029479512616e+00
