-1.914771642222303782e-01
-8.346061446609212009e-01
8.739246646821597908e-01
6.394792038104939458e-01
-4.132625817293441584e-01
-3.060760835734163132e-01
-7.556936250903377728e-01
-4.022521930565337023e-01
-1.225773157964564763e-01
-1.415371749626119779e-01
8.159899230715503826e-01
9.616332546024061179e-01
1.205566559617539557e+00
1.523264721746841577e+00
9.457078508615498480e-01
1.265588310415717066e+00
1.581540854865679080e+00
1.305543280503696835e+00
1.584401146839090835e+00
1.453550546386130016e+00
1.022576176757852728e+00
8.695104107796135517e-01
6.720803717466049543e-01
-1.026286263851459296e-02
4.491525589680668284e-01
1.297019146480582696e+00
1.095223903823311140e+00
1.298875195430443164e+00
8.453612601997897436e-01
-1.268864963049797234e+00
3.795776277047598346e-01
-1.146388417752580491e+00
7.954375301042926338e-01
-9.395628854408276665e-01
1.511335101628133337e+00
1.246250003962917852e+00
1.315852384488880089e+00
-8.101939688464339373e-02
-9.895578199454956314e-01
2.744436223762456439e-01
1.369236861442941766e+00
1.306841518628941490e+00
-8.771469262909348252e-01
1.473339693973129139e+00
9.112469685271041842e-01
1.248582595079634761e+00
1.235233755204912853e+00
-7.031227518355228634e-01
1.600411156550344050e+00
1.266695668306642153e+00
5.426155001701939984e-01
1.243424969086396326e+00
1.621714726970055365e+00
8.482013296855075435e-01
8.676325872363001013e-01
1.516598853178645401e+00
1.408747293526722011e+00
1.430658455795015938e+00
1.239976736942554947e+00
7.293925785379973270e-01
