-2.242118894005784124e+00
-2.404679019605694190e+00
-2.169936447665626655e+00
-1.994590858024298363e+00
-7.201387730157909894e-01
-7.203716597130688237e-01
-7.395601432066558623e-01
-1.496713041400328015e+00
-1.590436754311746803e+00
-1.850821699030341883e+00
-2.441359576065374348e+00
-2.540851959076550148e+00
-2.594753277731558949e+00
-2.036297548921677247e+00
-1.440671128170558424e+00
-1.306514463496804890e+00
-4.296224442306402658e+00
-4.236684600277691892e+00
-4.082937003633209549e+00
-3.999478597156481907e+00
-4.138244098342153343e+00
-3.630462842806139623e+00
-4.698431321446213893e+00
-4.083013300508628873e+00
-4.378795059708509463e+00
-4.333125453703115859e+00
-4.441710110087058183e+00
-4.315990395780247901e+00
-4.463027699761567213e+00
-4.324985670762107937e+00
-4.207964245446582652e+00
-3.901056928901031284e+00
-3.989313187495937552e+00
-4.113825993769158806e+00
-4.255343297018735704e+00
-4.109331495410928348e+00
-4.033650852703683398e+00
-3.928924901913268375e+00
-3.919630188681389349e+00
-4.033427160122545096e+00
-4.045954728153192903e+00
-4.042738762888323123e+00
-3.945980699977328587e+00
-3.934720601792284000e+00
-4.058666862486234095e+00
-4.031839994977903352e+00
-4.101837808542756925e+00
-4.141535493194574258e+00
-4.295789817253117704e+00
-4.245184864328195751e+00
