-3.648886349242261851e-01
9.522925450332149211e-01
4.386466787005757761e-01
1.588816927944772139e+00
6.590118555723374349e-01
3.975648341080667558e-01
9.346269669867938168e-01
9.092686185625535877e-01
9.093196431944707836e-01
1.684534094613099886e-01
1.171477049169397100e+00
6.898031186427933115e-01
1.392136919208962542e+00
-5.520404975218269339e-01
1.657764115710030683e+00
4.531890507071116292e-01
6.167584774984599116e-01
-3.626648198984525617e-01
1.854847511139905869e+00
-8.443598103789334841e-02
4.701178539777249310e-01
1.527872184117510912e+00
6.462036828104928965e-01
-4.311488415130800278e-01
-4.144421742528994757e-01
-1.087071468405551133e+00
7.635087404936531374e-01
1.688483436332020471e+00
-1.319698272781165693e+00
9.410335598831923165e-02
-2.194020534137831047e-01
1.445208763213147396e+00
-1.068088007328749089e+00
8.463814651376104781e-01
-2.208129776524843935e-01
-2.625689516699858395e-01
-1.050444278624326211e+00
-9.492443107623146914e-02
3.176388987841861078e-01
-2.218618982632218906e-01
6.630104650763273266e-01
1.479227689963344972e+00
1.144673653966758575e+00
-6.589325965301345844e-02
6.603930708393391802e-01
1.053128012188282225e+00
1.094180270986146175e-01
7.874167443847642778e-01
3.939213854128136294e-01
1.364644328848534149e+00
9.909893129364064635e-01
1.468103597723527054e+00
-3.275308363205222673e-01
1.236605883786353388e+00
-7.608713437341985131e-01
-9.840599348547945935e-01
9.416629035931493030e-01
-1.201874115184969005e+00
4.044498203403270042e-01
-5.774825249571974295e-01
