8.644768349006738406e-01
8.644768349006738406e-01
8.644768349006738406e-01
1.028338400803186836e+00
1.138004151480027426e+00
1.207718585626174290e+00
1.294081637674471263e+00
1.294081637674471263e+00
1.294081637674471263e+00
1.294081637674471263e+00
1.330573473735070511e+00
1.346393887181251747e+00
1.346393887181251747e+00
1.346393887181251747e+00
1.346393887181251747e+00
1.346393887181251747e+00
1.346393887181251747e+00
1.346393887181251747e+00
1.346393887181251747e+00
1.346393887181251747e+00
1.346393887181251747e+00
1.346393887181251747e+00
1.346393887181251747e+00
1.346393887181251747e+00
1.346393887181251747e+00
1.346393887181251747e+00
1.346393887181251747e+00
1.346393887181251747e+00
1.346393887181251747e+00
1.346393887181251747e+00
1.346393887181251747e+00
1.346393887181251747e+00
1.346393887181251747e+00
1.346393887181251747e+00
1.346393887181251747e+00
1.346393887181251747e+00
1.346393887181251747e+00
1.346393887181251747e+00
1.346393887181251747e+00
1.346393887181251747e+00
1.346393887181251747e+00
1.346393887181251747e+00
1.346393887181251747e+00
1.346393887181251747e+00
1.346393887181251747e+00
1.346393887181251747e+00
1.346393887181251747e+00
1.346393887181251747e+00
1.346393887181251747e+00
1.346393887181251747e+00
1.346393887181251747e+00
1.346393887181251747e+00
1.346393887181251747e+00
1.346393887181251747e+00
1.346393887181251747e+00
1.346393887181251747e+00
1.346393887181251747e+00
1.346393887181251747e+00
1.346393887181251747e+00
1.346393887181251747e+00
1.346393887181251747e+00
1.346393887181251747e+00
1.346393887181251747e+00
1.346393887181251747e+00
1.346393887181251747e+00
1.346393887181251747e+00
1.346393887181251747e+00
1.346393887181251747e+00
1.346393887181251747e+00
1.346393887181251747e+00
1.346393887181251747e+00
1.346393887181251747e+00
1.346393887181251747e+00
1.346393887181251747e+00
1.346393887181251747e+00
1.346393887181251747e+00
1.346393887181251747e+00
1.346393887181251747e+00
1.346393887181251747e+00
1.346393887181251747e+00
1.346393887181251747e+00
1.346393887181251747e+00
1.346393887181251747e+00
1.346393887181251747e+00
1.346393887181251747e+00
1.346393887181251747e+00
1.346393887181251747e+00
1.346393887181251747e+00
1.346393887181251747e+00
1.346393887181251747e+00
1.346393887181251747e+00
1.346393887181251747e+00
1.346393887181251747e+00
1.346393887181251747e+00
1.346393887181251747e+00
1.346393887181251747e+00
1.346393887181251747e+00
1.346393887181251747e+00
1.346393887181251747e+00
1.346393887181251747e+00
