4.311911828370240674e-01 0.000000000000000000e+00 0.000000000000000000e+00 0.000000000000000000e+00
0.000000000000000000e+00 0.000000000000000000e+00 0.000000000000000000e+00 0.000000000000000000e+00
1.000000000000000000e+00 6.048900412013359651e-02 3.643311891738343355e-01 0.000000000000000000e+00
4.718571324032201919e-01 5.701412099247515908e-01 0.000000000000000000e+00 0.000000000000000000e+00
4.239540336749295091e-01 4.860142639462229908e-01 1.287270478070384472e-01 0.000000000000000000e+00
4.018592647987867528e-01 5.140963933057171031e-01 1.195154822013068247e-01 0.000000000000000000e+00
3.426428290445958091e-01 1.000000000000000000e+00 0.000000000000000000e+00 4.432940713228444851e-01
3.397164139330550170e-01 1.000000000000000000e+00 0.000000000000000000e+00 4.436300981642583574e-01
3.259313386732435869e-01 1.000000000000000000e+00 0.000000000000000000e+00 8.782999276308846026e-01
3.249135704960272042e-01 1.000000000000000000e+00 0.000000000000000000e+00 8.665376359770649017e-01
2.541342278081230588e-01 1.000000000000000000e+00 0.000000000000000000e+00 4.239899195418346256e-01
2.758975561816437994e-01 1.000000000000000000e+00 0.000000000000000000e+00 4.265364315274432494e-01
2.759179919696492234e-01 1.000000000000000000e+00 0.000000000000000000e+00 4.260647752006678224e-01
2.759855156467490578e-01 1.000000000000000000e+00 0.000000000000000000e+00 4.257267349343618612e-01
2.754499763681148572e-01 1.000000000000000000e+00 0.000000000000000000e+00 4.265940149322598463e-01
2.753488470912949238e-01 1.000000000000000000e+00 0.000000000000000000e+00 4.258989857316579086e-01
2.740329291213570717e-01 1.000000000000000000e+00 0.000000000000000000e+00 4.298823446204712018e-01
2.769608473444031826e-01 1.000000000000000000e+00 0.000000000000000000e+00 4.240912775423260062e-01
2.798773110070034154e-01 1.000000000000000000e+00 0.000000000000000000e+00 4.174244039512094995e-01
2.796309258260347708e-01 1.000000000000000000e+00 0.000000000000000000e+00 4.173013716016727992e-01
2.794233683114613065e-01 1.000000000000000000e+00 0.000000000000000000e+00 4.175473481204285964e-01
2.795641422519011821e-01 1.000000000000000000e+00 0.000000000000000000e+00 4.178029229903948427e-01
2.797433839070114781e-01 1.000000000000000000e+00 0.000000000000000000e+00 4.174181369369369676e-01
2.797796374763394378e-01 1.000000000000000000e+00 0.000000000000000000e+00 4.171485433262591691e-01
2.797313548078648737e-01 1.000000000000000000e+00 0.000000000000000000e+00 4.173966175445937288e-01
