8.539526558441382642e-01
8.539526558441382642e-01
8.539526558441382642e-01
8.539526558441382642e-01
8.539526558441382642e-01
8.539526558441382642e-01
8.539526558441382642e-01
8.539526558441382642e-01
8.539526558441382642e-01
8.539526558441382642e-01
8.539526558441382642e-01
8.539526558441382642e-01
8.539526558441382642e-01
8.539526558441382642e-01
8.539526558441382642e-01
8.539526558441382642e-01
8.539526558441382642e-01
8.539526558441382642e-01
8.539526558441382642e-01
8.539526558441382642e-01
8.539526558441382642e-01
8.539526558441382642e-01
8.539526558441382642e-01
8.539526558441382642e-01
8.539526558441382642e-01
8.539526558441382642e-01
8.539526558441382642e-01
8.539526558441382642e-01
8.539526558441382642e-01
8.539526558441382642e-01
8.539526558441382642e-01
8.539526558441382642e-01
8.539526558441382642e-01
8.539526558441382642e-01
8.539526558441382642e-01
8.539526558441382642e-01
8.539526558441382642e-01
8.539526558441382642e-01
8.539526558441382642e-01
8.539526558441382642e-01
8.539526558441382642e-01
9.446339402452096357e-01
9.446339402452096357e-01
9.446339402452096357e-01
9.446339402452096357e-01
9.446339402452096357e-01
9.446339402452096357e-01
9.446339402452096357e-01
9.446339402452096357e-01
9.446339402452096357e-01
